5.931818485260009766e-01
7.328571081161499023e-01
6.927536725997924805e-01
7.118768692016601562e-01
7.321428656578063965e-01
7.535612583160400391e-01
7.695652246475219727e-01
7.887930870056152344e-01
6.616809368133544922e-01
7.887930870056152344e-01
7.328571081161499023e-01
7.507183551788330078e-01
6.927536725997924805e-01
7.136363983154296875e-01
6.730204820632934570e-01
6.616809368133544922e-01
7.507183551788330078e-01
7.321428656578063965e-01
7.321428656578063965e-01
7.507331371307373047e-01
7.321428656578063965e-01
6.994302272796630859e-01
7.695652246475219727e-01
7.328571081161499023e-01
6.949999928474426270e-01
6.543477773666381836e-01
7.695652246475219727e-01
6.745689511299133301e-01
7.695652246475219727e-01
7.136363983154296875e-01
7.118768692016601562e-01
7.136363983154296875e-01
7.535612583160400391e-01
7.695652246475219727e-01
7.707142829895019531e-01
6.927536725997924805e-01
7.311594486236572266e-01
6.994302272796630859e-01
6.927536725997924805e-01
7.126436829566955566e-01
7.311594486236572266e-01
7.126436829566955566e-01
6.457142829895019531e-01
6.950464248657226562e-01
7.118768692016601562e-01
7.507331371307373047e-01
6.949999928474426270e-01
7.321428656578063965e-01
7.507331371307373047e-01
7.328571081161499023e-01
7.126436829566955566e-01
7.707142829895019531e-01
6.616809368133544922e-01
7.321428656578063965e-01
7.311594486236572266e-01
7.695652246475219727e-01
7.328571081161499023e-01
7.321428656578063965e-01
7.126436829566955566e-01
7.695652246475219727e-01
7.695652246475219727e-01
7.328571081161499023e-01
6.913043260574340820e-01
7.507331371307373047e-01
6.192857027053833008e-01
7.507183551788330078e-01
7.328571081161499023e-01
7.507331371307373047e-01
7.311594486236572266e-01
7.535612583160400391e-01
7.321428656578063965e-01
7.695652246475219727e-01
7.507331371307373047e-01
6.730204820632934570e-01
7.507183551788330078e-01
7.328571081161499023e-01
7.507183551788330078e-01
7.507331371307373047e-01
7.507183551788330078e-01
7.507331371307373047e-01
6.745689511299133301e-01
7.695652246475219727e-01
7.507183551788330078e-01
7.707142829895019531e-01
7.707142829895019531e-01
6.927536725997924805e-01
7.158119678497314453e-01
7.695652246475219727e-01
7.321428656578063965e-01
7.311594486236572266e-01
7.328571081161499023e-01
7.328571081161499023e-01
7.507183551788330078e-01
7.321428656578063965e-01
7.507331371307373047e-01
7.695652246475219727e-01
7.328571081161499023e-01
6.949999928474426270e-01
7.707142829895019531e-01
6.780626773834228516e-01
6.780626773834228516e-01
7.321428656578063965e-01
6.571428775787353516e-01
7.328571081161499023e-01
7.507331371307373047e-01
7.321428656578063965e-01
7.695652246475219727e-01
7.311594486236572266e-01
7.695652246475219727e-01
7.507183551788330078e-01
