-5.261913019493303922e-01 1.017452092408447584e+00 1.345157926277371851e+00 -1.386057215811045407e-01 -1.387047661615478655e-02 -1.695834541329457532e-02 -1.005074646324360499e+00
-1.248074365463525959e-01 8.524725364500983504e-01 1.455641847022797197e+00 -2.711602136497798798e-01 -2.771135976700621062e-01 -2.417969096134473320e-02 -9.980432968547284789e-01
3.554432776510313974e-01 5.672681755045647645e-01 1.587581542754545882e+00 -2.587540843123722900e-01 -5.383793088118644654e-01 -5.542361160686248150e-02 -1.031966587388627454e+00
7.253206891509033083e-01 2.177502973235410644e-01 1.593589143449533951e+00 -2.072982259937853344e-01 -6.231004422673869225e-01 4.169110038362084519e-02 -1.039974333431184172e+00
9.360754990004960252e-01 -1.215703712672669412e-01 1.361322312395554679e+00 -1.937490390327221423e-01 -4.690764648445720497e-01 2.391751931361550954e-01 -9.252808658266720165e-01
1.037616796981831069e+00 -3.313316987316652362e-01 8.879435983685847189e-01 -2.251323201660187234e-01 -2.685588940089088661e-01 4.289509287663027526e-01 -7.105885148594319745e-01
1.013420448617043945e+00 -4.384253800599733353e-01 2.677538222156614633e-01 -3.136923070538819025e-01 -4.024281262861469921e-01 6.568541979804534137e-01 -3.957985901364801662e-01
7.944023243360085473e-01 -5.915107547722929793e-01 -4.335923525595692940e-01 -4.307338773691773426e-01 -7.873696134262666568e-01 9.851242153108659139e-01 8.166432323446537467e-02
3.840332424659924082e-01 -7.985250436247028905e-01 -1.142613598058030533e+00 -3.810171088562318564e-01 -9.319578041770528731e-01 1.230930080774824242e+00 6.118622945029535964e-01
-1.466305546378176006e-01 -9.137860151027569211e-01 -1.683909140297808138e+00 -8.437311591030167979e-02 -6.200052444894799120e-01 1.220096397961663692e+00 9.742042624376393567e-01
-6.135183587549585260e-01 -8.953064874439438103e-01 -1.924732120031281468e+00 3.538131569754371375e-01 -1.387326058275311358e-01 1.005909111242458298e+00 1.067136856158409586e+00
-8.201424058517196025e-01 -8.056452463641355921e-01 -1.881855533008071069e+00 8.528695139312929552e-01 -5.288528140329993438e-02 6.814790974815286839e-01 9.363733620394670831e-01
-8.417006720320812097e-01 -6.659178944982087067e-01 -1.715706248096561470e+00 1.307225957736053656e+00 -3.881263635342193652e-01 3.310346337461499422e-01 7.427398686255987093e-01
-8.294801388303443268e-01 -4.834682069831051643e-01 -1.510638642638001183e+00 1.539661515168593731e+00 -7.089530206721942340e-01 8.940328747724324288e-02 5.688084641300219513e-01
-7.878589845286509963e-01 -2.944740773680968871e-01 -1.219590722678651540e+00 1.471404298623230078e+00 -8.392299167446972685e-01 2.047887842497959909e-02 3.753213900847795492e-01
-8.148364101316343255e-01 -1.806514688536542679e-01 -9.068764737331883596e-01 1.140026311484102939e+00 -8.114156122131072069e-01 1.096982931323853966e-01 3.183038517030719050e-01
-9.850534737014043918e-01 -1.131775316087015315e-01 -7.410908780386794570e-01 6.116579093525862376e-01 -7.565888682326440406e-01 2.600878865740466339e-01 5.378283583355807362e-01
-1.160481530434881892e+00 3.757874506869167408e-02 -7.594426190464976800e-01 2.468069937939568886e-02 -7.641705721960481146e-01 2.880947647602217776e-01 8.858947301235475802e-01
-1.206906969048295419e+00 2.583105976135023907e-01 -7.928383584944839191e-01 -3.899944795216565008e-01 -7.676737332345642262e-01 1.044135230193318359e-01 1.136916365978317911e+00
-1.020195509016970981e+00 4.883389758373587464e-01 -6.426733280617178412e-01 -4.797638438373742487e-01 -7.767461059271373314e-01 -2.805464117291213144e-01 1.107150622265613116e+00
-6.214179035771567605e-01 6.729244833729920439e-01 -2.949227733722451505e-01 -4.017657365958356430e-01 -6.878018133495613640e-01 -7.085050028007499057e-01 8.262848379681840827e-01
-1.931779369328926743e-01 7.250440906047453948e-01 1.533643594808720145e-01 -3.320933561342216400e-01 -3.474458430076918236e-01 -9.321197287819259492e-01 4.224449317522508962e-01
1.107910453304960241e-01 5.842039873805110473e-01 5.550378563046810543e-01 -2.510177430252655273e-01 9.841982975315960794e-03 -8.129266591420498678e-01 -5.780528144614586854e-03
2.613108975146798962e-01 2.908977033469380413e-01 7.737934599151178316e-01 -1.535139401111787205e-01 1.796454430058758989e-01 -4.441237284234490490e-01 -3.630790780392905148e-01
3.334469213418250755e-01 -1.270118983275405136e-02 8.275573435710072978e-01 -5.879999731062187686e-03 9.632391751353674980e-02 -8.163507620082235960e-02 -6.163031329912539436e-01
3.321467207405434663e-01 -3.091414852297227900e-01 7.637428552991585295e-01 2.359751325572113367e-01 -6.381356872217908149e-02 1.971709092473987734e-01 -7.228450693759007617e-01
2.745273383075056417e-01 -6.552496660527673544e-01 6.464229201133673275e-01 4.764492981946880090e-01 5.539321140270223043e-02 4.077531498783272257e-01 -6.680924799886249765e-01
2.198788898108498813e-01 -9.644951594496006253e-01 5.556596413472314477e-01 5.879657862110853062e-01 2.639106072147907045e-01 5.124843475420903793e-01 -4.692475858566232394e-01
1.323287177389080305e-01 -1.133917812590912622e+00 3.884096962035660794e-01 5.313484155033795231e-01 4.504599699228123977e-01 5.257064920004310693e-01 -1.587297394981532772e-01
3.016566171055413276e-02 -1.179568719350317263e+00 8.119938820066516239e-02 2.452170019661756295e-01 9.243623085345467061e-01 5.112735360108262572e-01 1.815077196599662046e-01
-9.597039580308225001e-03 -1.106712031498509718e+00 -1.995156701304950375e-01 -2.070570705990800453e-01 1.469099055802106646e+00 4.834561174986865550e-01 4.446516722988195780e-01
-5.481333334783098504e-02 -8.376768744175933090e-01 -3.386346548256399247e-01 -5.383008511480230629e-01 1.544955969846322441e+00 3.750535705007458920e-01 5.440980026353974264e-01
-1.240475191529020471e-01 -3.023856441931128125e-01 -3.303389439725825105e-01 -6.810829943796374852e-01 1.197764977573828604e+00 1.358151688932212331e-01 4.347007982273004001e-01
-7.146679178953416200e-02 4.600220377179224940e-01 -2.343013111247114755e-01 -7.427163186718541699e-01 8.142702655887940066e-01 -2.603642676769457598e-01 1.192195061719457105e-01
1.510501898499995166e-01 1.186359623561182408e+00 -1.891896130111127561e-01 -7.260109161851719950e-01 5.493336254093179605e-01 -7.306171290305867316e-01 -2.520316847224978729e-01
4.036172398608890433e-01 1.522658543513565554e+00 -2.745394716549698355e-01 -6.507768561219615666e-01 4.707912670301185876e-01 -1.074170343961586394e+00 -4.319458312502089670e-01
5.422271862952241506e-01 1.423729497777338926e+00 -3.966486230614821307e-01 -4.974094837841434025e-01 5.233988909496369857e-01 -1.237615110575316146e+00 -3.886414546628141342e-01
5.522231904763671428e-01 1.129561015682757352e+00 -4.478739201770706724e-01 -2.979616139342965431e-01 4.278032591831640863e-01 -1.246344314673478726e+00 -2.293825377187460879e-01
4.984214174017667087e-01 8.315930469706147576e-01 -3.822337320171879105e-01 -2.346099603473031925e-01 7.242236336999481605e-02 -1.034721040891712684e+00 -4.812146101562998768e-02
5.480281335358111461e-01 5.944747216396187861e-01 -1.409927224023291847e-01 -3.465295245960825499e-01 -4.710051207619028735e-01 -6.765814277389067266e-01 3.096166946593594330e-02
7.195569146654995363e-01 3.203226276426597852e-01 1.385870695175170086e-01 -5.689976565978861478e-01 -8.529389540005377635e-01 -2.695245623578704230e-01 7.358357079522660771e-02
7.684428159466456520e-01 -3.684151704356847246e-02 2.679132196927656584e-01 -7.974460399137436317e-01 -7.054741491373009987e-01 1.672744960881671905e-01 1.773769222157856595e-01
5.434646219931709155e-01 -3.368635146673135128e-01 2.525642599356393569e-01 -8.234138719559914721e-01 -2.192214408835120310e-01 5.199912065895059277e-01 2.658171404233654056e-01
2.177155855982522425e-01 -4.668956849335638148e-01 1.321109513213726550e-01 -6.215677209451105911e-01 2.491716155402952382e-01 6.901823876985917483e-01 2.663033181119942583e-01
2.913403404472665950e-02 -3.709883366397463966e-01 -1.241620229685673343e-01 -3.339017371227380182e-01 5.409598304401300739e-01 6.033226103017811370e-01 1.957407547020913186e-01
-9.525236292588884490e-02 -4.724598262585966851e-02 -4.292902165628132427e-01 -7.721492860721915208e-02 7.350822533919428858e-01 2.481481390555592692e-01 9.494856185106431701e-02
-2.416474629302140797e-01 4.462935674078196691e-01 -5.305557427039394591e-01 1.002915485103195031e-01 7.110413574533841485e-01 -2.212401469842331936e-01 -7.294557980895770288e-02
-3.571558071321601635e-01 9.712367422127269334e-01 -3.777031478564657485e-01 3.310029980913980485e-01 1.146276102391540208e-01 -6.256581131072564972e-01 -3.429034659085708481e-01
-4.153699385293073143e-01 1.408542932505257861e+00 -6.705122091691793906e-02 7.379316625372815963e-01 -9.393252483435781119e-01 -9.058570548424272895e-01 -7.519870648721600492e-01
-3.206143173499478305e-01 1.677113990343045646e+00 4.064296123855592469e-01 1.195555834575433796e+00 -2.025471605593663238e+00 -1.070443176952353692e+00 -1.272190036878738884e+00
-9.001324446892333686e-02 1.656681562179837641e+00 9.419372483144254904e-01 1.528917493440546060e+00 -2.722003995261033094e+00 -1.119924252495692496e+00 -1.697070001193655697e+00
1.218215934043455906e-01 1.296464138958562495e+00 1.340411145189394526e+00 1.747062075743568199e+00 -2.627901111365016806e+00 -1.063036869797462813e+00 -1.901705519768884578e+00
3.333679747770703083e-01 6.788906077832586039e-01 1.660242649782503577e+00 1.950238917884888012e+00 -1.959327534161243056e+00 -9.446641050975131959e-01 -1.989942651061523904e+00
5.333008908023449957e-01 7.622377216490961935e-03 1.971560237164234897e+00 2.142766472916866505e+00 -1.317715141346838426e+00 -7.780194213461140151e-01 -2.042243070334604838e+00
5.731044001709285629e-01 -5.325138308027586032e-01 2.091606622482150346e+00 2.258010199606860446e+00 -7.100200653961724617e-01 -6.020613195852293487e-01 -1.975283815873434490e+00
4.916810404321875771e-01 -8.582466628546757681e-01 1.917389476281347704e+00 2.236146612570485637e+00 2.968463363457486334e-02 -5.346942742207144716e-01 -1.718668051471542668e+00
3.710945163351923592e-01 -1.008710102821085419e+00 1.452333295420307868e+00 2.040718361020258165e+00 6.623858091323924224e-01 -5.186974163467886756e-01 -1.250872902757122151e+00
2.040056643075819354e-01 -1.111230561061121724e+00 7.146445255075832836e-01 1.688509492592910277e+00 8.601834051295114136e-01 -4.003862937052914406e-01 -5.361064557311928658e-01
4.789194627161844769e-02 -1.199403784518317195e+00 -1.943133605352976578e-01 1.177840870028795006e+00 5.902663454787291375e-01 -1.795346370173789285e-01 3.779279463716484488e-01
-4.927579049494426600e-02 -1.240506803581883810e+00 -1.017290897328039678e+00 4.636491402413283058e-01 2.544369344244308828e-01 8.285852626359109518e-02 1.287295659098626421e+00
-4.291681557747901304e-02 -1.214494435952937490e+00 -1.409887587437807621e+00 -4.120793362557524375e-01 2.986726639981545084e-01 3.154175573196002502e-01 1.911328109311060564e+00
7.512782156851655069e-02 -9.933973829554348933e-01 -1.253262647147035835e+00 -1.235989326864861848e+00 5.561366833883206739e-01 4.013716968041248778e-01 2.093340841430808119e+00
2.464827563807099053e-01 -5.517312285549579309e-01 -7.128845999111192988e-01 -1.807186206708827791e+00 6.339594785495960005e-01 3.361906071650395678e-01 1.891227877538085744e+00
3.197969500953946609e-01 -1.220518242133150910e-01 -9.862231377905646135e-02 -2.084260791400370572e+00 5.230960387226435415e-01 3.450224126100328026e-01 1.487391889141739254e+00
8.609795750630586109e-02 1.056570696236049933e-01 3.129845527121606907e-01 -2.045299421873592038e+00 2.214646274537926951e-01 5.781731526151611122e-01 1.092117752806555764e+00
-3.813344818476454012e-01 1.333150900141716333e-01 4.758831318074193684e-01 -1.743297580262713975e+00 -2.154924451055307832e-01 9.362552954624049351e-01 7.866609992602613399e-01
-8.144681765598216217e-01 7.773742583873829992e-02 5.324401997941540232e-01 -1.394665923786184258e+00 -6.988100660289496835e-01 1.321697469457052465e+00 5.234767602408983977e-01
-1.006730298313245342e+00 4.049213197291767763e-02 6.305387870271771389e-01 -1.146816342995228721e+00 -1.246177713476942284e+00 1.586061752075334397e+00 2.894893690765861227e-01
-9.101259566905326448e-01 4.803236687970576652e-02 7.890685251205314943e-01 -9.640980783068194837e-01 -1.469600850527077451e+00 1.540027132146791766e+00 5.233644478698891433e-02
-5.968189223725433035e-01 1.421233570614503228e-01 9.879898033717965378e-01 -8.406159049504766667e-01 -1.299822882770336197e+00 1.216232889834963915e+00 -2.202649070594790703e-01
-7.278251859177797822e-02 4.121310136956586323e-01 1.215929073144052408e+00 -8.242809755261238935e-01 -1.296707137731269777e+00 6.853632663380921919e-01 -4.855279183075131288e-01
5.650877097879325461e-01 8.794393271707118265e-01 1.344203011160508776e+00 -8.473196677992592685e-01 -1.604439807493525771e+00 -2.600028995648613617e-02 -6.773820328376547462e-01
1.122128668862042877e+00 1.415793682585551938e+00 1.184419289863484659e+00 -8.336328927123440868e-01 -1.910349212884959291e+00 -8.094577487077982969e-01 -6.894704392083994549e-01
1.563288697850941267e+00 1.735282213922005212e+00 6.955182727815109045e-01 -8.048725407783293706e-01 -1.838796941896986281e+00 -1.481195256045596986e+00 -4.778456441983852110e-01
1.876626215497801287e+00 1.641011345058623672e+00 4.997112462833276647e-02 -7.551937141385480778e-01 -1.338874953482266816e+00 -1.835991179343545499e+00 -1.297680133131149383e-01
1.944822825016526480e+00 1.152066632773917298e+00 -5.950720086711114298e-01 -6.232347275369611861e-01 -7.654850654816111044e-01 -1.762653159743616804e+00 3.139686922800095092e-01
1.711914896131673691e+00 3.711366923843488208e-01 -1.215008445707937756e+00 -4.477027160631660285e-01 -2.974102069995163133e-01 -1.282953009756802043e+00 8.590872754345473261e-01
1.145161616011731498e+00 -4.956411410940434470e-01 -1.766233815780613225e+00 -3.236795457137786602e-01 3.396376244069152506e-01 -5.741036119879552313e-01 1.419737476968540024e+00
3.500510647171266587e-01 -1.190732536520628937e+00 -2.106609090291017505e+00 -2.171140221904229173e-01 1.105398592065301555e+00 7.081688141037625894e-02 1.845394949996157941e+00
-4.317143401408174430e-01 -1.540363886920532277e+00 -2.035567116467694060e+00 -4.180709908316745937e-02 1.607576703959305187e+00 4.523019073173525917e-01 1.964801605719800559e+00
-1.054357073209500228e+00 -1.533158574685733910e+00 -1.453041167487939545e+00 1.855865113391395316e-01 1.754481958394154217e+00 5.848897225265097255e-01 1.675165867855396895e+00
-1.414948234492555690e+00 -1.295802406256326256e+00 -5.176692016000122853e-01 3.930701448313759228e-01 1.646584122844983344e+00 5.615411864509924911e-01 1.054882603897703053e+00
-1.539399403279233081e+00 -9.998788117044334900e-01 4.202859552774454444e-01 5.446103849987108392e-01 1.533632607125231972e+00 5.019612937131635588e-01 3.209679049339436707e-01
-1.569456705254934192e+00 -7.950611579553369390e-01 1.064324976823442404e+00 6.504243609849207353e-01 1.413630426864451950e+00 5.417575912941878791e-01 -2.535638005121434446e-01
-1.604551034191648240e+00 -8.261913970311958177e-01 1.314078645294308290e+00 7.486468493957416648e-01 1.313029050400824405e+00 6.941281434607721179e-01 -4.664952225704372402e-01
-1.600942761938656700e+00 -1.156598620912159037e+00 1.189519834436746359e+00 8.527676564165586059e-01 1.562069624967158177e+00 8.914666984358725621e-01 -3.513705145650671824e-01
-1.491779076551634109e+00 -1.623159079565153595e+00 7.787940657288444646e-01 9.508360309222789741e-01 2.142340008026915044e+00 1.083904552211734762e+00 -9.833662125467676485e-02
-1.445697170012006261e+00 -1.991690416965541610e+00 2.676044020303374182e-01 1.081924678279462482e+00 2.656046213332289518e+00 1.283803016012095233e+00 1.211457705706942556e-01
-1.534093040233400318e+00 -2.065905855882591347e+00 -8.329379196857610024e-02 1.279103631111537354e+00 2.622897943282693767e+00 1.433715133997672586e+00 1.513448362636574118e-01
-1.552317973227226311e+00 -1.732496045586094491e+00 -1.183039385190123721e-01 1.474947999294130563e+00 2.016584092054781951e+00 1.304315102916195235e+00 -5.849806587420131043e-02
-1.365507648574971533e+00 -1.103848994737145039e+00 3.377125205472487901e-02 1.623689721305649591e+00 1.239892341389368324e+00 7.985359546337997827e-01 -3.866215193513828918e-01
-1.061581605588870936e+00 -4.361998294667927545e-01 1.610628990637207603e-01 1.628292851550491971e+00 7.710547566476351200e-01 6.285128890571803351e-02 -5.894310454026574497e-01
-7.582993962882739192e-01 1.662367096881323392e-01 1.903257246605049857e-01 1.321881381611007988e+00 7.005772201214345296e-01 -7.113834154156157830e-01 -5.127633374468620886e-01
-3.947314848007049681e-01 8.301153606032148913e-01 1.235991612790106053e-01 7.657046136196887787e-01 6.466535762055477532e-01 -1.461647169236465649e+00 -3.034898810884265608e-01
8.231809515972911273e-02 1.516922036425018439e+00 1.032612144686067060e-02 1.774786425138395185e-01 5.893873824843105513e-01 -2.172776606142670541e+00 -1.550356375416955257e-01
6.314358485846570668e-01 1.971587901751714611e+00 -2.392659347769584763e-02 -3.117214762529663119e-01 4.769620555320407962e-01 -2.639499119207416644e+00 -1.255897550451021971e-01
1.179445932241558026e+00 2.052518416524983458e+00 1.112009178170691587e-01 -6.749619505378452455e-01 2.502280143804620077e-02 -2.634901778823377949e+00 -1.997498900456326221e-01
1.595205370921603860e+00 1.878268222962433232e+00 3.257594507924562732e-01 -8.347607184031338168e-01 -6.682415955279851216e-01 -2.256066918731650439e+00 -3.737191007314302760e-01
1.829388612685561410e+00 1.746916756938027282e+00 5.276295878657298877e-01 -7.567215908332800556e-01 -1.395503317840214308e+00 -1.781401913744890875e+00 -7.029845614053902292e-01
2.032821399158514897e+00 1.839269163344340985e+00 7.446018758809581639e-01 -5.976070052572783897e-01 -2.030735011017619662e+00 -1.474349776258917055e+00 -1.145623842485660404e+00
2.319006291312960766e+00 2.080301153191825403e+00 8.791430323827409410e-01 -4.439728544580252567e-01 -2.389550581191516088e+00 -1.515020807934106317e+00 -1.517793806557414804e+00
2.514456970365532396e+00 2.244074193909321391e+00 7.425238863659051614e-01 -2.912124121708790092e-01 -2.257447570208472420e+00 -1.728760068699306096e+00 -1.657944296144039820e+00
2.393492732658334177e+00 2.175587387113975257e+00 2.915186246123535052e-01 -1.696917896495512557e-01 -1.652973319794578400e+00 -1.742676984803818607e+00 -1.561570530327014206e+00
1.938407557283228222e+00 1.883810950842727872e+00 -4.334278072259388770e-01 -9.141688560296495902e-02 -7.487453012915179507e-01 -1.432085853371737771e+00 -1.277277811412492303e+00
1.265714701290141742e+00 1.424489133677635300e+00 -1.288046188784197410e+00 -4.736649703494635877e-02 3.898228175612367119e-01 -9.047304638753155270e-01 -8.631930165300356617e-01
5.433698207689494630e-01 8.971395274324385216e-01 -1.986271602073414133e+00 -3.735229809533848876e-03 1.433387909816094874e+00 -3.048153942183655651e-01 -4.720984751668237389e-01
-1.286525290547613394e-02 4.468118560686401008e-01 -2.375139944659771629e+00 2.818003033816527877e-02 1.952745693991367881e+00 2.282727600469943441e-01 -1.987702268546450990e-01
-3.134998110078651146e-01 1.129119231715808996e-01 -2.524615532667105366e+00 -1.479601185244898073e-02 2.089392910050885011e+00 6.487183287721993707e-01 -3.409417730123217444e-02
-5.130985366553875160e-01 -1.131634858553310918e-01 -2.536503750252550482e+00 -1.821023436480695701e-01 2.061372980990093140e+00 1.016482895109593665e+00 9.982515412718039050e-02
-8.304918858923294733e-01 -2.760899729305567596e-01 -2.443880167610453569e+00 -4.457181703375425186e-01 1.850745590462532508e+00 1.393474546192765340e+00 3.044049937244669990e-01
-1.316083478266973694e+00 -5.145427188253642869e-01 -2.251437916259041661e+00 -6.807757272865367915e-01 1.576608545325523858e+00 1.818911994070618876e+00 5.868099857256092733e-01
-1.763134447725694498e+00 -8.704803389678215098e-01 -1.963246628969067320e+00 -7.938503566702572734e-01 1.309280688000919568e+00 2.226710155372689570e+00 8.767083422334225329e-01
-1.954344812604760673e+00 -1.254619599853321832e+00 -1.598877277851589396e+00 -7.869068054786787503e-01 1.076221034739076376e+00 2.481735912939891264e+00 1.075964478649781730e+00
-1.961317737645071002e+00 -1.560444040735187166e+00 -1.230327416083267789e+00 -7.296205508276349949e-01 8.705324675162769976e-01 2.593409504976707858e+00 1.183841653699405194e+00
-1.852610361807874861e+00 -1.725142950352613447e+00 -8.201963906659520687e-01 -6.960373130415064002e-01 5.151181144498561126e-01 2.629211099499676241e+00 1.226542159564195211e+00
-1.531653223283558685e+00 -1.715620440850924577e+00 -3.248995008049266886e-01 -7.085054680470925792e-01 -1.760591196671532355e-01 2.564918325041480429e+00 1.184185097568479783e+00
-1.155884889450499831e+00 -1.549723954022030448e+00 1.107215270656211753e-01 -6.940774330363161937e-01 -1.109884694675526084e+00 2.389155662695562121e+00 1.097837703662038589e+00
-8.961054544112506681e-01 -1.342632917474581244e+00 4.076844114846704947e-01 -5.990419893229537163e-01 -1.801255572713838404e+00 2.168197989764281797e+00 9.730287392074477015e-01
-6.679192319646709564e-01 -1.198622743657199230e+00 5.856255623545301159e-01 -4.942603846222374253e-01 -1.920919912854390121e+00 1.952805330557901842e+00 8.210971418163739433e-01
-4.117631213438792126e-01 -1.124739990468690554e+00 6.420591964589223988e-01 -3.821710166412105592e-01 -1.608831021127624439e+00 1.636934095773428410e+00 6.970220775684009551e-01
-1.225579331290508056e-01 -1.020045961951759006e+00 6.105972822479643902e-01 -2.250852588666395482e-01 -1.042857963635243523e+00 1.086982334654065019e+00 5.947093324397723091e-01
3.111017332776032096e-01 -8.502449938384403216e-01 5.799362314728462309e-01 -1.208819471172277726e-01 -3.989075510720367923e-01 3.941459476931153394e-01 4.763568309082668595e-01
1.001579656574752342e+00 -6.866800061782165621e-01 6.158794698703700110e-01 -1.080006342723533602e-01 -9.609599051702619188e-02 -2.309967827902001114e-01 2.834351193700642146e-01
1.688650928865532697e+00 -4.939146653121576080e-01 6.538993613275869698e-01 -1.261976953340002705e-01 -4.240873376094613789e-01 -7.137883139821037393e-01 8.854599268292251413e-02
2.054820203132324163e+00 -2.128747185515651452e-01 5.337563164249172765e-01 -2.185282598489487471e-01 -1.102935735787305305e+00 -1.131825342053566441e+00 8.526176486522143994e-02
2.139829143278624279e+00 1.339693852780525218e-01 2.073400259082705532e-01 -4.664741327039544916e-01 -1.670067057049763992e+00 -1.498125776597971193e+00 2.960637336868062741e-01
2.015758919745694655e+00 4.604412708904748186e-01 -1.594489228504395728e-01 -7.972398341348532202e-01 -1.970851568508030116e+00 -1.679134717772393648e+00 5.755670662259911863e-01
1.695476805690827371e+00 7.058180281311641213e-01 -3.600384906874969371e-01 -1.019408966372040037e+00 -2.075837604724534824e+00 -1.648474081340666197e+00 7.645496663115903813e-01
1.299934415530821452e+00 8.453641758139610607e-01 -3.113274726733335496e-01 -1.101421385630410699e+00 -1.999214281192669196e+00 -1.464679825325997609e+00 7.969877757094675497e-01
9.449665309034168681e-01 8.356250825410740379e-01 -3.090039993565592280e-02 -1.143743839837854326e+00 -1.658241830405691619e+00 -1.109764043658673094e+00 6.714664668205131415e-01
7.007930410467859694e-01 7.601660529927685150e-01 3.662312364262713671e-01 -1.080353275094395382e+00 -1.044906511972021557e+00 -7.165858644387731458e-01 3.299077189093007068e-01
5.463954382344575755e-01 7.011784261905794624e-01 7.118889094412148566e-01 -7.699541846914617071e-01 -3.582082660082083203e-01 -4.424277183962736504e-01 -1.723652019496651755e-01
3.684488775748588352e-01 5.896730222747258443e-01 9.169520716703229990e-01 -2.815780764562628713e-01 3.554981848604565897e-02 -1.825485676794893208e-01 -6.070103726656639331e-01
1.954721775419926144e-01 4.187853641206378263e-01 1.010216630218620404e+00 1.750392144341846590e-01 7.303078868067615359e-02 1.337951046141344358e-01 -8.859353920348567168e-01
7.079243766378064129e-02 2.240387594234912183e-01 1.093054933223088776e+00 5.197022873276272437e-01 -1.085325384094290441e-01 4.294365499876783843e-01 -1.036218330073868099e+00
-1.799056094869839750e-01 -8.517038220624513489e-02 1.179695116567915703e+00 7.927414929955638456e-01 -4.779363558404960410e-01 7.414691478455122109e-01 -9.688794069234162309e-01
-7.115143271793131774e-01 -5.088566957407724134e-01 1.247108116001576228e+00 9.490554473013973480e-01 -8.332025863276348865e-01 1.118566264807799193e+00 -6.657934617157931223e-01
-1.333682780842013749e+00 -8.461242720056915134e-01 1.417682267467012203e+00 9.015287376520711993e-01 -8.153538154165155261e-01 1.456175893018555545e+00 -3.894754648713649181e-01
-1.726119780707839002e+00 -9.995174567058749959e-01 1.735966982077887577e+00 6.924846167419284049e-01 -5.498768385161737493e-01 1.683403714650007599e+00 -3.184785071138941381e-01
-1.887229177015040449e+00 -1.006705148594952970e+00 2.053871428251453413e+00 4.887713748510564837e-01 -4.488424583180123939e-01 1.821965480542919291e+00 -3.718590886471589974e-01
-1.971346197098442943e+00 -8.747376275703366844e-01 2.218869202318292544e+00 4.438131558231919738e-01 -4.964251468779608545e-01 1.828192157309564747e+00 -4.760791260486679777e-01
-1.954091373470178583e+00 -6.690492131430010314e-01 2.219805079546393500e+00 5.445753418638731302e-01 -4.937541692178220587e-01 1.649409219607029131e+00 -6.209818153446324818e-01
-1.779261019559399415e+00 -4.507519421295463347e-01 2.123713633367107168e+00 6.588631856091993200e-01 -1.924493520020703341e-01 1.307658984681665526e+00 -8.066088550150427583e-01
-1.533188760878120283e+00 -1.521081155711361266e-01 1.866814628338339110e+00 7.720029570887164683e-01 4.095551916826247751e-01 8.284257366917797683e-01 -9.946746715402395855e-01
-1.256153842940658905e+00 2.261842378914413754e-01 1.362534645578404868e+00 9.450573498332155431e-01 9.352644149262996365e-01 2.532033860776811141e-01 -1.136343631605272853e+00
-9.476259285053949544e-01 5.932847717681013489e-01 6.915096775821104602e-01 1.144683219373422656e+00 1.079000235347343573e+00 -3.359340359183456415e-01 -1.169180576336291910e+00
-7.379322431753939648e-01 9.013940644305371563e-01 1.949945763790012984e-02 1.285789881425248193e+00 9.826094560130874678e-01 -8.753241489177858714e-01 -1.029167449094275044e+00
-5.910664393694637919e-01 1.100698436221952292e+00 -4.760497139542206879e-01 1.283940777851081183e+00 1.069020421280805211e+00 -1.339950142081572260e+00 -7.785740759504751196e-01
-3.428499146548152909e-01 1.127972790757322485e+00 -6.747143384042116887e-01 1.076358914898062125e+00 1.342799146447279712e+00 -1.617500735102436416e+00 -5.383859447553660527e-01
-1.820058522175426602e-02 9.678816772094244181e-01 -5.971419221886424822e-01 6.426161573572304331e-01 1.559873931664250479e+00 -1.636067086057984454e+00 -3.236316716593330978e-01
2.283596399324518966e-01 7.324558382985877358e-01 -3.981196308367485615e-01 6.118003939556753562e-02 1.629863898700416813e+00 -1.518847094227406380e+00 -4.504317103371802827e-02
2.743551296079547730e-01 6.124912527721121380e-01 -2.611038335357120932e-01 -4.764929552647582667e-01 1.419736406545975660e+00 -1.334466274255768470e+00 2.659891797299809846e-01
2.141541236081483390e-01 6.256412430418737403e-01 -2.121556545038386921e-01 -8.095200833083875391e-01 1.007025011468656750e+00 -1.158752221934326476e+00 4.734794009144159266e-01
1.998901361373311425e-01 6.320885930253947738e-01 -2.256618870061576632e-01 -8.827604254266154804e-01 7.431158469334420147e-01 -1.127030409205054706e+00 5.540910764916679998e-01
2.055234658079981014e-01 5.900319891753107449e-01 -3.644012909965106406e-01 -7.731565688842219064e-01 7.884471239034077650e-01 -1.136857525597693375e+00 5.262869675182185736e-01
1.409344296979577194e-01 5.096399401627956793e-01 -6.571418746138332212e-01 -6.848258786078110782e-01 9.678664642400172102e-01 -9.905951016082210625e-01 5.049585577690202109e-01
-4.478262007281706703e-02 3.591149622567368360e-01 -1.056126229747084144e+00 -7.026304752925318642e-01 1.088309328354978289e+00 -6.642543685744082271e-01 6.175648183851301098e-01
-3.369640212177205663e-01 1.831068873532651631e-01 -1.441967475988600089e+00 -7.334538475443148631e-01 1.216328140007348013e+00 -2.915761355870694627e-01 7.873015756266226184e-01
-6.306306795914388141e-01 1.022252971306819858e-01 -1.629725450175186330e+00 -6.760930106952102170e-01 1.391523124439206782e+00 -5.298103202458028654e-02 8.487696972850199417e-01
-7.764912564349766289e-01 9.862566831006648604e-02 -1.531438568910453935e+00 -4.823390731905443096e-01 1.473197632581355832e+00 1.168890330602252378e-02 7.314967136793208979e-01
-6.422472126206781873e-01 6.601691918158163197e-02 -1.247479949536787203e+00 -1.652821476005443269e-01 1.197676255941190648e+00 -3.073783564263041918e-02 4.994661231053736938e-01
-1.968552060463248654e-01 5.052174305690524531e-02 -8.640979022858651382e-01 1.797881879809591077e-01 5.437590932651251707e-01 -1.833921245536859201e-01 2.042313021592130073e-01
4.233812454189245233e-01 1.882307524333430293e-01 -3.869876654204660871e-01 2.861896816947097077e-01 -1.992337082723003860e-01 -4.297256266777936262e-01 -7.496880940023720186e-02
1.005811726367319858e+00 4.780430355259281949e-01 1.410261968989717785e-01 -4.370473651088791628e-02 -9.469355672093827669e-01 -6.331152958733505809e-01 -1.990662283172874303e-01
1.478300446936298140e+00 7.797937975278984579e-01 6.024297661967589201e-01 -6.204406892602397638e-01 -1.596405379311229167e+00 -7.599415734671342015e-01 -1.740061453299521776e-01
1.919780790604022513e+00 9.140980186177398714e-01 9.202186723265566304e-01 -1.165095272779043789e+00 -1.803824005209861969e+00 -9.037376557184736425e-01 -7.136557669062426612e-02
2.336263820751776965e+00 7.439518536225890877e-01 1.104029910810601089e+00 -1.546810442890649950e+00 -1.380133949026551399e+00 -1.042288372271763075e+00 9.730645626078897326e-02
2.658651860659336563e+00 2.910657548212154944e-01 1.100998638135289198e+00 -1.681441690737064176e+00 -6.811582168509119350e-01 -1.049823334238245920e+00 2.903996191012784833e-01
2.835881223250462213e+00 -3.080309210340029247e-01 9.006035155837888162e-01 -1.554547826208524830e+00 -8.749960399350599494e-02 -9.114523848806020956e-01 4.405150796134046365e-01
2.788093163110994421e+00 -8.651296724456608578e-01 5.909332232958242059e-01 -1.219143645285827748e+00 5.304554233243691241e-01 -7.626760895645487981e-01 4.974346768057489876e-01
2.443407268972788149e+00 -1.217574120990949416e+00 2.626354598808256502e-01 -7.870411178423138976e-01 1.077212974613596996e+00 -6.499858072336920367e-01 4.650895520330185495e-01
1.818976537997158971e+00 -1.293177872414538188e+00 1.418460998478070570e-02 -3.926713385245333421e-01 1.340203347211151863e+00 -5.226312795559783231e-01 3.714324803283456933e-01
1.165373426773844479e+00 -1.092262056355392419e+00 -2.919788008869117490e-02 -1.325015490160340870e-01 1.496077668368837710e+00 -4.261945539958185147e-01 1.501496903067766620e-01
8.256054809472838096e-01 -6.265713356445724580e-01 1.906325171520881490e-01 -2.498414134297215206e-02 1.502124060274366624e+00 -4.647305952636190951e-01 -2.697409676695554648e-01
8.037774171977031257e-01 3.909797616210731325e-02 5.461745364647362377e-01 -1.845549994820803313e-02 1.269685623193285151e+00 -6.189440587835204344e-01 -7.943929768260459268e-01
8.539783623096840470e-01 6.789933446465998834e-01 8.798689412268390075e-01 -9.195644234104508041e-02 1.023688731893995563e+00 -6.817496757160187437e-01 -1.266117909648130091e+00
9.273027949605251452e-01 1.121937961404583239e+00 1.158622559319330891e+00 -1.840747362863763559e-01 6.352588206106271063e-01 -5.953466358340986364e-01 -1.643281050983292246e+00
1.118096495315355154e+00 1.414752637862136897e+00 1.350046095594563900e+00 -1.473028932754097131e-01 3.690365161267203375e-02 -6.183248478615415156e-01 -1.950483510316198821e+00
1.253011764203356027e+00 1.563397262877675553e+00 1.373476062914817719e+00 1.580445667297964707e-01 -3.545178074321271300e-01 -7.813669822305256973e-01 -2.172626620610944581e+00
1.058750626585056365e+00 1.486898598981012620e+00 1.239313820131793920e+00 8.056612744164439732e-01 -5.114425790653304160e-01 -8.644073059216234034e-01 -2.284011886731018404e+00
5.383221217704833306e-01 1.249352218888240440e+00 9.665439920035019394e-01 1.668525257567180065e+00 -7.726732866023883206e-01 -7.917874139518683574e-01 -2.267664879901630570e+00
-1.604022445817871456e-01 9.507419130523154793e-01 5.349525710944009749e-01 2.458043998684624754e+00 -1.071841427639526723e+00 -5.763464782185577784e-01 -2.105742040814009730e+00
-8.191567695887304046e-01 6.414765880419029953e-01 1.245168728918435996e-02 3.005575415641276837e+00 -1.110892298605867801e+00 -3.757168320172584730e-01 -1.818373393277524341e+00
-1.187089251614365626e+00 3.310949792793039803e-01 -4.933410888595898824e-01 3.217108644472682855e+00 -9.013458719485751836e-01 -2.685850345188766641e-01 -1.434300393833372933e+00
-1.238403861295606534e+00 2.141010580508095895e-02 -9.321682385082171729e-01 3.009319376023886328e+00 -5.709921423967174725e-01 -1.357123565038426405e-01 -9.544112629923465763e-01
-1.135086460487223281e+00 -2.443135178875004976e-01 -1.259478848160126896e+00 2.485076673234338340e+00 -3.207082583078476601e-01 4.544804182639771567e-02 -3.887104291452949667e-01
-1.041260896583809936e+00 -5.292061642588357095e-01 -1.401750598695275629e+00 1.824230821809301739e+00 -2.331601472563746558e-01 3.099482350690254684e-01 2.047841620748146185e-01
-1.062807556089066408e+00 -8.981471818715328626e-01 -1.361214887276081642e+00 1.192481490506651420e+00 -2.944265649292209797e-01 7.153600316031265560e-01 7.368881808732413718e-01
-1.171450579150982385e+00 -1.292391517018307567e+00 -1.216566759912527163e+00 7.707770298152344379e-01 -6.246814721047434515e-01 1.168547413667469392e+00 1.125956829036947493e+00
-1.294310828676827008e+00 -1.612032199804526389e+00 -1.048947566722762570e+00 6.202203674456074900e-01 -1.004142957323111540e+00 1.514967702409891537e+00 1.327886982992164011e+00
-1.360198897975723797e+00 -1.776320275067806431e+00 -8.420135588594431786e-01 6.458521826214338457e-01 -1.188494749054276989e+00 1.672178350396277713e+00 1.320535507419610788e+00
-1.251826901269344594e+00 -1.725777049036085531e+00 -5.381945958776199745e-01 7.382140790272160302e-01 -1.220560544453199059e+00 1.604631552532270300e+00 1.073681358022090304e+00
-9.859161235349206409e-01 -1.466421935260199039e+00 -1.852412741805157248e-01 8.547682852351858873e-01 -1.056458333945257344e+00 1.363741316914905743e+00 6.082648300267423647e-01
-6.805069857772331199e-01 -1.097486420856972344e+00 1.779424420544486463e-01 9.767565161931703877e-01 -7.694948808031282228e-01 1.068895319135770849e+00 3.430629350760339841e-02
-3.450787870289709902e-01 -7.440919163455219643e-01 5.149161124448156102e-01 1.077944588041505947e+00 -6.109953314121058243e-01 7.821953580886351620e-01 -4.772559349829309516e-01
6.906297623354366866e-03 -5.366203199128579682e-01 6.771383761327802731e-01 1.110809073662461399e+00 -5.388094981495946678e-01 5.788498378085411566e-01 -7.867828418822980785e-01
3.503725553856226194e-01 -4.963209051805064220e-01 6.287500161639344443e-01 1.055737450568336122e+00 -3.465458585490824306e-01 4.898397626945014682e-01 -9.232697595835249738e-01
8.359178735806741534e-01 -4.984186566478867042e-01 5.380226551404994062e-01 9.230817886991572463e-01 -2.454431563671987948e-01 4.001843847206010829e-01 -9.857517517261090712e-01
1.383137793074082911e+00 -4.563439914918720475e-01 3.396001451705944474e-01 7.307984295394646113e-01 -6.008929389080103212e-01 2.780543245079164505e-01 -9.051516619262155450e-01
1.590265912513663116e+00 -4.444586386015219048e-01 -1.114471075897182778e-01 5.213896000952192855e-01 -1.285610148092588778e+00 2.929653965461532783e-01 -5.859476539654667748e-01
1.374430850626362721e+00 -5.584197453177107695e-01 -6.993125188190381092e-01 3.122802449101549915e-01 -1.954500909643703155e+00 5.134368668729029084e-01 -7.300945515587124734e-02
9.376749652125720980e-01 -7.469305555855604295e-01 -1.307988819111946421e+00 1.514465611956118674e-01 -2.344169980777766504e+00 8.021904464411491187e-01 4.874252031217539138e-01
4.560015968453286495e-01 -8.814874649358144243e-01 -1.803648936852078943e+00 9.757137371899139711e-02 -2.214510142053724095e+00 9.761653441590891767e-01 9.049769146205951520e-01
7.534436199893888852e-02 -8.778286645496351515e-01 -1.955488755065974527e+00 7.483997317747109745e-02 -1.706983568798649875e+00 9.918034501235247768e-01 1.052303298643992857e+00
-1.143822396288295684e-01 -7.380474026851830960e-01 -1.631596724277386334e+00 2.135462125751198467e-02 -1.234655521520234389e+00 9.108975526715785698e-01 9.174252125624589027e-01
-1.491440945697930787e-01 -5.423933052972200741e-01 -9.900719061227393203e-01 -6.437183186455455730e-02 -1.068742175648399240e+00 8.031942985513605970e-01 6.734627329772997495e-01
-1.261517817464442859e-01 -4.214047436613014286e-01 -3.446692070724689527e-01 -2.093772861294230792e-01 -9.835849445468966001e-01 7.423224428793550045e-01 5.058596524240490666e-01
-8.060294209569292267e-02 -3.748728105096605923e-01 1.111837841956234557e-01 -3.066321998723728903e-01 -4.657955235266081351e-01 6.002097074058171389e-01 3.773770367081494825e-01
-2.025381848899299869e-02 -3.013897270801709216e-01 3.240418370722809582e-01 -3.168578400125800498e-01 2.636628946943904150e-01 3.278146341875589065e-01 2.512558540912273597e-01
3.839336217838029377e-05 -2.251929518821230991e-01 3.156768941632800973e-01 -3.307950839737026083e-01 6.693298362448550920e-01 1.138733401625093844e-01 2.111667879508379864e-01
-1.271498015964453165e-01 -1.580977720436248235e-01 1.612081292016483147e-01 -3.281933387281824044e-01 7.788413534816276407e-01 9.263673820639242371e-03 2.780466857945471659e-01
-3.399137328071934472e-01 4.896481459261623793e-03 -1.437651593420819808e-02 -3.435746757813565866e-01 7.785129005983656425e-01 -1.229986280344244204e-01 3.901133936972761007e-01
-4.165589801013130367e-01 2.850920513198784700e-01 -1.130069830250618607e-01 -4.970968407235022424e-01 8.782103817384098177e-01 -3.660146988347348085e-01 4.585152520383224961e-01
-2.826502124860027498e-01 4.772226623675383528e-01 -6.286114868142585188e-02 -7.876635458346531449e-01 1.239923908071650649e+00 -6.038642110686488484e-01 4.559802338230204977e-01
4.243745937690347747e-02 4.708523557780479596e-01 2.083119565383734495e-01 -1.054666776569695541e+00 1.612647473521960473e+00 -7.738084989117978152e-01 3.708457738280780958e-01
5.099677923666905421e-01 4.273125486952815133e-01 6.396466870707178121e-01 -1.177451004576727689e+00 1.655923390732931155e+00 -9.583205044471015954e-01 1.630169498447732734e-01
9.298864222272302804e-01 4.410076567078817789e-01 1.042294764045741839e+00 -1.171711919499459187e+00 1.397769188584210287e+00 -1.128732808088971140e+00 -9.126464013195753622e-02
1.179362228981518657e+00 4.858899229725012203e-01 1.251109528128891979e+00 -1.065118527733978304e+00 1.039045954786266490e+00 -1.201111393882425604e+00 -2.896959450180477402e-01
1.294926138145790828e+00 5.166665534680291438e-01 1.300191303168181989e+00 -8.932225009548298011e-01 6.601344930202619476e-01 -1.187191798018643052e+00 -4.294311206667155711e-01
1.293773540247612486e+00 4.814919060907210668e-01 1.413686676847643264e+00 -7.080163191359261088e-01 4.361604853326047082e-01 -1.121938059905523311e+00 -5.797306536996291726e-01
1.193559906361387979e+00 4.414284258593011434e-01 1.628812594024419802e+00 -6.013023326914440636e-01 3.947286834689597290e-01 -1.017684060686743219e+00 -7.142782759904960921e-01
1.002820768949566954e+00 4.477408618078708158e-01 1.664322394562603113e+00 -6.314115699392548464e-01 2.225373937423059389e-01 -8.704264819987863611e-01 -6.273689046488591936e-01
7.178069063366572244e-01 4.062043462877542588e-01 1.363476126267321398e+00 -7.542663274683827357e-01 1.300560777555206937e-01 -7.241246579550157936e-01 -2.347665522129246951e-01
3.809666712187257942e-01 3.379825173557138851e-01 8.897581702121946101e-01 -8.713438172467475873e-01 5.184196697297596135e-01 -6.812128549953853085e-01 2.419368915451517166e-01
2.693630489609327716e-02 3.766674214671146270e-01 4.488562707614218716e-01 -8.539161264468727586e-01 9.808441531684748416e-01 -6.798322381604733344e-01 5.045103919890439048e-01
-3.478673788821073365e-01 5.127631914906136679e-01 1.354776968068616139e-01 -6.758644563765937585e-01 9.373765271856334680e-01 -5.807169434477185144e-01 5.232190591512139166e-01
-6.684570995224851098e-01 6.894409285142171218e-01 -1.083694248550178402e-01 -3.921343591128121919e-01 3.375812596413002575e-01 -4.756376632884653510e-01 4.811466707804495924e-01
-8.614274071057242965e-01 7.947806807577727506e-01 -3.974187506859657160e-01 -5.360728991135699228e-02 -2.690721900343562845e-01 -4.279299380588343915e-01 4.575539350841337227e-01
-9.711954910962706800e-01 6.366908703747005127e-01 -6.724144261963258540e-01 2.383013992647954882e-01 -3.043556548018843677e-01 -3.155864177894660560e-01 4.495242341916980133e-01
-1.011844822865427318e+00 3.181158456718616301e-01 -7.963396778400951836e-01 3.784418102505228143e-01 1.667067613297618101e-01 -1.380697398818901411e-01 4.212119878786264593e-01
-9.593481765744275025e-01 1.739766998199316073e-01 -7.801742128801144593e-01 3.238736035311190475e-01 5.217650843365327917e-01 2.271772762649072047e-02 3.316508301616687970e-01
-8.843758425902666920e-01 2.925787799069627382e-01 -7.214004620446941018e-01 7.924038734334140632e-02 2.715618681973364645e-01 2.478731538966346681e-01 2.256592872345493384e-01
-9.938028309148094763e-01 5.028874461646516414e-01 -7.556059165730061311e-01 -1.989019098577907430e-01 -2.661723422705780107e-01 6.677458770944133537e-01 1.348893457228813597e-01
-1.310995943656577900e+00 6.184248397277605225e-01 -9.312163750382089766e-01 -3.175573698997498640e-01 -5.084454080745971494e-01 1.164853592375760583e+00 4.857469860961237396e-02
-1.599341380703859006e+00 5.977112261796871939e-01 -1.070624151917317191e+00 -2.907666553549150823e-01 -3.865799193130047828e-01 1.501286620140307670e+00 -3.850997587584004123e-02
-1.837709479142123792e+00 5.489550732483746698e-01 -1.051477231821729141e+00 -2.083476422163883512e-01 -1.971364161375086521e-01 1.671178615012314017e+00 -1.371834381179606044e-01
-2.095749587970785477e+00 5.877418144766113350e-01 -8.623092434341097512e-01 -1.640793803207716006e-01 -1.983022542009305611e-01 1.759859028455144303e+00 -2.374806616453546682e-01
-2.186824524810839332e+00 7.050955260627784771e-01 -5.314189579784669437e-01 -2.623732849378233589e-01 -4.718404122101538811e-01 1.725863195067894207e+00 -2.618933129796298664e-01
-1.839397972878776155e+00 6.651331111447098543e-01 -2.388230707342265946e-01 -4.439605408161248490e-01 -6.364453529065871029e-01 1.456853271444969344e+00 -1.294733475863863725e-01
-1.066411524730417781e+00 2.775589632798037276e-01 -1.141258639978286193e-01 -5.647128760758106658e-01 -3.522989176166130276e-01 9.550750805930692255e-01 1.967953546533603160e-01
-2.204410734239971581e-01 -3.301110200580771870e-01 -1.453910987860199955e-01 -6.395127039581648409e-01 -4.189627044590020499e-02 4.844065089881514630e-01 6.960440042922468873e-01
4.006754339272324272e-01 -9.624181067873083251e-01 -3.118497985321889709e-01 -7.718191489308180442e-01 -3.834277300205008593e-02 2.898444444968661937e-01 1.273821697311895429e+00
6.825910446785534713e-01 -1.373897384043946568e+00 -4.758757365261833683e-01 -9.281381635466922075e-01 -1.312460086741872589e-01 3.307496054084804737e-01 1.683959014038370006e+00
6.475913122167683555e-01 -1.333603865328680360e+00 -4.639833578046445028e-01 -8.948079131804079767e-01 -9.979108062491635900e-02 3.747130176008692803e-01 1.613174131554700574e+00
