-1.380403027760332080e+00 -2.307908570548583838e-01 -7.527563212364836165e-01 -9.912829052038361899e-02 8.607723072601338732e-01 1.052607723735360823e+00 4.183559962161814694e-01
-1.647979144344703384e+00 -3.806564785332966494e-01 -6.870783009610287317e-01 -6.953192111458848801e-02 5.129197043326890748e-01 1.269558949884999954e+00 6.349479893939072861e-01
-1.666521235709573334e+00 -2.657715333835121707e-01 -6.273060890765139730e-01 -2.333959798718160672e-01 3.880001466168077340e-02 1.286579122516275264e+00 7.773690685292211633e-01
-1.441036059012438253e+00 6.195423472960537997e-02 -5.619599308704503748e-01 -4.214983113741350707e-01 -5.309198874983811489e-01 1.099169776082654648e+00 7.589516900704690316e-01
-1.128115206876568299e+00 3.649635398724005442e-01 -4.877134908893345222e-01 -5.558258832469816779e-01 -1.053512983011001269e+00 9.049745785745663129e-01 6.658140948310539153e-01
-7.805904490306880827e-01 5.655597693845398899e-01 -3.731572130523470032e-01 -6.306738611317757037e-01 -1.391374231619769253e+00 7.857397120551468106e-01 4.689507256842191385e-01
-2.996531833880719531e-01 7.084779042742475053e-01 -1.748464975872993654e-01 -6.897537931026807012e-01 -1.355759442241427637e+00 6.326453345398930228e-01 6.603599494666803627e-02
2.381557286678381291e-01 6.720880478238746569e-01 1.189935447535559049e-01 -7.685894769667060977e-01 -9.989388346446068656e-01 4.889327128284250423e-01 -3.872336886973862247e-01
6.918894611210828494e-01 4.791634415329103502e-01 5.190827573914390536e-01 -8.118466652708572484e-01 -8.264672417070539900e-01 3.841134702666756939e-01 -7.075740456683232704e-01
9.424427326720051790e-01 2.861534132497793315e-01 8.444283735065385432e-01 -7.823929031628449327e-01 -1.043106648204453313e+00 2.707761115115137063e-01 -7.900343322089630194e-01
8.121219234889480720e-01 4.406973003117512985e-03 8.173718314708722232e-01 -6.994825044752871479e-01 -1.144256467568579572e+00 1.851876855315458537e-01 -4.751125688285043891e-01
4.335883698843333578e-01 -3.100592503197759364e-01 5.044987301403821567e-01 -5.360154168119743989e-01 -9.033100181931348338e-01 6.252519138482195982e-02 8.934978837214591074e-02
1.421763508463238512e-01 -4.044580804584224087e-01 1.734583571593950324e-01 -2.585754656869205248e-01 -7.634444980907573175e-01 -2.163410904817070213e-01 5.458485279513622945e-01
-6.465291792711247432e-02 -3.312490198898160321e-01 -1.392974446378595355e-01 5.009792970744200019e-02 -7.516366602827001531e-01 -5.444473343378231078e-01 8.703120009622401509e-01
-1.823264797393591707e-01 -1.941201286609428589e-01 -3.962814692937218775e-01 3.346902238543136843e-01 -5.341396606974676553e-01 -8.371483431215273052e-01 1.031211982008046091e+00
-8.693754323501902415e-02 -4.647184712348113172e-02 -4.918571376202912626e-01 6.282412607021465867e-01 -3.183336965704839372e-01 -1.076752036827673953e+00 9.190461679227883707e-01
1.903237171861390034e-02 -1.485133651052263082e-01 -5.071414147736895695e-01 8.243671383596414826e-01 -3.249505410826277751e-01 -1.016524571373317309e+00 7.922477195521657745e-01
-3.722623745150873721e-03 -5.581670087356270793e-01 -5.658181371590833564e-01 7.458153587602251999e-01 -2.871936292076740505e-01 -6.075526742715884332e-01 9.038393407614890851e-01
8.121196179189183253e-03 -9.245074582965275845e-01 -6.513535770849463447e-01 4.275553673157841961e-01 -1.088925254510480223e-01 -2.127359849416289306e-01 1.116193918738506818e+00
1.370419307824288502e-01 -1.014960604035123115e+00 -6.707281401615985406e-01 1.015504810950682568e-01 -1.412135165944968795e-01 -3.364155916947680208e-02 1.205896143689100253e+00
2.472519657082035138e-01 -1.035698976680833105e+00 -7.132378697367799392e-01 -1.078592889706691677e-01 -1.082771783196367493e-01 3.495955271918724239e-02 1.243022700855441309e+00
3.711795603892172335e-01 -1.088138535595704504e+00 -7.865745432876124488e-01 -2.608055269379775387e-01 2.972405442351385152e-01 4.830573380178146414e-02 1.213530527500040535e+00
6.244673231399995306e-01 -1.007991194721951533e+00 -6.936940776636753014e-01 -4.144025185590224369e-01 5.127169749624245210e-01 4.355059311449546028e-02 9.304781717247722073e-01
8.194350123320371937e-01 -8.649325813390937867e-01 -4.756198695102324958e-01 -5.313992142040356859e-01 3.355926490731051537e-01 1.256322117708335850e-01 5.572788964844557213e-01
8.461273366116592864e-01 -6.942244462342956890e-01 -2.728760831993322644e-01 -5.604731892740054677e-01 -3.319262565991305119e-02 2.519551447243826847e-01 2.707770463851995602e-01
7.608444919528419836e-01 -4.147220641900338789e-01 -4.315284120501376025e-02 -5.366251437218138021e-01 -4.308219435122721541e-01 3.077052728231700063e-01 3.853755025723540339e-02
5.771994272404178394e-01 -6.554890161826625039e-02 2.036442110958323892e-01 -4.980473696418560303e-01 -6.673871723155734292e-01 2.532664378232364899e-01 -1.328388876908660754e-01
4.265693698291221359e-01 2.145568568161815293e-01 3.100432203130110698e-01 -4.647420824430830155e-01 -5.973179962712691360e-01 1.109481216246809010e-01 -2.231104431455344372e-01
4.499609513751120504e-01 2.627758667859084185e-01 2.109717889694344428e-01 -5.465749078099797487e-01 -1.729903178256561036e-01 -2.268185580528215770e-02 -1.599237947259952719e-01
4.818673482249028472e-01 1.505949281112363425e-01 -1.098120792728499162e-01 -7.346979127346570104e-01 4.175108630495818485e-01 -3.809100045561203407e-02 8.641977942883057040e-02
3.571257012437493161e-01 3.795604349711199227e-02 -5.856161402483768263e-01 -9.148313231190775552e-01 9.565210473887031384e-01 1.033825678562528133e-01 3.547567756303594555e-01
1.224450486644205333e-01 -5.208538822224477449e-02 -1.037297685771077171e+00 -1.024804531426109833e+00 1.437526321041429522e+00 3.573301553260119223e-01 4.850071046508808159e-01
-1.635263881984292123e-01 -6.622154605131048977e-02 -1.292963805234984109e+00 -9.469699552555231881e-01 1.787163773844680170e+00 6.172348686586393018e-01 3.906836734955102530e-01
-3.040359912853802804e-01 1.124073882760428800e-01 -1.171162958463928483e+00 -7.389883178036471545e-01 1.715361650040372998e+00 7.431996641278251214e-01 2.201640418209298289e-02
-1.627841545237640741e-01 4.119700735858773388e-01 -7.236968587244569928e-01 -6.065809782809052919e-01 1.261047645332635359e+00 6.902602546593578081e-01 -4.527075459176929662e-01
2.270190885565935013e-01 6.585861153975436366e-01 -1.484625227333166708e-01 -6.021697994753349992e-01 7.954698478151646102e-01 4.997797275543309770e-01 -8.627116994050165744e-01
8.258562612854152274e-01 8.291206111929385614e-01 4.349493978237318204e-01 -7.689224415445645722e-01 5.815642218061888302e-01 1.969253431833695445e-01 -1.164281352164232564e+00
1.396706664956062438e+00 9.247318039476759566e-01 8.312189200454604965e-01 -1.098294380238537427e+00 5.671953445159079177e-01 -1.121283941773840998e-01 -1.236125109989151483e+00
1.707495863869900710e+00 9.418199194755355608e-01 9.074522253988737130e-01 -1.316500101554012980e+00 4.766604300747963596e-01 -3.312689040096046256e-01 -1.118538803169950135e+00
1.687555032648192954e+00 9.110777166619432599e-01 6.938995595399808369e-01 -1.177566691889785577e+00 2.241383644486640292e-01 -4.686670017590441883e-01 -9.425818671502446122e-01
1.316877644298660499e+00 8.029513000713237592e-01 3.243843048081072600e-01 -6.523949940173475737e-01 -4.273552311807473497e-02 -5.342845843155191732e-01 -7.440749134720308078e-01
7.437905283524942623e-01 6.007660236493619355e-01 3.044480643489012525e-02 9.672960702740295014e-02 -3.461491135168117683e-01 -5.092665863840000195e-01 -5.967022833123187819e-01
2.295163740354681792e-01 4.153696485779647674e-01 -4.421425213920016778e-02 7.971659705004167096e-01 -8.739462686196782792e-01 -3.910726182353053137e-01 -5.970270605796008656e-01
-2.152037242022993360e-02 3.489690906542876059e-01 1.317389305165237723e-01 1.266060654003099861e+00 -1.306936268098586318e+00 -2.516204395891684653e-01 -8.473306868960931437e-01
-1.247504510614887499e-02 3.834571366623419353e-01 5.436852930494276981e-01 1.386330219350136561e+00 -1.378067679543959700e+00 -1.564480639447047849e-01 -1.229017999192994370e+00
9.080085005601412629e-02 4.490707247598254015e-01 1.075397522085646207e+00 1.182787101102911853e+00 -1.541268997374408034e+00 -9.397846286336845878e-02 -1.424243222091334804e+00
1.721983675618898313e-01 4.464880260872008400e-01 1.512525646628641418e+00 8.617062024248952623e-01 -1.730183597362902281e+00 3.720959557941171808e-03 -1.373220535790993013e+00
1.492144119290240989e-01 2.529553944432759716e-01 1.655968833561038966e+00 6.058337534389914847e-01 -1.471463898060553221e+00 1.986585282737351466e-01 -1.167168499610043986e+00
-2.430415767926752055e-02 -1.161314584135745565e-01 1.499391244859422656e+00 5.175170614189380514e-01 -9.808518909035509603e-01 4.592407624592343418e-01 -8.619441704221346701e-01
-3.778027585579100678e-01 -4.974277051046548936e-01 1.203594692938367405e+00 6.080202565970059814e-01 -5.381807240424064664e-01 7.645852464391165171e-01 -5.807696893570618579e-01
-8.464370916832907321e-01 -7.831109912916939253e-01 9.078549088844367621e-01 7.800474613732205631e-01 1.095753203754888383e-01 1.075171891044834460e+00 -4.423820191009683045e-01
-1.078577510781750570e+00 -7.890676187192293689e-01 7.732747550808382053e-01 1.083115888581380304e+00 7.983013058657946193e-01 1.145837831264635343e+00 -6.835225736050918321e-01
-9.256402651497291911e-01 -3.829908147789505835e-01 8.825940973658377153e-01 1.592912679856044011e+00 8.921804574963737577e-01 8.001996195050675720e-01 -1.341534587163876857e+00
-6.499175967963796152e-01 1.565246065167997802e-01 9.642511996202283164e-01 2.031951678377326154e+00 6.892726064864932445e-01 1.997482780956833515e-01 -1.907716210967608239e+00
-4.375758979204629751e-01 4.451178916588362511e-01 7.344644786491337785e-01 2.051928582823915548e+00 8.669255361437862017e-01 -3.580169359174100729e-01 -1.913512713315302483e+00
-3.467497392309182302e-01 4.474486971518166767e-01 2.606859869474783542e-01 1.657256970162899412e+00 1.316759990083693044e+00 -7.013578896670960017e-01 -1.393971231922762177e+00
-4.062730859724673071e-01 3.204783585269775914e-01 -2.943232749351125110e-01 1.113482358329128452e+00 1.692628284624972057e+00 -8.069558809109039776e-01 -6.537482997436849796e-01
-5.609675483290346154e-01 1.927848319862766890e-02 -8.637963071486297606e-01 5.170754003850543956e-01 2.082226984056272823e+00 -6.524414072098517758e-01 1.589126607776729927e-01
-7.588265134178233673e-01 -5.422815527858076967e-01 -1.428714895797070783e+00 -1.609179798399646422e-01 2.562759545793840132e+00 -2.498716066292151483e-01 1.087997325221865541e+00
-9.691690423225817197e-01 -1.076425851367838638e+00 -1.943866946733509460e+00 -7.463770081977446624e-01 2.758771346393466217e+00 2.002696731569873212e-01 1.992289050370448678e+00
-1.073543713580934700e+00 -1.263322927879147350e+00 -2.337347503227183765e+00 -1.072493312324280357e+00 2.505778007568494559e+00 4.563642232869967730e-01 2.584243270567695205e+00
-9.920662210817166038e-01 -1.163201503875049170e+00 -2.566308502583523499e+00 -1.130769494052570989e+00 1.960251083938025385e+00 5.083191945013765256e-01 2.768789813220995821e+00
-7.991432990901312650e-01 -9.104206183154863741e-01 -2.574738954477080899e+00 -9.669146347236111660e-01 1.192635523772030304e+00 5.049875834353140247e-01 2.567004092822610328e+00
-6.469771623357706281e-01 -6.720956045636016229e-01 -2.354697814245668486e+00 -6.853938523146021478e-01 6.047412967618689406e-01 5.473940545269356805e-01 2.111921047444848210e+00
-5.844693590282018514e-01 -5.396108025361183724e-01 -2.025824045365471893e+00 -4.463708635381520851e-01 6.497675351608160899e-01 6.028262688533869706e-01 1.587404114545996947e+00
-4.152758312017566511e-01 -3.955924327620596870e-01 -1.577894124052079183e+00 -3.945117255176567861e-01 9.350865296668549043e-01 5.303746189806626266e-01 1.073375056337802169e+00
4.354456119327997782e-02 -2.391239486494886324e-01 -8.285010279250220044e-01 -4.415579209893107926e-01 7.558577395462062753e-01 2.602759551447423880e-01 5.501101030183532803e-01
