8.749265636673223545e-01 6.538101136812373149e-01 -9.043177943258605689e-01 -9.148755055569945949e-01 2.500857794505506049e-01 2.575481405490390729e-01 -1.175389753322279018e+00
1.033900569767604249e+00 8.134902051004730961e-01 -8.012645967434907091e-01 -8.564561767122796931e-01 1.136410854982319446e-01 2.180070625896457781e-01 -1.172741991561467412e+00
1.070044555398563579e+00 8.037011431435043818e-01 -6.127021102764962368e-01 -6.996806717271365494e-01 2.479559274760356410e-02 4.252317034474337731e-01 -9.756823093965566462e-01
8.966293429934898418e-01 6.359706713611894546e-01 -3.980354942598997581e-01 -5.035180237446967855e-01 -2.552633321770466646e-01 7.813698430671018880e-01 -6.029216200037825768e-01
5.423341075153257362e-01 4.306457423749498470e-01 -1.184208485922560311e-01 -2.723027913049458348e-01 -8.473664813150263431e-01 1.089548498384470987e+00 -1.822845612184125774e-01
1.036262497881779709e-01 3.373342379756721354e-01 2.211946105529854212e-01 -1.321199113231086575e-01 -1.418344600126348665e+00 1.206144817585290463e+00 1.419517379039277882e-01
-3.183348816719168695e-01 3.645768237178227955e-01 5.216288046923174271e-01 -6.995999297650917770e-02 -1.881689501471033754e+00 1.225554145500614700e+00 4.016363410989381433e-01
-6.080663712710088209e-01 2.353689409056823889e-01 6.591828168838967938e-01 -8.339152732823186531e-02 -2.109682113869332465e+00 1.240438422391256568e+00 5.934266706019929449e-01
-8.243305227113079114e-01 -2.591705042778857937e-01 6.253128667425309484e-01 -3.942634075437520536e-01 -2.055708695665413366e+00 1.219795705894160864e+00 6.048618413251843906e-01
-1.026060210751105650e+00 -8.709186856587147751e-01 5.511239834948392646e-01 -8.533467448753968565e-01 -2.035292132743711235e+00 1.195461005571827995e+00 5.353935089784817025e-01
-1.110424832201799550e+00 -1.229075573150826273e+00 5.330265077554283693e-01 -1.128105677541594298e+00 -2.032700012690470182e+00 1.187666354075000097e+00 5.125025593326569817e-01
-9.756782062018138912e-01 -1.282622527869064610e+00 5.729512646989154412e-01 -1.137183824512371988e+00 -1.782140982414187169e+00 1.204998373642492515e+00 4.239344089944872551e-01
-6.073671652793144471e-01 -1.164443709883653311e+00 5.742014258509888780e-01 -1.013548108815794269e+00 -1.300643751945643967e+00 1.328293667927233024e+00 1.702713542253951329e-01
-1.593568941206628675e-01 -9.907764557251869109e-01 4.411238951203622638e-01 -8.543821176203008072e-01 -6.986481685572258904e-01 1.499271926631621676e+00 -1.799587288091147319e-01
3.143619404838556841e-01 -7.807892457112655116e-01 1.839454067466736731e-01 -5.879067369888234529e-01 -5.303162751718169809e-02 1.634747351884514366e+00 -5.894723682458933300e-01
8.591136303469225632e-01 -5.649608510783526993e-01 -1.554061925958929447e-01 -2.065506170041059020e-01 4.430825953529390349e-01 1.648471580232418354e+00 -1.096935491777348837e+00
1.289010978245151318e+00 -3.492839607107633415e-01 -4.182349668743157167e-01 2.425302074761764570e-01 6.004788900508384319e-01 1.354385765008015330e+00 -1.602016901169971419e+00
1.439682354381023988e+00 -7.059568584628474197e-02 -3.943870542468900786e-01 6.810318650218538661e-01 4.476959154065183188e-01 7.890989061039658248e-01 -1.934941433670492872e+00
1.381075932021339714e+00 1.943436574030695529e-01 -1.113978012962967834e-01 9.682577664746545576e-01 2.956142494517478014e-01 1.309798436632794993e-01 -2.096783512018275619e+00
1.258207415856171352e+00 4.255381413139556201e-01 2.735265479568653180e-01 1.046730021773131902e+00 3.103194072831925165e-01 -4.996719722886928672e-01 -2.076055269562880667e+00
1.081245960451026056e+00 6.884783525420450356e-01 6.558828388437312196e-01 9.707384454949036234e-01 1.598511138277635690e-01 -9.756962665316433192e-01 -1.832724765894297336e+00
7.713144374355164201e-01 8.041558217037997336e-01 8.959228422095304456e-01 8.096698457916124969e-01 -2.945660168035903470e-01 -1.230884196187529644e+00 -1.481022500748222726e+00
4.045538599858296003e-01 5.983909599585084393e-01 8.836122899437652833e-01 6.337072413473185950e-01 -7.316302470283984061e-01 -1.271497411765596608e+00 -1.060819944212274768e+00
1.449830168754257242e-01 2.078334404960410775e-01 6.097214906298431547e-01 5.351875018594760558e-01 -9.235039001563767336e-01 -1.186356862488984643e+00 -5.907955864826848202e-01
6.437961219671232971e-02 -1.178001433177752466e-01 1.714314628166118126e-01 5.404061735347618356e-01 -8.207030515351407818e-01 -1.055807295693937276e+00 -1.731905119301501150e-01
7.137884661829166366e-02 -2.654697248660293774e-01 -3.133932167476394803e-01 6.734700118969449978e-01 -5.260693668016899194e-01 -9.469101824618770813e-01 2.095176207474506169e-01
4.231312691625980366e-02 -3.139262188715495894e-01 -7.700852347046316382e-01 8.105197310146891043e-01 -2.110198776455221581e-01 -8.861074321015471877e-01 5.983920585240125600e-01
-1.401923401566407268e-02 -2.822370677899629920e-01 -1.111736513957142680e+00 7.503383680473404427e-01 9.287183488783581908e-02 -7.406051625907179581e-01 1.028314236724719333e+00
-1.933868540242945633e-01 -1.412536013992063688e-01 -1.336247343280954958e+00 4.952732018029827321e-01 5.478951566939040951e-01 -4.709192501952375598e-01 1.525073863257383699e+00
-6.361365616898121411e-01 6.888510199035897952e-02 -1.462964691433578990e+00 2.136721653251373310e-01 1.082160483922870231e+00 -1.482249762672373516e-01 2.000488141205658543e+00
-1.122740259395715645e+00 2.968130938810465969e-01 -1.455357709346152051e+00 2.556512534244470211e-02 1.257186384080826391e+00 1.656306365226364874e-01 2.285245664779791408e+00
-1.324726534044216919e+00 5.157171154739650376e-01 -1.297008126741392875e+00 -1.940799915821659061e-01 1.052969339533325277e+00 3.787713178416559079e-01 2.256953869887200259e+00
-1.194259066325537910e+00 7.045794427328980758e-01 -1.031110809012906637e+00 -4.195489297377217874e-01 8.266885151151668332e-01 4.843263219539368225e-01 2.044093186919272220e+00
-8.424651184638098922e-01 8.064226033832281315e-01 -7.332586968782088821e-01 -4.241797491541074439e-01 6.987179242296848170e-01 4.723808541873364408e-01 1.885418861194182671e+00
-3.399161477933685394e-01 8.662297177153325256e-01 -4.535022139652132300e-01 -3.135186681231008077e-01 6.917475492406945925e-01 2.135710206318340298e-01 1.738507538408173181e+00
1.639912568193015174e-01 9.380654559497385581e-01 -2.419775297650027246e-01 -2.953882785187977311e-01 6.396287197357659604e-01 -2.909372771875480823e-01 1.460587211031004973e+00
4.450043948980425546e-01 9.294684135305101291e-01 -1.075659037591706613e-01 -3.168563481431956319e-01 3.427079768248362246e-01 -8.363852326542837723e-01 1.130705626382727758e+00
5.003988293882203342e-01 7.471214604702650641e-01 -1.316773005172102362e-03 -2.975991128572372801e-01 2.891766189961872749e-02 -1.137849815875879855e+00 8.478122789493420797e-01
5.471136155879753327e-01 3.761038170268543590e-01 7.421987876828194108e-02 -2.540983313687770195e-01 -1.985069877893735901e-01 -1.006537257062943391e+00 5.491067529163986549e-01
7.441010166986629093e-01 -1.367950142287375770e-01 5.447795149786374691e-02 -1.899814883602851112e-01 -5.125610264262053795e-01 -5.347996803952350664e-01 1.156145650717249618e-01
1.075787275116082187e+00 -6.297192041674021246e-01 -4.898065976461946081e-02 -8.565442400878574281e-02 -7.590522623732302021e-01 -1.321090144645886352e-02 -4.234370662949338282e-01
1.348128832422020196e+00 -9.388331017445911142e-01 -1.101408741638366245e-01 9.037518552535740712e-03 -8.540581390765905612e-01 3.204777384004549035e-01 -8.546089600633802741e-01
1.337219253622537796e+00 -9.766287172283819595e-01 -2.158507927511213453e-02 -5.639753391592519649e-02 -8.930040439142312714e-01 5.080155862828541480e-01 -9.629840101309072864e-01
