2.326999887487549434e-01 -1.086119576395982333e+00 1.752488902501602719e-01 -8.184735009988880483e-02 -2.111292030058493641e-01 1.478067959044641722e+00 -2.378142364622224392e-01
3.363302515730526299e-01 -7.254991748765271531e-01 2.188682322060780394e-01 2.852864617494981214e-01 2.461967760227486146e-02 1.140079386765826985e+00 -6.174237731152871778e-01
4.120579045889817826e-01 -1.359299101463887771e-01 2.427021158211095098e-01 5.967468684926583444e-01 1.281913109979635756e-01 5.413468911883504431e-01 -8.880734909930689813e-01
4.645431353960658427e-01 4.551362772000361878e-01 3.220085415473839530e-01 7.778069677039749497e-01 7.073603282551851890e-02 -1.214758039031101772e-01 -1.010057392947383947e+00
5.242352141467849780e-01 1.062744279429099992e+00 4.604381388876684356e-01 8.114600905704572043e-01 1.796201235913009731e-01 -7.313079274435978494e-01 -1.107053232596500569e+00
3.722588348707199790e-01 1.665796297070641696e+00 6.563818799849945318e-01 7.197021975451948217e-01 5.971299345535759917e-01 -1.173700550857521341e+00 -1.213890190026463367e+00
-1.938387637129669050e-01 2.004412716671023720e+00 9.602411586250104714e-01 6.640172936047209484e-01 1.008067443183432443e+00 -1.337075196137430755e+00 -1.296695958635101897e+00
-8.110172708401405250e-01 1.905165695112404300e+00 1.433409810195141354e+00 6.403550577311400982e-01 1.073281962790608723e+00 -1.205717446414303229e+00 -1.374401977286433540e+00
-1.075357336349707094e+00 1.477327978927391205e+00 2.046872454383584561e+00 5.602182616612417787e-01 8.009840332637880866e-01 -8.893418549878192580e-01 -1.486572936824761992e+00
-1.015493827072682542e+00 9.981202576314384123e-01 2.636001721844543955e+00 5.367913662895121840e-01 3.414726131559487898e-01 -5.549450735875017804e-01 -1.644597292171466663e+00
-8.199087103646587327e-01 6.152376013038168834e-01 3.000888597953301318e+00 5.931313391064853002e-01 -1.100261733838566874e-01 -3.026889312851934188e-01 -1.766855581492420058e+00
-6.219557618684133926e-01 2.495288187488167442e-01 3.088859665355689454e+00 6.299049753054325462e-01 -2.779928238851224198e-01 -1.238069415680946445e-01 -1.771913044260587489e+00
-3.607905470625075717e-01 -8.881800946525895968e-02 2.935365480592734944e+00 6.587637303145705836e-01 -6.032779729823579962e-02 -1.160451918802180155e-01 -1.675190741444650078e+00
-3.127119828621523906e-02 -2.578705909152065878e-01 2.517316979348145356e+00 7.148809418420375428e-01 2.982983900854384585e-01 -3.372590116421496642e-01 -1.491643402362685222e+00
1.827191938452642772e-01 -2.280754194848592376e-01 1.886680496325032763e+00 7.469853929655306812e-01 4.799986510718839416e-01 -5.317311532579165334e-01 -1.248576852518129332e+00
2.265273112136073352e-01 -1.263684505225267651e-01 1.172884711923772638e+00 5.992243551443060534e-01 6.387210538139856952e-01 -4.914198337390389693e-01 -9.428752951167923557e-01
1.201140165422685258e-01 -1.016394695529322656e-01 4.531187743144340363e-01 1.824531588783959435e-01 9.420794062399316937e-01 -2.463183034519312031e-01 -4.896361576021527884e-01
-6.982619002456807999e-02 -1.405084874909491022e-01 -2.075228708124619015e-01 -4.141777709903620153e-01 1.094350481021344246e+00 6.399711699959696742e-02 1.120405238348480409e-01
-1.311399693351456008e-01 -1.922685048990903922e-01 -7.433407167325587483e-01 -1.039355315044975914e+00 1.088660689963660833e+00 2.453370236207445543e-01 7.476186514089168123e-01
-8.747938148474899978e-02 -2.437203526458394665e-01 -1.116151772191658509e+00 -1.514130319249025858e+00 1.207950444121308919e+00 1.627021978524026968e-01 1.302755830861568764e+00
-3.159438528646340422e-02 -1.727454522872154674e-01 -1.288468977275596394e+00 -1.754801156959695740e+00 1.281323450459669999e+00 -1.936495686994824661e-01 1.702044003976757036e+00
1.862102635416327812e-01 5.679792892920565439e-02 -1.320772233428251230e+00 -1.899043557397259940e+00 1.345124201123091501e+00 -7.119856736364245098e-01 1.939552228690761160e+00
4.486801708596905858e-01 3.083152622641912588e-01 -1.437585144399001313e+00 -2.008154481162022442e+00 1.687744175384595202e+00 -1.223135266193739357e+00 2.077329049638394931e+00
4.392871757588408532e-01 5.090215870016884248e-01 -1.765665191887201280e+00 -2.019973558316863205e+00 2.057324319056935025e+00 -1.584133507655861806e+00 2.213923051791300001e+00
1.809194448343430517e-01 6.957524804428939502e-01 -2.156580206300924285e+00 -2.013728236744842359e+00 2.157562625555610847e+00 -1.784709117327273553e+00 2.438863831607071209e+00
-1.039536485419131767e-01 8.999507086129704403e-01 -2.322096734384427208e+00 -1.996735951347777371e+00 1.965348193185750825e+00 -1.941748359743774799e+00 2.634507335346798929e+00
-2.134103265068868771e-01 1.091018936607058620e+00 -2.165061918955369258e+00 -1.894147824052845541e+00 1.505520084682884230e+00 -2.068093281437566766e+00 2.614469797388089933e+00
-1.396758039325954603e-01 1.086745016860231283e+00 -1.849018863338453889e+00 -1.782695866548184016e+00 9.964005914662578123e-01 -2.006652618699116708e+00 2.465702758041214526e+00
-1.124876160129142516e-01 8.163600053067758822e-01 -1.536160984333863944e+00 -1.658125755644594523e+00 7.059186137791825244e-01 -1.676610520705138718e+00 2.281610476487969663e+00
-2.439447783925364488e-01 5.024517368796569405e-01 -1.312446151548661843e+00 -1.383497501471477431e+00 5.441194560436105609e-01 -1.187237565464374756e+00 1.996238879638298380e+00
-5.214546068639310805e-01 2.730717855786848336e-01 -1.186483588644762444e+00 -1.091044755796259480e+00 4.584565593556739205e-01 -6.643714785881722484e-01 1.677759060009326841e+00
-7.575645394237069397e-01 8.455237377052120251e-02 -1.074312997363253253e+00 -9.650224252075646492e-01 3.424898544220277841e-01 -1.600073151456473108e-01 1.411715753254060290e+00
-7.177123854748862497e-01 -8.491477093710650403e-02 -9.686521991827673483e-01 -9.278404695484298026e-01 1.288161973677262317e-01 2.637966396086326437e-01 1.162459180467935838e+00
-4.734060137201149820e-01 -2.629896608913138145e-01 -9.286986732124969945e-01 -9.294908508527738311e-01 8.003527534869862847e-02 5.390825249980720768e-01 9.695419554839403986e-01
-1.326770544761946002e-01 -5.150697207443906134e-01 -8.653073600984433345e-01 -8.532714175845510507e-01 -3.735650110273957408e-02 7.217103797782200569e-01 8.149511487747033156e-01
1.769603510579103589e-01 -7.452876252051056083e-01 -6.961885210648695033e-01 -5.369174953916092674e-01 -3.712866566088990905e-01 8.402523726822009875e-01 5.514194493422293064e-01
2.229567083083240087e-01 -7.390134646218495806e-01 -5.257227498687568890e-01 -3.338993331390233826e-02 -5.674396160664697542e-01 7.709719656483119410e-01 1.934926677969093234e-01
6.483567195985792675e-02 -5.083067986387683757e-01 -4.086319080338178811e-01 5.980630859406866895e-01 -6.114711521767753899e-01 4.966801103831232633e-01 -1.972976244032798865e-01
7.285031065706501843e-03 -2.572097691862448854e-01 -2.523944622504976643e-01 1.246732314742248660e+00 -7.555981500444440835e-01 1.693765798048144922e-01 -6.056090447522294307e-01
1.883811208389365721e-01 -1.321897704669760532e-01 -6.295091684404580112e-02 1.629306266263221392e+00 -1.071325900396192576e+00 -4.554830255091275870e-02 -8.724829027979791318e-01
5.221060132877614057e-01 -1.114424063093007178e-01 5.160445451009580686e-02 1.643054817110143340e+00 -1.421666919795681050e+00 -1.025190526805631608e-01 -9.075745438491897854e-01
7.332357079997342542e-01 -6.570648246339361176e-02 1.513514199891815570e-01 1.538083996585547508e+00 -1.654120450050249547e+00 -9.386123523775571909e-02 -8.830436198015819693e-01
6.421746345162869796e-01 6.591674254459941457e-03 3.572019652288846436e-01 1.617819513151373290e+00 -1.806359817102039855e+00 -6.629916826482000480e-02 -9.959661132331546485e-01
4.351362810182889951e-01 -3.638017042523000039e-02 5.123559008599277709e-01 1.804805787009015727e+00 -1.967601847668094095e+00 5.169585723221288565e-02 -1.133222254533241768e+00
1.904550646080359066e-01 -1.874966648039354256e-01 4.569890624271391588e-01 1.871880231415042450e+00 -2.067448753227382419e+00 2.953262949628120415e-01 -1.110351744348080150e+00
-1.244520506325120096e-01 -2.568686036429658204e-01 3.431966475425668461e-01 1.883543871404470327e+00 -2.139623059083064049e+00 5.942641647050463938e-01 -1.078624827920044771e+00
-3.478010253696615095e-01 -1.698336341788380388e-01 3.642602966761048222e-01 1.926299632707036302e+00 -2.278335826389359386e+00 8.706218082128401869e-01 -1.207758998790612770e+00
-4.944396708336004642e-01 -1.417573173551638643e-01 4.934765953021233997e-01 1.917287763385276955e+00 -2.334517500451599226e+00 1.155841194390205828e+00 -1.373683807912424504e+00
-7.088177562079043259e-01 -4.046063642743779054e-01 5.757294327232909126e-01 1.810057436227797023e+00 -2.256173234863927402e+00 1.571418207342485385e+00 -1.399847236534544015e+00
-9.476692092879910323e-01 -9.214323324059715548e-01 5.238553098550293718e-01 1.519644018825786036e+00 -2.103935168168950653e+00 2.078016141640564474e+00 -1.160354672962458089e+00
-1.055142559392690194e+00 -1.497328645445292983e+00 2.897612446746375414e-01 9.275360660068118213e-01 -1.656301797199892789e+00 2.395471348801992306e+00 -5.983829628167640635e-01
-8.924618447562560064e-01 -1.885133047273845897e+00 -4.535311178657038672e-02 2.166737705450225149e-01 -8.648969160448389815e-01 2.314425837043584622e+00 3.829511871679269069e-02
-4.250666173744701570e-01 -1.836014866177736682e+00 -2.046834401641671464e-01 -3.138217001803476625e-01 -1.657067961531020761e-01 1.863237011225819195e+00 3.762937300666339135e-01
3.599015108346041714e-02 -1.288181560610168752e+00 -1.357026136046292908e-01 -4.288065016458127432e-01 1.842569167155682364e-01 1.174560146611923761e+00 3.091472778242645991e-01
2.158367864511541723e-01 -5.098730076597197680e-01 -6.953293015172849756e-02 -8.105144038066862400e-02 3.495682210074594898e-01 3.523341241991123640e-01 2.943433279403873809e-02
2.315427746733351444e-01 2.378977776679374878e-01 -6.467415444315567641e-02 4.458731281137005564e-01 3.351136462140543726e-01 -4.670394384579502622e-01 -2.568024243588907241e-01
1.393883965601745989e-01 8.706131966783255960e-01 -9.251037019254647331e-02 8.982018993501816873e-01 8.581252575225394030e-02 -1.072113097291993222e+00 -4.552014538848729308e-01
9.394708280598226824e-02 1.181470520646894729e+00 -1.262034157999227246e-01 1.135498476531879630e+00 -1.910979406144328041e-01 -1.352012261501591928e+00 -5.174277656017112204e-01
2.952098242153334273e-01 1.010385481814273234e+00 -6.212927719290035206e-02 1.077252019556363294e+00 -3.411965073747951216e-01 -1.363120327472628901e+00 -4.383131275521038872e-01
6.203324332452991863e-01 5.149889603882147338e-01 5.524241060962008926e-02 8.132552700189770167e-01 -3.384249723606624349e-01 -1.198961032128463611e+00 -2.620638403892283641e-01
8.763635799578782803e-01 2.119208226210913398e-02 1.842961459509262212e-01 5.510747464491859704e-01 -3.866261346840129121e-01 -8.671658589866017008e-01 -1.618861533673503494e-01
9.256749306067306726e-01 -2.359854644653522626e-01 3.000130586807762678e-01 3.646387198664462481e-01 -6.049650348928478083e-01 -4.363395409569975070e-01 -1.768011241967451797e-01
6.753684516381380787e-01 -2.256417995852194047e-01 2.464042990678362854e-01 1.564917498518975658e-01 -7.551703491544322633e-01 -5.423757053824456581e-02 -1.123411063447841973e-01
2.531274496017745790e-01 -3.171165226330125569e-02 7.283925842825374197e-02 -6.802813245445496482e-02 -8.899669297473034035e-01 2.052768710619561621e-01 6.107454318841674945e-02
-1.543705561984544221e-02 2.274033577307298382e-01 -1.500587868894947587e-02 -2.692083961317824903e-01 -1.114447290078991459e+00 3.429100045772583427e-01 1.770632647382034963e-01
3.217345782842973533e-03 3.690495260172402814e-01 5.618004090359954121e-03 -5.385388334576078906e-01 -1.141202848731222463e+00 4.443412348808655210e-01 1.980905157989477916e-01
1.200722060005950803e-01 2.484303821450455363e-01 1.000509541168199124e-01 -9.168009863014634497e-01 -8.733769325014605345e-01 6.494526851661938105e-01 2.182882952557284595e-01
8.816947569372871052e-02 -6.265359096463439526e-02 2.631164298339116470e-01 -1.255649844519840297e+00 -6.957449640882163999e-01 1.057038269081528092e+00 2.520867187985623703e-01
-2.329192052248988676e-01 -4.258048126466252303e-01 4.278248524914675666e-01 -1.386393964541337231e+00 -7.299106364646557044e-01 1.580046862502482607e+00 2.974998940487189047e-01
-6.900929510284289359e-01 -8.298918309443339414e-01 5.470092832784493320e-01 -1.328908986652715951e+00 -5.546123630950001715e-01 1.995356466617620006e+00 3.426259895952284973e-01
-8.934001668201924096e-01 -1.266203912953806743e+00 6.553227735842794832e-01 -1.192963385714965519e+00 -3.584156686806373032e-02 2.100232465203657917e+00 3.384786874707881310e-01
-6.920232525279980118e-01 -1.459493118699269676e+00 7.582742746708505122e-01 -9.437475665756476229e-01 2.874344974912381723e-01 1.805704979068007310e+00 2.396569249070518715e-01
-2.931776713936533052e-01 -1.131836724021640705e+00 7.030715783571616084e-01 -5.468444113100271453e-01 1.743670128507702477e-01 1.171400450618847122e+00 5.200006871843668166e-02
-9.306390078342146460e-03 -4.228213188239083320e-01 3.939452587116257787e-01 -1.172234494238352798e-01 -1.039064391780203378e-01 3.588630278732915513e-01 -9.182312810130639769e-02
2.337306676262594900e-03 3.566840418172257943e-01 -1.064915589094823749e-02 2.460272924330158817e-01 -4.868376259047465515e-01 -4.113917955606051224e-01 -1.073254869393315408e-01
-1.334633260423917500e-01 9.280118043235466851e-01 -3.489537653751745849e-01 4.448048032745194336e-01 -7.153742032441061660e-01 -9.159169445827133327e-01 -3.835481942379572601e-02
-1.989667991170667449e-01 1.125632054729408305e+00 -5.714650434768292486e-01 3.918214258012140960e-01 -5.622446922576609385e-01 -9.949567398978603761e-01 5.701990815119498818e-02
-1.312839018103127420e-01 9.349169483200865383e-01 -7.031192500289015213e-01 6.742753312403462762e-02 -5.153430401366816682e-02 -6.595706815045456750e-01 1.732108321629251269e-01
2.762156786104771888e-02 4.857486696429085815e-01 -7.672482990153473015e-01 -4.326690007122663273e-01 6.960889218518755417e-01 -9.461993478019842252e-02 2.941693500662789229e-01
2.678454557234096756e-01 1.050810590458922389e-01 -7.121044361557808955e-01 -8.802236034988852875e-01 1.205470649617878198e+00 4.697680939099140862e-01 3.155627801537216892e-01
4.079187625430300557e-01 2.549439648741813873e-03 -5.438706009296463417e-01 -1.114674942413696579e+00 1.408314958759473878e+00 8.667284119548472887e-01 1.928418786176617494e-01
2.720826622633865099e-01 4.223276126916512135e-02 -3.338667886639872795e-01 -1.174932094407808325e+00 1.571004941824314161e+00 1.052859511412435500e+00 6.936996681387412600e-02
1.014456362221717173e-01 1.214265304233738962e-01 -1.699170680319921911e-01 -1.203722912177068727e+00 1.558482387256318491e+00 1.043853566033484448e+00 7.563710410267872331e-02
1.626067286977554982e-01 3.517517785692285126e-01 -1.164008546271891320e-01 -1.244238232352308238e+00 1.274752382214418667e+00 8.910000243507704143e-01 1.033105017517652324e-01
4.861418536798422507e-01 6.112999146345310386e-01 -1.617427285447562146e-01 -1.278500392568719501e+00 9.810556292318186600e-01 6.870224087789156275e-01 5.417767169688304796e-02
8.944791042776645273e-01 6.618045886705570258e-01 -2.981672559129615596e-01 -1.298295057686249532e+00 8.744308977865780097e-01 4.736765298192738283e-01 4.222489881307826820e-02
1.248831645326863971e+00 4.828882483742289455e-01 -4.732386328954897858e-01 -1.291254893093523926e+00 8.103114705374341309e-01 3.184949199996189306e-01 1.299099080460220379e-01
1.548526331676337575e+00 1.873368710944852411e-01 -6.037638592293990136e-01 -1.192037888101323384e+00 7.313728059728519248e-01 2.320913518037348022e-01 2.010560100425573260e-01
1.674032149722201268e+00 -1.023266409049686243e-02 -7.623086490575481378e-01 -9.256132401814938238e-01 6.836700867164339224e-01 7.365604905851183548e-02 2.215635484554725199e-01
1.692177623086654537e+00 -8.726172622758994468e-02 -1.018035688957809937e+00 -5.910133099329077933e-01 6.794840524003202820e-01 -2.240466358412992465e-01 2.808662094133896336e-01
1.810925270038656665e+00 -1.627161400272547631e-01 -1.240436908468750765e+00 -2.952544096351555347e-01 7.352185094595654613e-01 -6.403761097211002618e-01 3.560352316634731729e-01
1.991432618029785218e+00 -1.713893661763632725e-01 -1.257829238957675289e+00 -4.828008696505452224e-02 7.097128816300978249e-01 -1.104562979903355835e+00 3.596283036742811134e-01
2.080005916413992129e+00 -7.025210801538568639e-02 -1.036921871516771398e+00 1.190997531517808405e-01 6.759846478300607364e-01 -1.521212646220531539e+00 2.966753363951362132e-01
1.856204717676212201e+00 7.308429916843411922e-02 -7.073816508450858631e-01 1.643549916649034714e-01 7.691675038745193760e-01 -1.768855536476869883e+00 2.635801187927350742e-01
1.235773014402603343e+00 4.004899679314402050e-01 -3.437444947753002800e-01 1.684639940966265181e-01 7.737316033917402969e-01 -1.815679630930109978e+00 1.900677150029416729e-01
5.293770033020663845e-01 1.025151489826068074e+00 6.473908304225681198e-02 3.362390297119589033e-01 6.260292539764648057e-01 -1.851859117679631517e+00 -1.140894365236359009e-01
1.600983660973682304e-02 1.664673292029781537e+00 4.494502677534033541e-01 6.705137347488367983e-01 5.372453799210010761e-01 -1.963093097452033753e+00 -5.611914730296121423e-01
-2.717998952474425245e-01 2.007060051031391179e+00 7.500640750549563140e-01 9.514940759700162287e-01 4.780922436042955859e-01 -2.042021912966675234e+00 -8.952296888726660740e-01
-4.459097588662643830e-01 1.907203055965796645e+00 9.287989165776853184e-01 9.934334072664690041e-01 3.908123791929556945e-01 -1.983910496382683686e+00 -9.278608951428313212e-01
-6.100575261193532661e-01 1.392090361818895783e+00 1.059358707598082372e+00 8.487285504348920373e-01 4.237876558349323863e-01 -1.778171836659768523e+00 -7.554490458231242211e-01
-7.063896189884709687e-01 8.124761082473980212e-01 1.377419306051579140e+00 8.486824916068782532e-01 4.266568352379164208e-01 -1.571622857104527871e+00 -7.603356634470628261e-01
-7.462367179927529293e-01 6.652041731602497121e-01 1.891154212496058751e+00 1.170447635911030293e+00 9.615516947369036338e-02 -1.506605066743246901e+00 -1.126293813076520767e+00
-8.932655847359094459e-01 1.011098878862304540e+00 2.306718301709063557e+00 1.634646546273085255e+00 -4.620274055083419262e-01 -1.539942275790162629e+00 -1.628001428046043753e+00
-1.255444289426137283e+00 1.341428599243223552e+00 2.400060323937372786e+00 1.968864199179725105e+00 -8.478933422430243727e-01 -1.488785936022453571e+00 -1.884739606340273044e+00
-1.631766968155117681e+00 1.240674459780579220e+00 2.160796055051457998e+00 1.974833593262405262e+00 -8.646121999497813349e-01 -1.211804464054329067e+00 -1.714321360117724291e+00
-1.751857731055580292e+00 8.923335352013214150e-01 1.722940132736252794e+00 1.664451258056054872e+00 -5.716039307617798437e-01 -8.012609037405825640e-01 -1.287555348519691778e+00
-1.659233573108781945e+00 7.339027720293590518e-01 1.249911112675226255e+00 1.287892413518614276e+00 -2.340489724974011698e-01 -4.881840639499268053e-01 -9.152326970335670220e-01
-1.498739840657226097e+00 9.084402084871903149e-01 7.839059415153095678e-01 1.053805476155392329e+00 -1.781668706905724930e-01 -3.513883698083155038e-01 -7.170771026088074152e-01
-1.372712931918301349e+00 1.233606483165251122e+00 3.000882845308623370e-01 9.379565086227954485e-01 -4.153276613587545962e-01 -2.343691938073609315e-01 -6.062531049067587663e-01
-1.356474130193852767e+00 1.378346252226432478e+00 -1.958216623104758192e-01 7.967243423548863168e-01 -6.495435389179510244e-01 8.348490781214568807e-03 -4.375186833719925117e-01
-1.478502708502494878e+00 1.187959320061367618e+00 -7.125017044092669671e-01 6.388407432599760849e-01 -6.619018993741222490e-01 3.286126436300357834e-01 -1.626409188461933053e-01
-1.672880306966805009e+00 7.555516454762606360e-01 -1.185067086774335365e+00 5.670426997541927472e-01 -7.320327200565122094e-01 6.826205210862741346e-01 1.549403818114217790e-01
-1.823939344474887925e+00 3.036366598575516718e-01 -1.424606592430892160e+00 4.888225918791341829e-01 -9.628193227582790836e-01 1.026158834760557692e+00 4.215532831747882958e-01
-1.870872359502933291e+00 1.031840177115037928e-02 -1.362609628370839987e+00 3.308456549132977598e-01 -9.546551486593666258e-01 1.230942798796269333e+00 5.428982447243627663e-01
-1.793960874540799999e+00 -2.598771639803770239e-01 -1.170213021781877583e+00 9.987062716359354497e-02 -6.701514491635863768e-01 1.314957314696542978e+00 6.185190643026301505e-01
-1.624480565031580337e+00 -6.348326200006948472e-01 -1.064687913202840841e+00 -2.183317125189108698e-01 -3.824931948239369550e-01 1.320785462152196166e+00 8.618100907561945245e-01
-1.396553678136067234e+00 -9.909259597338927472e-01 -1.114661729411630997e+00 -5.130966842264892414e-01 -1.144562117285083669e-01 1.201111025019557799e+00 1.234756030712632180e+00
-1.008349804555005447e+00 -1.249707820868022567e+00 -1.148040114798474010e+00 -7.010531615030410890e-01 1.146423452939241971e-01 1.021962731363313726e+00 1.468394045185343000e+00
-4.002139548714750972e-01 -1.422160057097976438e+00 -9.691273653380966246e-01 -7.694902804495146187e-01 1.304951835266847104e-01 8.722060526098216471e-01 1.376424338722032514e+00
2.112030738282569264e-01 -1.478235698749651661e+00 -5.846750617916967041e-01 -7.242946012687635493e-01 4.828943624294708414e-03 7.597288432195568042e-01 1.012629406953626576e+00
7.562020916579140772e-01 -1.426176818796374812e+00 -1.443887681117749233e-01 -6.872252653092266739e-01 9.456095332267161480e-02 6.609397952603603965e-01 5.634082356479053200e-01
1.253794479555858432e+00 -1.267052384152773215e+00 2.485465953499852720e-01 -6.788942123399194228e-01 5.817665933457574212e-01 5.036123575917892392e-01 1.337355013879353294e-01
1.627929563543933034e+00 -9.727563204572343691e-01 6.140612696048491914e-01 -6.386724438011098792e-01 1.169885151724637362e+00 2.324247562171622150e-01 -2.475894752443927593e-01
2.000362838234354346e+00 -6.500114630429164597e-01 8.900628233984982929e-01 -6.429359773245792997e-01 1.478133893444256941e+00 -1.578941581542147865e-01 -4.633721471596689567e-01
2.368377843030725849e+00 -4.154408802653545840e-01 9.015776975762122003e-01 -7.340901617563302395e-01 1.433823856430653576e+00 -6.078205511537613237e-01 -3.797857707083686085e-01
2.588836691646569488e+00 -2.183717553364614150e-01 5.947267430972627000e-01 -7.828682764205134870e-01 1.104733984034032668e+00 -9.263920571344559374e-01 -1.031089464418236817e-01
2.672960472407154064e+00 -6.820064057675306879e-02 9.591968090888849940e-02 -7.291810356427882445e-01 7.656902575134368893e-01 -1.000779571644848875e+00 1.729341440561368293e-01
2.633742759420956148e+00 -6.180574853771227638e-03 -3.788305275437842123e-01 -6.737775444370607270e-01 6.287011649418666748e-01 -9.204153023623236063e-01 3.730716881802320639e-01
2.426412785506725456e+00 4.184983205275454032e-02 -6.592934079131770320e-01 -6.140271625291160440e-01 5.350169615217778007e-01 -7.734685372088736521e-01 4.294132997680342179e-01
2.050836910059316232e+00 -1.377160738519603821e-02 -8.037887249992153871e-01 -5.437522820267031154e-01 3.838697986283087782e-01 -4.840907432359692897e-01 4.194909467071963882e-01
1.528662000917054842e+00 -4.223445169797147569e-01 -9.883929178158449291e-01 -5.928158668414128529e-01 2.877956340723564210e-01 3.216718875107094089e-02 6.014923811557946198e-01
8.293494582445691821e-01 -1.218364117336964370e+00 -1.289177960689890989e+00 -7.923111997222554992e-01 4.050994220836691695e-01 6.644038000842772407e-01 1.102552272683370971e+00
-5.702498370885133007e-04 -1.984232846347559587e+00 -1.656369585322384763e+00 -9.890019545936281631e-01 6.949944488712925805e-01 1.157049772187807246e+00 1.706257164353665923e+00
-6.844736221002079013e-01 -2.227049715307632738e+00 -1.965987949590694006e+00 -1.046923597524451299e+00 9.137397445575834443e-01 1.276490065628852477e+00 2.073479978142040103e+00
-9.897040167183419612e-01 -1.893546285547187846e+00 -2.011683803199792120e+00 -8.190910170807714774e-01 9.601250412336775897e-01 9.886707666553236074e-01 1.977391582356006206e+00
-9.586480209323294810e-01 -1.279790485220856588e+00 -1.669903129667306807e+00 -2.684878230075581906e-01 9.101810439339141912e-01 4.033795881165401220e-01 1.445593805680719601e+00
-6.918217839460008012e-01 -6.996868247420794384e-01 -1.122421032938890173e+00 3.279773851105300397e-01 8.526343583625435318e-01 -2.972245834401316955e-01 7.814997694713620158e-01
-2.025803658633076043e-01 -2.241891848033313872e-01 -5.227907374531370888e-01 7.930147572957397806e-01 6.836978516772672654e-01 -8.831353392054362983e-01 1.119986422993904385e-01
4.126315612741158767e-01 2.049363892992209779e-01 6.733338575523258041e-02 1.168653671111633763e+00 1.981716381426887053e-01 -1.212785543211879702e+00 -5.493065546673622235e-01
8.750175113193395804e-01 5.299208384328603083e-01 5.365113080800290035e-01 1.433731411514531651e+00 -5.566439068106020516e-01 -1.308459530813299354e+00 -1.007032512276837544e+00
9.221165165609576109e-01 7.780108703817498750e-01 9.020928433937071000e-01 1.541789750652766910e+00 -1.302137146226440834e+00 -1.360937462440415135e+00 -1.169963273186902075e+00
5.767355200851304042e-01 1.057986268756864412e+00 1.211902043775960447e+00 1.555828211573819786e+00 -1.744660177339620200e+00 -1.501055749790762395e+00 -1.181380310891279928e+00
2.354018388099136661e-01 1.254819845086788233e+00 1.505840750497188907e+00 1.465785590028891860e+00 -1.848406888749913879e+00 -1.586128831664284089e+00 -1.206722246123574482e+00
1.760767124297961950e-01 1.207078904743097203e+00 1.799037682510506109e+00 1.239127409563074655e+00 -1.787788691517876005e+00 -1.458976763250862563e+00 -1.269858011932472497e+00
3.175377055091109235e-01 1.008400422541525288e+00 1.949580650000249049e+00 9.813918167305849538e-01 -1.730419602077488683e+00 -1.198916730036611256e+00 -1.302480059921981015e+00
4.965209735692521775e-01 9.403614377924300882e-01 1.932624450447142372e+00 7.962485438772463064e-01 -1.685978935531260881e+00 -1.001616915105265404e+00 -1.356154939414481841e+00
5.503076279375344049e-01 1.120042709076966236e+00 1.947060165437518142e+00 7.187161794514410618e-01 -1.574490696380555166e+00 -9.280655626912677203e-01 -1.519680602082857490e+00
5.365225811649619869e-01 1.362928970684079699e+00 2.082690956394853909e+00 6.052358090581242411e-01 -1.343793747065406441e+00 -8.784924125451076815e-01 -1.718223251348910852e+00
5.839905976758981154e-01 1.360416091719886422e+00 2.197048656036112657e+00 3.073363824428855251e-01 -9.086370285738308850e-01 -7.482857207824168411e-01 -1.769694427200545261e+00
6.047448288901476898e-01 9.903314594924105263e-01 2.098815569024428562e+00 -6.189222764367963148e-02 -4.067781472223248596e-01 -5.114916669007497640e-01 -1.540428537589032310e+00
4.756754532457193596e-01 3.874367172082230359e-01 1.679808974903868712e+00 -3.797935527446958393e-01 -5.958892984439675272e-02 -1.771875034958265427e-01 -9.927222341618360257e-01
2.658742056347311311e-01 -2.730079685111854171e-01 8.997858702290062460e-01 -7.029122035045964889e-01 2.070134595873183436e-01 2.059844620447112140e-01 -1.651307318715681538e-01
9.212782885219555906e-02 -7.543174136904299276e-01 -8.658434097067935209e-02 -1.060099992935391366e+00 4.359562503606672079e-01 5.364272680873062304e-01 7.347070216628732719e-01
-8.990533907606312880e-02 -9.296631468391443054e-01 -9.860638281440899933e-01 -1.408450936655423869e+00 4.284528108804527835e-01 8.150997645940012415e-01 1.482949137149608188e+00
-3.061634946915199329e-01 -8.523380558795761175e-01 -1.617746820298203492e+00 -1.756551485346864006e+00 1.694719284522153424e-01 1.068424178193592367e+00 2.018401425131751470e+00
-5.771347959450757736e-01 -5.348436101056925907e-01 -1.919460325131048917e+00 -2.124064570848861688e+00 -2.024270850886915329e-01 1.250735935335191007e+00 2.336049367115688113e+00
-9.522702209332117862e-01 -1.936734164537125824e-01 -1.968462231046191668e+00 -2.444007267541161266e+00 -4.482667903023618838e-01 1.392002756741373970e+00 2.468315679194892365e+00
-1.444128844876943152e+00 -1.654007386542237223e-01 -1.909803521601775467e+00 -2.506771090383348444e+00 -4.048194954794741007e-01 1.604911859294187781e+00 2.466917102829027986e+00
-1.995736392936913628e+00 -2.969846872921393932e-01 -1.798476646387437539e+00 -2.084439609337673360e+00 -1.592544791872107790e-01 1.782802049854771642e+00 2.262571676238571250e+00
-2.514086733546091246e+00 -7.854415617469108490e-02 -1.656497585127100214e+00 -1.172640701535115682e+00 3.094751515368159844e-01 1.611573728591932486e+00 1.730161510185374008e+00
-2.857737782569755414e+00 6.934884633550163491e-01 -1.402947592050523218e+00 2.349035734915325482e-02 6.706893762800921754e-01 1.053380211083605023e+00 8.445657794004676200e-01
-2.943635416244675618e+00 1.663542896260063797e+00 -9.889817752114556937e-01 1.147335912639456668e+00 4.632491279032905362e-01 4.082228612834535864e-01 -1.389918397792472837e-01
-2.824760038901198200e+00 2.353195089921404026e+00 -5.658943864891554654e-01 1.789258954898959031e+00 3.241307969661393062e-02 -1.232426380229772883e-01 -8.350559383773830113e-01
-2.496369424336728926e+00 2.651949230684035097e+00 -1.829245617157577442e-01 1.922068540587068775e+00 -8.106163504049036794e-02 -5.755091624532009398e-01 -1.212502948411305903e+00
-2.034500902566716452e+00 2.639347051576889314e+00 2.934330126125783700e-01 1.825398506277388311e+00 3.582322085587726773e-02 -9.371936472710212795e-01 -1.434498223995966937e+00
-1.475560266806593912e+00 2.285341508557545698e+00 8.092633576839570742e-01 1.596077400537537327e+00 1.032689604035606501e-01 -1.115261552014191970e+00 -1.474136981308189043e+00
-8.183640017426184743e-01 1.497658136142807850e+00 1.032397305540173837e+00 1.199470677677691555e+00 2.119430520973889509e-01 -1.075691881566140040e+00 -1.173630669630723045e+00
-1.726694657278623479e-01 3.737735381442296445e-01 8.011944649284634679e-01 6.725159192972127720e-01 5.292370365119321018e-01 -8.673547113360772221e-01 -5.387073835394223797e-01
3.910991452852386474e-01 -6.801972061487645549e-01 3.947310119901016323e-01 2.286196764854746544e-01 7.769255414568800866e-01 -6.202148453922333715e-01 8.802287829182028900e-02
7.768245837457118386e-01 -1.320483555705903811e+00 2.431963053467125213e-01 1.337714898639322247e-02 7.584876818955172961e-01 -4.355453725643814722e-01 3.717244397815848700e-01
9.998702545203133063e-01 -1.567290988334265389e+00 4.975718979269129205e-01 -6.230409257730180894e-02 6.424964731464692935e-01 -3.479835586719298157e-01 3.023343012219361636e-01
1.163505716499174891e+00 -1.574461400180278137e+00 9.673266055671574382e-01 -7.312003898576303895e-02 3.731973093651086981e-01 -3.937693331025596266e-01 9.775764024488331483e-02
1.179723503070474244e+00 -1.452080909244423568e+00 1.349068147896193448e+00 -7.815848770393357681e-02 -1.523217886612407701e-01 -4.685345559695569539e-01 3.951957149360445752e-03
9.747021317971775733e-01 -1.312184891526996910e+00 1.519424821016905680e+00 -5.714998526123440253e-02 -5.077812098617640046e-01 -4.532863633507581147e-01 -5.379307096187880416e-03
7.260490299460329311e-01 -1.162358303625374401e+00 1.650936148080248689e+00 5.611537187976483460e-02 -3.260357153066631430e-01 -3.302408790873850308e-01 -2.064578030860512725e-01
6.086450106223466605e-01 -1.024348390811849141e+00 1.946696531284093812e+00 1.341356557010173756e-01 5.917324484171320592e-02 -2.831117090076575721e-02 -6.578466648761656099e-01
5.592994051092713415e-01 -9.258893254311784116e-01 2.309307017969517872e+00 1.084750690109227006e-01 2.954892545612962107e-01 3.132748886563159196e-01 -1.126283240134913433e+00
4.939932486776966725e-01 -7.536279512532345626e-01 2.404909470338414845e+00 1.578103677892165116e-02 3.801796663909363105e-01 4.776841608012422635e-01 -1.348875707579716421e+00
5.048099675889936577e-01 -5.029863577128261820e-01 2.076004561257941639e+00 -1.546892673108220817e-01 2.044294651488192394e-01 5.326258330608282243e-01 -1.229772156940760253e+00
6.092819752134298605e-01 -2.420774126588382813e-01 1.493545394584935071e+00 -3.045692942426653782e-01 -2.527830884253257637e-01 5.536725582321083694e-01 -9.245304216994230107e-01
6.861720737248075963e-01 6.026053848374104960e-02 8.594514708984546392e-01 -3.555626015092223646e-01 -4.666219631946644242e-01 4.914284708294150428e-01 -6.801845747945344245e-01
7.153797335310182470e-01 3.361957674607226609e-01 2.544549546624861880e-01 -3.199217132617892534e-01 -2.148782116457131075e-01 3.734058544925493717e-01 -5.823859246361032804e-01
7.244322570391646954e-01 2.802649582397153116e-01 -3.216879955096641486e-01 -2.479606724647747673e-01 1.969159443711789859e-01 3.600977633453437687e-01 -4.520383036999541804e-01
5.784254925501991496e-01 -1.854455435539918984e-01 -9.836879627371609702e-01 -1.807620690138116992e-01 6.794179121526030540e-01 5.561551587452018275e-01 -1.286398063408175918e-01
2.886057464735107270e-01 -8.051375319791601592e-01 -1.722455951445659883e+00 -1.662172710146199439e-01 1.315615237995397369e+00 8.723855323183999921e-01 3.188866000036185144e-01
1.789852000101593010e-01 -1.392715543440504966e+00 -2.320065461647109917e+00 -2.546287328744541445e-01 2.022485839201543456e+00 1.132539057417021322e+00 7.300500194660040076e-01
2.525095116874864765e-01 -1.757116963450372049e+00 -2.562050730511181484e+00 -3.257508647362914456e-01 2.381999214815436972e+00 1.201198066480388071e+00 9.657380637667047907e-01
3.830921986333378770e-01 -1.790058015176413386e+00 -2.304566956535262001e+00 -2.794292616724350364e-01 2.010591463864566997e+00 1.048550183197374475e+00 9.781688043090138729e-01
6.665657567819400775e-01 -1.556440250057217201e+00 -1.751999512400051140e+00 -1.584379639640017268e-01 1.239513558127976145e+00 7.453305277553946562e-01 8.083338613626409597e-01
9.719750586246982405e-01 -1.178728539904339012e+00 -1.369224199590010072e+00 -6.988352666298387750e-03 5.823396327374145143e-01 4.597621895958419747e-01 5.890291567414754903e-01
1.049456824027059865e+00 -8.867544884429666707e-01 -1.331294980550237650e+00 9.118781720613777786e-02 -2.861718409793956308e-02 3.868910483213069407e-01 5.439007660772965380e-01
8.086475579623231269e-01 -7.995472349955684566e-01 -1.498236213369485981e+00 6.101681989631361352e-02 -5.877857913521085109e-01 5.223035148800220240e-01 7.413331581610610455e-01
3.775270856212240012e-01 -8.284285626026417493e-01 -1.679767475544648114e+00 -7.181171176336957618e-02 -7.171702285301331248e-01 6.671589546629602685e-01 9.975005366371806348e-01
2.187083266004136509e-02 -8.019152223491303744e-01 -1.726938868911432223e+00 -2.411689401348950379e-01 -3.556628268014535577e-01 6.583062903040221014e-01 1.107873593189721229e+00
-8.724917506578423743e-02 -6.407008095454777008e-01 -1.497336132278505261e+00 -4.085513028764367616e-01 -8.323777772611377912e-02 5.671296805182306500e-01 1.014255086957068785e+00
