9.463464241099220908e-01 -9.102728817307833564e-01 -1.256469211782437645e+00 -5.019570775115588246e-01 -2.227877005801353130e-02 9.222835424067482579e-02 1.025236344373591235e+00
7.295839813626825432e-01 -1.194881559842903895e+00 -1.041357802791023079e+00 -3.293341125228014810e-01 -1.417884779627815242e-02 6.771537777979312889e-01 6.149826101629872754e-01
6.591193535636502565e-01 -1.271828634140860448e+00 -5.036644873862814453e-01 -1.994064787814454620e-01 -9.046448825846917230e-02 1.279861668758780491e+00 -7.140849909129541595e-02
5.782169275507327288e-01 -1.169673966157293910e+00 3.093462725290033188e-01 1.026834904213221782e-03 -4.413427221559098057e-01 1.666380095437669295e+00 -7.788377265453003684e-01
3.072001202542044007e-01 -8.983018792027825938e-01 8.689173745677220007e-01 2.349975488233221332e-01 -1.142372607964172726e+00 1.818183654600873389e+00 -1.213186483072719701e+00
2.197057153450699893e-02 -3.821407480086067565e-01 8.983873047494816966e-01 4.451054055217841809e-01 -1.654422696803285575e+00 1.716002097335002974e+00 -1.478523598295319763e+00
-8.232789250159118499e-02 2.781692175274712575e-01 6.233896001658107977e-01 6.588560974661337166e-01 -1.694331742894414017e+00 1.363876021889571577e+00 -1.753720445743923939e+00
-8.439962824267131791e-02 8.255650103629242897e-01 4.679692736695934552e-01 8.418230713152364819e-01 -1.547526894313847823e+00 9.163586928181682856e-01 -1.972356091416724411e+00
-1.590525252660325850e-01 1.005786667361382003e+00 5.419197691455874821e-01 9.185049572361290160e-01 -1.293104016413938684e+00 5.511323658485676180e-01 -1.949756610964265668e+00
-4.169242738631285250e-01 7.385868193702015416e-01 5.423958255636331938e-01 9.107254937125452976e-01 -9.534718014310463730e-01 3.854660662687889316e-01 -1.582756778743823478e+00
-7.776000870945899424e-01 2.977295760112658729e-01 2.931815978641983955e-01 8.286999104423442564e-01 -4.968990389468581625e-01 3.311580300098682095e-01 -1.010130558241402410e+00
-9.547749784948375007e-01 8.354282499161067715e-03 -5.238986022393649078e-02 5.595940914937870270e-01 1.849058175478511257e-01 1.987893255748365284e-01 -4.250185944687762674e-01
-7.668453399871938414e-01 -9.488952613398977942e-02 -4.168204033318853030e-01 1.417885780475880986e-01 1.248847832650869405e+00 -1.052147039825136743e-01 5.852153173367154876e-02
-3.127776857276355349e-01 -1.665991793039961477e-01 -8.612471855447841884e-01 -1.107665867745040583e-01 2.389620218545561059e+00 -5.756545214817062606e-01 3.842048455480163160e-01
2.502025716590147164e-01 -2.844203548686468075e-01 -1.272125796322837177e+00 -8.949699786001746871e-02 2.901437928501999775e+00 -1.065954413505886267e+00 5.904256336104732883e-01
7.074394441095140929e-01 -4.483240218120319587e-01 -1.441633154068619804e+00 3.933451017569387920e-02 2.641564024436373170e+00 -1.382001531029748653e+00 7.762459652057155379e-01
8.682568667243918403e-01 -5.483885432273799543e-01 -1.298712661257575451e+00 1.579663931595626791e-01 2.050393213804813541e+00 -1.465077787073501225e+00 8.800247299933499079e-01
8.281775125938166671e-01 -4.317479628257017144e-01 -9.625079417709915264e-01 2.933414733731717350e-01 1.424224759447577870e+00 -1.398058128519409360e+00 7.403898134705457768e-01
6.852819487040253676e-01 -2.207607994464875212e-01 -5.202559849052713625e-01 5.673906473484457980e-01 7.265178558409450815e-01 -1.241577187854646214e+00 3.562728780461517641e-01
3.779369310746729660e-01 -1.232950591825973802e-01 2.409157194555544210e-02 9.859879997534305440e-01 -4.215649207411746591e-02 -1.010621321713395471e+00 -8.934378550965922650e-02
-1.295858773691195287e-01 -1.816087539753542812e-01 5.376273855255321310e-01 1.345218255303078037e+00 -7.606136759542876380e-01 -7.125570845645111673e-01 -3.146616519848627891e-01
-7.819679947632186545e-01 -4.315679587638385772e-01 8.084400748187199337e-01 1.415333833319439405e+00 -1.253254185553878575e+00 -2.579669058479925337e-01 -1.706294075883097450e-01
-1.331086235614908242e+00 -8.725832492654251871e-01 7.117061965375732768e-01 1.129702206998618230e+00 -1.385160682638175045e+00 3.700695825249571969e-01 2.482576944263438778e-01
-1.589189717530965495e+00 -1.299361092169353249e+00 2.781442692898354885e-01 6.074071672279516276e-01 -1.097640387367230908e+00 9.598057823433764346e-01 7.547208290088882610e-01
-1.629803940655933481e+00 -1.458353190394663379e+00 -2.840813311446415690e-01 2.494320816372175842e-01 -7.157452660196473859e-01 1.220298804938969583e+00 1.116050392679207803e+00
-1.451553243762557788e+00 -1.304026470613784738e+00 -7.729048859598809385e-01 3.891621268934516431e-01 -5.710215893348487004e-01 1.001878893306898943e+00 1.131260990722036119e+00
-1.034519622089457025e+00 -9.097523477407912784e-01 -1.062954517288599909e+00 9.168075016410486278e-01 -5.492692089914757991e-01 4.481331490719018262e-01 7.486813717228967269e-01
-5.909811113990325326e-01 -3.185463533440870409e-01 -1.076555240302127014e+00 1.520425814903018757e+00 -3.858302272837839109e-01 -1.406503923657915212e-01 3.475437585595007872e-02
-3.709161243862761359e-01 2.623079118470179605e-01 -8.020036367300305002e-01 1.856548811618931927e+00 -1.202243340391561388e-01 -4.895641342227697868e-01 -6.884310827709793079e-01
-3.414823452148102456e-01 5.495470151881991505e-01 -3.223485826771209095e-01 1.664853257099393469e+00 -5.177812157347030236e-02 -4.656202249321526043e-01 -9.844928325140350767e-01
-2.367885034218000506e-01 5.473147374765811035e-01 1.616948286887912312e-01 9.518221817651949523e-01 9.721799319448404947e-03 -2.047368669097822669e-01 -8.336989895771659276e-01
