-1.738359684194859867e+00 -2.582143421669433336e-01 1.319803211910743901e+00 -3.184119714671875823e-01 7.411026835762218878e-01 5.623464925138098591e-01 2.047080802238016695e+00
-1.974470082567615137e+00 -1.504831831895922234e-01 1.465657355641839299e+00 -7.040966855831665150e-02 1.134325884655037697e+00 5.637898383691273274e-01 2.295565665487253604e+00
-2.002478978364493845e+00 -3.833482845273314399e-02 1.516258933072072601e+00 1.186970502663765165e-01 1.432696104539951776e+00 4.455478103919588428e-01 2.142939142581623990e+00
-1.860704303692829464e+00 9.499059324348922695e-02 1.472171903045580876e+00 1.609453790528940220e-01 1.582659908527054959e+00 2.858537969718507599e-01 1.753898606946400651e+00
-1.556136361103327870e+00 2.256167597077222420e-01 1.322631792703722553e+00 7.748887815087052156e-02 1.558046900145015901e+00 1.576926840615008873e-01 1.335177447289527697e+00
-1.250812096888527680e+00 3.957901107483483005e-01 1.070880748756778189e+00 1.300043693153981328e-01 1.348774551986465564e+00 -1.122369792138707897e-02 1.053768582594623915e+00
-1.147204341364574942e+00 5.720905070504139767e-01 7.698099057260358036e-01 4.779198637913600334e-01 1.120722963119564541e+00 -2.122027470885083644e-01 9.550051738885239061e-01
-1.099680721637065206e+00 5.592874699320469212e-01 5.109760443507648242e-01 9.617236629744293497e-01 8.739875850919623934e-01 -2.411031428394351528e-01 8.939624774491153891e-01
-9.247203644893784436e-01 3.856261611058974803e-01 3.433622015359053536e-01 1.459132388961827509e+00 5.857124425798608813e-01 -1.646441577494711928e-01 8.107575906565193113e-01
-7.129013349110595588e-01 3.383671050388114554e-01 1.967955900097869137e-01 1.930179488739657057e+00 3.444520418186015065e-01 -2.807145104021953608e-01 7.228367838102355281e-01
-5.569959135449099596e-01 5.903368283621366341e-01 3.730995139652655557e-02 2.327440356658154741e+00 5.986547120949074069e-02 -6.398428484009728301e-01 6.388331360768896294e-01
-4.305985776999483594e-01 9.222072802831881022e-01 -1.242771386947851275e-01 2.637100861008480734e+00 -2.986191374140922949e-01 -1.080385087936781785e+00 5.836964649233545854e-01
-2.237493989940118888e-01 1.019825038089523073e+00 -3.333616644808861662e-01 2.798691900119888221e+00 -5.412219815025226533e-01 -1.416628801617282996e+00 3.594133697396578175e-01
2.022400302877808420e-01 8.981353582698227145e-01 -6.292771777747594442e-01 2.734588646303216741e+00 -5.704325992243941545e-01 -1.574692243233615674e+00 -2.182823543948623213e-01
7.829195026291749793e-01 6.929018908330999427e-01 -1.010682578206853810e+00 2.457131068570258314e+00 -4.781092125934018333e-01 -1.654705576679151413e+00 -9.497342714966959809e-01
1.287418506753735370e+00 5.246127958845605566e-01 -1.362914077976253857e+00 1.945771711042456165e+00 -2.572155101107737596e-01 -1.707205730856868442e+00 -1.584154326189845419e+00
1.538713650069321925e+00 4.865632245124046351e-01 -1.505369731662374644e+00 1.229610993062630442e+00 1.302538273666006309e-02 -1.659323672667585736e+00 -1.998090382092908346e+00
1.518291056971436959e+00 5.294175622260850478e-01 -1.366078207121982135e+00 4.863778601725809447e-01 2.202606701145690682e-01 -1.435490049698771697e+00 -2.071520776332056002e+00
1.368442448793185440e+00 5.544299483362010728e-01 -1.080063382230217250e+00 -1.576985809084622270e-01 5.633713775132849211e-01 -1.054906728398559146e+00 -1.831076080670050565e+00
1.220245495782684930e+00 5.404886453151934722e-01 -8.383530974164478122e-01 -5.681359314835171537e-01 1.012531267243202970e+00 -6.514121951396507626e-01 -1.404456476553190614e+00
1.076344786340739379e+00 5.530549017247849974e-01 -6.758941903155146758e-01 -7.565060656011789453e-01 1.155747992613816111e+00 -3.267163963455936293e-01 -8.876977707927793393e-01
8.432953350241159107e-01 6.433456437744228262e-01 -4.910099690842071318e-01 -8.955909754199081751e-01 8.956259055021194015e-01 -5.829916082493594859e-02 -3.540951584122557505e-01
5.037219554831483537e-01 7.227299101950809268e-01 -2.804037578233459782e-01 -1.022111417465760397e+00 5.514892919012001071e-01 2.338818586116043485e-01 9.706043446731092705e-02
9.398142640861378849e-02 6.894250880642219803e-01 -1.646286027046030553e-01 -1.129152492004403596e+00 1.577958876425298584e-01 5.694747016636676484e-01 3.856770706639503499e-01
-3.333023877935615831e-01 4.943993783912076778e-01 -1.832774603680905612e-01 -1.221837288541768984e+00 -3.169452271772828511e-01 8.918558450973045337e-01 5.235204030518593177e-01
-6.285971926709966739e-01 1.040849766732977744e-01 -3.142232857000902269e-01 -1.295778327813610575e+00 -5.379396534391757134e-01 1.138385733643205056e+00 5.152283946658210434e-01
-6.839667620779457113e-01 -3.893753322225929625e-01 -4.814415588135438906e-01 -1.321050772908749282e+00 -4.334858395331128711e-01 1.353613221695096236e+00 3.758990398876847494e-01
-5.377883190389953771e-01 -8.692621767393738930e-01 -5.991541963157753781e-01 -1.244236059504412628e+00 -2.129849236391528899e-01 1.636137205806621697e+00 1.526516855671766759e-01
-3.580912142149464961e-01 -1.232772726456226486e+00 -6.634060635438338016e-01 -1.105568380944239149e+00 -1.879771355678786504e-01 1.949194947585864535e+00 -7.609666393976038945e-02
-2.640319252624588331e-01 -1.408431716285796664e+00 -6.773618119688354922e-01 -9.607063466040153266e-01 -5.638209258103238364e-01 2.170287371560014389e+00 -1.781303490135776879e-01
-2.405099676459613589e-01 -1.472126960430854892e+00 -6.097546625299472556e-01 -8.475646731385735322e-01 -1.079101304635409875e+00 2.268916650840044458e+00 -1.261183796989796546e-01
-2.700306315843775118e-01 -1.513942963333647862e+00 -4.530952348769312632e-01 -8.381126921688655251e-01 -1.394545758489876164e+00 2.289862434057733598e+00 -4.901902037153568065e-02
-3.040637959939744284e-01 -1.518884321257118808e+00 -2.523434366851892707e-01 -8.159530458925686736e-01 -1.402749157938205427e+00 2.187582709903296507e+00 -5.686939247136768572e-02
