-1.358231872812095453e+00 -7.897512706610427813e-01 -3.976553653931231835e-01 6.222225133015759635e-01 4.131794227860173807e-01 6.419731233075779420e-01 5.495679208030500584e-01
-1.282800506487732140e+00 -5.985879909803623056e-01 -3.110744235915313682e-01 3.149921201472389298e-01 1.434937357068988006e-01 6.238598221643595343e-01 7.012042138154009896e-01
-1.353564607780427309e+00 -2.642647345981303242e-01 -3.282160518619306466e-01 -1.414290750084566117e-01 1.579542989714143864e-01 6.673024694574238858e-01 8.856441173652344068e-01
-1.571059712338108261e+00 4.044519001883956077e-02 -3.909498900283013834e-01 -5.542334474097394548e-01 6.357442550634694323e-01 6.397358368232440862e-01 1.100027289159487554e+00
-1.713038995883119586e+00 3.838646430361180584e-01 -3.690838371702951370e-01 -8.043501889992690224e-01 1.269007659993913739e+00 4.506989447091164780e-01 1.137161307039041169e+00
-1.587374269307654462e+00 6.742159768891862193e-01 -2.715334394842542909e-01 -1.046043993683225093e+00 1.548266485766415235e+00 2.617321022546750808e-01 1.078497060937384733e+00
-1.277474909891166632e+00 8.200674776459926374e-01 -1.732781059249492439e-01 -1.297810181434392307e+00 1.621943208575385320e+00 1.292227230910585334e-01 1.020127411113490368e+00
-1.076823589701557893e+00 1.013038343208554792e+00 -1.285074907548963696e-01 -1.391109956903066935e+00 1.762756336796001078e+00 -1.288787326455138535e-02 9.034441461928707229e-01
-1.110648978310269985e+00 1.317225318648507670e+00 -1.426229067947306639e-01 -1.263683378904133292e+00 1.761668119347066241e+00 -1.180951740717233051e-01 7.332902474220506228e-01
-1.231031124834493840e+00 1.531687652632760743e+00 -1.858501961678823977e-01 -9.579196695964123931e-01 1.327177247892138201e+00 -1.152616249758549177e-01 5.672593694570380318e-01
-1.218321538245689117e+00 1.465867684450158359e+00 -2.101994662906790934e-01 -7.265241589972605274e-01 5.174489143197518182e-01 5.862524303919298962e-02 4.839022873536087954e-01
-9.858314303913883192e-01 1.185177711414786117e+00 -1.252929682031985181e-01 -6.757848314767518350e-01 -1.797198041017568915e-01 2.627011125887721565e-01 4.081112176789076229e-01
-6.802630845071165888e-01 9.755160727082914374e-01 2.598656628858564757e-02 -6.366594137601228054e-01 -4.505007026083492350e-01 2.537178074065309930e-01 2.568552664730296420e-01
-4.585065887473233071e-01 8.533997809521004507e-01 1.202866105380231143e-01 -6.032710148475936007e-01 -3.913665674740750000e-01 1.021700348583933077e-01 1.584233698433304693e-01
-3.609800230515779473e-01 6.319970762603729364e-01 2.103113625547790161e-02 -6.434934974750003978e-01 -5.309512873244479764e-02 -3.939120930476656957e-02 2.960791120373331142e-01
-4.240284680621267399e-01 3.628079431855770753e-01 -3.232302673066906884e-01 -6.934765373797725507e-01 5.023355241839599916e-01 -1.676991885242179181e-01 6.374820452885086031e-01
-5.064108689720681067e-01 2.064645355395710036e-01 -7.255925135639791357e-01 -7.096506317709996292e-01 7.452894643748672054e-01 -2.854029635758124073e-01 9.663237078131967639e-01
-4.160323200414894340e-01 1.430329893952460019e-01 -1.102653471677865094e+00 -7.481120642122278674e-01 4.936959957994421222e-01 -3.920865177009202895e-01 1.222377418725432818e+00
-2.893880305484191062e-01 -1.148047917117381474e-02 -1.515410109825853890e+00 -8.498080915696333282e-01 1.135159231362670162e-01 -4.088264540882285414e-01 1.534975407815026172e+00
-3.657538694735895657e-01 -2.902458977593712075e-01 -1.909647161567202156e+00 -9.718321576833928166e-01 -2.281086180347741132e-01 -2.564849273800299256e-01 1.983811518001004748e+00
-6.811579519877611899e-01 -5.166299903393627435e-01 -2.304433961358861360e+00 -9.999245388276647439e-01 -3.603121095455260603e-01 -7.530223633834534636e-02 2.526174962352289999e+00
-1.026470377010079815e+00 -5.900632339074689536e-01 -2.724685524434868444e+00 -8.716092630607652492e-01 -3.947146567056640798e-01 -3.999661233449576525e-02 3.014230409195404192e+00
-1.176946185114886134e+00 -5.167557923173771162e-01 -2.906834537276414387e+00 -5.222822095544240595e-01 -5.861668082825058912e-01 -1.722405031039937195e-01 3.115836614842918628e+00
-1.080442938829576649e+00 -3.138895935471383569e-01 -2.638204873425125996e+00 2.480166797445669535e-01 -7.980798066424532600e-01 -4.394936718851779056e-01 2.495545622379859552e+00
-7.714892122778109762e-01 -1.764774188633419505e-02 -1.992372583373266393e+00 1.390988091366599733e+00 -7.984219017231966031e-01 -7.944784560335308443e-01 1.199852856524166178e+00
-3.204172535643420305e-01 3.311178859000745711e-01 -1.039362040976135493e+00 2.455748273900369760e+00 -5.125429308079481050e-01 -1.129430001386619864e+00 -4.175293622481754952e-01
2.021916105091466354e-01 6.028006120863094175e-01 9.513178360959406721e-02 3.106289555098574962e+00 -3.786905675202052041e-02 -1.312051277576394837e+00 -1.980223706693892805e+00
6.298352035635157442e-01 6.475229297516057470e-01 1.075871597255255718e+00 3.362678742442374524e+00 3.894214209110860025e-01 -1.269836298835228972e+00 -3.116476064865015161e+00
8.461045209224166141e-01 5.394810568347450097e-01 1.610377155423518003e+00 3.311165856110777295e+00 5.352130421463034970e-01 -1.043946482403593334e+00 -3.581721579064384819e+00
8.824588106972375279e-01 4.316950562297341976e-01 1.616388757400148757e+00 2.981641561342071700e+00 1.941923862214454677e-01 -6.925714554817152813e-01 -3.357887259612333253e+00
7.456879994585678961e-01 3.413065512427997938e-01 1.313350976196139275e+00 2.515676812028479592e+00 -6.852192982844611535e-01 -2.796034252422564537e-01 -2.672872134510226871e+00
5.222514501296314782e-01 2.072915839008860062e-01 1.089266347606781427e+00 2.031771944014417297e+00 -1.637914495403077320e+00 1.005962048734875824e-01 -1.913471094038714737e+00
3.467385256942872029e-01 -2.416226394012729178e-02 1.017989549693235629e+00 1.532530010497273443e+00 -2.217803019836398715e+00 4.057841090784207183e-01 -1.279508898529560623e+00
2.289316575454766745e-01 -3.530592647719541510e-01 9.166308588759322085e-01 9.720618919547099335e-01 -2.413895329531152711e+00 6.394634256794528016e-01 -7.162324031728328766e-01
1.589008922938149326e-01 -6.899436094053251756e-01 7.928744574844065474e-01 2.897684899950639381e-01 -2.160096746823004121e+00 8.196355582170578025e-01 -2.319125716150105820e-01
1.399711552007614213e-01 -9.753830227651835161e-01 7.667314571290597680e-01 -3.976502693909558239e-01 -1.401699929398763533e+00 9.192549406418333291e-01 1.058006244398147916e-01
6.885626601894195842e-02 -1.194363718467850166e+00 7.871458181232606766e-01 -9.078646143303900073e-01 -4.156148849970387471e-01 9.330218235888660949e-01 3.538692839379224409e-01
-6.438091823963289217e-02 -1.234839221274872445e+00 7.436598993087906173e-01 -1.247265272834792160e+00 5.403113321933464830e-01 8.795717475533900709e-01 5.370608110735876073e-01
-7.536381994552789065e-02 -1.044408536485184058e+00 6.226055780927504113e-01 -1.536678871536146351e+00 1.302301709447892142e+00 7.707826835993181191e-01 5.988327691979841161e-01
1.147706696536486132e-01 -8.231634779670011781e-01 4.564287515370831771e-01 -1.842388732093343862e+00 1.740247924327411821e+00 7.174144927046606224e-01 5.582354221833094599e-01
3.301462720357226099e-01 -7.593412490945615767e-01 2.374008748865181762e-01 -2.091799111776615927e+00 1.827486098221435151e+00 7.915805407579881159e-01 5.472357949774464547e-01
3.563965152535232828e-01 -8.087631230599219290e-01 -4.755842735082610462e-02 -2.162694627414576853e+00 1.490583049959490980e+00 9.395664617415092623e-01 6.677546805407859054e-01
1.970215421179363768e-01 -7.724456130334148574e-01 -2.964542547783151072e-01 -1.940079776469307182e+00 9.613413716612896343e-01 9.848524321817794247e-01 7.708583051044428647e-01
-8.933497521888163206e-03 -4.580160114237371016e-01 -3.897994299767765791e-01 -1.409342821229527143e+00 5.310477204018162478e-01 8.080418430967616361e-01 6.268584111881051468e-01
-1.235601170969082424e-01 1.835462968343324133e-02 -3.173022970533732057e-01 -8.023045266647200746e-01 1.532114604618572962e-01 5.565878786827463953e-01 2.615237458527858716e-01
-6.449068322285736454e-02 3.420533208942602155e-01 -1.679610414975868937e-01 -4.161983095706481284e-01 -2.002665719469077232e-01 4.247520658725379428e-01 -9.905584002317843750e-02
