1.270001970233346045e+00 2.052828383398838330e+00 1.031528758838369031e+00 6.634449481352588940e-01 1.319291300963316260e+00 -2.644294261843364247e+00 -1.368726445090782118e+00
1.023617454432870444e+00 1.553358566257831086e+00 1.039676708046393339e+00 4.425673473196523600e-01 1.450452443942497283e+00 -2.303286304901674075e+00 -1.028316209482273313e+00
5.887490294561421589e-01 8.435105114587678754e-01 9.348249885584422048e-01 2.363782984081403693e-01 1.410339331986925071e+00 -1.607505196085614374e+00 -5.632721066633742391e-01
3.033522971548774927e-01 3.555398158797105079e-01 7.202836594283126281e-01 1.238041227888525969e-01 9.790682602668185908e-01 -9.305599214698324628e-01 -2.441608766518369167e-01
1.972689115319700426e-01 1.282487567680354879e-01 5.170189597650978186e-01 4.987259357821545794e-03 3.384706684617130312e-01 -3.927256401880371284e-01 -9.284847041919495891e-02
1.971700358255669971e-01 7.224887383457951305e-03 3.849372676656688808e-01 -2.321560168477131703e-01 -1.731286920278854169e-01 6.514791051844823211e-02 -1.585286335454286211e-02
2.966993355981531466e-01 2.712689396701120637e-02 2.379801353714114109e-01 -5.388143749521251413e-01 -4.225195411965166348e-01 3.239883306176638000e-01 2.423717864581278678e-02
3.339273542680047946e-01 9.460667330869027003e-02 2.308539937914831294e-02 -8.152741497742631571e-01 -3.192032206225243196e-01 4.380664487459451917e-01 1.008850557214032440e-01
2.398116228545001116e-01 -3.245805483555702642e-02 -2.869659342254489709e-01 -1.112798801229104129e+00 1.764839955252212600e-01 5.804312352118685681e-01 3.487628855710984688e-01
4.658977698367751386e-02 -4.374640851544188136e-01 -7.261316366526696653e-01 -1.438795381591968736e+00 8.617530540329445543e-01 8.431545673765464821e-01 7.759385252848374215e-01
-1.692885214933155524e-01 -9.864654992302270831e-01 -1.171269185265181534e+00 -1.706899588296997727e+00 1.271613574947333847e+00 1.217708002978301618e+00 1.257839368652068579e+00
-2.910848271949049160e-01 -1.440170029171515154e+00 -1.460485124152158587e+00 -1.959087023639159764e+00 1.226356242801382557e+00 1.545445849191913190e+00 1.681105439583237660e+00
-2.841220815031484381e-01 -1.608508089262539853e+00 -1.549602126373719413e+00 -2.218228671986929523e+00 9.098749122082196994e-01 1.648577672806427641e+00 1.957476084326185362e+00
-2.261936847714512422e-01 -1.417879683121305856e+00 -1.529384942253375845e+00 -2.324812551732803101e+00 5.402850973937128876e-01 1.534186080069807945e+00 1.988875215904275295e+00
-2.429911059915003668e-01 -9.880307234478369338e-01 -1.527557378755569184e+00 -2.169162587449164015e+00 2.996049285005591423e-01 1.340158883186123306e+00 1.775630676129776209e+00
-3.375451480704583784e-01 -5.723385912137672893e-01 -1.531708765102230085e+00 -1.774716445550374555e+00 1.487835428624208894e-02 1.125767516486662734e+00 1.481972515285141068e+00
-4.411281690017027080e-01 -2.648338634446038009e-01 -1.458523775480912166e+00 -1.233129030606742615e+00 -4.111923837387144731e-01 9.029149337794629693e-01 1.186591094701495486e+00
-5.441833104290546563e-01 -4.485940607062030572e-02 -1.248135661262946616e+00 -6.519339065776255104e-01 -8.449977886771962154e-01 7.084443358902927645e-01 8.677613636599658120e-01
-6.502598082480279817e-01 -1.449494626819873219e-02 -9.377427922355899836e-01 -8.790306518752089016e-02 -1.135851074196559507e+00 5.851669524150566737e-01 5.794819751098344573e-01
-7.237461771249951159e-01 -2.525230726905655088e-01 -6.176574898690784243e-01 4.164847083547456585e-01 -8.925449095491531093e-01 5.143423208914540412e-01 3.575779165097754397e-01
-6.952399772863691041e-01 -5.443916886566018132e-01 -2.566533191166781580e-01 7.897070710548136363e-01 -2.248721179398127934e-01 3.864266814603139477e-01 1.338804800929728755e-01
-6.168577540946570403e-01 -7.156803109094429516e-01 9.568251321592867453e-02 1.010278484145191280e+00 2.811281361140264834e-01 2.580968991799866274e-01 -1.013895750071806406e-01
