-8.936467049603826762e-01 3.210011256917661981e-01 -1.285034740772454942e+00 9.842448291786197734e-01 1.999484247325711062e+00 -5.797651971850693586e-01 -3.395700315408484715e-01
-1.057979515388149272e+00 2.037185625053465066e-01 -1.343837745711903287e+00 1.197823438614461278e+00 2.328623957739881067e+00 -6.271801076038713285e-01 -4.519874026296772929e-01
-9.777512695007499754e-01 -1.322915538019645842e-01 -1.096232827689145317e+00 1.157117174936876047e+00 2.233753471685161252e+00 -5.863387263911665759e-01 -3.526913475847164858e-01
-8.138703267936793218e-01 -5.309917622638054002e-01 -7.267151498905503049e-01 9.323062268509807460e-01 1.781222084376056669e+00 -5.008781396082381265e-01 -3.374193773475011454e-02
-6.291451892272462709e-01 -9.146804946721902585e-01 -3.790896801558791829e-01 6.386055574799622825e-01 1.110954769343225790e+00 -3.630232890783472999e-01 3.993771381056407943e-01
-3.375851567841798295e-01 -1.145252774063651113e+00 -4.130248675859910651e-02 4.312181525636973878e-01 3.644862094981751732e-01 -2.532827225316856556e-01 6.813946447033276677e-01
7.341536183411755123e-02 -1.067088195423430141e+00 2.701406212377172045e-01 3.562497932555345193e-01 -1.804023369142805922e-01 -3.502524121821304903e-01 6.347925518834655056e-01
5.267781865583940348e-01 -7.399426160543512987e-01 5.071727277664842548e-01 3.509573517163773748e-01 -4.362120968157775502e-01 -6.178172352865608508e-01 3.145494053326507444e-01
9.281838347014169655e-01 -3.348272895650633019e-01 6.326503978553593699e-01 3.655309879217522595e-01 -6.287805606360943322e-01 -8.674621262683210876e-01 -6.768381600425503464e-02
1.168504919348711368e+00 7.936219147622194936e-02 6.665500875852735652e-01 3.994492580457353337e-01 -9.631463499781964810e-01 -1.016934488921612978e+00 -3.570329452580315310e-01
1.164276992061122895e+00 4.160197646149896844e-01 5.774880251435487999e-01 3.910515042881029246e-01 -1.225554764871976232e+00 -9.983867995207101886e-01 -4.766029482810811846e-01
9.114499130599991172e-01 4.963587230519981297e-01 2.741373031386993286e-01 2.829668525878249463e-01 -1.137018501548418437e+00 -7.463819481909108600e-01 -3.139178724797773712e-01
5.554378908106767376e-01 3.591582256509191495e-01 -1.809704079270637589e-01 1.379347127916983884e-01 -8.404735849884160670e-01 -3.453571373516667320e-01 6.151780069206304324e-02
2.680917964700117451e-01 2.412041337202587843e-01 -6.545743987297337751e-01 -4.887584168044063759e-02 -4.763734048608824767e-01 5.705653476782044514e-02 3.676143592003969784e-01
-3.550623477859906479e-02 1.216041078545416348e-01 -1.109356167628012146e+00 -2.719594186834978222e-01 -2.552445019992314809e-02 4.500403104822898737e-01 5.528618630465765849e-01
-4.129224704917061617e-01 -1.372811654263468018e-01 -1.414918835336216540e+00 -4.298164420071633463e-01 4.044183137062381528e-01 8.463591303762496576e-01 6.956303127062076763e-01
-6.994498626036224076e-01 -4.048232960350846565e-01 -1.370837748484584173e+00 -4.903868677004725174e-01 7.257444577503595617e-01 1.113512313361537887e+00 6.865561679466980483e-01
-8.374200292891194053e-01 -5.595722708781595278e-01 -1.116987133723700731e+00 -4.026739681662764858e-01 8.388658331662579570e-01 1.162893677066481946e+00 5.361854840258390986e-01
-9.594158738959436272e-01 -6.053987597095044082e-01 -9.395574674270839033e-01 -1.279395586609523572e-01 5.714531635857983405e-01 1.093508939705585936e+00 3.957473077937702644e-01
-1.097252078308528001e+00 -4.679400348848288260e-01 -8.153153448170357143e-01 1.981664594355337372e-01 -5.158443981912918391e-02 9.978420729769955644e-01 2.647942722964374274e-01
-1.105247527366364668e+00 -1.585514727912261668e-01 -5.812931010063683290e-01 3.844384919478874285e-01 -5.821305332222594942e-01 8.384416660715550140e-01 6.599899958137703249e-02
-1.106331759674560322e+00 6.894142402465316954e-02 -2.316716912104726245e-01 3.649715334301945058e-01 -6.681932386037002791e-01 7.182215042899801061e-01 -5.175040230962198867e-02
-1.185959780364083338e+00 2.429441170178401471e-02 1.657414098331419505e-01 1.886432123489323598e-01 -5.028895775998803996e-01 7.690502193368404793e-01 5.241603915433425825e-02
-9.906749708104514163e-01 -3.000000024198482256e-03 6.259309769957982494e-01 -1.318680879124187466e-01 -4.541120468299617574e-01 7.453139831597002107e-01 1.251717944087750722e-01
-4.431637668484338377e-01 1.770342696784545367e-01 1.058492746563030495e+00 -5.563119695151474975e-01 -6.938937027897915666e-01 5.092026688869581985e-01 8.801833564291722256e-02
1.191912653814812817e-01 2.869352282799764731e-01 1.325341252745589227e+00 -8.601167347833474919e-01 -1.033809730593970189e+00 2.732074476634495097e-01 7.906914638151886499e-02
4.690400726244774998e-01 1.709856175587758376e-01 1.433646363635703302e+00 -8.600214047640526438e-01 -1.194697145626484769e+00 1.743911611353232416e-01 2.608708941256958000e-02
5.954144987666908362e-01 -1.065137665746593854e-01 1.372805009763324646e+00 -6.981170929354534316e-01 -1.124301152645313051e+00 2.525387235470010761e-01 -2.021934627331088696e-02
5.926985641763878876e-01 -4.647376920110465326e-01 1.148875414265306816e+00 -5.630015350899474358e-01 -9.971894333116813058e-01 4.494176104160573781e-01 9.341205447993587707e-02
4.932497056407899594e-01 -7.725767197862533076e-01 8.643494491151429981e-01 -4.898591953805017107e-01 -9.971561593593076811e-01 6.875002505628281524e-01 3.113571062268613021e-01
2.284049526171877675e-01 -9.575624811391617586e-01 5.254055880832063652e-01 -5.152971993960616670e-01 -1.051598305453871340e+00 1.037875585658486255e+00 5.484433815571853055e-01
-6.380038764188616929e-02 -1.069372925217024761e+00 1.636696016953612665e-01 -6.131706092964278598e-01 -9.062682416112116668e-01 1.406968846977835641e+00 7.293928260753409498e-01
-2.196645658344230645e-01 -1.105295038634232840e+00 -8.663670740643913959e-02 -6.395994878724196031e-01 -5.383265807561917748e-01 1.546848309992482795e+00 7.466105520231411941e-01
-3.858208593286451271e-01 -1.043941088216713275e+00 -2.318768362208136480e-01 -4.868144414723499791e-01 -1.680227416746547520e-01 1.447745176748950868e+00 6.404659092675526466e-01
-6.268962410436796917e-01 -7.883641843228736956e-01 -3.602536015672678782e-01 -1.577694001005432722e-01 1.356868180947863878e-01 1.151038259361208960e+00 4.099041136086986614e-01
