-3.958598052000042965e-03 -1.814007240754999861e+00 -6.450616720389998893e-01 -3.162530117293283483e-01 2.459568892465387346e+00 6.821613352878504177e-02 -7.660730662717214479e-01
1.737801448343567756e-01 -1.966018344147964836e+00 -6.983014027088653153e-01 -5.821891918088153428e-01 1.785052222799921484e+00 2.787858405551376650e-01 -1.037190590881825747e+00
3.149787714868118038e-01 -1.955490876079000184e+00 -7.713277298862222242e-01 -9.446631001266613259e-01 7.033755765009612748e-01 5.604578583585368978e-01 -1.347832686280769687e+00
2.196772195669592920e-01 -1.641825070961889788e+00 -7.677632521296945400e-01 -1.139422121981843228e+00 -1.489844958343198855e-01 6.361228760835291318e-01 -1.418419728302292793e+00
-6.783233654487054454e-02 -1.109298466895941138e+00 -6.541949750528538443e-01 -1.065060174828414308e+00 -3.724934958098006232e-01 4.080544896544967548e-01 -1.115419911628484195e+00
-3.606347870854076376e-01 -5.408534840063885518e-01 -5.125835539946264063e-01 -7.772242789037893118e-01 -1.644504083001749051e-01 1.208370763919327379e-02 -5.987591736822373001e-01
-4.724900981163498437e-01 2.141268540083996960e-02 -3.795281631172807146e-01 -3.611430177882580250e-01 3.026359121393635832e-01 -3.771802586216219666e-01 -8.180337713206124739e-02
-3.896405647084523194e-01 6.082920395411907100e-01 -1.725514001052475266e-01 9.808836944402456182e-02 8.105351146150916453e-01 -6.718584484016753011e-01 3.411454085419294291e-01
-1.950002894091859840e-01 1.109375708317849041e+00 1.559531208742982733e-01 5.542366218330417871e-01 9.572589485833641332e-01 -9.091328914710493647e-01 5.622365985400731292e-01
7.250101630610952808e-02 1.288696971439676764e+00 4.660947117933738615e-01 8.696974200728090354e-01 6.340826287010513651e-01 -1.124862396429047395e+00 4.563343409367165426e-01
3.046941218326735257e-01 1.066801952278375820e+00 5.880281087171187471e-01 8.684328830240650721e-01 -5.226582703370472732e-02 -1.288657673959934913e+00 7.071791294283907847e-02
3.724208800929531549e-01 7.376808029314935178e-01 5.682091328183391798e-01 6.825655304529328893e-01 -7.572229432292831852e-01 -1.400513371540485608e+00 -2.772772680709867377e-01
2.244369010468315884e-01 5.209565614694914304e-01 5.006455277325841946e-01 4.820690057636428660e-01 -1.229156135728511456e+00 -1.480221264130161751e+00 -3.942552410452953571e-01
-9.068353513959796774e-02 5.469641843166217487e-01 4.055400873555188856e-01 3.277282511900991291e-01 -1.568380706107795897e+00 -1.533393628518405105e+00 -2.648249776706035341e-01
-4.605021561399407215e-01 9.561948925586370995e-01 3.795582807759046995e-01 3.911038427511172033e-01 -1.561778235475842713e+00 -1.627241352946306341e+00 1.191693520258765293e-01
-8.257887369739541628e-01 1.612295847388095504e+00 4.538840081121975345e-01 7.397957171869222748e-01 -1.131977792799859994e+00 -1.787845175161455691e+00 6.045851901691500219e-01
-1.204011117389151675e+00 2.177860378507379124e+00 5.935734825481117083e-01 1.189295868959472147e+00 -6.243224964358939921e-01 -1.865012438717402077e+00 9.700386374414446955e-01
-1.506784065211887125e+00 2.344075669047421595e+00 8.362116303730382505e-01 1.471381442399539941e+00 -1.115831403449625142e-01 -1.712562912733441411e+00 1.029312939792212278e+00
-1.546576413968564268e+00 2.063222144129345903e+00 1.131910513496810378e+00 1.435470145754623283e+00 4.729078021845162239e-01 -1.387996627456572485e+00 7.097933281503343572e-01
-1.315397492750330688e+00 1.523912473645156362e+00 1.401099485449444071e+00 1.109567249578139236e+00 9.948548940406641838e-01 -1.006411841830369802e+00 1.495642632427838514e-01
-9.361315846844486810e-01 9.127785013049012353e-01 1.631294185342427649e+00 6.273046564681005188e-01 1.084174941268184700e+00 -5.599143324598383487e-01 -4.565355015582827081e-01
-4.676179777498509216e-01 3.859580248541222836e-01 1.729203773962561641e+00 1.591896627933544472e-01 7.583278546072583781e-01 -6.329815842390663916e-02 -8.643704429483624052e-01
6.085495620478898957e-03 4.629881917679058018e-02 1.649799112095267750e+00 -1.561907442307507166e-01 5.217910405729069279e-01 4.096461320883882373e-01 -8.641172412319717555e-01
3.748242714225915595e-01 -1.093707016316610575e-01 1.524602366630672945e+00 -2.942394343198331819e-01 4.410680250651645706e-01 8.503741718723157872e-01 -5.188380354216586277e-01
5.435335528743924227e-01 -1.828432013180946447e-01 1.469008653061783187e+00 -2.932082801289799812e-01 3.365475878080527172e-01 1.225866214735838566e+00 -6.366516172342416569e-02
5.458377931843756414e-01 -3.821525804333542609e-01 1.494137004179737938e+00 -2.744588549539716538e-01 2.462544583001848308e-01 1.488146735344742622e+00 1.983810299801294641e-01
6.010547652513335004e-01 -7.359565891276301786e-01 1.570101375523406562e+00 -3.325502763045454224e-01 1.706998907575260072e-01 1.625584092326462171e+00 1.679600217648479221e-01
7.285392209391446938e-01 -9.810593573239401177e-01 1.625924356121974945e+00 -3.395984511683076135e-01 1.109135593607830927e-01 1.581440940918753979e+00 1.009627825765720271e-01
7.432623529281205954e-01 -1.043449634279547844e+00 1.535193096142556168e+00 -2.468405035557270921e-01 1.850867444373632542e-01 1.308711740319485006e+00 8.659922136758725630e-02
6.596134940392668344e-01 -1.074893787765229369e+00 1.173937592686753240e+00 -1.314091382536044517e-01 3.005232701145573171e-01 8.713791485676103399e-01 -6.236455972632957805e-03
6.240336324307141913e-01 -1.052062855725869550e+00 5.094318925865581882e-01 6.944616150737516203e-02 2.811485192312636050e-01 3.988241291417158330e-01 -9.112973920943083506e-02
6.543154294986007757e-01 -8.817336157858853829e-01 -2.304684084271463873e-01 4.346334855364316629e-01 1.438304964640874650e-01 -2.632040119648727111e-02 -4.674704073894115491e-02
6.399984435582894982e-01 -6.282528030313327960e-01 -7.678617974398176393e-01 9.252734737985564006e-01 -1.538469313304836016e-02 -4.054823063246341674e-01 1.274775297548089714e-01
5.380962110338213256e-01 -4.397925632652188721e-01 -1.114726478421215639e+00 1.316872136383777869e+00 6.974574811849301725e-02 -7.470008636506367816e-01 3.546090785479937835e-01
4.339654375467958403e-01 -2.905468816197761539e-01 -1.345926967137463626e+00 1.407799828898762318e+00 4.192217922056595270e-01 -9.628426535658675123e-01 4.996702627236067062e-01
3.427370404328450304e-01 -1.817683399459798232e-01 -1.483634662219457168e+00 1.242526041803074799e+00 6.409962850083873453e-01 -9.119154762626402455e-01 5.208873895133107057e-01
2.856594524256039214e-01 -2.851486478512119671e-01 -1.618654784113028100e+00 8.987084376437736166e-01 5.635570466312040949e-01 -5.632393134511403110e-01 3.834166759554943904e-01
3.455639685847903819e-01 -5.615237286304107789e-01 -1.768151869181699976e+00 3.817199504044052616e-01 3.484426333500991180e-01 -6.264419187600160643e-02 7.844465362780890516e-02
4.729599468276078356e-01 -8.057056622280268643e-01 -1.836084802587621079e+00 -1.841479055670027787e-01 1.736738336103882674e-01 3.750379498574296644e-01 -2.445566935689384991e-01
5.843176110445635896e-01 -8.309660178959272780e-01 -1.784100792341116071e+00 -5.608538934880086257e-01 5.432217713516093033e-02 6.505710676487784783e-01 -3.795382516377627247e-01
6.473931148276121927e-01 -5.820592669952933118e-01 -1.652148815561073958e+00 -7.172618602446361180e-01 -2.120367676611227270e-01 7.869141034888592623e-01 -2.448451111563931526e-01
5.508350201912610711e-01 -1.622562953587382284e-01 -1.525014693745006422e+00 -7.323122736140414979e-01 -8.317731482293475587e-01 7.208576851110316541e-01 7.752291969381495951e-02
3.532760532936799480e-01 2.872674131761535077e-01 -1.401114884978768904e+00 -6.176237455039386148e-01 -1.492224979912081695e+00 4.370258870320787303e-01 4.117899767018231016e-01
2.916091049088667675e-01 6.036943344061519445e-01 -1.239650647613172119e+00 -4.585971171860677154e-01 -1.662049838581795003e+00 1.148608266047144721e-01 5.994970360041336210e-01
3.803103605159874889e-01 6.930834443671670675e-01 -1.125587425028243160e+00 -3.523403065557937364e-01 -1.381131204476197860e+00 -9.652242398406261914e-02 5.306335605000114253e-01
5.255179173364340484e-01 6.206173951538972444e-01 -1.107231860464557016e+00 -3.321859655774934139e-01 -8.260898242282458392e-01 -1.427595586919916948e-01 2.295326610145749791e-01
7.127754068830035594e-01 4.330246298743463118e-01 -1.118512848386360448e+00 -3.825123005147570421e-01 -1.733538349809599644e-01 -2.179765941112024943e-02 -1.651655561000230088e-01
8.883434569075039366e-01 7.852399636726140053e-02 -1.061538379347257921e+00 -4.460056734241084064e-01 3.004143317804370827e-01 1.966029406489857578e-01 -6.138569882374814712e-01
8.988202431005707371e-01 -3.241792292153147237e-01 -9.073156318030485279e-01 -4.701903874191013522e-01 5.656351361882319129e-01 3.544480217694880309e-01 -1.002359593083685940e+00
7.509445056587320533e-01 -5.333198113774794136e-01 -6.520773299612891982e-01 -3.975157450755506527e-01 6.068484114885681624e-01 3.607189819901805428e-01 -1.097286743583900437e+00
5.910558383170474439e-01 -4.941196827768912780e-01 -2.941758086349486878e-01 -2.785805506302317935e-01 3.909038590793759149e-01 3.445807179069261261e-01 -8.583594946848996932e-01
4.541259007742918241e-01 -3.610754876250792389e-01 8.626283198297267363e-02 -2.472510348241001576e-01 6.591939832098166197e-02 4.299361933005464431e-01 -4.767843988466997640e-01
3.276850023856145433e-01 -2.473317326704211061e-01 4.041223026605250679e-01 -3.394080783756785458e-01 -1.637920042714721136e-01 5.718389783434649765e-01 -1.484436015524002173e-01
1.887837398280630685e-01 -1.353096069384829570e-01 6.181557163993685045e-01 -5.525439093876522989e-01 -4.241228909393719437e-01 7.263273202154350017e-01 2.872577394838113016e-02
5.580472215938455521e-02 -8.683080368068848975e-02 7.701724322197818218e-01 -8.201026947293643676e-01 -6.825494022533417082e-01 9.094988806616624011e-01 2.719797496916213225e-02
-9.306367421749772717e-02 -1.752005471262816916e-01 8.792271781185853063e-01 -1.105458487583704352e+00 -6.972823517294846063e-01 1.081714888479765602e+00 -5.684294348581865608e-02
-3.485083956329271815e-01 -2.817878989203487783e-01 8.710610716229346684e-01 -1.458007223405288766e+00 -6.026451942495513192e-01 1.162782506645974490e+00 -8.584703890133160709e-02
-7.138892792912748808e-01 -2.584280467098621359e-01 7.382451727060064250e-01 -1.802314040697887476e+00 -3.440352464396677634e-01 1.157051104251483498e+00 -4.813632935051238848e-02
-1.013934023993595224e+00 -1.272783628595977601e-01 5.241647746538030672e-01 -2.027426417967374217e+00 2.037289099347578680e-01 1.154186507098963421e+00 3.230844331977852230e-02
-1.011264721808547984e+00 4.384658686342826628e-02 2.632301094991505996e-01 -2.061887009007589366e+00 8.468956185176774731e-01 1.187490314726854956e+00 1.313767645688071473e-01
-7.928626727456997703e-01 2.627618824399846620e-01 7.478940723076330475e-03 -1.793016881345109059e+00 1.427914767985487554e+00 1.188333179087617930e+00 2.241169096944530537e-01
-5.630843370188535202e-01 4.707366616226272837e-01 -2.210081409303000233e-01 -1.278577749858654355e+00 1.847807944625115661e+00 1.103564373747671912e+00 3.250808346239379976e-01
-2.999655603145705562e-01 4.972881345784102014e-01 -4.268148507173929462e-01 -7.845172026792646136e-01 2.029397783379792042e+00 1.020636271287020502e+00 3.602565061322600126e-01
-2.435007990990943594e-04 2.985209392542162443e-01 -5.797748273981481182e-01 -4.505796192749152995e-01 1.950298138788144175e+00 1.066099663883871562e+00 2.953113548310384306e-01
2.467630637218384548e-01 -5.794290863782897844e-02 -6.904915263360004163e-01 -2.887601875939361795e-01 1.647348029567573979e+00 1.193199682460475364e+00 1.659624117516846353e-01
4.210454642557022176e-01 -4.919989021344992053e-01 -7.654166816637358872e-01 -2.966702021887331342e-01 1.291000888831665749e+00 1.288854375332097790e+00 -2.222990238185561587e-02
4.921003686503574448e-01 -8.724021851353648271e-01 -7.461286964998981031e-01 -4.315273840074463352e-01 1.081811029187035755e+00 1.336826036210649660e+00 -2.390231440180059508e-01
4.167329591030204949e-01 -1.036218909654583520e+00 -7.156080742499922875e-01 -5.583536311251722228e-01 8.858098136563096192e-01 1.294455086881889372e+00 -4.086711439507510479e-01
3.079554045939014717e-01 -9.812159388887169431e-01 -7.984753162596501808e-01 -6.142752274694268655e-01 3.974240990715499078e-01 1.114424953635182014e+00 -4.984789191509594319e-01
2.761093733800029093e-01 -9.082369730470215563e-01 -9.655124314370262528e-01 -6.937413629235972268e-01 -3.142525299515873116e-01 8.791007677312050461e-01 -6.027572460870896931e-01
2.822606871436785236e-01 -8.312091471828997324e-01 -1.184919049921606460e+00 -7.197579223091836731e-01 -9.978088633252986117e-01 6.381413623299793114e-01 -6.475193527004123872e-01
2.564356200838291966e-01 -6.412251762709059166e-01 -1.397063094314882514e+00 -5.889053707710435459e-01 -1.408559703677174424e+00 3.292082133092046892e-01 -4.891131045719260828e-01
1.592644665216107758e-01 -3.344900914199880337e-01 -1.450190533873396914e+00 -3.612344804312986324e-01 -1.501356405391861326e+00 -5.684019038798112516e-02 -2.065330393035135215e-01
5.548549915280148390e-03 9.705082918500189393e-03 -1.357006767447060724e+00 -1.161443245388299184e-01 -1.538273406762178608e+00 -4.066186606325249420e-01 6.656092200463722963e-02
-1.031111424243792568e-01 2.708417768174535833e-01 -1.178888956799918564e+00 8.099043533150829255e-02 -1.603169479325995184e+00 -5.710932697791537560e-01 2.910602247238958107e-01
-1.224706776062920721e-01 4.219793432274716594e-01 -8.221621336621066645e-01 2.469239417014016391e-01 -1.558749005398194276e+00 -5.249810123211043900e-01 5.142161594737855168e-01
-1.584067604936713058e-01 4.476477880351487082e-01 -3.257199642088473013e-01 3.179871870107455201e-01 -1.339082100301671963e+00 -4.153318638267655682e-01 6.825691004808347451e-01
-3.129594380107126317e-01 3.188627339251580151e-01 1.677030221212031103e-01 1.569233885383553850e-01 -1.028991615731036813e+00 -3.299395979140918311e-01 7.219079991559163023e-01
-5.488566011118358734e-01 1.168984967338038417e-01 6.296148687547296063e-01 -1.276183987606154813e-01 -6.631449288752302440e-01 -2.325195462124702017e-01 7.263544328882490797e-01
-7.621337004093615697e-01 -4.219898468405298281e-02 1.094250665108761567e+00 -2.653142914778441885e-01 -3.260327942102100862e-01 -1.814601611812754201e-01 7.623393322559148810e-01
-8.594405946697469822e-01 -1.379375641887568837e-01 1.549543784304402205e+00 -1.784438497375515353e-01 -3.494391030162391498e-02 -2.791424918517879661e-01 7.924059023142651093e-01
-7.649900603225311402e-01 -2.388037073509944042e-01 1.909424257243646617e+00 9.815032635435842409e-03 2.435507046357260064e-01 -5.133308634943277715e-01 7.912396480585601743e-01
-5.677819207236709520e-01 -3.207248145010342388e-01 2.128560146217237214e+00 2.630162854944068096e-01 2.671600422039266953e-01 -8.094244781432620162e-01 7.781043975431770621e-01
-4.473405648591116113e-01 -2.855651651598893337e-01 2.257787343195527985e+00 6.032814332477183239e-01 6.279378643162199236e-02 -1.140168282973887059e+00 8.392167052106410674e-01
-4.479156153972416732e-01 -1.547737271800044834e-01 2.355983979971759013e+00 1.029643718301020083e+00 -1.184159292123076468e-01 -1.474445156603990004e+00 1.055860866936295217e+00
-5.319144797773062150e-01 -6.664558901975368987e-02 2.373640400850244525e+00 1.459178483412048477e+00 -5.829279858224339222e-02 -1.708565245436179270e+00 1.298635920702680080e+00
-6.631860466889544226e-01 -3.485880085555696090e-02 2.271861920208270380e+00 1.800652305080928661e+00 2.877404541557097573e-01 -1.810800541237523209e+00 1.434010536225812649e+00
-7.143826125810932570e-01 6.985450777664324595e-02 2.112344906720026838e+00 2.140101157479491256e+00 6.152099357230557120e-01 -1.872864222554527336e+00 1.521776431862139622e+00
-5.945237420677750295e-01 1.762864741306827687e-01 1.845009929109334257e+00 2.444124190930823115e+00 8.062607350249643146e-01 -1.926195064392654199e+00 1.469682173099296829e+00
-3.663105360267829291e-01 1.238202950672319530e-01 1.390008416147501258e+00 2.471734606181496652e+00 9.120174357552536248e-01 -1.883692024040535262e+00 1.124086061676567327e+00
-1.153933106611544773e-01 5.016377635548993630e-02 8.721499559001293367e-01 2.200796150848027377e+00 1.017944272563002128e+00 -1.700572355777274280e+00 6.354550553472223529e-01
6.861670286459685408e-02 1.648148945751449768e-01 4.124209013512473154e-01 1.819346046481968404e+00 1.162237186059974725e+00 -1.408386272425686814e+00 2.532735542535172191e-01
2.032489447144095740e-01 3.384775305655033373e-01 -2.168987823475736557e-02 1.364113759617806787e+00 1.295086015067213436e+00 -1.036656087578941454e+00 -2.732074406713202314e-02
3.206562076922938043e-01 4.306769485431765077e-01 -4.284585672492993713e-01 8.558084322499067698e-01 1.410715787763462625e+00 -6.802832477637336117e-01 -2.545863439618172297e-01
3.367478774472713599e-01 5.527407066991392171e-01 -7.622515305447726819e-01 4.607085655866675622e-01 1.195246493190843307e+00 -4.507215103074487805e-01 -2.980631422455979340e-01
2.958049910420713635e-01 7.112490052804307794e-01 -1.017924319479031725e+00 2.235693447330391326e-01 5.431530815066351048e-01 -2.791175727786768257e-01 -2.002675451959786412e-01
3.123004838225347246e-01 6.882445090148273659e-01 -1.172068788089119851e+00 -2.341134305919501807e-02 -1.769218674383704337e-01 -9.142387847828465502e-03 -2.065891219693091196e-01
3.816991554947614107e-01 3.462308828296846164e-01 -1.208980177944749768e+00 -4.317958088829507157e-01 -7.901960012906240616e-01 4.566638532862422606e-01 -4.231951539733679324e-01
4.140179662083854351e-01 -9.671571207273647885e-02 -1.208672309283536750e+00 -8.887585284515484574e-01 -1.137918344169857932e+00 1.094351745793355146e+00 -6.641749624668481511e-01
3.454899403309203421e-01 -3.797208084255764837e-01 -1.218253177262623721e+00 -1.124036899994291128e+00 -1.043858938367810296e+00 1.690018434220423416e+00 -7.342913321888316913e-01
3.027236917174112030e-01 -5.644773067682651302e-01 -1.140270378881874436e+00 -1.121935034266574371e+00 -6.269059077691258031e-01 2.112259963217935077e+00 -7.985829055091281381e-01
3.370580057351741377e-01 -7.623677173365065451e-01 -9.331713616704858660e-01 -1.102483842901196054e+00 -3.110878314140320677e-01 2.355735636939245037e+00 -1.053150724624242640e+00
3.459482190606805729e-01 -7.728430120519504953e-01 -6.691647655772633430e-01 -1.030851664967939563e+00 -3.502632511549969019e-01 2.236951885091577275e+00 -1.295710717179565874e+00
3.630585316926115969e-01 -3.878865158668156066e-01 -3.832280358800895237e-01 -6.615801313270434081e-01 -4.389154859774433426e-01 1.571148004460714009e+00 -1.233045239681403338e+00
