1.074996588682296306e+00 1.832151978310401885e+00 -2.989833394500359121e-01 3.521362324854785397e-01 1.679434818799220519e+00 -1.222433099581350158e+00 -1.382186061779627106e+00
8.918159103183209702e-01 1.595911388122096985e+00 -3.806476857641964695e-02 4.911436776972709084e-01 1.093004367492574680e+00 -9.854930813175253324e-01 -1.369071436333819891e+00
7.021153904252224187e-01 1.315605333480866390e+00 5.039043158506346654e-01 7.422899297133402907e-01 3.448884154956832759e-01 -7.226595304574957579e-01 -1.521267394703267994e+00
6.274057499840210994e-01 8.631080104443140666e-01 1.108967904520238079e+00 9.076061993312167786e-01 -2.134730789937593909e-01 -4.317910372084378667e-01 -1.697238103114673491e+00
6.071952392843654733e-01 9.922617640223857505e-02 1.433874959603946619e+00 8.147901373068976438e-01 -4.874523118523624299e-01 1.505872118349100598e-02 -1.595844662082011922e+00
4.379076411971166705e-01 -8.072383572091903492e-01 1.297325626687750866e+00 5.743532592350641952e-01 -4.977690628914542281e-01 5.880835853789777579e-01 -1.154609431229927763e+00
5.308556643053511520e-02 -1.642236473506435646e+00 8.603640844165609813e-01 3.868863307463297763e-01 -4.455217776141228714e-01 1.192134463631235874e+00 -5.643375102671518428e-01
-3.748212401321581178e-01 -2.160487296955510672e+00 4.663786664766332302e-01 3.642707735551819481e-01 -4.569708184119897210e-01 1.661836953097724390e+00 -1.376251716068456199e-01
-6.363736534780097820e-01 -2.178940914914971216e+00 2.592130822061050055e-01 4.873471901863518640e-01 -5.265505974028421576e-01 1.796493514429099658e+00 -3.016777073648940072e-02
-6.536525444565985943e-01 -1.716692802198835022e+00 2.530783518285259492e-01 6.114610046779149766e-01 -7.144470386589857336e-01 1.579159969711418476e+00 -1.634103425430602774e-01
-4.820691412540261678e-01 -9.470394827641135382e-01 3.599895571672323547e-01 6.211629404554683820e-01 -8.770037040891851543e-01 1.128483121954785062e+00 -3.710270881024596012e-01
-2.563251464774441990e-01 -9.105022168109888625e-02 4.358882000232506826e-01 5.152041157096473034e-01 -9.770668017851117382e-01 5.690798963702602409e-01 -4.841776194995118243e-01
-8.021826664728649858e-02 6.305034244987695047e-01 4.904950913469486307e-01 3.134654962836227465e-01 -1.104352831343015762e+00 4.617129980879993573e-02 -4.232990431093442418e-01
1.313898695122239779e-01 1.144232108596137998e+00 5.281536705297312784e-01 -6.077863689931471518e-03 -1.018570365274600542e+00 -3.991849030480162375e-01 -2.561523020480750978e-01
4.132958445772953460e-01 1.499608918506887933e+00 4.358118773253370493e-01 -4.567700737369892461e-01 -6.438668079030747116e-01 -7.760260075189676643e-01 -5.603528691533392163e-03
6.145509534814344033e-01 1.649438624320791025e+00 2.228813064148814360e-01 -9.352207004882235886e-01 -3.334066125725593244e-01 -9.721470445127436966e-01 3.375841514877318539e-01
6.319789771067366724e-01 1.481379791625247355e+00 -6.939927521200163138e-03 -1.309994806213258478e+00 -2.640863227921513290e-01 -8.566870182053923921e-01 7.179182270979117542e-01
4.192436363630257512e-01 1.067066447257773998e+00 -1.692769745834832029e-01 -1.439344152955811085e+00 -3.524942520145238900e-01 -4.314278236230809083e-01 9.704226111058118498e-01
7.568765353361868280e-03 6.057982611846504106e-01 -2.570746742330436985e-01 -1.241072974073250013e+00 -7.491659202695616360e-01 1.438850982479486784e-01 1.028608917407656254e+00
-4.668125349251819323e-01 1.969970723238549659e-01 -4.453442364445739932e-01 -8.310946068320522739e-01 -1.378694381701458971e+00 6.550044376892232290e-01 1.039851439456236593e+00
-8.540724415063252195e-01 -2.451192603418009264e-02 -7.238578984406384143e-01 -3.825739114502219040e-01 -1.759694396543345585e+00 9.231921839387504658e-01 9.835902172121298026e-01
-1.058285219506732489e+00 -8.930009911587620530e-03 -8.830249012844371137e-01 -7.052764090640650796e-02 -1.773898853048802460e+00 9.127758004867742025e-01 8.337689999204580538e-01
-1.056164770096693850e+00 1.067509316917920753e-01 -7.616485553024194832e-01 6.939524400781127769e-03 -1.702045093872997406e+00 7.504960965637504922e-01 6.703989135096181107e-01
-9.050188830663098427e-01 1.221105089377224617e-01 -4.259415049713043966e-01 -5.690911769812682930e-02 -1.718025317432216204e+00 6.094107041066743058e-01 5.327858263975483455e-01
-6.996303269387672552e-01 -6.589369638867245693e-02 -1.196794850974705893e-01 -5.168676460629166580e-02 -1.631634730576693837e+00 5.314647456453222008e-01 4.003749109039667631e-01
-5.461180136533476670e-01 -3.716352429058581985e-01 6.466074433682361677e-02 1.556731765970728321e-01 -1.190428697931608992e+00 4.350034921505893659e-01 2.079533347028259538e-01
-4.427673641866606835e-01 -6.905195648509372397e-01 4.768729650958651589e-02 4.634993531852698023e-01 -5.313421889711634760e-01 2.989272631524889090e-01 3.507203837373074756e-02
-3.151836416944008290e-01 -8.955124504599373259e-01 -1.836239033753405692e-01 6.869831451194899907e-01 3.922786163605781334e-02 1.154912423542495403e-01 5.345808452552245314e-03
-2.917155696623550676e-01 -9.215570208500764027e-01 -4.928654778568616335e-01 6.953673473687780326e-01 6.412677062804164052e-01 -1.193270610137937837e-01 1.892906104833682601e-01
-3.631562204628419055e-01 -8.059026622409345419e-01 -7.569288899377970559e-01 3.992211342566905352e-01 1.382815787228603099e+00 -4.167287838819803691e-01 5.803018505150696615e-01
-3.313743978880969165e-01 -5.546080565200409707e-01 -9.039773048279866607e-01 -8.146742084686718621e-02 1.970880736192257343e+00 -8.188304640727922523e-01 1.024195278794782560e+00
-2.115294171804530110e-01 -4.116963432740025075e-01 -1.037236537417334681e+00 -5.994133952050361147e-01 2.410496136593360816e+00 -1.194611017519934482e+00 1.526502425923546902e+00
-1.123187546372280965e-01 -4.300907660303918134e-01 -1.162562934849770802e+00 -1.057070019072336331e+00 2.776980418467069001e+00 -1.456560780994458071e+00 2.049220606529385424e+00
-6.615251877200974129e-02 -2.848058224512197145e-01 -1.130141098425760937e+00 -1.238948637776943862e+00 2.846470003874808086e+00 -1.677090479343058549e+00 2.287399102128433892e+00
-8.232239670656199548e-03 -1.178578800951066013e-01 -1.001914726524683941e+00 -1.085735302102146971e+00 2.521132508957845353e+00 -1.753164823758123436e+00 2.174231118862950840e+00
9.923109111397693249e-02 -1.355540182570033059e-01 -8.608847490691469151e-01 -7.754927637620099290e-01 1.875756253835088483e+00 -1.543239589305698711e+00 1.827751661222087431e+00
2.313129273266082142e-01 -1.683310415284847983e-01 -7.119661163263982795e-01 -4.927922579345790921e-01 1.215073943175309923e+00 -1.128102635012792065e+00 1.300421996033206851e+00
3.820885022671560716e-01 -1.552698982349294543e-01 -5.893319157270595632e-01 -2.634737800072512459e-01 9.203880876663627086e-01 -7.176197857587770512e-01 6.755979662612551229e-01
4.889730358032713387e-01 -1.956831471132950140e-01 -5.457419228630236985e-01 -9.561823694278033525e-02 9.167619624321516891e-01 -3.767289203423210275e-01 1.565812146427571772e-01
4.696232273125142131e-01 -3.040435172513553108e-01 -6.837751978695080224e-01 -6.651311046079720624e-02 9.269986079258166756e-01 -7.227711641957502986e-02 -4.603777362106850624e-02
4.029246115390073824e-01 -4.549349048345622815e-01 -9.806415737190627979e-01 -1.097086082026921816e-01 9.736799715808599487e-01 1.292798211452886870e-01 -3.046779772998797244e-03
3.323337910913304882e-01 -6.091401348719743813e-01 -1.120570133021598913e+00 -3.399405188296027863e-02 1.021056918215774934e+00 2.173219122907254774e-01 7.219836860274217623e-04
2.127069836413795489e-01 -6.679809698087711967e-01 -8.913348535586890220e-01 2.265951735534708078e-01 8.493881101386756560e-01 2.518028482932884171e-01 -1.656703171512035055e-01
1.914940665256316121e-01 -5.846409727212513729e-01 -4.488839919614584506e-01 5.623481135186678692e-01 4.846263883079525714e-01 2.083952596039141958e-01 -4.613278606634343415e-01
3.042508785282607708e-01 -2.931562560617189672e-01 3.686018478998520642e-02 8.814178223093241948e-01 1.978843557426371025e-01 5.240558944221213739e-02 -8.931482884989759841e-01
3.931358953393036537e-01 1.747907232048831472e-01 4.345336688853766449e-01 1.174370230417989491e+00 1.997503367368152205e-01 -2.022900197410228973e-01 -1.426403428933294526e+00
4.375525935847003334e-01 5.891098795562017543e-01 5.607095909338130069e-01 1.420450442300466687e+00 2.562708908683202225e-01 -4.608613072835058833e-01 -1.849871348303609997e+00
4.643770952048547618e-01 7.059075928998213012e-01 3.450993789734477235e-01 1.542777563816006392e+00 1.015523140555464610e-01 -5.610037362195446908e-01 -1.935227477386620043e+00
4.541910842983852281e-01 5.587405465857935294e-01 -5.174441803903697540e-02 1.547747823120514177e+00 -2.446855502386638750e-02 -5.385871673247935032e-01 -1.737552725041772828e+00
4.522069649358861354e-01 5.141532221065789887e-01 -3.376730220815161165e-01 1.516486531795957715e+00 -3.599433004534878956e-03 -6.028063137261493454e-01 -1.531609169550886218e+00
5.485758308132295813e-01 8.022116825005083385e-01 -2.998556760019657208e-01 1.404203227408315380e+00 9.866477678754723146e-02 -8.334264039752494746e-01 -1.488641093836548634e+00
8.399304312433704123e-01 1.362434795289380052e+00 7.876670014245462648e-02 1.142102316971578269e+00 3.059193196798749015e-01 -1.199690422204891638e+00 -1.642897319402283784e+00
1.266311012654301571e+00 2.003590110767868637e+00 5.514037091440558980e-01 7.986375298466966699e-01 3.290918150726671598e-01 -1.528339502994057852e+00 -1.884497566525007217e+00
1.510917438069933727e+00 2.342875480434548852e+00 7.967782316778947438e-01 4.909619876451914999e-01 -6.337292910997684159e-02 -1.506051765632189232e+00 -1.957843328629972346e+00
1.384262754760763103e+00 2.132474703645278247e+00 7.825541032444005562e-01 2.650304142143216080e-01 -7.109244275030163207e-01 -1.049500809059542350e+00 -1.741054548686998604e+00
9.857802381157638738e-01 1.586750525849043081e+00 7.445394377940728337e-01 7.624319500983887943e-02 -1.393437306509393458e+00 -3.025765551152034272e-01 -1.387535377266073455e+00
5.234830640411960445e-01 8.840289588024038414e-01 8.325306822901731296e-01 -9.755656315609141649e-02 -1.729013797756870474e+00 5.600878362354828610e-01 -1.076024981075216935e+00
1.844018601453459305e-01 5.732495602556458153e-02 9.951786921340259884e-01 -2.117011315731254784e-01 -1.788382807042932843e+00 1.314414651061675654e+00 -8.096119934991379274e-01
-1.229263963443500036e-02 -7.209122713698604690e-01 1.048437148581679690e+00 -2.949026204887230107e-01 -1.911821539814923421e+00 1.803437740121741628e+00 -4.864433459217596956e-01
-2.278306609340218503e-01 -1.285593902284769774e+00 9.068413464963733794e-01 -4.288697490532724643e-01 -1.841403862134647795e+00 2.033593638217056743e+00 -4.499413910633537350e-02
-5.447315580942679869e-01 -1.653515691472547289e+00 7.115500649782421361e-01 -6.521282746310904654e-01 -1.477610553184192543e+00 2.117848603270708008e+00 4.963975099469949970e-01
-7.700527825283660643e-01 -1.866436781507117448e+00 6.503334699115121964e-01 -9.167673675636758279e-01 -8.936764794583014204e-01 2.107038267898483141e+00 9.103809895848812284e-01
-6.732602720437103061e-01 -1.842842855833777493e+00 8.656542780548804883e-01 -1.157995637581261006e+00 -2.155680400581087564e-01 1.922914604339300615e+00 9.655869317982171962e-01
-2.890393414076297129e-01 -1.695966090819898575e+00 1.209038683961983329e+00 -1.384693992580478206e+00 2.849375367356930533e-01 1.539247313939688500e+00 8.753652182065045917e-01
1.846307569945351834e-01 -1.541258984651240116e+00 1.433294384465777727e+00 -1.594985387227603635e+00 6.849451789547190694e-01 1.050614396257546712e+00 8.397143284626631399e-01
5.806095309440751917e-01 -1.232999436414523142e+00 1.537923176303102935e+00 -1.708937669409535509e+00 9.212342447135465351e-01 5.915893971780429306e-01 7.231137720718003870e-01
8.226647124511461406e-01 -7.708823925099856922e-01 1.480863155921706253e+00 -1.687831082395617743e+00 7.674941892844667768e-01 2.467130611498220272e-01 5.328325491731484842e-01
8.381217332600690018e-01 -3.507536077314340472e-01 1.091754522698517471e+00 -1.586107738538632628e+00 4.251705335888745774e-01 3.833569663277448802e-02 4.861126685199230746e-01
6.209756106722449376e-01 -4.345043018682442221e-02 3.005190986349683957e-01 -1.389976805403400295e+00 1.914868929814116938e-01 -6.782167490963762757e-02 6.391769559040194615e-01
3.241143661672241660e-01 2.004793203272219881e-01 -6.756135060463492881e-01 -1.119912814043279470e+00 3.944639284260272050e-02 -1.596474752049941437e-01 9.102697983231662349e-01
1.173890169296538666e-01 3.897524003282287208e-01 -1.422868799116645322e+00 -8.570008491962903818e-01 -1.182972053853221239e-01 -3.189074874293347794e-01 1.168088156219106555e+00
4.787974137563344446e-02 5.245421953541552496e-01 -1.738756444139435420e+00 -6.097213706009766421e-01 -2.819551575304208302e-01 -5.388863329697263227e-01 1.271224361931510227e+00
-1.592541271911843484e-02 5.546138979402519542e-01 -1.748728310699852795e+00 -3.880065162950878666e-01 -4.315710988358504308e-01 -7.072180036398970637e-01 1.297856637863193940e+00
-1.044520539776503110e-01 4.256881385634251891e-01 -1.592269378617577003e+00 -2.013452668559980452e-01 -4.821024836248720136e-01 -7.818508171242689597e-01 1.316972157217302541e+00
-1.965407461064103134e-01 2.416556982543281440e-01 -1.333394178313301204e+00 -3.482929478943939255e-02 -4.735474647093420031e-01 -7.867086912537007981e-01 1.259732358464837443e+00
-4.030321395499305015e-01 1.844842143311571647e-01 -1.019861282856184159e+00 1.289873780395684455e-01 -5.198642701438471736e-01 -7.052735174222791725e-01 1.080020816323219002e+00
-7.159571950610240654e-01 2.501294184464850079e-01 -6.853514147882838747e-01 2.846075838193725116e-01 -5.477895911375199045e-01 -5.098475428301034729e-01 7.550182164417346131e-01
-9.766994639163301128e-01 3.445904286480903633e-01 -3.387447969758585198e-01 4.068879015896544882e-01 -3.323201877574712970e-01 -2.135315086604322177e-01 2.682302667939678309e-01
-1.085467498248014140e+00 5.453219152149818560e-01 6.052091484215128825e-02 4.350395737174572175e-01 4.436891304422262670e-03 1.204561243460842007e-01 -3.033110921138217897e-01
-1.091816122546078294e+00 8.079295844562199846e-01 4.471929752251758705e-01 3.474417590474961348e-01 1.923993707533736275e-01 4.165204746355040677e-01 -7.529198547479448722e-01
-9.995894900439219466e-01 9.242737278936129508e-01 8.147611771354276167e-01 1.983329610011377586e-01 3.256231385081458929e-01 6.001075036645642236e-01 -9.864369342663058537e-01
-7.594494627295049760e-01 8.194724405088392727e-01 1.215332581734690720e+00 -4.907857574404775325e-02 5.785679584510675655e-01 6.606443716186662929e-01 -1.021149019070616504e+00
-4.121480143222662762e-01 6.336918898381741494e-01 1.551018306751273723e+00 -4.047177211384659912e-01 9.870841201529766407e-01 6.606463098627793906e-01 -9.721515954016031191e-01
-7.074082823154144439e-02 5.928216920541201640e-01 1.818121042101799256e+00 -7.266076605920095410e-01 1.205254998366599661e+00 6.677595375553319057e-01 -9.909331701272506843e-01
1.310104203242388465e-01 7.064749669483628702e-01 1.982593831619903213e+00 -9.339984962755341069e-01 8.617503827831304308e-01 6.843707715694953286e-01 -9.982432468765384259e-01
2.094597641287697098e-01 7.145536249835237053e-01 1.842810159682060966e+00 -1.074088643064640136e+00 2.919268183300847141e-01 6.873819790873993973e-01 -8.182661882582553670e-01
2.848866154321711974e-01 3.952323952399545148e-01 1.380594716210465478e+00 -1.222050376948892847e+00 5.542373145767018339e-02 6.671225071172085519e-01 -3.955680953190090499e-01
3.910373679489296261e-01 -3.097571099272060716e-02 8.024362850568160788e-01 -1.408272783276213858e+00 1.880868359393896849e-01 5.675630196424458207e-01 1.179032507814608832e-01
4.751047777487320545e-01 -2.570985633407988913e-01 2.651481773351227478e-01 -1.595288277678382993e+00 3.267627848156855475e-01 3.785486133033505451e-01 5.861602872576023859e-01
5.298939971615952427e-01 -2.707194876930559824e-01 -1.518483487378673447e-01 -1.677329999437418673e+00 6.057637116851091047e-02 1.720777744079435290e-01 9.619945358313521933e-01
5.592873012605706906e-01 -8.757025246115338057e-02 -3.004530529468684152e-01 -1.529540361425751893e+00 -5.909320807611184723e-01 9.767099121615002363e-03 1.059849635542922996e+00
5.039186843139313865e-01 1.558141703326542116e-01 -1.567656796895810223e-01 -1.134789135376794045e+00 -1.148082987130816912e+00 -1.019436226023048564e-01 8.323395960605050048e-01
3.941809011976062371e-01 1.471272807844993258e-01 8.304126192577360524e-03 -5.596001819320427506e-01 -1.446771733960014794e+00 -1.909333260633036544e-01 5.543129524766345906e-01
2.655053080491542317e-01 -2.157348239049992622e-01 -8.634410549726098325e-03 5.906817559265950535e-02 -1.547048157301195603e+00 -2.389778825947947716e-01 4.437347817664336613e-01
9.308738217596602971e-02 -6.497348605860744364e-01 -1.890401583125997653e-01 5.631184815883271133e-01 -1.281310266381117557e+00 -2.548724294718209271e-01 4.327002348466276183e-01
-1.559902627639795647e-01 -9.079717688620958516e-01 -4.797452509688489020e-01 9.201849681054772301e-01 -7.794311800418313174e-01 -2.727698651801437890e-01 4.595857044846831663e-01
-4.734031500487544397e-01 -1.109752740567809370e+00 -7.959088363430641966e-01 1.161896555874979198e+00 -3.074161481197317247e-01 -2.220884009019053473e-01 5.459304993563656172e-01
-7.360225913080143956e-01 -1.385785443053384469e+00 -9.823078023046668550e-01 1.321080623297806733e+00 2.483329488930807738e-01 -4.196681708447161374e-02 5.694667774160920848e-01
-9.869737875849007303e-01 -1.631375530689024966e+00 -9.209846054342613053e-01 1.446958156008675500e+00 7.629238465718027884e-01 2.322281177527144025e-01 4.526245679003896849e-01
-1.257633829218991472e+00 -1.697339539474342907e+00 -6.288496517532269348e-01 1.527928014459654982e+00 1.018669319535934870e+00 4.705238957743241857e-01 2.478990273313807779e-01
-1.336714972460535611e+00 -1.537969476797633517e+00 -2.054884980649513138e-01 1.483745288383109928e+00 1.101407317044324596e+00 5.436868183690736211e-01 1.067698079419457900e-02
-1.215038368543725378e+00 -1.296152190717735353e+00 1.324827495382379372e-01 1.223774131617879402e+00 1.017921101054515276e+00 5.643537462707135521e-01 -8.118187534508876368e-02
-1.075830878111576405e+00 -1.167345161064609727e+00 1.519596608810033223e-01 7.178423831181593995e-01 9.203646544018233566e-01 6.997233711968977588e-01 1.028109317068886391e-01
-9.771079479790329980e-01 -1.015808314790276334e+00 -7.205665796996085781e-02 9.343229477983901188e-02 9.509538669058518190e-01 8.589446338035454653e-01 3.890785175509733906e-01
-9.029294856978723471e-01 -6.406921750245666569e-01 -2.793149432360146900e-01 -3.898099807794496718e-01 1.011736591286796827e+00 9.047186290933195707e-01 5.022052648285598719e-01
-7.658875953824347826e-01 -2.175797134443050729e-01 -3.493420551663137252e-01 -6.214707118592429635e-01 9.199384323676011999e-01 8.555313505797721430e-01 4.044602573962996495e-01
-4.652390538742041670e-01 1.340745600474844632e-02 -3.424054728657421887e-01 -7.379264017079693039e-01 5.934337806333048748e-01 7.933590748317463914e-01 2.911112071065875551e-01
-1.007197132435653092e-01 3.256356799921310968e-02 -2.658762264302806377e-01 -8.078655720537949447e-01 3.612916673586953897e-01 7.557902499928967899e-01 2.088542795406805874e-01
1.765476399374657501e-01 -6.864709998432165505e-02 -8.855535231211848768e-02 -8.319050969634654846e-01 4.167498244865632806e-01 7.083623388976910684e-01 1.286791586338986437e-01
3.438531987195398432e-01 -2.169875579710914548e-01 1.228990408350841279e-01 -8.446669460725129142e-01 5.993826671126533112e-01 6.027385820813956352e-01 1.061326470062071980e-01
4.196923007095815783e-01 -2.051583620565901600e-01 3.270012476442972771e-01 -7.605313050859174862e-01 5.817083457636392785e-01 4.010456228566592896e-01 5.117254045604752166e-02
4.137944265660813414e-01 1.384652625686453031e-01 4.488839708982164112e-01 -5.336646465715670917e-01 1.879932599254183767e-01 1.012652142315263321e-01 -8.626086593436575745e-02
4.396180135937774458e-01 7.322386905837028337e-01 4.684585266347270904e-01 -3.562665567032058389e-01 -2.451397444655775137e-01 -3.252661052493582283e-01 -2.361183449652979327e-01
5.904817839483761377e-01 1.392866085972004564e+00 3.726821973290394552e-01 -3.684138338620319142e-01 -3.761459282118991831e-01 -8.927692439596148777e-01 -2.952081741289456218e-01
8.327046553694755771e-01 1.798765783055343404e+00 1.015719754295670019e-01 -5.172968260020218700e-01 -1.506030237227369561e-01 -1.478729051554810159e+00 -1.289070910165494854e-01
1.134898350964840930e+00 1.769741928717300183e+00 -2.090493753812036615e-01 -7.487595287623607376e-01 1.766264670058475816e-01 -1.930392076973021842e+00 2.471064685949637685e-01
1.402223018780679009e+00 1.446282185223252803e+00 -3.905991857573894444e-01 -9.871438648852783881e-01 3.595100510314188091e-01 -2.150843479842690531e+00 6.749467128352978351e-01
1.532936954483844927e+00 1.056350698855733627e+00 -5.090562013743983316e-01 -1.073291613236209807e+00 4.478259984433617391e-01 -2.147379653073026251e+00 9.626927434394820793e-01
1.427832730866536837e+00 7.845684247732626071e-01 -6.953884226216152653e-01 -8.786035304945711832e-01 4.833940007813208317e-01 -1.994143913985364280e+00 1.034770852672388886e+00
1.107478484652973272e+00 7.342393580877931702e-01 -8.615638094488645704e-01 -4.479916591085723598e-01 4.281960463362979863e-01 -1.792928587277734520e+00 8.826911673520440038e-01
8.121542140835896761e-01 8.605412835569014041e-01 -8.587784126085775682e-01 1.296153979291063130e-01 2.628124467038954193e-01 -1.656692627123905082e+00 4.364267650825233713e-01
6.451201441631256861e-01 1.046740615204783786e+00 -6.742249686633863259e-01 8.047637722953051576e-01 -7.359516470864289894e-02 -1.572642483033259264e+00 -2.531028781787145743e-01
5.042696087950599981e-01 1.239886139390209197e+00 -3.878663726191149963e-01 1.454073274740950161e+00 -7.058402612062391057e-01 -1.408475102558819803e+00 -9.696345513174599029e-01
3.765837142258834369e-01 1.191519872819450931e+00 -2.038666432501793357e-01 1.977122142871753585e+00 -1.409039301247835274e+00 -1.093235794970505381e+00 -1.476525619547515600e+00
2.644007769658496265e-01 6.393977201555594014e-01 -2.778100836707198540e-01 2.338004572136310966e+00 -1.858946795913636540e+00 -6.540842869978515939e-01 -1.607767933054899068e+00
1.163184909221710306e-01 -1.866814445488939878e-01 -5.146424520862399321e-01 2.502391282904663949e+00 -1.999596658944198246e+00 -1.822345638799258705e-01 -1.428047853936330824e+00
1.209264367179622574e-01 -7.783123565939846777e-01 -6.790946462604914302e-01 2.456229087628164276e+00 -1.826636685793926906e+00 1.023803123860056036e-01 -1.239014095111159675e+00
4.042240309652784247e-01 -8.828094071943554111e-01 -6.710963456081455725e-01 2.280741708279625080e+00 -1.482496302913319131e+00 8.038027801919764292e-02 -1.232107491197843796e+00
6.676414650037180154e-01 -7.142158076964221225e-01 -6.718589933185055152e-01 2.130547965766660834e+00 -1.021689572115919598e+00 -5.835543682196645682e-02 -1.318825750187896384e+00
6.510218045477781379e-01 -5.686005265392487518e-01 -7.915887564812883470e-01 2.054717053457580267e+00 -5.667040449655516010e-01 -1.158402330294567711e-01 -1.307422654101664028e+00
4.330584519541453847e-01 -4.762493513953646729e-01 -8.992642655304182719e-01 1.978268490984534278e+00 -3.255901304645107408e-01 -9.177671855324665007e-02 -1.132539246322725068e+00
2.440803025310115393e-01 -3.208576334345404901e-01 -8.096378167659132874e-01 1.864191540129392477e+00 -3.010168050801692030e-01 -6.820011816919822889e-02 -1.008386946499357339e+00
1.835308933007905596e-01 -1.298203898431680436e-01 -4.393692740365477967e-01 1.670864807646158967e+00 -3.740945256296878685e-01 -4.730391156667945046e-02 -1.062163184445427566e+00
1.496603348552964230e-01 2.692450496310955926e-02 8.316889424594037239e-02 1.421010651410634207e+00 -4.190772895924601560e-01 1.489235987840081994e-02 -1.182404039026285769e+00
1.151465919985570213e-01 2.786968950608404993e-01 6.402774647249344087e-01 1.277902849590347500e+00 -6.298103516620564557e-01 6.744562316104071864e-02 -1.397992953338838218e+00
6.834774381491198758e-02 6.442281460690726380e-01 1.015626010581863747e+00 1.255473572380155112e+00 -1.115509792783716758e+00 7.452119250056528366e-02 -1.606742606775648508e+00
-2.574784274407075635e-02 8.922285377904883852e-01 8.890101490356387970e-01 1.228876396436076490e+00 -1.543379749154452085e+00 7.381076520702839483e-02 -1.519173215746760341e+00
-1.640866178035908507e-01 8.219116511925380619e-01 3.255460194036178811e-01 1.115278752852864042e+00 -1.605874025681743644e+00 1.065770132715920804e-01 -1.070771112058843455e+00
-3.857655112062791658e-01 5.128777963912831694e-01 -3.368278299078550364e-01 8.493860756769019416e-01 -1.291696159864187843e+00 1.689043981810069983e-01 -3.981887574269834529e-01
-6.365498461486727155e-01 2.313207711940163114e-01 -7.716468043142021838e-01 4.387998813652073116e-01 -6.820141859532929951e-01 1.803052712617466968e-01 2.519957596653919496e-01
-7.754607769752964730e-01 6.458788782449643995e-02 -9.198017400348021955e-01 -9.024996096691714764e-02 6.190849316051726114e-02 1.084135566520708499e-01 7.929394799623740164e-01
-7.556026185003232865e-01 -1.387442403403986724e-01 -1.062854613054046160e+00 -7.048961271386430250e-01 5.242370368580226980e-01 9.791672599389582288e-02 1.348079577048123312e+00
-6.855827903034358295e-01 -4.196236304675940998e-01 -1.313512068803896371e+00 -1.234843584209420531e+00 6.219912261057387592e-01 2.773800036715481365e-01 1.839370244654048747e+00
-6.628853026345856714e-01 -6.513631501766123932e-01 -1.576850974114008874e+00 -1.485973683293401626e+00 6.560446589444557386e-01 5.450840314566793854e-01 2.076952065024369798e+00
-6.952254809288991311e-01 -8.855443512565887021e-01 -1.787531952731645335e+00 -1.460619379215953195e+00 6.649569974121883886e-01 8.249452608739239468e-01 2.089929321705227494e+00
-7.478650880953149338e-01 -1.217870027429579727e+00 -1.825788293741342105e+00 -1.390644973618549107e+00 6.558775625183086433e-01 1.144319546814329458e+00 2.016467371589026225e+00
-7.544861600215169162e-01 -1.536004725735704568e+00 -1.533850328875261626e+00 -1.450551036135300231e+00 8.459340319312526058e-01 1.384064781632549757e+00 1.889993902634406586e+00
-7.177270493193409484e-01 -1.703714801548178004e+00 -9.164695374021143426e-01 -1.552349376258079561e+00 1.326715488101163576e+00 1.412474973044117954e+00 1.668436448126329186e+00
-7.273066865539624670e-01 -1.589821907387888089e+00 -1.760321351978143267e-01 -1.459863125271863460e+00 1.690668520164512190e+00 1.275996248081188833e+00 1.272456807534220857e+00
-7.827360767904023575e-01 -1.134750183316762362e+00 5.179693157831931627e-01 -1.106640786773527507e+00 1.594169035697157621e+00 1.064708088413977904e+00 6.827907114920098719e-01
-7.068174949057529632e-01 -5.433913588724007537e-01 1.010559528232325865e+00 -6.944148608990619032e-01 1.249448100605613954e+00 7.632000275724399874e-01 8.400923739645971278e-02
-4.556570837605294910e-01 -9.147821414955811803e-02 1.111563992492922592e+00 -4.335556112251691685e-01 8.292459029652530234e-01 3.761967045171549784e-01 -2.336762031039809895e-01
-2.200705980166105524e-01 1.342480719978562387e-01 8.697998783889255847e-01 -3.489631797338944019e-01 5.299166299032365135e-01 3.776604739894347251e-02 -2.291079950670609766e-01
-4.812915379339278293e-02 3.231986151068388380e-01 7.555487184881870544e-01 -2.504051726649744736e-01 5.500148410165938140e-01 -1.999764097666665852e-01 -3.323854307753665305e-01
1.090937097726732141e-01 6.541613820441030125e-01 1.089352977511137466e+00 -3.416828140983314138e-02 6.908281337153004964e-01 -3.431430674705651107e-01 -8.173132147270660841e-01
1.246939473176774532e-01 8.868571724828606673e-01 1.575970740878685383e+00 2.077884666135095260e-01 6.964070749049805498e-01 -2.454566928822875527e-01 -1.360627096688497240e+00
-1.052051385589387461e-01 8.370496492172936343e-01 1.950267469193459835e+00 4.502086719731138720e-01 4.967382922009201951e-01 1.388001027828618117e-01 -1.725610065496773871e+00
-3.760316786377718712e-01 7.315024038483367574e-01 2.202379933264447143e+00 7.119767796208845700e-01 2.250845157893378856e-01 4.876927590046622463e-01 -1.976901266975384930e+00
-4.522372594895979758e-01 6.746542259499530569e-01 2.196124803436871886e+00 9.210388698855590528e-01 6.710598135188014512e-02 4.843499732529979451e-01 -2.001166758469007156e+00
-3.526102756396575222e-01 5.451706396226682072e-01 1.815852542181805918e+00 9.707921769091072406e-01 -7.812290303720652307e-02 1.843546545234321099e-01 -1.612048771561433780e+00
-7.025384112642718559e-02 3.902501410924462677e-01 1.195417152825458462e+00 8.318725712023338215e-01 -3.540881417815779364e-01 -2.957415323652048400e-01 -9.332004961829105660e-01
4.121589464453694895e-01 4.037564457200520929e-01 6.904268658476885312e-01 5.692294989879594924e-01 -7.550872450330198271e-01 -8.971235974764447674e-01 -3.088635574494606462e-01
1.030190709322291509e+00 6.028903943372616592e-01 5.777155607854752573e-01 2.312960405771176675e-01 -1.096744890101127412e+00 -1.427266916369983374e+00 -4.615855631830164015e-03
1.717714892391292381e+00 7.968719858764110597e-01 7.486756709177729840e-01 -1.558867801921791363e-01 -1.094444169247120957e+00 -1.687712255128495764e+00 -3.875539285882684953e-02
2.256933035387409969e+00 8.085152409372268201e-01 8.612925399793964765e-01 -4.520559402528332438e-01 -9.036791044248292382e-01 -1.584186974993887276e+00 -2.457014717247544278e-01
2.517540812773378711e+00 6.807294872285934995e-01 7.485029419612331258e-01 -5.531804526815893297e-01 -7.978414179056192435e-01 -1.271333562261399930e+00 -4.775946765838969266e-01
2.569195669614009692e+00 5.376866467588120591e-01 5.395617237438318226e-01 -5.303864350637401692e-01 -7.864231183476451115e-01 -9.897154719227648778e-01 -6.222111900317154332e-01
2.365578400877976772e+00 3.595434635119846289e-01 4.387671752831779903e-01 -4.201458682530355149e-01 -7.328602367860904687e-01 -7.254644454474681314e-01 -6.760837419161076500e-01
1.843369020326189878e+00 1.421171987861828689e-01 5.345880641412892320e-01 -2.339319913984432842e-01 -4.691622202559144195e-01 -4.010446940306952035e-01 -7.322838231648676199e-01
1.137529101327328762e+00 9.172043729636253709e-03 8.170894928115094435e-01 -7.068616961745095850e-02 4.518944717610943324e-02 -6.646117210824949162e-02 -8.456748752432707850e-01
5.101961515522293045e-01 -1.328145224875278488e-02 1.244653010818472794e+00 -4.802859906535641293e-03 7.039833046350387757e-01 2.217953953312632454e-01 -1.012323272743336888e+00
7.509307276385818186e-02 6.105027246537478650e-03 1.712422058674066161e+00 -3.449326529738949709e-02 1.146535141904791777e+00 5.515939804997768148e-01 -1.215390183878356734e+00
-1.770592052519285309e-01 2.338601708212353567e-02 2.094790077258917638e+00 -1.568168490658091441e-01 1.180493829169156017e+00 9.868162457067281013e-01 -1.431374892541696919e+00
-2.412333709559949246e-01 -6.153332544501140949e-02 2.289200042580080030e+00 -3.486526822309686247e-01 8.822836467884404010e-01 1.398240148940094629e+00 -1.508775074408935657e+00
-2.648441300031445511e-01 -1.648188404010111352e-01 2.273598840091905604e+00 -4.995808068016250325e-01 3.584401121459984685e-01 1.650359152114462935e+00 -1.410729136537502981e+00
-4.134639464627213323e-01 -6.201972065109238180e-02 2.098621948516925073e+00 -5.263206288530214438e-01 -8.518897832231880907e-02 1.715938630630256645e+00 -1.285342579489484827e+00
-6.502666669012316936e-01 2.573798607646792247e-01 1.858737565728414420e+00 -4.714006364194351373e-01 -3.081283332696014288e-01 1.629714753718923159e+00 -1.198197933747142452e+00
-8.115779923066607227e-01 6.339861930571718540e-01 1.682555754114442914e+00 -5.012713319748278717e-01 -4.331349022582189345e-01 1.459692529647007353e+00 -1.093075901704419817e+00
-7.934420438459718339e-01 9.509256581226267491e-01 1.510321818896899648e+00 -7.259297182388310121e-01 -4.463967976398518500e-01 1.214164887281964811e+00 -8.696838364079854111e-01
-6.571412732433902226e-01 1.156897784887198855e+00 1.085069408285511461e+00 -1.005062921752131411e+00 -3.708345859130236510e-01 8.603823245530488606e-01 -4.690781235139071526e-01
-5.245465253381221826e-01 1.234132092887705756e+00 3.010807286681387307e-01 -1.124636459016626455e+00 -3.222504850718034275e-01 4.713614022449131857e-01 3.217497103872676845e-02
-4.313918531643516907e-01 1.143840751677381196e+00 -6.236400028351315461e-01 -9.914639110351148865e-01 -1.679912020474008949e-01 1.850455653184206462e-01 4.077719574017328874e-01
-3.987409547814025901e-01 7.098751545280902464e-01 -1.453506455996215641e+00 -7.176472607266676240e-01 1.716509867652711296e-01 1.265033225562305352e-01 6.818865585987379241e-01
-4.657642353587982398e-01 -9.461259908345101555e-02 -2.094484025020964424e+00 -5.324328198484652441e-01 6.366660492841796914e-01 2.737392690806715323e-01 1.043393546191199617e+00
-5.159060400754404974e-01 -1.062200888291797263e+00 -2.522235000856563936e+00 -5.112051035937968946e-01 1.410664579127403506e+00 4.189745112226148649e-01 1.430494520125534796e+00
-4.346496880182899036e-01 -1.916259302851747170e+00 -2.721662684364203777e+00 -5.476675224650973117e-01 2.232271141959741190e+00 4.376634225513418297e-01 1.728224251735203332e+00
-2.967480702708257811e-01 -2.416758753285719763e+00 -2.648393899444809296e+00 -4.709773470929892181e-01 2.399470904639842583e+00 3.586551937248725341e-01 1.859113395590067164e+00
-1.439700014043400200e-01 -2.487052704700743799e+00 -2.401062384038879394e+00 -2.387706757621868292e-01 1.848460792023933985e+00 1.899857392925118627e-01 1.790286888404545085e+00
2.704289859012148911e-02 -2.083115892692976256e+00 -2.124339311307020584e+00 5.118698622940084930e-02 9.416837885942289654e-01 -1.076800460027352718e-01 1.574122845528111769e+00
1.482502703667572530e-01 -1.372185071442507676e+00 -1.896991843664776134e+00 3.681399650055481865e-01 1.538471787648731659e-01 -4.899486536265556524e-01 1.266555494635700940e+00
2.468615093926037063e-01 -7.113978392443626175e-01 -1.714173125475055626e+00 6.460735597319253731e-01 -2.459621943452380832e-01 -8.455087714368242358e-01 9.634655228068070842e-01
3.953510002925893496e-01 -1.947433298514922861e-01 -1.445112196833230112e+00 7.338734821424088839e-01 -3.690182516516469780e-01 -1.139491592121215424e+00 7.266868563590589414e-01
5.600946193587793553e-01 2.759002964306865868e-01 -1.061448894390308650e+00 6.826575946223141234e-01 -2.653818771971936941e-01 -1.395379468359809971e+00 4.622685385334716623e-01
7.055160754518379207e-01 8.248933198854953019e-01 -6.288737953907292955e-01 7.057634398236838358e-01 -2.225928524787265383e-01 -1.633110555524497354e+00 5.116667706733896842e-02
8.336036858964216423e-01 1.448949744477990409e+00 -2.813276152573825906e-01 8.196805645580701460e-01 -4.780493647247698874e-01 -1.890238367515330475e+00 -3.762560399199109118e-01
8.810706007208108925e-01 1.899574735617702848e+00 -1.843683301481189862e-01 8.758532717926653666e-01 -7.716793736694974593e-01 -2.123669996516782899e+00 -5.145031437122828955e-01
7.082549301659978314e-01 1.949256486837366520e+00 -3.157799472857116263e-01 7.836572915586210719e-01 -8.743451713793068958e-01 -2.161423453662110639e+00 -2.444257964134684546e-01
3.599431630415735328e-01 1.569584949414118524e+00 -5.284784372037024669e-01 5.501431622924060072e-01 -8.836674600726303064e-01 -1.933381821215683916e+00 2.986863106214565633e-01
-3.646096194433839227e-02 9.191416185240915970e-01 -7.511930136480167164e-01 2.218935130577496806e-01 -8.414454906820413305e-01 -1.502381981751208073e+00 9.398906501426561588e-01
-5.430329501212586285e-01 2.330096125814807018e-01 -9.975600021667746509e-01 -5.814398041711035109e-02 -6.538646134128581755e-01 -9.445367070443720925e-01 1.515271312768390777e+00
-1.071065001424442276e+00 -2.740350971189570162e-01 -1.116774830533668883e+00 -1.491000859100392040e-01 -3.676942238298441801e-01 -4.105136768326220209e-01 1.803600061088007189e+00
-1.276556623197427021e+00 -5.010905453150963362e-01 -9.619356396779215057e-01 -1.089372978130210140e-01 -8.001769503428174390e-02 -9.744015012950231480e-02 1.729651244325510318e+00
-1.000778482926456547e+00 -4.748750639138148433e-01 -5.849368567135390107e-01 -6.930679777346644699e-02 3.450331243089666683e-02 -8.207709927633988212e-02 1.411354134369032565e+00
-4.377129173788457672e-01 -2.996662366875865735e-01 -1.063482645224817502e-01 -1.225246489468907601e-01 -1.266704887745600250e-01 -2.575107419809052889e-01 1.028954127291357157e+00
1.177636283851949822e-01 -2.111423655391128640e-01 1.935825859423555284e-01 -2.216404530635622261e-01 -4.177456608593204113e-01 -4.654740890524979302e-01 7.823813236881880240e-01
5.407784665855698281e-01 -3.057449780105381265e-01 1.552181546119077993e-01 -1.841752512997794355e-01 -7.627478730313352884e-01 -6.129576085451139411e-01 6.595092141990313017e-01
8.294988119630282153e-01 -4.319237853510349279e-01 -4.156813131578017406e-02 1.694831835396840361e-02 -1.131114810603367715e+00 -7.089161610485636977e-01 5.372175107187743270e-01
9.405242618736402438e-01 -5.304872997012239910e-01 -2.839698724250250828e-01 1.737081596379795589e-01 -1.253131818262747776e+00 -7.712146850949406218e-01 4.877132062577116955e-01
7.595066520601856386e-01 -6.784672794326287448e-01 -6.560622211233994028e-01 1.163915362213525928e-01 -1.188751987363760865e+00 -6.518009531590539529e-01 6.986442508464810741e-01
2.741132719082970404e-01 -9.978666066053989425e-01 -1.228833029071181748e+00 -1.658647839654101286e-01 -1.248098099219554724e+00 -2.174850327408592299e-01 1.274498913696803237e+00
-3.103535656760442185e-01 -1.511990173158119566e+00 -1.872146585364975024e+00 -6.267500401508371288e-01 -1.162847686720723583e+00 4.194956278717574816e-01 2.042234038799597418e+00
-8.754796771683505119e-01 -2.006477954630315530e+00 -2.298581930686269370e+00 -1.169280789525287245e+00 -6.753601955329903150e-01 1.063750630554815890e+00 2.717986853946145587e+00
-1.328096519167192069e+00 -2.276756554795590581e+00 -2.404335690030843242e+00 -1.691417011232798195e+00 6.005505957295646097e-02 1.543868941795088379e+00 3.166106587491077207e+00
-1.505252784099451846e+00 -2.294890681916860409e+00 -2.263590004512595844e+00 -2.073543730360015935e+00 6.653707981256562487e-01 1.745902616195505574e+00 3.321698193142448297e+00
-1.452587394804853771e+00 -2.117870601753852444e+00 -1.883077410260584506e+00 -2.114441827186526179e+00 8.471845638826059899e-01 1.680543603902420191e+00 3.120672887607618406e+00
-1.268483196075830044e+00 -1.904991797350675586e+00 -1.359140051019446682e+00 -1.807341758116208119e+00 8.589447629862196898e-01 1.432226926439240877e+00 2.644802824266739183e+00
-1.082170801925752768e+00 -1.692334052783394105e+00 -8.751511582177944337e-01 -1.333811881473114358e+00 9.171238582471451517e-01 1.130141452685162529e+00 2.061046826286323519e+00
-1.005219319955289015e+00 -1.298129682405148921e+00 -4.503959036134140281e-01 -7.556508673638467899e-01 9.040829888981246620e-01 8.336036713899469541e-01 1.348986281476252991e+00
-9.648881289216221235e-01 -6.945761536657349966e-01 -7.783782223654950316e-02 -6.841296559352091911e-02 6.761151166259982137e-01 5.460133216742499851e-01 4.597417388453203801e-01
-8.714350418882212956e-01 -4.241029501912836619e-02 2.165349679044679676e-01 6.699888816515147116e-01 2.590176410120901829e-01 3.111425373208587253e-01 -5.250196286988284555e-01
-6.400436859571286830e-01 5.529360241269031251e-01 5.602196233662193325e-01 1.339410952709570557e+00 -1.883947047716674483e-01 1.419764520095727067e-01 -1.537025333141363248e+00
-2.397002562166422046e-01 9.986121011107328416e-01 1.062026330764676896e+00 1.755935194464844917e+00 -5.446189102838263629e-01 3.372356778627062790e-02 -2.418421693793014082e+00
2.617786964840838615e-01 1.122708070116696266e+00 1.589698870225973781e+00 1.859354623553898023e+00 -6.052006947409040993e-01 -4.318557061485221032e-02 -2.954789005838456273e+00
7.945583923094441392e-01 9.562146376965238170e-01 1.972917918831698092e+00 1.830399672658896248e+00 -4.175922189982172461e-01 -1.452569778670923240e-01 -3.198468550611882844e+00
1.275042485894984479e+00 7.642726597326201521e-01 2.130177161977412137e+00 1.813582458066290704e+00 -3.346551926112539266e-01 -3.276408096075183463e-01 -3.272007925275691509e+00
1.532613761772524841e+00 5.722876784398158723e-01 1.990597533363561267e+00 1.817392321943519073e+00 -3.982679583466095519e-01 -5.234048928629985165e-01 -3.104496285903739938e+00
1.401267952336183509e+00 1.927626542645263508e-01 1.527573537300620954e+00 1.775606238479833232e+00 -3.975963856801872365e-01 -5.251042366777453063e-01 -2.604623386433047916e+00
9.009696876796106091e-01 -1.654838556287247520e-01 9.152101847786628941e-01 1.623243775257652954e+00 -1.587847077680215047e-01 -3.510131014030505314e-01 -1.930111830613707724e+00
3.198446263179319238e-01 -9.651908762569029465e-02 4.615286571331219112e-01 1.344267982497481473e+00 2.053866585253510402e-01 -2.742729374064893921e-01 -1.330071244685765208e+00
-4.685282340550732394e-02 3.580896426708521374e-01 2.903002867541004117e-01 9.886261903902345827e-01 3.851513838055580230e-01 -4.056450563901015660e-01 -8.847579046217416421e-01
-1.337032576964488073e-01 8.862543352829835852e-01 2.757817511578578573e-01 6.762648250613138012e-01 4.671415692347912207e-01 -6.251079905788007318e-01 -6.297726431542486347e-01
5.267982521650898392e-02 1.233258194400495222e+00 1.919470141369705174e-01 3.818794492375545691e-01 6.099123033781445047e-01 -8.514987160303872926e-01 -4.559829169068482235e-01
3.929341659748086801e-01 1.280539961052116427e+00 -8.793083694961990882e-02 9.376416026289814687e-02 6.421136536193930988e-01 -1.030428271854472611e+00 -2.083072213099745607e-01
5.971834766914183579e-01 1.106506564662756098e+00 -4.047196237026607357e-01 -7.017257924212272346e-02 4.748920242405645364e-01 -1.054945054262096837e+00 6.441015623738148566e-02
5.261563981498517117e-01 8.103761671562684787e-01 -5.868927897745492839e-01 -1.746351464299797651e-01 3.046745783515872330e-01 -9.333357120762120207e-01 3.617210428998693383e-01
2.631371823617864592e-01 4.458909632971477244e-01 -6.852585583423183024e-01 -3.337495308558849350e-01 2.926740865855709806e-01 -7.068778036881924187e-01 7.233823831143120220e-01
-1.159611116254499058e-01 2.292619963035465724e-01 -6.061239794246483514e-01 -5.404379936596814815e-01 3.691551911938421027e-01 -3.537429617155621875e-01 9.473978093686444835e-01
-4.336922309303717915e-01 3.390219555736075918e-01 -2.705324946815477749e-01 -7.808834413863648960e-01 4.469944092064345176e-01 -7.466664794775287710e-03 8.500540040806265907e-01
-5.178238355586181063e-01 6.277649384618657624e-01 8.594024222105971222e-02 -9.782676922305830747e-01 3.634007752876338149e-01 1.996477965222057949e-01 5.821261859334770916e-01
-3.942509241850226109e-01 8.964130806685449704e-01 2.387624856001352991e-01 -1.005264518839585897e+00 -3.129556724994660838e-02 2.910006624613793447e-01 3.411151915278892166e-01
-9.178285870448033013e-02 1.105487149010541348e+00 1.679623860990568374e-01 -8.287700942255078473e-01 -6.419168369707070054e-01 2.968828343457364238e-01 7.218007539876265810e-02
3.974583507792411319e-01 1.270911266639624504e+00 8.656304150957529198e-02 -6.222723010103343722e-01 -1.132096919752258568e+00 2.410955722779447863e-01 -3.204868249692786053e-01
1.102655011090122983e+00 1.405356316523479032e+00 1.782290428969059426e-01 -5.794040290435734653e-01 -1.175573075058373940e+00 8.004850572321113578e-02 -7.805267779861518873e-01
1.950744304576769395e+00 1.483759836969599455e+00 3.800613512907261571e-01 -6.729884229967045828e-01 -1.087287264123767860e+00 -1.533891915658600891e-01 -1.179696017486865589e+00
2.616117494208904048e+00 1.305833922950453641e+00 5.275920621733424243e-01 -8.312685616713958447e-01 -1.278836682019296012e+00 -2.229812489317674062e-01 -1.288499519139985949e+00
2.793938252839970993e+00 7.400777699594111025e-01 5.619284559516538602e-01 -1.022169977012958419e+00 -1.346167460288241191e+00 1.312881365894847004e-02 -1.056701035516418363e+00
2.466171585950837297e+00 -4.783061883083260940e-02 5.868229604530027510e-01 -1.195487873025118830e+00 -8.855899998157684694e-01 4.564170106534207183e-01 -6.981164416882247314e-01
1.764400614954304558e+00 -7.882806974754611451e-01 7.073379258771238520e-01 -1.244354895739679501e+00 -2.276233262193358975e-01 9.527157480559250713e-01 -4.031002763146870338e-01
9.655366335613890794e-01 -1.195866255371765385e+00 9.427885347294262530e-01 -1.106580024524298267e+00 2.986883120229766875e-01 1.348416980458289061e+00 -3.594660539286025358e-01
3.129337566324137399e-01 -1.164338754564821166e+00 1.199869265118800543e+00 -8.828356712880772728e-01 5.774965381227218364e-01 1.534978804098722005e+00 -5.235642578690752336e-01
-2.573494731042970107e-01 -8.235796800671915108e-01 1.305837870479309437e+00 -6.487432858916012401e-01 5.130052899615600293e-01 1.537440249576610629e+00 -6.220746893513722231e-01
-7.425411619801983720e-01 -4.255282213948100578e-01 1.157051412657176703e+00 -4.924336518526804540e-01 4.060968420436206761e-01 1.390883455884126318e+00 -4.843640944655541736e-01
-1.102240816339441265e+00 -1.121677127858731887e-01 8.658248202364523527e-01 -4.704827376993059307e-01 5.019790606331469007e-01 1.162029376724432295e+00 -1.881451666277984824e-01
-1.422072503031157398e+00 1.690679187590590771e-01 6.845419666075902576e-01 -4.285729278623047755e-01 6.343226052973626183e-01 9.762911034329034843e-01 -2.140623496381519400e-02
-1.691853560763096676e+00 4.228718415140342302e-01 7.304322277017502030e-01 -2.611855400462610999e-01 6.805255178556310902e-01 8.675766754156719607e-01 -1.101995708178646338e-01
-1.911407375522841123e+00 5.708241389530207544e-01 8.545293577225083759e-01 -3.554468980331722261e-02 5.940796651829167718e-01 8.159580365726160078e-01 -2.459861463563578210e-01
-2.048800767844978221e+00 5.260852997823982635e-01 8.314301346807490001e-01 1.399477558395484100e-01 5.597465299243686854e-01 7.771684299725725165e-01 -2.221767938092845951e-01
-1.996267195012942919e+00 3.373634954155890209e-01 6.176143655506032282e-01 1.504156050202393735e-01 8.063679437591425581e-01 7.136121596176104864e-01 -5.234204453032346299e-02
-1.862768450873741877e+00 1.977044646398038175e-01 4.554623367067213158e-01 2.980710228081760726e-02 1.187087449845473763e+00 6.711396056450511516e-01 8.785299702372201258e-02
-1.764127559472528084e+00 1.351367905504016198e-01 6.099684404403465932e-01 1.170827363286777766e-03 1.522560105860141899e+00 6.544425527974896406e-01 1.159823257051720118e-02
-1.663409713948072577e+00 -7.695108263886690780e-02 9.407745685355387577e-01 1.027296505657246672e-01 1.697291506322591736e+00 6.640686847265517834e-01 -1.348295586293330461e-01
-1.643625973263044049e+00 -6.202687447320789360e-01 1.098110968774145491e+00 1.504456894220441154e-01 1.792286197104585810e+00 7.919172674116561339e-01 -2.178847977561783680e-02
-1.764065097710869834e+00 -1.374263254113766264e+00 9.757938856063366195e-01 1.094274437685323204e-01 2.098299912112651544e+00 1.040730203374092167e+00 3.338967954891472467e-01
-2.012234858344486010e+00 -1.981646022440520127e+00 7.268542066050370787e-01 7.816447421174264887e-02 2.535604786080210893e+00 1.325961363327137876e+00 6.673936613003510487e-01
-2.280512681951761156e+00 -2.246227517326274903e+00 4.604097663778229932e-01 5.497229866653904201e-02 2.861803168051328949e+00 1.530517014987581748e+00 8.921450386951803591e-01
-2.267720146915957358e+00 -2.200617374435600571e+00 1.173315635859307343e-01 -7.162261035990473423e-02 2.879261718005827753e+00 1.483794172873114325e+00 1.099770731762713893e+00
-1.810648355438976065e+00 -1.760966252708856317e+00 -2.492604593712978711e-01 -2.510460559728141527e-01 2.336345377353934438e+00 1.104620043918943972e+00 1.176877164574291923e+00
-9.600693382427124556e-01 -8.916093874569112065e-01 -5.073618453179397081e-01 -1.759747404071101695e-01 1.225673734256479852e+00 3.840267683047887126e-01 8.813313463163304773e-01
