-5.497308857564545681e-01 -5.329388703043180797e-01 -1.167729732894089434e+00 -2.387067390955741053e-01 1.617961202327270254e+00 -6.451212089428225438e-01 1.091490892459329398e+00
-1.599552797381278146e-01 -2.190002682621470798e-01 -1.382932627935350878e+00 -2.018768873741770553e-01 1.668407626767516305e+00 -1.057939897992817846e+00 1.008155360696955549e+00
1.281103281046675757e-01 -4.163938248843769216e-03 -1.388398772600060171e+00 2.496142732291811717e-02 1.603684984563005012e+00 -1.174109040838253515e+00 6.936653350766248671e-01
1.523765009302138207e-01 -1.117519923082637215e-02 -1.010034666697736894e+00 5.790647982138877881e-01 1.164905801540840224e+00 -9.346420966071209424e-01 1.746131510002784937e-01
1.199669785965467618e-03 -9.071059375025540550e-02 -3.969063182126429945e-01 1.219638992128185606e+00 4.311151052917036597e-01 -5.616071404646932885e-01 -3.955875206485670592e-01
-2.738904710567228729e-01 -1.483663375690963404e-01 2.326042096080889812e-02 1.598356638142205632e+00 -2.245178441019541060e-01 -2.086083069434137294e-01 -7.065439368491271965e-01
-5.925013240379548574e-01 -1.132271711079040760e-01 9.702970636964668161e-02 1.585046622313338149e+00 -6.528847236973559509e-01 2.421279133296870556e-02 -6.113958552496880916e-01
-7.473224385526374691e-01 7.121797550464825655e-02 -8.068831223709962974e-02 1.159958820169281202e+00 -8.280588970259068482e-01 6.484828093084502032e-02 -2.392867703338966145e-01
-7.711586829745020744e-01 3.140025418252564982e-01 -3.177988128732390782e-01 5.294291964248286630e-01 -6.253289471139393818e-01 -1.403101156040558600e-02 1.685575021006350815e-01
-7.915475401764375807e-01 5.555191781661058537e-01 -5.144075021351296462e-01 -1.181748623235304441e-01 -1.598203804261554284e-01 -1.091271915023179218e-01 4.774016152182277706e-01
-7.536892946008810767e-01 8.929264320762145823e-01 -6.012699684757251140e-01 -6.497623326780006536e-01 6.695002406506851689e-02 -2.239281149771363832e-01 6.154594859792253958e-01
-6.398349045441417138e-01 1.351661205095844531e+00 -4.669556760670958151e-01 -7.652215507878036282e-01 -4.040441963532329095e-01 -4.202538065993326466e-01 5.277598918610931777e-01
-5.521111479335020222e-01 1.666842922081178013e+00 -1.861253569405849628e-01 -4.154646756616107717e-01 -1.366541365053935086e+00 -5.814082638354940435e-01 3.174192995017737218e-01
-6.136486920071335671e-01 1.675629159120512579e+00 1.277583896468410807e-01 9.421970924997871699e-02 -2.100964522594831241e+00 -5.478170949734523232e-01 1.122913203790937980e-01
-7.562377510057486374e-01 1.502038193490072615e+00 4.544597908357793092e-01 5.381998308950565191e-01 -2.396533806134922617e+00 -3.519642657400071650e-01 -1.186724004608975536e-01
-7.368384512053436364e-01 1.067186971352046321e+00 5.750378786012549925e-01 7.692935172618072803e-01 -2.509261540255330214e+00 -6.384614739646457537e-02 -1.928705830385495645e-01
-5.418332077397395308e-01 2.958788160417232804e-01 3.400053517295081318e-01 7.187644852021422004e-01 -2.349769060529956821e+00 2.107760155857616169e-01 1.038049868103972095e-01
-3.353857160311782826e-01 -6.621288111944475530e-01 -6.806909797222783498e-02 4.849050685499003421e-01 -1.883470739610706213e+00 4.073187273984839041e-01 6.352416578302051420e-01
-1.678027561991505268e-01 -1.682728930183419402e+00 -3.563379131796085564e-01 2.195265911307834328e-01 -1.337290172780923658e+00 5.790668145568760306e-01 1.157386879472068086e+00
6.934115018453254620e-02 -2.528383025965957209e+00 -4.159356476207365372e-01 -1.988562493838427064e-02 -8.940645814459050600e-01 7.098976498744066221e-01 1.513711283584205258e+00
3.214792440771864768e-01 -3.009840922382110762e+00 -4.736121329670521796e-01 -4.088289175047877810e-01 -5.722483492530433535e-01 8.575372388264310697e-01 1.778643615843957360e+00
3.508920399134385359e-01 -3.142726799798213122e+00 -5.593698815449646977e-01 -9.324413564672323629e-01 -3.248324410380173943e-01 1.131122077219029132e+00 1.962369713117563252e+00
2.870382947851201072e-01 -2.953267271853865061e+00 -2.890511500634309616e-01 -1.126579809901479878e+00 -3.328491244206251420e-01 1.364183903569542222e+00 1.764837109324000064e+00
3.002308889541853709e-01 -2.508793248284256094e+00 3.419810861098969701e-01 -8.837112574522356656e-01 -4.268822478623723327e-01 1.337971582362315282e+00 1.169283265798903848e+00
2.820806792617336356e-01 -1.909266575206523875e+00 7.766946115531894179e-01 -5.097252251092480035e-01 -2.622361955674894496e-01 1.059445987680730950e+00 5.483297020588308035e-01
2.322818865292045065e-01 -1.189906784174801002e+00 7.357189987595413871e-01 -9.883280457914091210e-02 5.198113403794567267e-02 6.460198523458496878e-01 5.550368089053853149e-02
