2.580628920397878723e+00 1.054561495712518226e+00 -5.259480071362380160e-01 -4.202323107153456416e-02 3.349057645398481609e-01 -2.189356089640882796e+00 -5.270889610421822802e-01
3.084190752861485585e+00 1.317125436418973505e+00 -9.081503433718414176e-01 2.903711876951178827e-01 4.645573756556647393e-01 -2.866264375796343522e+00 -6.739191649783043969e-01
3.029014350454324767e+00 1.257858299184770434e+00 -1.265711662217569478e+00 6.359132990865122848e-01 6.065280674124670091e-01 -3.010281216074137234e+00 -7.227901691773060966e-01
2.514119299235354266e+00 1.032314820702560754e+00 -1.522348759687737196e+00 8.874149094873625687e-01 5.172340183948641590e-01 -2.638394461388289702e+00 -7.121797815969401757e-01
1.740888527838821975e+00 8.246586439284520065e-01 -1.564845071096251372e+00 1.039234278186653704e+00 2.726966212403588163e-01 -1.990025011542459143e+00 -7.403459053892462727e-01
9.565221577583353785e-01 6.906325596842228798e-01 -1.303846431284966467e+00 1.079593042967028405e+00 -3.239726451696595816e-02 -1.271189905132060982e+00 -8.146928597625138213e-01
2.619727908727205179e-01 6.038302483266849707e-01 -8.227661837573679859e-01 9.481659434596996228e-01 -1.852174931978261829e-01 -5.389282612514727511e-01 -8.868378656604045673e-01
-2.364793424354784401e-01 5.242708905710401490e-01 -2.308796681337635659e-01 6.498402061320380785e-01 3.677615855056986377e-02 9.197805660647268011e-02 -9.637348206691646046e-01
-4.449686429677720545e-01 3.866374527555395679e-01 3.387137340139609321e-01 3.418713238072688676e-01 2.786019452580940081e-01 5.275635764976398523e-01 -1.005161089031487487e+00
-5.286022292214452856e-01 1.585041277576816343e-01 6.971204917505535725e-01 1.537915913349718888e-01 2.402726829051199664e-01 8.326251796336823219e-01 -9.279797348520379963e-01
-7.249008272379019457e-01 -1.479559308147815055e-01 8.237750202603579819e-01 8.297099107234605364e-02 2.514434711583889426e-01 1.095746795621284964e+00 -7.526402092835214885e-01
-9.913596605828134400e-01 -4.450954335860073940e-01 8.732346468942056017e-01 7.951232853171893988e-02 3.648830429189465763e-01 1.307836189013642292e+00 -5.765703587808179709e-01
-1.135811198223397378e+00 -6.181379804018656277e-01 9.403500864165291739e-01 9.155202149947513912e-02 2.197900517712752799e-01 1.397741622203253042e+00 -4.163806886155920761e-01
-1.072670202498297032e+00 -6.281516928915654718e-01 1.047955631182532654e+00 8.064057299310263549e-02 -1.735994103572429947e-01 1.328644822689380556e+00 -3.026174427261456579e-01
-8.166039570052704422e-01 -5.910447647044566599e-01 1.160505234922586837e+00 1.682229134295285325e-02 -6.103578231206290283e-01 1.213689880204093630e+00 -2.521162014120663653e-01
-5.679287196139036764e-01 -6.226590734861924270e-01 1.184452595084438009e+00 -5.970206420224493521e-02 -9.887910778258017785e-01 1.161843652299592966e+00 -1.757904635948022432e-01
-4.642462682899254345e-01 -5.812375803566089960e-01 1.140658806830167293e+00 -3.176490581463879692e-02 -1.188241681096621649e+00 1.041917581112434599e+00 -1.274393859892213599e-01
-3.910453803292682773e-01 -3.312887336904946634e-01 1.024474062034551824e+00 8.567825674781222312e-02 -1.127233983877817147e+00 7.419290217030400925e-01 -1.684458860444049133e-01
-3.649981020043855384e-01 -9.787993054131867432e-03 7.924432412038007190e-01 1.827520234545154387e-01 -8.298647198445896489e-01 3.908092855831699630e-01 -2.032592038104044374e-01
-4.186292027061493948e-01 2.124375838113936599e-01 5.268821432004624494e-01 2.596697128110806441e-01 -4.602459853376789090e-01 1.307231072689148954e-01 -2.179307331554307392e-01
-4.182733913668085779e-01 3.900626902919340222e-01 3.118581105034255452e-01 2.845003255375232465e-01 -3.032786690903709892e-01 6.647735850948134108e-03 -2.369966669344481247e-01
-3.856286071096093337e-01 6.327398582408982897e-01 1.577483170112495836e-01 1.989508626273398806e-01 -3.514153750104099250e-01 -6.233247521941522040e-04 -2.574400812792316806e-01
-3.748313792947622347e-01 9.019276689621229526e-01 7.462517769745131979e-02 5.125394536110167848e-02 -4.239503312948112446e-01 3.441615611296329480e-02 -3.156378367317196898e-01
-2.522496636629831257e-01 1.202815433387954158e+00 1.203920697780741234e-01 -8.740002057648016409e-02 -6.581968829927240527e-01 -6.344402883990077173e-03 -4.330572957286955571e-01
1.064502163893203401e-01 1.517968269081006794e+00 2.735557574634618350e-01 -1.304570770654239209e-01 -1.101088904432308668e+00 -2.203666283773062506e-01 -5.838245258634532364e-01
7.013732185924115292e-01 1.703532921458888127e+00 4.588791090216706170e-01 -3.194755890462253056e-02 -1.380627876770034401e+00 -6.061485432982703925e-01 -7.744920902342810054e-01
1.375845693657505420e+00 1.662670614346520415e+00 5.573592787745751398e-01 1.016259322882655247e-01 -1.111144025117970502e+00 -1.053740839234695859e+00 -9.637651770745272461e-01
1.925133599145991248e+00 1.379445011370730390e+00 3.968072001185460329e-01 2.097736055087604246e-01 -4.556440862107797307e-01 -1.380775998316948749e+00 -1.002747162536408609e+00
2.199640426681007899e+00 9.423606947327043404e-01 -1.674301321215481905e-02 3.621034841661887604e-01 9.377188156814122294e-03 -1.472570084886374309e+00 -8.364931162573449042e-01
2.133246472172704244e+00 4.721378023169617300e-01 -5.027298712773816680e-01 5.705095679488353388e-01 2.418111389457214266e-02 -1.353122717221921567e+00 -5.355708026245625808e-01
1.812223614988933695e+00 -1.816537553238058156e-02 -9.552616250953331889e-01 7.141389441168906060e-01 -8.372653108954894452e-02 -1.076509379967222069e+00 -1.584923270680969887e-01
1.309512240068828159e+00 -4.714876409726880269e-01 -1.380806535679498515e+00 6.974709958526276177e-01 -6.131743525894414737e-02 -6.930457075313724014e-01 2.737697555301686902e-01
7.392616066326769264e-01 -7.892228261684541835e-01 -1.686128839276410440e+00 5.744240005516569880e-01 -1.333833787060515474e-01 -3.253090875473701460e-01 7.205439792570134117e-01
1.683215241277719876e-01 -1.020673284420393179e+00 -1.836089824091892586e+00 4.169327892858482043e-01 -2.906511833796857069e-01 -4.409342709304030564e-03 1.121681427704976475e+00
-5.207863643634923490e-01 -1.241225354248474355e+00 -1.983408536503636022e+00 2.327408182659005120e-01 -2.201761135100832323e-01 3.671213322486643893e-01 1.472823626349749171e+00
-1.333366176837340822e+00 -1.532563064885067217e+00 -2.095246202509755129e+00 2.443806785821650996e-03 3.464863565213215091e-02 8.509624031594735794e-01 1.808198542143447662e+00
-2.060285491697665616e+00 -1.825462704113220092e+00 -2.005724370229420739e+00 -2.175333346059631912e-01 5.818594638413540632e-02 1.358126339591422704e+00 2.042738962038106898e+00
-2.490547296686914436e+00 -1.882486324166716685e+00 -1.682869480528426775e+00 -3.789838670639710250e-01 -3.186651295751044555e-01 1.695333838323475506e+00 2.086061721628174936e+00
-2.583627150354411928e+00 -1.688979127932740187e+00 -1.164927906407740688e+00 -5.037974515300235323e-01 -6.922016072214139948e-01 1.743010183102416288e+00 1.961653978977767609e+00
-2.353292571154407486e+00 -1.281371753678598679e+00 -5.170518660730086813e-01 -5.092470188104484263e-01 -7.629698654838921179e-01 1.430653534163174312e+00 1.617968138235923448e+00
-1.922409805379298398e+00 -6.903233648610784812e-01 8.485337542207355144e-02 -3.572845824001701920e-01 -5.941542043222112213e-01 8.331018287700757696e-01 1.109617539748191772e+00
-1.533367102619348055e+00 -1.625352461273292803e-01 3.915426347123502349e-01 -1.611483996961753096e-01 -2.046381677643563102e-01 2.010325027414208710e-01 6.792872695342120348e-01
-1.283461382557045116e+00 1.431854646805671982e-01 3.518900803629173568e-01 -4.684018128068197229e-02 3.505063571959645130e-01 -2.586327680202075152e-01 4.459428143809816003e-01
-1.156898399954277679e+00 3.340437668113182546e-01 1.654728850680371455e-01 -9.545106630225363986e-02 9.429113283742164286e-01 -5.158180788419032270e-01 3.593812643097297199e-01
-1.108636966229426202e+00 5.292888349967678208e-01 4.369488460919046524e-02 -2.508474595702684939e-01 1.476588607749080628e+00 -6.795146497192131596e-01 3.106671557314024112e-01
-1.048345894104738552e+00 8.021784074271443021e-01 4.558993962053357885e-02 -3.938446840944140326e-01 1.767491775980319701e+00 -8.368030285010833458e-01 2.470490518797287816e-01
-8.950910856475264854e-01 1.302775130002438608e+00 1.828607054815207800e-01 -5.238136482853783527e-01 1.696903123483199272e+00 -1.050942629176901510e+00 1.234497364229295846e-01
-6.001767909614943441e-01 1.950042272311343083e+00 4.624882682802847200e-01 -6.791576697420247388e-01 1.515466286812913621e+00 -1.303562145288742258e+00 -1.368622049668813123e-01
-2.221845855081983068e-01 2.359462195256216255e+00 7.113968552971099424e-01 -8.548195866603244264e-01 1.541327823137890185e+00 -1.425458353735446160e+00 -4.199778516114580640e-01
1.810780855517325483e-01 2.328882808556206552e+00 7.605047746943339737e-01 -1.067320838133234417e+00 1.687208563243832948e+00 -1.362931691667754741e+00 -5.166313781588118825e-01
6.642874123359890914e-01 1.986500399941159900e+00 5.829868190305073083e-01 -1.182757338834757421e+00 1.564116888198894273e+00 -1.230696815196510530e+00 -4.569290126126098195e-01
1.039728270932177345e+00 1.528212009585984354e+00 1.090842728522039423e-01 -1.082935137115722091e+00 1.187486227528490534e+00 -1.020431535989814398e+00 -3.112433258873690267e-01
1.102542446787541763e+00 9.369456352690812562e-01 -6.152174965464866085e-01 -9.453570216481047561e-01 1.019576810611516615e+00 -6.656334692034693301e-01 -3.159147302604043556e-03
9.864006826798228378e-01 1.152990436369896454e-01 -1.297587169336089863e+00 -8.890000463822059773e-01 1.151353011610425803e+00 -2.431319763237632381e-01 4.587369795947145446e-01
7.426364212607857729e-01 -8.520622440516067986e-01 -1.684023209820688649e+00 -8.134052513753093905e-01 1.333234715756036248e+00 1.678196564282153913e-01 9.313850893588004887e-01
3.991683969180412350e-01 -1.776491804579100275e+00 -1.712231845078522996e+00 -6.766589605564831134e-01 1.484271196406735438e+00 5.280559644408687747e-01 1.278046061125679422e+00
2.023260472935561050e-01 -2.398707169634614278e+00 -1.431757262369136141e+00 -5.276700300664312060e-01 1.510167751273927106e+00 7.110318575227327909e-01 1.407091081836801871e+00
2.541630827700935291e-01 -2.617231162477596573e+00 -9.940434523515787602e-01 -4.172860855201529495e-01 1.210667465042000179e+00 7.066208867164468499e-01 1.371804179160527992e+00
3.714119843593456372e-01 -2.679959652415808691e+00 -5.357640523830367041e-01 -3.484557928176336139e-01 5.337395495280006230e-01 7.457152986005286532e-01 1.324095258153574317e+00
4.428874461663450113e-01 -2.805187546781588104e+00 -9.614873897653811174e-02 -2.326704588046807354e-01 -2.775758176140944999e-01 9.459407584403595193e-01 1.237000650455996942e+00
5.002958805726495095e-01 -3.002011222361612219e+00 3.168942573654454642e-01 -1.036351305739195011e-01 -8.485158069506268941e-01 1.248850794466620062e+00 1.053235929446058705e+00
4.726335920776335575e-01 -3.162783152574109913e+00 6.704159531710731645e-01 -3.313650869583129044e-02 -1.218394797668882923e+00 1.587322969894900959e+00 8.785943304467658255e-01
2.793059590104394752e-01 -3.173311233406963527e+00 9.003706067415495617e-01 1.238145197135074628e-02 -1.545316855372149023e+00 1.891783296956688565e+00 7.751179546933795184e-01
2.673864379729670032e-02 -2.939896599699727719e+00 9.860274603425035478e-01 1.874159507650677986e-02 -1.584609032817553720e+00 2.081894117380149734e+00 6.374168992998413552e-01
-1.903696876229339641e-01 -2.429944541185645956e+00 8.954275850725965658e-01 1.645519385350522473e-02 -1.294130230562899220e+00 2.103788063738018188e+00 4.178860623659613749e-01
-3.307647327598304821e-01 -1.743728140615100397e+00 6.317593775212481111e-01 8.435832132437284803e-02 -1.181721923561765308e+00 1.962457477737642453e+00 2.037828011120595140e-01
