7.877978497795167234e-01 -2.565567758918833596e-01 -2.016392415680665906e-01 -1.031644253082622864e+00 4.332669332070711032e-01 4.804708635246797699e-01 -5.284894807721370880e-01
4.217671942273729657e-01 -2.238403844729545678e-01 1.260892883437803313e-01 -1.360737783834421899e+00 1.698933464773443036e-01 8.021072046726565041e-01 -1.984994218580527214e-01
-7.050860593957457290e-02 -3.243408277564441972e-02 4.838703137679078448e-01 -1.485708280534170589e+00 -1.361884755265265201e-01 1.067284437667058494e+00 4.086319004656753795e-01
-4.173479683234483373e-01 1.243296100008479677e-01 8.598428722226925114e-01 -1.429410526631044842e+00 -4.045099220464308809e-01 1.291896930525445519e+00 9.984520434571881875e-01
-5.730250610084876017e-01 1.843636370256702961e-01 1.190713757003786899e+00 -1.209440159078617461e+00 -7.382759263490230595e-01 1.386797814094692161e+00 1.342699186876008755e+00
-5.379107600234304121e-01 1.667662556955076536e-01 1.413283307065172245e+00 -9.843562306533684136e-01 -9.233509671300101918e-01 1.335801500425557897e+00 1.373983376223094410e+00
-3.020351986513670761e-01 9.961373198456606459e-02 1.446182879010164735e+00 -8.037133483033225279e-01 -8.342452433149298852e-01 1.201763640496839258e+00 1.145186234707014306e+00
-1.460311544103382216e-02 2.135071260888010344e-02 1.283583579495903182e+00 -5.497473849537514168e-01 -7.790858132802956915e-01 9.896528132188706639e-01 8.396324500011501657e-01
2.471938733102303776e-01 -2.242956137757303597e-02 1.038991609157810858e+00 -2.344365199359473850e-01 -8.301849605637605656e-01 7.630338116738367704e-01 6.499726142394988138e-01
5.004634519682573668e-01 -1.914916955553691916e-02 8.211946664135553187e-01 -3.554446458970066114e-02 -6.408375331795979069e-01 6.056749826448323271e-01 4.677681226883929066e-01
7.087268123167858036e-01 -2.521805215812913600e-02 6.389185857774736244e-01 -8.287642896549859972e-02 -1.293932446435183958e-01 5.498034277154492111e-01 8.057701512311424286e-02
9.285841148374185394e-01 -1.899328508180151698e-01 4.144474622905863770e-01 -2.657912217733515714e-01 3.789496579638531593e-01 6.615436978797435419e-01 -3.887054260009521478e-01
1.239943194255759273e+00 -5.589032030101188653e-01 3.901203454948035804e-02 -3.860536263667867507e-01 6.898279502976651933e-01 8.642611921254510499e-01 -7.512574455881027014e-01
1.503576420756222332e+00 -1.038206236283950368e+00 -5.496022802167392918e-01 -4.016423987588829680e-01 8.974589052239085873e-01 9.209517521556158659e-01 -9.914385133434847619e-01
1.578887749988608036e+00 -1.453028589689151273e+00 -1.213369592218994875e+00 -3.002740939011565025e-01 9.571199137960511028e-01 7.795743015687245370e-01 -1.039283600059343060e+00
1.548220035308908837e+00 -1.589514377404945611e+00 -1.708441402936609066e+00 -1.110493812514529027e-01 6.472502843867030675e-01 4.881573034061414962e-01 -9.026122291913238893e-01
1.494753017560196851e+00 -1.500975537701536355e+00 -1.966127090876719441e+00 1.171595491366562020e-01 1.993813383721980137e-01 4.207430522076798310e-03 -8.357968242256057501e-01
1.390484511740460505e+00 -1.357994957884517184e+00 -2.004546295114379095e+00 4.096224125918560555e-01 -6.850533933068508885e-02 -6.272936823266394013e-01 -9.503387547268743463e-01
1.186326441722229896e+00 -1.075875203164486926e+00 -1.803823051290379231e+00 7.279876647071195084e-01 -3.756014292884227723e-01 -1.276289530038334785e+00 -1.115730117488895168e+00
9.587575996691736213e-01 -5.827089679704348102e-01 -1.527874438991426276e+00 1.062395340991075354e+00 -7.755938899376261242e-01 -1.896734315607356391e+00 -1.252539611151423760e+00
8.212448840393293814e-01 -2.421791873026171715e-02 -1.454225877850693571e+00 1.333099251504725524e+00 -9.671403689351260047e-01 -2.482078607478386711e+00 -1.353081739936847994e+00
7.269535396544279937e-01 5.037925651312574749e-01 -1.494757493128137771e+00 1.383184626694892172e+00 -1.001633466894795044e+00 -2.943188199440271102e+00 -1.457935037341969275e+00
6.132846785033603254e-01 9.939923105005070703e-01 -1.400236786563248570e+00 1.280030483553822984e+00 -1.106175420014996025e+00 -3.176043485606879102e+00 -1.627978383830080977e+00
4.634422436642109955e-01 1.397398862587917900e+00 -1.190538003572206627e+00 1.157995760859718892e+00 -1.007683083810656965e+00 -3.174765025728194079e+00 -1.800031771091014310e+00
2.463947976995215505e-01 1.648139476218258848e+00 -9.693259245537214630e-01 1.045128127401755647e+00 -4.851423914801877291e-01 -3.046004048721714597e+00 -1.807018865187395962e+00
7.224478154288319076e-02 1.724849116586835152e+00 -8.276512209241352336e-01 9.253357107118936886e-01 1.828853435989526155e-01 -2.844058037562190666e+00 -1.549553684711589829e+00
1.753391211969416649e-02 1.631283251276949064e+00 -8.362547955901719066e-01 7.715695367110133596e-01 7.116523655878178589e-01 -2.576635962593678109e+00 -1.131978008022145321e+00
-5.098027522676152473e-02 1.452923909754257004e+00 -8.575959612205613647e-01 5.795349275935733901e-01 9.305160788885643575e-01 -2.283561865492605758e+00 -7.333137749498288560e-01
-1.322911308007126974e-01 1.361049325253053555e+00 -6.683882683791697588e-01 4.708998771718275189e-01 8.161194204845230171e-01 -1.911686560981195271e+00 -3.649762471308010681e-01
-8.834342716364293469e-02 1.366872545444064224e+00 -2.891443769200956471e-01 5.506747773672377999e-01 3.856509046773360372e-01 -1.448350217230349513e+00 -4.470832337608969531e-03
6.272087503209740345e-02 1.339520390310897868e+00 7.258684245408182634e-02 7.455655056443903916e-01 -2.272692239560297756e-01 -1.020938199668102841e+00 2.375785056008045404e-01
1.543295007392269380e-01 1.237369935433164203e+00 3.238892163426430049e-01 9.195861881149711703e-01 -7.906989319982988818e-01 -6.865504129988105886e-01 3.182474509973767796e-01
9.242011842721251091e-02 1.081630633151051901e+00 4.885257487343722671e-01 8.828539934574861636e-01 -1.239467457869645628e+00 -4.198962395394554847e-01 2.995028457453223214e-01
-9.417695993993871820e-03 9.201946578575045388e-01 5.801737568327132166e-01 5.538273449065111986e-01 -1.365539229188230452e+00 -1.869517407450538571e-01 2.112997402085656784e-01
-9.700843348844687131e-02 8.916392931980867687e-01 6.120692639882271413e-01 1.825768757208270365e-01 -1.125000633583457699e+00 4.652023147726386948e-02 1.600568906835082295e-01
-2.754357227022953269e-01 9.446737161997144083e-01 5.392332616553967561e-01 3.924318177948649122e-02 -9.239044255433440656e-01 2.345169315017331113e-01 1.708520272016282593e-01
-4.872057099272334990e-01 8.316221009829664057e-01 3.568173612365829195e-01 8.219908155103537728e-02 -6.648005653559584394e-01 3.503086594614238658e-01 1.108091032116926972e-01
-5.900189290329570513e-01 5.485746552802331921e-01 1.850632306569803265e-01 1.710667475084750588e-01 -2.284162451906218694e-01 4.544077770055140464e-01 -2.103149313978780466e-02
-5.972659680427242490e-01 2.631090309127174232e-01 7.445298080294082688e-02 2.423619375572771684e-01 2.835279411513854167e-02 5.504524341236771701e-01 -1.758897153500470767e-01
-5.943814543312817555e-01 5.030660208581928805e-02 2.428118918165335371e-02 2.782281020524214332e-01 2.088525695979178698e-01 6.088474203197781209e-01 -3.364315909865555621e-01
-6.090667175355147789e-01 -9.097622243068005654e-02 1.344843947106148518e-01 1.710402748989136024e-01 6.166719149933298505e-01 6.381644609158870773e-01 -4.708446637301144100e-01
-5.999421393120127899e-01 -2.152763040034512132e-01 4.555709271663838100e-01 -1.578042725966106175e-01 1.306164062688494276e+00 6.269393804283851512e-01 -5.652564499985558433e-01
-5.613245044838743869e-01 -2.916684968960474023e-01 9.148443329519545530e-01 -4.100414927500364293e-01 1.812716286710962077e+00 6.135313989616221209e-01 -3.516865467010475976e-01
-6.476219002287328941e-01 -2.548572410567021551e-01 1.422025154888772125e+00 -4.028915766148474242e-01 1.640047846132240750e+00 6.332103743487569325e-01 3.933479257545472452e-01
-9.913960343213158444e-01 -1.580900906083826940e-01 1.882695034600555095e+00 -3.963208817313991772e-01 1.060459751431644948e+00 6.192703732135295125e-01 1.282230828887791718e+00
-1.354681922112328740e+00 2.082629552912617504e-02 2.204296369001858658e+00 -4.378409427495373873e-01 3.860148626323759991e-01 5.455849396012518726e-01 1.948119641752752873e+00
-1.415341047441424305e+00 2.289147116555357298e-01 2.276985094750626715e+00 -3.813068380607156915e-01 -2.114497819880513108e-01 4.563196777492254941e-01 2.362691822667285724e+00
-1.219801869687679785e+00 2.793902083309671713e-01 2.039366605338267302e+00 -3.296791549802318144e-01 -3.902344830226014416e-01 3.823499563344410213e-01 2.435735687445409692e+00
-9.691301480660727830e-01 2.404790707383231418e-01 1.564013673313574992e+00 -4.109695279610795504e-01 -1.894534308429352554e-01 3.434915387376727414e-01 2.141069354782055623e+00
-7.213602921500628096e-01 2.837659159019434441e-01 1.000494177520451444e+00 -5.508519161865015334e-01 9.580956474808789702e-02 3.920265319095348477e-01 1.675239472683249353e+00
-4.608104816985728047e-01 4.107582131399491465e-01 5.152802666976394885e-01 -6.251892866862805986e-01 4.236469576741916376e-01 5.670475947250723792e-01 1.291331505083031184e+00
-2.338028885450274541e-01 4.943725470357105967e-01 2.162554989171203146e-01 -5.908383975445619107e-01 8.096008450602286688e-01 8.002201486837200450e-01 1.029494870863294276e+00
-1.081155214511309720e-01 4.506027806090199817e-01 1.138543621292391339e-01 -5.046301178612073723e-01 1.149637044716420586e+00 9.600251889284867612e-01 7.704213281724808793e-01
-1.283470343959924043e-01 3.443248804088099302e-01 1.218586488842933052e-01 -4.323871635569419558e-01 1.164338818740654924e+00 1.031953466627612004e+00 5.774443126702851758e-01
-2.987921740453416408e-01 2.951037838920694267e-01 1.274501939104638326e-01 -3.257345694995426033e-01 6.931490136320396234e-01 1.141837670928426363e+00 6.235618071582051947e-01
-6.186024487251567949e-01 3.180884052203801771e-01 1.250828125407945635e-01 -1.823838416956813646e-01 1.760142528103198489e-01 1.282276586955401587e+00 8.502552608928366507e-01
-1.029778914549766000e+00 2.903845423070853249e-01 9.845913847575200883e-02 -1.076900865511197514e-01 1.520595840791307343e-02 1.355683229857132632e+00 1.019936953213825381e+00
-1.409043677996750787e+00 1.930538196300225773e-01 -8.370713092051696239e-03 -5.828869816845204388e-02 5.359078819807393951e-02 1.381540019611720016e+00 1.070416420906770361e+00
-1.716847609860368662e+00 8.258748717481277646e-02 -1.720875495652662568e-01 6.659457576181368813e-03 4.163763448146634572e-02 1.313258306505813877e+00 1.098598827632768726e+00
-1.928258814062280946e+00 -6.675759779860310217e-02 -4.038165654017789041e-01 -8.400700257580323571e-02 -2.359406307164086392e-01 1.101274044536171060e+00 1.051360541190804021e+00
-1.952365898404115896e+00 -2.464126990943713291e-01 -6.634667784384461475e-01 -3.043957518273952556e-01 -7.472045944497534009e-01 8.730230470725409697e-01 9.242956613121410259e-01
-1.729034295737064131e+00 -3.103323496420803962e-01 -8.394002647898581859e-01 -3.679111969454098574e-01 -1.137287772056521540e+00 6.875394327763481028e-01 8.508233095417292446e-01
-1.312662174371539425e+00 -1.697460391003809133e-01 -9.664621797196205621e-01 -1.777774616781493122e-01 -1.175298863268364746e+00 4.750203466563985288e-01 7.763671878064308807e-01
-8.128102690976384270e-01 7.851822348304014765e-02 -1.091284871418648939e+00 1.653175295611096218e-01 -8.970908838992370793e-01 2.222134702612863222e-01 5.597419313565934473e-01
-3.461042081346525356e-01 3.079624547275410240e-01 -1.139524940659788044e+00 5.940936341957417932e-01 -4.342278788205873319e-01 -4.109079752952400806e-03 2.613348399370148956e-01
5.373911749508263058e-02 4.729725726737443736e-01 -1.021729044223323779e+00 1.048841522708594987e+00 1.320592403513877744e-01 -8.149471255391892155e-02 6.478479827268618374e-02
3.709938220682599264e-01 5.372690992293835954e-01 -7.539987799504120902e-01 1.316123638122806305e+00 6.909322339950371150e-01 1.103952700282506694e-02 -6.822953268283726835e-02
5.622703494990436424e-01 4.759504252027670912e-01 -4.583929257230811571e-01 1.186363164982189966e+00 1.107831093268784262e+00 1.102380464706052970e-01 -3.243177891068586005e-01
7.197477869250068494e-01 3.663532149351111378e-01 -2.141066829870224009e-01 8.186168033279455081e-01 1.426972295180350514e+00 2.347361864271607299e-02 -6.965081725402444413e-01
9.402202971705452272e-01 2.027844798001541271e-01 -4.933805468789404652e-02 5.704964087208760359e-01 1.768750478266108539e+00 -2.888731787472199053e-01 -1.022932103506601464e+00
1.177851141411208502e+00 -4.580263346815745262e-02 -1.473346235642680226e-02 4.801154091357048848e-01 1.940714097934272742e+00 -7.325233712875882652e-01 -1.255091499111697706e+00
1.325871315675447804e+00 -2.385159387421257327e-01 -9.828770419819501947e-02 3.921886715710990456e-01 1.628878014214341752e+00 -1.195203794752713655e+00 -1.457535172848470229e+00
1.351442254274415777e+00 -3.177887401310837689e-01 -2.159733726052978087e-01 3.957615428579199790e-01 8.134023429683182593e-01 -1.553814118753189311e+00 -1.551049804664847320e+00
1.297737117104550419e+00 -4.000997856909769834e-01 -3.147460536435587319e-01 5.374233021329677396e-01 -2.094717356118159235e-01 -1.751576143113225514e+00 -1.491865586672405763e+00
1.233860192901945263e+00 -5.728525001244860748e-01 -3.862665853135023308e-01 5.285750211779215446e-01 -9.849028343981530709e-01 -1.768938427551108195e+00 -1.437756414583161391e+00
1.189722093143626092e+00 -8.783316891248056368e-01 -4.346050152632253694e-01 1.875605789005848345e-01 -1.261260381280588483e+00 -1.570582038969512650e+00 -1.428873174794885514e+00
1.112981560040452900e+00 -1.212598208280208922e+00 -4.806166377097410569e-01 -2.926625656572063860e-01 -1.102897345068689861e+00 -1.189377213272444944e+00 -1.350384075200272926e+00
1.004382214094657666e+00 -1.373477155026620711e+00 -5.313700179932764334e-01 -7.287566695845552056e-01 -6.403048876396070233e-01 -6.640636386636008526e-01 -1.146697151591394181e+00
8.693991271510096430e-01 -1.356704337039597030e+00 -5.557671695764897501e-01 -1.106090664293486014e+00 -2.628092666813520717e-01 -9.189821654905470927e-02 -8.787124546288277438e-01
7.795917269604809574e-01 -1.233047244500731221e+00 -5.660420685116208661e-01 -1.397921358724767860e+00 -3.015424629350869634e-01 3.907886185766540899e-01 -6.252425354231569976e-01
8.374222388378088633e-01 -1.046170513446667671e+00 -5.623978711444083123e-01 -1.537412569078271396e+00 -4.830823401374924053e-01 7.606262034219793966e-01 -3.619339131076494964e-01
9.247444993873010777e-01 -8.801640114942729243e-01 -5.667015672968439555e-01 -1.502827739450211419e+00 -5.515357157038133229e-01 9.949051735075243874e-01 -8.621169704623575514e-02
8.921753869875701515e-01 -7.192047096730860289e-01 -6.274781822252936125e-01 -1.273103895282194475e+00 -4.854110959502631606e-01 1.091233335954261419e+00 1.937143359565150769e-01
7.113243682266037204e-01 -5.048181194145437978e-01 -6.982100699195528115e-01 -8.876782591228429276e-01 -4.297771821415726778e-01 1.031379404964726465e+00 5.272706863801061017e-01
4.481854946977167908e-01 -3.209632697642642030e-01 -7.257219593541429647e-01 -4.972388864107329942e-01 -4.873424245873499983e-01 7.919659485009056255e-01 8.514940826054875345e-01
2.081147389724470331e-01 -2.885561209966982510e-01 -6.785116527021664012e-01 -1.911254774306593573e-01 -5.903389964470397988e-01 4.753264469408990389e-01 1.014837425519913294e+00
5.466538077304479437e-02 -3.534255081155882605e-01 -5.895154440527123896e-01 -5.285092998871521175e-02 -6.303900319131521268e-01 1.204189296123242547e-01 9.369515653303583935e-01
3.582663944232258174e-03 -3.826410428650431350e-01 -5.318027056181343637e-01 -4.945330898150743226e-02 -4.284984897665247150e-01 -2.958135539452007579e-01 7.173268608925185141e-01
-6.589222118986813072e-03 -3.126973482700052265e-01 -5.082063940565191285e-01 -2.347449241698072731e-02 7.997975958734272750e-02 -6.967569124648306245e-01 5.245403515183507670e-01
-1.088615745871447521e-01 -1.602219402481101229e-01 -4.986669920527096456e-01 6.731385073345964865e-02 7.635753518012691199e-01 -1.029896823981777398e+00 4.402904347726879219e-01
-3.369045208019724735e-01 1.769859671270276186e-02 -5.129301052697697871e-01 2.448242017579933538e-01 1.205818892011186305e+00 -1.269770914578694399e+00 4.534387062345209274e-01
-5.345666282606799102e-01 1.322851016799836410e-01 -5.255261503514463417e-01 4.419684332274343430e-01 1.289903706807250527e+00 -1.362572218395207146e+00 4.298501103729751027e-01
-5.044569798320593934e-01 1.006213121333643656e-01 -4.781264852908528318e-01 5.402222687511449850e-01 1.367813132907221174e+00 -1.248244589660369330e+00 2.706282739456437603e-01
-2.697309955483922495e-01 1.403494363182586531e-02 -4.283331389449430149e-01 6.085422152357974346e-01 1.485180755168101552e+00 -9.493984506145406455e-01 7.108036676278706167e-02
-3.257770209551816287e-02 -1.884744775410716194e-02 -4.495147482128383776e-01 7.147143456687566898e-01 1.535297542066865306e+00 -6.400560191254088815e-01 -4.396556995350610342e-02
1.890046002871135222e-01 2.381765496922213024e-02 -4.657932392839043700e-01 7.992316642612461441e-01 1.691447795081301164e+00 -4.077777979987539103e-01 -5.580731741691604547e-02
4.512459206086769092e-01 1.708183118745661977e-01 -4.190918567572428088e-01 7.936824140193391441e-01 1.949743143515515253e+00 -2.305628462062563333e-01 5.264692261989993571e-02
6.477294425423260060e-01 3.529061672361283875e-01 -4.030768696764771564e-01 6.982978921530718086e-01 2.086678728846895314e+00 -1.548430204514154307e-01 2.096974686112999253e-01
6.364101563799899886e-01 5.476855764287811290e-01 -4.616933548556899636e-01 6.011442361395991085e-01 2.002623047167997772e+00 -2.518602357084420706e-01 2.502503055875480165e-01
4.034749448420985596e-01 7.749242708932095880e-01 -5.124414236238264975e-01 5.932838916708844668e-01 1.632325935171564213e+00 -4.595014178992968268e-01 1.593223127673162876e-01
6.994029319477143569e-02 8.867848434201204277e-01 -4.682434746892432664e-01 6.781332380329102572e-01 9.277451697058816116e-01 -6.351253346003037370e-01 -4.313333098066498422e-02
-2.637381115894945061e-01 8.656691631156829825e-01 -2.581292052099353196e-01 8.283606531675977713e-01 1.864704748910439927e-02 -7.535173629063571799e-01 -3.117878921060658337e-01
-5.335257282561091108e-01 8.351814113951618879e-01 9.404608450226760452e-02 9.521046182060495244e-01 -8.291414717655544164e-01 -8.461527951504098644e-01 -5.123141416404289883e-01
-6.243441259957424050e-01 7.398630979400926400e-01 4.431125978020503120e-01 8.998893608549249912e-01 -1.490797121056203656e+00 -8.675096437001534877e-01 -6.379695625255872304e-01
-5.122672359293707345e-01 5.331046476366015918e-01 7.005248760531488372e-01 5.840293247031204116e-01 -1.804469638682309141e+00 -7.764206399773695422e-01 -7.255864213537619456e-01
-2.954144112928474009e-01 2.761751620337767887e-01 9.242911479896311899e-01 8.865312939235238388e-02 -1.670987545803952923e+00 -5.509025113259233830e-01 -7.188665371000149129e-01
