1.523519371849440807e-01 7.897443786909625896e-01 -1.599415199112383501e+00 2.246134466926401618e+00 1.168647587832096768e+00 -7.028601273566932317e-01 -1.287483932753757665e-01
3.716619607847642670e-01 7.125269573866830353e-01 -1.907537342328182728e+00 2.336522337724634912e+00 1.247335409559061858e+00 -6.529962365756468712e-01 -1.539793672709131034e-01
6.203983859539848877e-01 6.044907639289546220e-01 -2.114949017256802399e+00 2.118383061381876598e+00 9.907851590593070856e-01 -3.804285672018166697e-01 -9.863290654355574838e-02
7.647214222966249864e-01 7.110289123105197895e-01 -2.049063426197148097e+00 1.926619627858708661e+00 6.280539742805312242e-01 -2.226047429211965856e-01 5.280032157280509925e-02
7.229486204619144374e-01 1.059846396553259407e+00 -1.636702548945864422e+00 1.932904998165418942e+00 2.111770984785257543e-01 -3.610474413592049681e-01 2.061109058788183623e-01
3.743833341377710844e-01 1.631114869330919426e+00 -8.909206353886169882e-01 1.991485030149234836e+00 -1.756456976160541694e-01 -8.290142551973233020e-01 3.491076346720527468e-01
-4.394486677565219157e-01 2.382486943323327999e+00 1.100300072285123193e-01 1.906916240675567975e+00 -3.508497867556449323e-01 -1.589791742285754594e+00 5.689980383640316219e-01
-1.616769286855139098e+00 3.157019902346478890e+00 1.231053497463728386e+00 1.588332489789632929e+00 -6.045682629357644888e-01 -2.394432764305473693e+00 9.423713325896511117e-01
-2.780466572153493576e+00 3.735120650072395243e+00 2.207351722704269381e+00 1.141619902511697093e+00 -1.257475605625616222e+00 -2.892488178881815752e+00 1.466164673009628272e+00
-3.442991858409458761e+00 3.852066058624864286e+00 2.762165584777905192e+00 5.902296584136308422e-01 -1.954660012293838234e+00 -2.892321651132978566e+00 1.788305383440890628e+00
-3.282893242741373285e+00 3.414515365072252173e+00 2.816944676058159569e+00 -1.784205131910712727e-01 -2.005130666107568072e+00 -2.418662005729312003e+00 1.548820678353611147e+00
-2.469758097165658306e+00 2.536415191870278196e+00 2.438670561679377791e+00 -9.862424366966630052e-01 -1.363667464946107355e+00 -1.702421626854501602e+00 8.924042691972668973e-01
-1.380103288811002971e+00 1.332751642571708084e+00 1.740101204449468586e+00 -1.557388110082347454e+00 -5.647158844612852890e-01 -8.826165492693037740e-01 2.398207539082691242e-01
