-3.363393972775635676e-01 5.863546594104148552e-03 -2.887761445024138451e-01 6.939891506259245890e-01 6.694457231629798999e-01 -8.905566603463559161e-02 4.757086670130143691e-02
-4.792305218987178428e-01 -1.118460742080217007e-01 -4.205396874237035121e-01 1.093144449127260831e+00 4.106522892083808163e-01 2.724012038915825107e-01 1.721030534715667915e-01
-4.650047162648641708e-01 -4.308164911987986123e-01 -7.255271577524158300e-01 1.260250143377428689e+00 6.910343321588618970e-02 7.785735369270631034e-01 1.268363297388298006e-01
-4.688971850803006491e-01 -8.271131065833716711e-01 -1.034071415081346368e+00 1.279353097961646313e+00 -4.980263827737205218e-02 1.211225408115097268e+00 -2.263840215234919420e-02
-5.877699918809770052e-01 -1.152116661422699417e+00 -1.086132489123661005e+00 1.245113615919150485e+00 -1.523160509328966850e-01 1.439000854715651645e+00 -2.588063556919412492e-02
-7.420702891451774752e-01 -1.275771775369714423e+00 -7.725101749160286912e-01 1.237293572874515357e+00 -4.656904869468062591e-01 1.364238132669495895e+00 1.675687270365448511e-01
-8.224018420289024300e-01 -1.134308064000359773e+00 -2.315814545666168844e-01 1.234831922923358860e+00 -7.721531001186895393e-01 8.920878947433378281e-01 3.863314769999461329e-01
-8.040022444987104944e-01 -7.626542256030741651e-01 3.853684007433262337e-01 1.281983238018419291e+00 -7.971380250388625521e-01 1.539097617320233646e-01 5.489851745016600670e-01
-6.831822843544130830e-01 -2.572291233657592602e-01 9.759376167427937787e-01 1.354168815846577667e+00 -6.921904540130716654e-01 -5.914479625777625538e-01 6.749541840127394332e-01
-4.086627935035185843e-01 2.265281409238257826e-01 1.418564748217057581e+00 1.281436299020680458e+00 -6.753138433693702813e-01 -1.176889377863192809e+00 7.888768158214217729e-01
6.861783638106365435e-02 5.735128323754266066e-01 1.722482327726277962e+00 9.521157644683053700e-01 -5.701025879212159309e-01 -1.479940632140856138e+00 8.000157544175153790e-01
6.314008001278149651e-01 7.130329434383426701e-01 1.945806204768900871e+00 5.077698692295923300e-01 -4.405629071747494407e-01 -1.496043954102922235e+00 5.472806025147388675e-01
1.046893731410525552e+00 6.123958825664392869e-01 2.042998043081495130e+00 1.081194979574746362e-01 -5.785490079415318565e-01 -1.359055116375487371e+00 7.957351681474719718e-02
1.242792041378288914e+00 3.578116530240957327e-01 1.953895285033450335e+00 -3.230871417762943842e-01 -8.373588435893427606e-01 -1.082328518961048536e+00 -4.056359550821354576e-01
1.249173179452410798e+00 7.182674033553909654e-02 1.683017152723926602e+00 -7.053802409175895516e-01 -9.834015746012456649e-01 -6.977355777517844082e-01 -7.203279395435718824e-01
1.117415979964582640e+00 -2.057960480994218688e-01 1.317633858358056687e+00 -8.926311525826140514e-01 -9.995725682212733831e-01 -4.040155719883922192e-01 -8.442633466826885424e-01
9.611094293440892722e-01 -5.018924399905444478e-01 9.897915892442029628e-01 -1.096214103313782662e+00 -1.013178777264525321e+00 -2.242599672242474862e-01 -9.545634399924033398e-01
8.033028920127922579e-01 -7.623680974221940243e-01 7.984743730459445965e-01 -1.381566762672537418e+00 -1.018113311538236143e+00 -7.130044061550887269e-02 -1.060640574015992987e+00
6.400776523572457855e-01 -8.348990616615914462e-01 6.795526499135857712e-01 -1.552868190082735689e+00 -6.554116033813950359e-01 -1.969548203807882508e-02 -1.035759033636621806e+00
4.469087126184135284e-01 -7.347334344995056776e-01 4.647865397685232436e-01 -1.591545303558020708e+00 -4.933612025656754912e-02 -1.369421219514836974e-01 -9.185467612704075746e-01
2.369734480117268449e-01 -6.237149978665601502e-01 1.521560589958175502e-01 -1.574906081447341455e+00 9.217023272280189250e-02 -2.472213029465721856e-01 -8.421178439176235653e-01
1.204625571849575472e-01 -5.848781225383911098e-01 -9.618419369129539709e-02 -1.582005417311982409e+00 -2.321323467093052428e-01 -1.972436225480374006e-01 -8.107325884516655146e-01
7.246986081616804687e-02 -5.964174478497883403e-01 -1.817965817580483590e-01 -1.634651923967147535e+00 -3.637364446385140671e-01 -1.192179293891092451e-01 -7.122963358787545163e-01
4.011006607324793527e-02 -5.419235154240663599e-01 -1.366618362988935853e-01 -1.588472167900671694e+00 -1.191620938746624642e-01 -1.618881259600476186e-01 -4.537523209406152946e-01
4.347410852864747044e-02 -3.847051270927199784e-01 -5.639481906909201564e-02 -1.398869125145999925e+00 3.381605938140923029e-01 -2.521231236460389491e-01 -4.061043598612197603e-02
-1.847142435968538582e-02 -2.847613175056704637e-01 -3.368480040483019800e-02 -1.229323535850408211e+00 9.244547020652457148e-01 -2.225613595970755143e-01 4.475880757308174918e-01
-2.881701115474902264e-01 -3.249191661583575308e-01 -8.269021258420532206e-02 -1.113638802122844051e+00 1.164752081324816002e+00 -8.615350697754693698e-02 9.992185762970998697e-01
-6.734587586200331266e-01 -3.835546671166840116e-01 -9.754215944547836581e-02 -9.160065123505373164e-01 8.323533812314161118e-01 1.603311538834007940e-02 1.622284361927687879e+00
-1.073395376113470912e+00 -3.944202376180872549e-01 -5.693914418038993619e-02 -6.281249170840578211e-01 3.614615242841070497e-01 -3.304156850173860238e-02 2.186091922757837036e+00
-1.530471785868375401e+00 -3.149041478602381261e-01 -3.959341752018753074e-02 -2.238659294449236448e-01 3.255709674599047143e-02 -2.757723819306061586e-01 2.568639277535189169e+00
-1.979854172643217947e+00 -4.577502705444860126e-02 1.357343064530683319e-02 4.000616559192530231e-01 -7.979514287728961541e-02 -6.646353002718577985e-01 2.741655987384322479e+00
-2.310734153640197519e+00 3.979053414468772809e-01 1.904930992936817447e-01 1.141725564081850886e+00 -4.178401788129026961e-02 -1.147295665540870591e+00 2.667850184889678733e+00
-2.451872516167313165e+00 8.919656397727442343e-01 5.591090435769207057e-01 1.865124746562536462e+00 -8.660617248405516611e-02 -1.569901476555653153e+00 2.363840641661807407e+00
-2.426642594822932875e+00 1.260727814635032029e+00 1.138752057807402629e+00 2.402143801567801606e+00 -3.408102285686063770e-01 -1.663597130753859066e+00 1.961625539548147446e+00
-2.334269335216415442e+00 1.372452183598081410e+00 1.704443518272795721e+00 2.517423566541676649e+00 -8.831129573745348793e-01 -1.376717953634218228e+00 1.568423929917506232e+00
-2.127270919159893303e+00 1.293310945126462164e+00 1.993263059515701041e+00 2.321078394034206127e+00 -1.664742868558005240e+00 -9.024376490884191693e-01 1.207915131889829352e+00
-1.656120017746572914e+00 1.052700061701628442e+00 1.855463639808607512e+00 2.041239929618066551e+00 -2.293453202507365507e+00 -3.373158716672087221e-01 8.322156370517480584e-01
-8.640337820590466844e-01 5.623205512585385257e-01 1.240182255663886624e+00 1.589163327780938717e+00 -2.190933163887339941e+00 3.126916584917451281e-01 3.444190954294069629e-01
1.075394535057772882e-01 -1.280263715982717654e-01 3.147470460033216511e-01 9.023311261653623738e-01 -1.227038061150752091e+00 1.004516154418446439e+00 -2.302568068352746633e-01
1.011384591375971365e+00 -9.011984171162233936e-01 -6.449264209239691237e-01 1.386348876465895441e-01 -1.765889249092610080e-01 1.683969405675137088e+00 -8.164278642182439816e-01
1.748493389099569306e+00 -1.591787024122834016e+00 -1.379273044443595220e+00 -5.702907230923449644e-01 3.093530041153919052e-01 2.187572385202642078e+00 -1.380152864569743176e+00
2.329680958496405996e+00 -1.958111626494781321e+00 -1.682706265500519160e+00 -1.135466455859921675e+00 5.950692548520296610e-01 2.282364108289381743e+00 -1.863780787259964322e+00
2.648432271040296548e+00 -1.925843717909451414e+00 -1.542809885418029214e+00 -1.513380266359173998e+00 1.022984316118073167e+00 1.913073892416105481e+00 -2.123617700647511874e+00
2.620453605637210970e+00 -1.670606269034955904e+00 -1.204810912844067383e+00 -1.740676827650616154e+00 1.313016060988323908e+00 1.279499493002475452e+00 -1.987862427334827320e+00
2.293165898822629334e+00 -1.397664566459597246e+00 -9.347998646331782124e-01 -1.718518696884967500e+00 1.287943559161784268e+00 6.267323914026479148e-01 -1.553457386077785607e+00
1.763451573770789649e+00 -1.173169470506291390e+00 -7.552380330740569025e-01 -1.317298227153873347e+00 1.114957864632427187e+00 2.462425789783024774e-02 -1.089543818007644438e+00
1.202387253609425555e+00 -9.438431011112790037e-01 -5.678898343270647464e-01 -6.085191207794325985e-01 8.999235137646056648e-01 -5.524704343488977543e-01 -7.413272918837874315e-01
6.704307108219450528e-01 -6.900958245720624218e-01 -3.549706494815384472e-01 1.922459758242119898e-01 4.500853393792882962e-01 -1.021565578073708069e+00 -4.979051014803407837e-01
1.280651578081840325e-01 -4.795255875208889185e-01 -2.163804160794429166e-01 8.238367124021824806e-01 -1.378222477536591162e-01 -1.244859697842228163e+00 -2.909997833796451605e-01
-3.271524737902890001e-01 -3.023832606604140438e-01 -2.658402457620347992e-01 1.169207903229875001e+00 -5.971105942432146652e-01 -1.167438638083672986e+00 -9.736071568849444247e-02
-6.079805946864436095e-01 -4.133742180543541894e-02 -4.680874847042975628e-01 1.272149157204818470e+00 -1.163128418072485681e+00 -8.243121774612641728e-01 1.093929135284359144e-01
-7.766082912602931820e-01 3.900493695483746026e-01 -6.071540131515706928e-01 1.203604686115517186e+00 -1.931529230368590699e+00 -3.679885716063208134e-01 3.960176344717718511e-01
-9.130660423681619120e-01 9.119812145413285220e-01 -4.730076196728991156e-01 1.013482253538334321e+00 -2.440516805701983039e+00 2.195593758681553195e-02 8.427388016338664967e-01
-1.050403553121812550e+00 1.397833933226697356e+00 -6.167048996917392362e-02 7.926650060203610515e-01 -2.377441249483326580e+00 2.315010395137558907e-01 1.414821887315727889e+00
-1.234365779612862868e+00 1.848538719034277023e+00 4.978068194190715667e-01 6.697604824944217716e-01 -1.893480089605890093e+00 2.688933299248988384e-01 1.968518478022734275e+00
-1.423869067515433962e+00 2.217546114473374352e+00 1.041486038536020731e+00 5.851956503439899038e-01 -1.307157514154368982e+00 3.023034589147328144e-01 2.396619000259651688e+00
-1.543504069048451388e+00 2.416013546856280225e+00 1.436778959732878613e+00 4.034013409232742875e-01 -8.648768807273645720e-01 4.322043115995463092e-01 2.620936658283851806e+00
-1.635577074226447714e+00 2.440257669773833182e+00 1.616603952988393766e+00 1.516644630593743936e-01 -5.986759794376567134e-01 6.086529435764286289e-01 2.589856323323449949e+00
-1.661556436257263680e+00 2.320321385738042697e+00 1.571919227319116708e+00 -8.023158797339470516e-02 -4.060296303923961458e-01 7.578195983975091199e-01 2.314563693619625440e+00
-1.525437272326841898e+00 2.132965106396295774e+00 1.383397599952640222e+00 -1.983454337924041855e-01 -1.091118689339217879e-01 8.376645228594383763e-01 1.856072583416291888e+00
-1.131055799841515164e+00 1.965951164227744075e+00 1.179953967522092251e+00 -2.096055925134641396e-01 4.114724130534900270e-01 8.151960982887033191e-01 1.215170330889543182e+00
-4.943366137784535597e-01 1.799280161823489710e+00 1.016627678916357302e+00 -2.968910800662054039e-01 9.602067831455490809e-01 6.445463735529202154e-01 3.948855700000092894e-01
1.210770405215373657e-01 1.553997207019516935e+00 7.988655885858407801e-01 -5.736527357955940598e-01 1.323175688371445391e+00 3.770075544920437061e-01 -3.531667216152672983e-01
5.722425387080437575e-01 1.212718797635320866e+00 4.984204468555470391e-01 -8.915727334383346525e-01 1.554972179833292945e+00 1.638009730958427113e-01 -7.648761675254143189e-01
8.951725557312950610e-01 8.369087310326244200e-01 2.294445387089004140e-01 -1.068985598532779191e+00 1.701657647081124436e+00 8.125511472373893318e-02 -8.900746654082921649e-01
1.047286202938446875e+00 4.973483286587517260e-01 5.274927031384044757e-02 -1.137185620550872578e+00 1.745710918644075793e+00 7.313823806143768258e-02 -8.624370363835283104e-01
1.004030034598415888e+00 2.044990780427160537e-01 -2.934499979588554505e-02 -1.178595329932570879e+00 1.672284043547556109e+00 9.548890084800659706e-02 -7.410759308188209493e-01
8.738574611494228650e-01 -2.987983102710606298e-02 -5.878726120823989792e-02 -1.197741761242289371e+00 1.404365920202102380e+00 1.948408038597829739e-01 -5.959911101347280526e-01
7.736053629400715392e-01 -2.199135751572688646e-01 -1.562938867385284258e-01 -1.246778535557925949e+00 7.858667409702561057e-01 4.427087959904785208e-01 -4.678813149326732646e-01
7.302458249935066537e-01 -4.045536636150703358e-01 -3.891155821375490431e-01 -1.330298692063912158e+00 6.758036853793235321e-02 8.150807032401934382e-01 -3.601800594911530040e-01
7.409028782016936487e-01 -5.529227356480821420e-01 -6.631629462908082973e-01 -1.338551029726583019e+00 -2.137476504167982738e-01 1.151747278995376211e+00 -2.989820804920385600e-01
7.801552892410834605e-01 -6.020770035620740535e-01 -8.370909608726196938e-01 -1.256068766953138516e+00 -2.654175336194782853e-01 1.283670648490755628e+00 -2.482725900611085501e-01
6.641674571975137997e-01 -4.773102397009868492e-01 -8.032514565936988982e-01 -1.085653502414661187e+00 -6.153806166122964827e-01 1.108717640673171800e+00 -1.392737082203833188e-01
3.386254950077033921e-01 -1.857305009977454902e-01 -6.418379958448273692e-01 -8.085548688215824509e-01 -1.135194290234589287e+00 6.923333799059006033e-01 -1.027162570207711990e-02
4.331835802713760591e-02 1.357919484522653319e-01 -5.256352554728196402e-01 -4.932491179087241662e-01 -1.197026555202046039e+00 2.400040965740780075e-01 6.531613135224115241e-02
-9.412091179536684338e-02 3.656393266292912170e-01 -4.575187367653217874e-01 -2.428197097165896157e-01 -6.629554597432237850e-01 -1.176385493795887166e-01 4.012105081594905670e-02
-8.638348266640723250e-02 4.362386783221433029e-01 -4.200508061656329506e-01 -1.613198740757385841e-01 -4.411064362140373896e-02 -3.216126988173946821e-01 -1.153709403910103959e-01
1.292651691324231585e-02 3.415279589405044725e-01 -4.107590176347434840e-01 -2.628606263546295896e-01 3.941911553402148161e-01 -3.265815941117886090e-01 -3.472602852318719679e-01
1.036087808610419020e-01 1.429694600059383813e-01 -4.676528690537792854e-01 -3.955601844559518132e-01 5.869303060347793588e-01 -2.624917734601841524e-01 -5.398777637935500140e-01
1.723623939813785089e-01 -1.378603053924457034e-01 -6.205206152886980631e-01 -4.402573021976964873e-01 5.729866937889019907e-01 -2.988888853570061954e-01 -6.886691330759513452e-01
2.545472201865633943e-01 -4.520328753472864225e-01 -7.153795649941140367e-01 -4.554670875841750344e-01 5.695346596294047492e-01 -3.501340720906894743e-01 -8.526885598298178381e-01
2.907667320047390147e-01 -6.392855979310890779e-01 -6.547503581208636847e-01 -4.467794052541885774e-01 7.868737967137106049e-01 -3.604176825268100570e-01 -1.013082016679641040e+00
1.956545637287547823e-01 -6.089596422756390348e-01 -5.359353954900576422e-01 -3.334809556835031108e-01 1.330071044566260241e+00 -4.177034094981599277e-01 -1.145285310985751481e+00
-3.208880802705394667e-03 -5.480000016681978448e-01 -5.217203221231181409e-01 -1.681878818439052070e-01 1.711486435171091225e+00 -5.017903733974098390e-01 -1.255394017508139948e+00
-2.440439209023587408e-01 -6.640734365756236768e-01 -6.595195456887607000e-01 3.223534743306479423e-03 1.397287560582227250e+00 -5.456131336824323608e-01 -1.315960717804257163e+00
-5.833815265713199194e-01 -8.014418839997332622e-01 -7.224952008418541460e-01 1.515119950786215641e-01 6.698869977919779117e-01 -5.867040183159171196e-01 -1.229775482669408726e+00
-1.017675900046777659e+00 -7.739274174611798784e-01 -5.111054484179520241e-01 1.798048373740480654e-01 -5.313037314545005635e-02 -6.991508681601643627e-01 -9.626319768040922931e-01
-1.300254430970285036e+00 -7.279254149476352964e-01 -2.060326135759554533e-01 1.991570011509087579e-01 -5.500466424249621511e-01 -8.331939781943940027e-01 -6.701153516842490721e-01
-1.217724629261325964e+00 -8.821195451557549694e-01 -1.294678154708672480e-01 3.780006362645643714e-01 -6.847471686520064660e-01 -8.477090283781306690e-01 -5.123882804139805458e-01
-7.312497528766884747e-01 -1.270159301678134511e+00 -3.999822709560688083e-01 7.340201448262199113e-01 -6.302807635028866429e-01 -6.775634075818347535e-01 -4.876984443801285485e-01
1.751912992057194085e-01 -1.747772088127241163e+00 -9.508155523236982987e-01 1.203746879040524131e+00 -2.974853301645859482e-01 -3.803356355293909252e-01 -6.278283364059339400e-01
1.309685811608171102e+00 -2.062604740850672691e+00 -1.548944944974943283e+00 1.697994560640832651e+00 5.530402506361363768e-01 -1.275089692386395246e-01 -9.942846019543809533e-01
2.280599222091320488e+00 -2.038235407960539813e+00 -1.880743415744587477e+00 2.068542700859981487e+00 1.484566519779107141e+00 -1.734896749627022963e-02 -1.409082723596979836e+00
2.951022555176855189e+00 -1.845626766102649752e+00 -1.936404260715325121e+00 2.042060978443691166e+00 1.885425125703709792e+00 1.025517799178810724e-01 -1.649606613833692004e+00
3.381391816505749492e+00 -1.741684364952156505e+00 -1.927699277503992281e+00 1.561754289887553826e+00 1.729473641032093223e+00 2.643594584270060333e-01 -1.691869841709930045e+00
3.590165773827492135e+00 -1.681631100453327310e+00 -1.891701725469228101e+00 1.023472881657309985e+00 1.368791175802526849e+00 2.587633974863199904e-01 -1.588065801935623744e+00
3.555608114917440332e+00 -1.571090320561597364e+00 -1.754055252329177916e+00 7.392344837242552646e-01 1.126979392754564380e+00 8.071683644367992627e-02 -1.444362214287477020e+00
3.149237555975486824e+00 -1.477682924990193047e+00 -1.470816512854488112e+00 6.328705098107040294e-01 9.639569392413360749e-01 -1.313701373264071770e-01 -1.286005066924171603e+00
2.261391989490776577e+00 -1.402777719650899479e+00 -9.908572000600789353e-01 7.160323344202795814e-01 8.496789702325825422e-01 -3.941211269997308420e-01 -9.344569423765926031e-01
1.047688973638484677e+00 -1.109814333855824398e+00 -2.433389334323467490e-01 1.094102842598060343e+00 1.131313837450172555e+00 -7.438441464580022311e-01 -3.057756449536347398e-01
-1.937359537631886397e-01 -5.308242379097237729e-01 6.546588631575935846e-01 1.591144268328848144e+00 1.673561133671248369e+00 -1.064536446140241122e+00 4.349421910034929617e-01
-1.298435191826157409e+00 1.114570288640154144e-01 1.429134638030723048e+00 1.902333397133718407e+00 2.068465117867149594e+00 -1.258143663906554854e+00 1.088171035493022076e+00
-2.125092466263553082e+00 6.639334515004076120e-01 1.962126963460131934e+00 1.834276415709057195e+00 2.145807970746074211e+00 -1.294482450531820428e+00 1.519466834573057534e+00
-2.426577382143572326e+00 1.043459779697839318e+00 2.227946458575899680e+00 1.321230058821986075e+00 1.791681429213868082e+00 -1.032764604723653168e+00 1.695036933769009657e+00
-2.192229792831231094e+00 1.243444899620129940e+00 2.149235936884910991e+00 5.318473949555120317e-01 1.111476670065255856e+00 -4.477001558308422169e-01 1.733817010199021791e+00
