-5.724964932576341869e-01 1.072639286446282147e+00 4.146573474266710413e-01 7.433138506803961265e-01 3.005351919187709275e-01 5.829785766946032205e-02 6.424317585035345390e-02
-5.809846951408060844e-01 1.162292168871730036e+00 3.527498759451611621e-01 7.629537985544819767e-01 3.000418116325960227e-01 -8.239780088569403915e-02 2.424835893202636344e-02
-7.124906155704194832e-01 1.116003100090896760e+00 2.222491830402374968e-01 7.589225386240381344e-01 2.326806944195213278e-01 -4.929564709353415064e-01 -2.406569650820973572e-01
-8.044658269689931585e-01 8.764547604331704989e-01 7.491271271225967421e-02 6.432410703100656102e-01 1.982943797418404153e-01 -9.974741540767249059e-01 -6.284366777880365795e-01
-7.456323479691346900e-01 4.528864952854639303e-01 9.054783341842734257e-02 3.820653021114866488e-01 3.651116773989601105e-01 -1.376306727989132117e+00 -8.561996030226340926e-01
-6.196928146565670037e-01 -1.013477401894841284e-01 3.355329557396952156e-01 7.277173229341846183e-02 5.255741488018937924e-01 -1.584958863740741686e+00 -7.975770167953535328e-01
-6.226125443020131822e-01 -6.543039144388477224e-01 7.577784557858264769e-01 -1.448581539183974864e-01 3.942337219468646792e-01 -1.704228317217091782e+00 -4.674697942601513945e-01
-7.239659040027469628e-01 -1.043754771638977452e+00 1.228443043732320827e+00 -2.033864288457377656e-01 7.898866441848632902e-02 -1.766396484009696399e+00 1.181612729163949299e-01
-6.821689877019153636e-01 -1.248883196611959345e+00 1.620594796968562790e+00 -1.586445780709724029e-01 -4.336463533861903419e-02 -1.715053632046428689e+00 8.878352818250743184e-01
-3.957328456933431604e-01 -1.376128752313100057e+00 1.871912511944567870e+00 -1.111082564064843070e-01 1.481457216658811638e-01 -1.467619529668956702e+00 1.605492561502155358e+00
1.449294434013729919e-02 -1.589815123844416700e+00 1.912894850011963577e+00 -1.706371070921057775e-01 4.459542128391636995e-01 -1.078517422448501017e+00 1.946261299977462889e+00
4.514233723589550218e-01 -1.860916532230394216e+00 1.783899229579907431e+00 -3.293179451080401332e-01 7.734277160262665873e-01 -6.919789364129640408e-01 1.879372757231667634e+00
8.243409739276483794e-01 -2.026273210626090115e+00 1.666705628247002968e+00 -3.810608191164860381e-01 1.114425111658897682e+00 -4.343271007054784749e-01 1.660183426990081923e+00
9.656668189019292914e-01 -2.078238916754420629e+00 1.619629153843812119e+00 -2.534613752715932367e-01 1.305749630424519303e+00 -3.631486775571761139e-01 1.498323962488676386e+00
8.446799353093042972e-01 -1.987755015602199693e+00 1.582078505497008791e+00 -1.410067658599628293e-01 1.176524909500667571e+00 -4.183273143024911489e-01 1.414710687613996543e+00
5.562180874742541636e-01 -1.747873997665583268e+00 1.520554928288933905e+00 -1.943617756524146645e-01 6.712438301544492170e-01 -5.515237209856613809e-01 1.198549278082422953e+00
2.537666812664864935e-01 -1.505349623705515727e+00 1.365503747431572545e+00 -3.558770197856842565e-01 2.429078553274258839e-02 -6.954332183902415254e-01 6.764513318170309875e-01
3.619925705208625749e-02 -1.334457146497683100e+00 1.034405120081921314e+00 -4.518251964547672639e-01 -3.284563696623465368e-01 -7.660810612791054686e-01 -7.199184823844564582e-03
-1.684784479405402879e-01 -1.157843510422533972e+00 5.782200263035449650e-01 -3.898569190841459364e-01 -3.723590485794659455e-01 -7.923806926058745148e-01 -5.645026259425132142e-01
-4.142831667175226329e-01 -8.416897039525254032e-01 2.194976764544927517e-01 -2.153667510931568663e-01 -2.547653030183060774e-01 -8.058703994461480224e-01 -7.893055943372274674e-01
-8.125691426155311481e-01 -3.157626103107195048e-01 2.496228731227889686e-01 2.883181531422159341e-02 -4.683796045837960303e-02 -8.254408403025867980e-01 -5.938197237535659534e-01
-1.371481356877023217e+00 3.470878686387506296e-01 6.874247155570537560e-01 3.143706587550924025e-01 -3.722327755278095895e-02 -8.699072824620081024e-01 -1.236688789298298480e-01
-1.708391541447371820e+00 9.767696712898666922e-01 1.139377079890232070e+00 5.259776757495771005e-01 -2.659991614963125861e-01 -8.309317707910671702e-01 2.317315553870999134e-01
-1.585618570481158063e+00 1.407332240450680727e+00 1.244712519525483119e+00 5.756131271367972424e-01 -5.274913333698435514e-01 -6.069371563059751118e-01 2.449269880451967196e-01
-1.213681489823567050e+00 1.546975494991096101e+00 9.377033180403361312e-01 4.730165695003670234e-01 -6.986012970914399212e-01 -2.510366926743235472e-01 5.757744658891604528e-02
-8.561429885133496898e-01 1.453282053873025559e+00 3.692781127662729812e-01 3.167465112917614012e-01 -7.692283818167413578e-01 1.183551013553130610e-01 -1.385850672299471786e-01
-5.386661843168945030e-01 1.314648334209072900e+00 -2.596286174773666522e-01 2.184053156784207528e-01 -7.654807082716260647e-01 4.143108501485205375e-01 -3.074990815180069226e-01
-1.584862616643728794e-01 1.247452322697527594e+00 -7.879447284298998211e-01 2.016425644955495977e-01 -5.670125831948880091e-01 6.186306960881819972e-01 -4.715335560958995309e-01
2.715003157103704767e-01 1.248331591574111776e+00 -1.058623278771650966e+00 2.765390512329580774e-01 -5.428840958752821633e-02 7.464720593328014742e-01 -5.554155943495675540e-01
6.186538274835013951e-01 1.252172035776167647e+00 -1.113820951088876798e+00 3.911105510587036815e-01 4.535857232045214515e-01 7.906512543740074062e-01 -5.265116360622039693e-01
8.571968901701246812e-01 1.195303783584054313e+00 -1.121512602376204537e+00 4.680915414972408595e-01 6.416354504724881558e-01 7.848339729479092419e-01 -4.776637744993831314e-01
1.032899627308196289e+00 1.067876455290316606e+00 -1.154817900389882412e+00 4.505929574305616025e-01 6.503713957608042717e-01 7.872183858965754455e-01 -4.103204024235211911e-01
1.081919046665875239e+00 8.986401626755193828e-01 -1.277185927918510711e+00 3.158276424545863326e-01 3.884343160320169464e-01 7.664989925923331171e-01 -2.664876634950172907e-01
9.589360103406250335e-01 8.088100141672628363e-01 -1.434723322059888950e+00 2.605323560987490294e-01 -2.105568751795909577e-01 6.279504006246248160e-01 3.668974699464399442e-02
7.741224149786107844e-01 8.539039025705977837e-01 -1.464397284220976259e+00 4.212152439244156721e-01 -8.275837822694037671e-01 3.484979642305759406e-01 4.853894019854521624e-01
7.284807062135136846e-01 8.954939061210438478e-01 -1.304328579223668294e+00 5.252372309201533973e-01 -1.029160561082266057e+00 4.089612537906282819e-02 8.144310378395227534e-01
8.649640858932569065e-01 8.792208709407129952e-01 -9.776686061561746799e-01 4.170979959457249420e-01 -5.015495830143137379e-01 -1.977611295655682389e-01 8.354479082053598571e-01
1.053469756446736572e+00 8.490022858263741590e-01 -6.240215642702663379e-01 2.250814967116392673e-01 3.956507121610018940e-01 -3.079444724985843096e-01 5.370680071018189006e-01
1.257462168681226178e+00 7.145766800012591791e-01 -4.350574524030060841e-01 -1.109237833495514969e-01 1.063822967064454339e+00 -1.990070857031878970e-01 -6.965016441536527048e-02
1.448952780067625623e+00 4.429125636979382441e-01 -5.030699169972746576e-01 -6.056806232006602952e-01 1.222797765356640198e+00 1.338190138432066856e-01 -7.493550167982473420e-01
1.582124594534808582e+00 1.506150800729751660e-01 -7.175346362013372836e-01 -1.075491830011361172e+00 9.124275359784038697e-01 5.646499984809416617e-01 -1.220360430649453543e+00
1.664217693529174813e+00 -1.274328135496496373e-01 -8.535633809561260499e-01 -1.392042434661841410e+00 5.549886931783388766e-01 9.108595575939529843e-01 -1.424262543391430880e+00
1.597990746559880604e+00 -3.440751643031123019e-01 -8.683535372255442031e-01 -1.449183185825284825e+00 4.158834746426504636e-01 9.796063437774809035e-01 -1.343535390691086739e+00
1.295818324568012825e+00 -3.066021961668480844e-01 -7.669149042711436159e-01 -1.166957914149035380e+00 4.595152356468809041e-01 6.674311486203224897e-01 -1.042521092965730922e+00
8.089205928382857680e-01 4.680042164044107000e-02 -5.469988473563103248e-01 -5.698661491765631970e-01 5.835858565108159590e-01 8.323082653489170812e-02 -6.317967729303064495e-01
2.338225742885668423e-01 4.978297084416853369e-01 -3.222779771521615544e-01 1.259494157961532079e-01 5.247302462831499037e-01 -5.736452247540637650e-01 -1.859285564147685754e-01
-3.601287686168214708e-01 8.308050777709673484e-01 -8.133369965375099320e-02 6.654893109039098364e-01 2.717486265985652460e-01 -1.158820172721049202e+00 2.007663924202547079e-01
-8.883799194094400553e-01 1.021982156056345348e+00 2.782086996618590713e-01 1.035980638947051391e+00 8.704922379559883183e-02 -1.583189918077599012e+00 4.574270190411928727e-01
-1.254201684578649445e+00 1.056273963769999824e+00 6.892923947832914067e-01 1.274022978695050545e+00 9.988131203998516783e-02 -1.794169988266023585e+00 4.901486334009929613e-01
-1.410719898709563713e+00 9.186838433138659887e-01 1.043615906214128808e+00 1.285269409939081786e+00 2.700887309800882874e-01 -1.755772896616352829e+00 2.744436484707522550e-01
-1.426629721828035491e+00 7.315542393258583909e-01 1.375311725539271279e+00 1.053162926362043894e+00 3.754252461850741129e-01 -1.493127313347734297e+00 -4.482196827385422772e-02
-1.420727822021363718e+00 5.395652768560388335e-01 1.692497763282024392e+00 7.079295274857533293e-01 2.191221444528104190e-01 -1.133706097380277722e+00 -3.088935536413546790e-01
-1.330876041885802552e+00 3.022577334124573745e-01 1.903825777813286324e+00 3.391354492500722184e-01 -1.327857895620566941e-02 -8.291982052159836414e-01 -4.225547040852581371e-01
-1.102565070178176176e+00 4.978057551239382927e-02 1.929992119151459296e+00 -5.506426645137270370e-02 2.830819070203798374e-02 -6.261743373877399765e-01 -4.299505771116219344e-01
-8.313621591744382311e-01 -1.820340826095208087e-01 1.730512201090487645e+00 -3.802946795134717339e-01 4.068075806882043288e-01 -5.273152755247271228e-01 -4.244636422037608159e-01
-5.728250982243300315e-01 -4.124894280922152823e-01 1.345025276975815753e+00 -5.334463837412684040e-01 8.793564477321090811e-01 -5.767350217014608482e-01 -4.230881113202166754e-01
-2.728775948791817285e-01 -7.051819384980509975e-01 8.687834629448282220e-01 -6.284635672771216042e-01 1.023504191218998827e+00 -7.388302980324308322e-01 -5.104494640264133354e-01
1.337290092792323415e-01 -9.757644943662276971e-01 3.808551348234787692e-01 -7.157000620857159046e-01 7.536481144758151451e-01 -8.849040057256255531e-01 -6.989119403193668756e-01
5.410679032107349462e-01 -1.113575371438379813e+00 -5.053247195302824207e-02 -6.848171672080211048e-01 3.619249588856687239e-01 -9.798366527000836879e-01 -8.117183808349534013e-01
7.705402137527257445e-01 -1.109211342092287556e+00 -3.154853679115512399e-01 -5.551403156432360708e-01 9.136806283501196224e-02 -9.839964196385091455e-01 -7.093919765848363257e-01
8.121138673066803371e-01 -9.627617345025366591e-01 -3.595952987978859317e-01 -4.632156894452125195e-01 -2.349242296540973440e-01 -8.240742936979889022e-01 -4.945834240752903233e-01
7.939376582876633837e-01 -7.560480769134860779e-01 -2.507479349563685456e-01 -4.215594772227726494e-01 -7.162298862072690175e-01 -6.039753920835450041e-01 -3.780325194945985956e-01
7.489112240079747185e-01 -5.517838197996545180e-01 -6.403971954445651649e-02 -3.144592286407439374e-01 -9.553530250126789358e-01 -4.499110739657273816e-01 -3.708259579717865240e-01
5.990681505475690116e-01 -3.107077343511542855e-01 1.540702086459047604e-01 -9.434703187858391182e-02 -9.419007369332537127e-01 -3.515697955142070841e-01 -2.987592066758606446e-01
3.172999151961506392e-01 4.527247327929660725e-03 3.683453262058584143e-01 1.875537183676721231e-01 -8.874350327741602484e-01 -2.544448096132642112e-01 -6.804424944672432529e-02
-8.146983788774767032e-02 3.261034080415702308e-01 5.316453394919581354e-01 4.252679252450053404e-01 -8.894971157415924035e-01 -1.527608613239610502e-01 2.267200230020952612e-01
-5.456361825536695243e-01 5.257173317345237296e-01 6.240184922006302148e-01 4.942648563600121059e-01 -9.490662871898556396e-01 -8.194508548442518137e-02 3.903213540764906009e-01
-9.375028723036308298e-01 5.306100789724069733e-01 6.669210205125311042e-01 4.515361157658024926e-01 -9.754255456757761067e-01 -1.262638756243534416e-02 3.384905961616270775e-01
-1.080941365396592913e+00 3.778386978389556283e-01 6.579584164268854618e-01 3.360725999633363270e-01 -9.450008946261936327e-01 1.593372997689993520e-01 1.398353920178198595e-01
-8.690614714884795644e-01 1.982722826658218085e-01 6.016745365598529238e-01 -8.552305351601015293e-03 -9.222632419948538773e-01 5.350959088207457581e-01 -1.643279284008831165e-01
-3.858229203058511914e-01 -5.702810083683303340e-03 4.527708683237873233e-01 -5.512860450848245941e-01 -1.004662498803666315e+00 1.106270485442333751e+00 -4.972632111982162040e-01
1.420803708130412013e-01 -3.229334280767384713e-01 1.417528287027325085e-01 -1.116850426183168432e+00 -9.929804986900780950e-01 1.672683428506793080e+00 -7.699838317099736429e-01
5.622118294046416498e-01 -6.559405621864612401e-01 -2.447022314481329952e-01 -1.568810372407461129e+00 -8.144258186193289450e-01 2.022506297468393832e+00 -9.116777736950928412e-01
8.331412333910188650e-01 -9.182335052190925273e-01 -5.808930073850578912e-01 -1.828422855727026342e+00 -7.752525678914071738e-01 2.163849108385092368e+00 -8.723958353345517835e-01
9.274264223159068843e-01 -1.160312534890668212e+00 -8.419944477938096083e-01 -1.994594712151058991e+00 -7.868488400941776595e-01 2.265375889746279459e+00 -7.765632766245909036e-01
8.670452723711155052e-01 -1.372546017243029937e+00 -1.038639214767804964e+00 -2.145647310596445756e+00 -5.800879451657575681e-01 2.408959133619274162e+00 -7.115785559813178063e-01
6.783609343132700475e-01 -1.509082418059050523e+00 -1.205589489012618420e+00 -2.203492912344587218e+00 -3.410779993791431264e-01 2.499936577943432159e+00 -5.764394321194161730e-01
2.866342177774199862e-01 -1.529094258682857310e+00 -1.341076445184568255e+00 -2.087858100086233293e+00 -1.196246231581487574e-01 2.433220713143429137e+00 -2.101158020018907280e-01
-3.780372234448503566e-01 -1.429384648341430086e+00 -1.368212525226763399e+00 -1.718806317818916130e+00 1.979867709797815956e-01 2.138550473965056931e+00 4.612385020285017512e-01
-1.175505589455127842e+00 -1.284660614278234414e+00 -1.291991971956105267e+00 -1.115212799133374011e+00 4.401420568789651822e-01 1.583263755865754963e+00 1.249218198772324762e+00
-1.821148087513797975e+00 -1.076052478412565572e+00 -1.170671208981534983e+00 -4.470307105838206563e-01 5.946170715150612684e-01 8.592756272734772827e-01 1.854813304180187972e+00
-2.222666728448606577e+00 -7.299228239345588731e-01 -9.523546515815560776e-01 2.073734073426770352e-01 7.686844101228171855e-01 8.526136543617231223e-02 2.179488200967062195e+00
-2.408925081876112095e+00 -3.374515099134551832e-01 -5.822726420800001801e-01 8.222469134035641503e-01 9.048409322146191425e-01 -6.087102692104670032e-01 2.237436172028008929e+00
-2.325393679227574228e+00 1.348044117615291443e-02 -1.795923312103973879e-01 1.285067336773622948e+00 9.825196037169258156e-01 -1.036043566789180081e+00 2.017306147884666334e+00
-2.081531898751523446e+00 3.563376678462806257e-01 3.736174356313647082e-02 1.639641093476405631e+00 9.547862138218660144e-01 -1.151230867268544511e+00 1.636059135691493527e+00
-1.864175385348534109e+00 6.897852965178369322e-01 6.383777141975628677e-02 1.970672625283230284e+00 7.451499495230483605e-01 -1.165440815446940892e+00 1.255782368310824904e+00
-1.621386366780315447e+00 1.075052320877859069e+00 1.759802116640372949e-01 2.147148342530139420e+00 5.740695830134842081e-01 -1.255278937496816516e+00 9.089352818448778182e-01
-1.303281205189581238e+00 1.573246120047254948e+00 4.479761732590944456e-01 2.059526962246553516e+00 5.680536608441753010e-01 -1.399995515108962696e+00 6.106480876242511568e-01
-9.467375819955167193e-01 2.083599592977646964e+00 7.018368581823747343e-01 1.756931646401265867e+00 4.593255669898542171e-01 -1.506670591845256313e+00 3.856746439391982029e-01
-5.099224466974296988e-01 2.462761140539721616e+00 9.114372795292414731e-01 1.328174852471889489e+00 4.981738369825007284e-01 -1.403025802661984400e+00 1.821291114046072468e-01
6.045464846146986204e-02 2.620851947020135686e+00 1.118689564361218469e+00 8.097397543061154446e-01 1.229045115243110775e+00 -1.000687673115133070e+00 2.668870099876767196e-02
5.437340886737952461e-01 2.548403483583219664e+00 1.250418247874905964e+00 4.126062402787561978e-01 2.406935918483933179e+00 -5.633499295732934398e-01 8.408619591493120271e-02
5.968969123101308671e-01 2.253213376610001983e+00 1.187818403974893355e+00 4.231162488486880369e-01 2.924846768943684339e+00 -3.954050125605730326e-01 3.366560470455199350e-01
4.879415143531470322e-01 1.751203511904235732e+00 9.770724083078027311e-01 5.908511445134422280e-01 2.051234459165729884e+00 -3.216720064343605578e-01 3.701321125575507409e-01
7.688805825225814017e-01 1.107412732747118600e+00 7.369984719034524678e-01 3.805352309292703850e-01 3.874408388156622141e-01 -2.872800338201631290e-02 -2.487240682707014539e-01
1.357887489401231607e+00 4.118694876219191614e-01 4.395955307233623821e-01 -2.530280936692818061e-01 -1.112777381544182598e+00 3.801890202990364509e-01 -1.367789142376029998e+00
1.949289513395974227e+00 -2.984190537256516396e-01 5.038890507158914900e-02 -9.798546809456616380e-01 -2.064836448178203998e+00 7.342052283400909429e-01 -2.417923751088141948e+00
2.487960633829603641e+00 -1.063356552558107904e+00 -4.559679050842985748e-01 -1.594652302171303049e+00 -2.575258110761408314e+00 1.075834979428120119e+00 -3.060644799284121031e+00
2.785988295277062043e+00 -1.905610716233942181e+00 -1.147666520427865322e+00 -2.013271203735010673e+00 -2.828846341406564324e+00 1.372264023499143448e+00 -3.269352529903138738e+00
2.603119365311191480e+00 -2.681541848637400527e+00 -1.916799635799026902e+00 -2.079185522130438279e+00 -2.819919563874982771e+00 1.528521492081971855e+00 -2.993530171776533244e+00
1.917984119968801471e+00 -3.148909707051249285e+00 -2.418131318030321442e+00 -1.611096077190804943e+00 -2.641764442207294117e+00 1.555225502926777859e+00 -2.219531858448870132e+00
9.459901937976548103e-01 -3.251455505511630317e+00 -2.341782960978235906e+00 -6.982196292734791365e-01 -2.556629034584528171e+00 1.474313601751308767e+00 -1.244743276956768785e+00
6.136131014381462911e-02 -3.129528181314797930e+00 -1.729521097641510519e+00 2.692990032001403855e-01 -2.445982661133631719e+00 1.230935170169250581e+00 -4.163976142761343091e-01
-4.448958168253849266e-01 -2.889641712971327880e+00 -9.193892599723785253e-01 1.009962122727044775e+00 -1.951808629895806391e+00 8.414505433901001696e-01 2.289913808359037573e-01
-5.325489861263578151e-01 -2.554114604197677885e+00 -1.725540492544727356e-01 1.528118801586015874e+00 -1.230587110373603466e+00 5.119739070235107548e-01 8.650296121330594001e-01
-4.551450994207063006e-01 -2.115945897727928404e+00 4.138478506718659689e-01 1.845310831903387072e+00 -5.699144424334815495e-01 4.121481328243467579e-01 1.507520593605328862e+00
-4.483862544479166323e-01 -1.510242410286022130e+00 8.448774756374864969e-01 1.896038400392285439e+00 1.588684618529306314e-01 5.130904626005464708e-01 1.976546551671018559e+00
-4.838522274683040858e-01 -7.934002274969927937e-01 1.145342917194946075e+00 1.783434199210696347e+00 9.583570948387180044e-01 6.972511671443913928e-01 2.210606618145934288e+00
-5.285268566876596408e-01 -2.246146690051546990e-01 1.226067360223391134e+00 1.652617103487379335e+00 1.477501007090118224e+00 8.139312708984196565e-01 2.180843853167034663e+00
-5.591909800844613310e-01 4.932818929980585521e-02 1.092942693593533132e+00 1.413333725694263965e+00 1.505721828207984503e+00 8.004896334445380512e-01 1.869740079731816662e+00
-4.691095817018467451e-01 9.366916434956999715e-02 9.268478150543328908e-01 1.026353889764778149e+00 1.410317613165868345e+00 7.600227033032275203e-01 1.471965252174638694e+00
-2.789312059232031404e-01 7.465260887125777824e-03 7.585397426280944266e-01 6.312910867618160005e-01 1.455569753742529171e+00 7.777019788131794842e-01 1.159890323071558038e+00
-8.260240428577943217e-02 -1.223396668316034108e-01 4.582724656295793508e-01 3.294017490866111286e-01 1.429546486950185935e+00 7.731754372143825327e-01 8.820565112828988585e-01
1.696907824616422367e-01 -1.765295353260630529e-01 -2.934886747095781512e-02 1.711345361478648630e-01 1.324806208582216094e+00 6.448180373003264965e-01 5.236641700477763228e-01
5.015434313573230440e-01 -1.347335185627966322e-02 -6.506666973805360632e-01 1.923768950286151858e-01 1.087897820002651672e+00 4.007132706586327697e-01 9.693898627292631132e-02
7.907278596369228252e-01 3.831255204766900735e-01 -1.214721710281173372e+00 3.326477102061613511e-01 5.745649651152635595e-01 1.300749244801680526e-01 -3.167807379718922678e-01
9.793523192134671040e-01 8.390140295010410920e-01 -1.525552610943362808e+00 3.514463024442076589e-01 -5.140940392203309506e-02 -6.822159796524727982e-02 -7.432620378041678855e-01
1.135830010043157978e+00 1.189676876661051264e+00 -1.606033430995453815e+00 1.054465587364729617e-01 -5.256610326338723160e-01 -2.434333095846574757e-01 -1.168409477848390887e+00
1.257685437373314619e+00 1.434575906337303142e+00 -1.549076223644062722e+00 -1.557358977639636544e-01 -6.689071799432936283e-01 -5.225714007202038047e-01 -1.366427891389181637e+00
1.191469361439056573e+00 1.630576334347406897e+00 -1.388889248928947939e+00 -1.847200084045302615e-01 -4.800606689714321806e-01 -9.911229356335879981e-01 -1.198204717146653664e+00
8.910423796322902712e-01 1.769317718535148964e+00 -1.151604846151053740e+00 -7.487529737449404033e-02 -2.454945949769773150e-01 -1.620112709224669212e+00 -8.568038130878095071e-01
5.403750087433939475e-01 1.809348441580732159e+00 -8.704880330421086443e-01 5.825762491922768099e-02 -2.989292534879767760e-01 -2.197790793219196903e+00 -6.108222659591802106e-01
3.162664225585993250e-01 1.736326286614676251e+00 -5.673041356975172533e-01 1.483609279198019604e-01 -4.664041110574258520e-01 -2.477428515641330709e+00 -5.044474796370723713e-01
1.916134146313130948e-01 1.582918777230985174e+00 -1.718188535097001368e-01 4.526071398764111575e-02 -5.093095728822325530e-01 -2.335411674751278532e+00 -4.130859970186199770e-01
4.903422047925230787e-02 1.400767430685895043e+00 3.983311858465060085e-01 -2.510990708590695730e-01 -6.617113072188789413e-01 -1.900140997762028272e+00 -2.282778939901202453e-01
-1.459773940451266627e-01 1.226109573562190302e+00 9.982676032517718845e-01 -6.832922659761635487e-01 -9.605516686413617666e-01 -1.444266254817408113e+00 1.852758451123035638e-02
-3.679223405939292535e-01 1.095860315567480203e+00 1.391940263102324549e+00 -1.221279484003063631e+00 -1.116187413139705820e+00 -1.130397211648762390e+00 2.123773256023442912e-01
-4.872105196244744252e-01 1.014439646973806175e+00 1.544871070553291093e+00 -1.748900539391534226e+00 -9.787523356094973703e-01 -8.941345455428670874e-01 2.712437773867526492e-01
-4.596314463133509554e-01 8.643150608503528121e-01 1.540077000570746923e+00 -2.153476064119957289e+00 -7.074704807975579213e-01 -6.350505099856849078e-01 2.305300921624909294e-01
-5.248056041593931464e-01 5.163007845152930431e-01 1.476875451795594207e+00 -2.298712325126606171e+00 -4.814312480541129702e-01 -3.908719300342906044e-01 2.578629407436831555e-01
-8.024392597738262412e-01 3.898782132530100031e-02 1.444346997742674832e+00 -2.109030792876150695e+00 -1.827953511991783631e-01 -1.517106703655896616e-01 4.445264838535709639e-01
-1.137250734704492006e+00 -3.104974609349651082e-01 1.422418636954607463e+00 -1.644042632800148729e+00 1.936123013125912451e-01 1.030766921115680995e-01 7.858000284791547552e-01
-1.335554742800865835e+00 -4.082537368310066306e-01 1.314587539832924978e+00 -1.077997899016051031e+00 4.038585359477844250e-01 3.116061923671281098e-01 1.173225098062849581e+00
