-7.448238392299322275e-01 4.399487970580970297e-01 7.781288517881096434e-02 3.404638683322485093e-01 -1.154319432575687587e+00 1.053890937920295645e+00 2.312516220061777705e-01
-8.228224146570750630e-01 3.950555895599314193e-01 8.191665459588463871e-02 4.446278369130758357e-01 -8.621250324992679737e-01 1.170305716049503841e+00 1.208909076490352619e-01
-7.862205027540760671e-01 1.899416851469919731e-01 -4.931001793541491679e-02 3.939867265027129917e-01 -3.746155986132428950e-01 1.193049920523682861e+00 -1.802970188403017890e-03
-6.212630146635620410e-01 -9.539616012818043222e-02 -3.650658287831195503e-01 1.994924190423587318e-01 6.656083556364326970e-02 1.057585136583327534e+00 -1.608781296392049476e-01
-3.316602108847349073e-01 -3.135032673245877755e-01 -8.265302216657679502e-01 1.107923672521273356e-01 4.537393133600658435e-01 7.502304452721748618e-01 -3.309316612296814841e-01
-4.065377743651558268e-02 -2.874137327761440153e-01 -1.308521658565751533e+00 3.128992340800132443e-01 6.609867260091930596e-01 3.055850460424865411e-01 -4.683022322166864870e-01
6.847615347846068568e-02 -1.107785842920724906e-01 -1.593132893933462357e+00 7.132325810545820932e-01 5.391739632292281703e-01 -2.050593234054291780e-01 -5.405965113708611769e-01
-1.273718621042166099e-01 1.378625170889254681e-01 -1.495394974823078371e+00 1.091974723286048832e+00 3.177411291694907658e-01 -6.850541372562595210e-01 -4.315621457055181520e-01
-5.052093687074180606e-01 5.365344685688835380e-01 -1.106434501909214330e+00 1.412412693522115958e+00 3.138558289572958016e-01 -1.034261430708871110e+00 -9.326572068004584937e-02
-8.499157329328198562e-01 9.167501499560154476e-01 -6.849579815319413179e-01 1.713267834251117394e+00 4.370566125007837033e-01 -1.177475139769195600e+00 2.805414439104907398e-01
-1.001095161040015169e+00 1.022884161123477575e+00 -4.151985029151922246e-01 1.903531535058464286e+00 4.656005274747497813e-01 -1.065739908447586037e+00 4.483426201739348360e-01
-9.268265132406668938e-01 7.705747683585734142e-01 -3.616796967662959106e-01 1.853940107349523414e+00 5.740584194365453419e-01 -7.636535140193946303e-01 3.127525044098938833e-01
-7.416841143696906169e-01 2.156311558849186572e-01 -4.389543717312327509e-01 1.448006498735215697e+00 8.081945115479267638e-01 -3.415127429695383743e-01 -7.399129394220801959e-02
-5.046546052138269900e-01 -4.229349713333924732e-01 -5.376408748584120545e-01 8.169644630530065177e-01 8.122803536028432303e-01 2.007056448228360934e-01 -5.302988694195850394e-01
-1.995342167099461161e-01 -9.634890433492672157e-01 -6.600683845875718880e-01 1.517799549529857128e-01 3.944584937529873603e-01 7.810354091328811643e-01 -9.031635716880734854e-01
1.529799697119407775e-01 -1.368887071716533566e+00 -8.102820951995984844e-01 -5.650123429268512076e-01 -2.346816535201390677e-02 1.272053915656412793e+00 -1.197102384790625251e+00
4.999688534585725042e-01 -1.587439821094454251e+00 -8.983399066980856107e-01 -1.191541827707027323e+00 -7.427215602327554012e-02 1.613852204689393721e+00 -1.386237452213275212e+00
8.215926798719369595e-01 -1.582599034996681864e+00 -8.683712882327235816e-01 -1.549335831388807927e+00 3.040052282771698033e-01 1.775684710783933751e+00 -1.387465857023149507e+00
1.172389702779044196e+00 -1.458746006954048324e+00 -8.781521287447865420e-01 -1.734848332252484582e+00 9.992559375309736369e-01 1.796727798488952255e+00 -1.270750148646853317e+00
1.528606892111232352e+00 -1.331809957369724629e+00 -1.046236682800641971e+00 -1.852884214291273368e+00 1.566610375428223234e+00 1.705768153585494495e+00 -1.194473511346140215e+00
1.719110082866315059e+00 -1.178537893645222212e+00 -1.290245132903432790e+00 -1.881454362306891781e+00 1.659206709757992115e+00 1.428750829441002956e+00 -1.154488623129421354e+00
1.671390615975588689e+00 -9.246138775218027961e-01 -1.522675478134068561e+00 -1.791610729419524484e+00 1.181173937378711347e+00 9.952595639577174191e-01 -9.680910480453661648e-01
1.402730644440934205e+00 -5.212462882707634693e-01 -1.628559788177044609e+00 -1.481438081585776390e+00 4.228943892937662152e-01 5.238644348452232702e-01 -5.080349727219339862e-01
9.235866452586145581e-01 -3.799478163486913473e-02 -1.417576186530397520e+00 -9.439276020636615527e-01 -3.240013723139165691e-01 1.280546644818993385e-01 1.759321189884686110e-01
4.237753929090549154e-01 3.086692007226388701e-01 -8.961779281831628863e-01 -4.183596737827361411e-01 -1.012909152697788917e+00 -5.936632065857699175e-02 9.171145296865248486e-01
1.519968978795804004e-01 3.381072954695142907e-01 -3.266520378558043225e-01 -1.009161657741888402e-01 -1.325836248109063309e+00 1.144695573357947535e-03 1.529732702861258620e+00
1.970154070474862684e-01 -3.203036948882415774e-02 1.000008940489137133e-01 -7.512242314163515566e-02 -1.233064217231740534e+00 2.389937814961181350e-01 1.848809211717559853e+00
5.277311440788444719e-01 -6.821188829012395649e-01 3.815199288689296031e-01 -3.259895180991364549e-01 -1.103055855901418747e+00 5.849690261728761609e-01 1.830344037842219995e+00
9.648410555325185323e-01 -1.354738534506435554e+00 5.738585552159576331e-01 -7.159213167542666234e-01 -9.303812375470024154e-01 9.168597528326078994e-01 1.541155624711258776e+00
1.244731869693566306e+00 -1.838642220331730082e+00 6.962937266882965881e-01 -1.086769503436676887e+00 -6.473223839652705314e-01 1.031740900688590257e+00 1.070633925460424241e+00
1.223658636063456706e+00 -1.963470634682197291e+00 7.454485263968947395e-01 -1.297861813995550451e+00 -2.668260007005615053e-01 8.580704020534383192e-01 5.948774008386883416e-01
9.893165303408226752e-01 -1.686293027978675196e+00 6.827242213033235529e-01 -1.276788550009890111e+00 1.784279849283826602e-01 5.289460934665607406e-01 2.611949692993168481e-01
7.728830645773367980e-01 -1.108000736503821804e+00 4.727388874927033191e-01 -1.026203056085489784e+00 4.655186511369869828e-01 1.628837665441316973e-01 3.878113038418132957e-02
6.810478210709921543e-01 -4.352307799890337559e-01 2.471562802463620201e-01 -6.319879727603734398e-01 6.025335658385075899e-01 -2.023150205182469852e-01 -1.429389820421416435e-01
5.847621248424850204e-01 1.404302453438028842e-01 1.697889919562291794e-01 -2.227856780268909209e-01 6.805172006991337952e-01 -4.835932844736332559e-01 -2.513563944592457355e-01
3.871578532298783348e-01 6.318813743594892118e-01 2.143709848379466432e-01 1.463499068990729568e-01 6.557644800277644404e-01 -6.562519940790542128e-01 -2.153205470914959230e-01
1.295099566201943775e-01 1.163683479406160792e+00 3.285220551990847282e-01 5.403972978160017648e-01 5.718505974224546984e-01 -8.176185892563612168e-01 5.993211505871314480e-03
-1.987363960866300738e-01 1.743139224943659027e+00 4.902360186046767487e-01 1.019130399153691302e+00 5.472358987374954520e-01 -1.034276897347198965e+00 3.842307715423662340e-01
-6.269033212231549523e-01 2.247723328620510941e+00 6.386283420774298003e-01 1.482744604324682802e+00 7.059036682700816634e-01 -1.323450206107713134e+00 8.107509947825337626e-01
-1.059651170591546787e+00 2.604962463943393036e+00 7.896814116079633461e-01 1.868259773794553658e+00 8.218894942239792778e-01 -1.638947430333665967e+00 1.221396604826080035e+00
-1.322314782406663225e+00 2.762196504549887521e+00 9.497784580948190891e-01 2.193744349685407879e+00 6.048065381008338459e-01 -1.868750657027222539e+00 1.518255324676242912e+00
-1.371193657283004796e+00 2.607340290463575183e+00 1.026181787076512197e+00 2.308286859385867640e+00 2.469899245068605531e-01 -1.899856270445685169e+00 1.506589483884434255e+00
-1.264223509977919546e+00 2.056875073312268487e+00 9.911983566578281835e-01 2.022357651871152573e+00 -1.185373824160602663e-01 -1.620338790178071697e+00 1.090500784424442537e+00
