6.428522090884062345e-01 -3.417429679401799980e-01 -9.368143067842145122e-01 -2.606556148963726782e-01 3.088487978569926518e-01 -1.223926834032572630e-01 -2.623945595064671732e-01
3.667591124942758407e-01 -4.862022224587059238e-02 -9.459320423728347915e-01 7.702936786502660726e-02 2.927389317034322924e-01 -4.806593803482858140e-01 1.170407581284661422e-02
1.289288163119950703e-01 3.262828138107292664e-01 -9.437646770689140929e-01 4.516637091260882197e-01 2.502428327829599453e-01 -8.598581822258923868e-01 3.227510496231014159e-01
1.280760725522116922e-02 6.740062708005852832e-01 -8.707660283676206259e-01 8.622269742720173324e-01 3.041923135698633707e-01 -1.180443701886971786e+00 5.235097245532789323e-01
4.914093776671070446e-02 7.876683351754851792e-01 -8.367873927884560414e-01 1.219890994808442874e+00 5.767837719790261941e-01 -1.387176693483430423e+00 4.396702221669663846e-01
2.526515493880905905e-01 6.904044148339560927e-01 -8.454957462191869944e-01 1.476436167851592041e+00 6.522814271398051922e-01 -1.406492912581050359e+00 1.253278087577220923e-01
4.010145675535868870e-01 5.548427032729273956e-01 -7.274392230084175681e-01 1.620543317822698892e+00 1.520694125854560041e-01 -1.338793128851751835e+00 -1.945317863011621073e-01
2.629131296079831315e-01 4.657345902740517851e-01 -3.729274674420479108e-01 1.680272939990805181e+00 -3.085574221612998880e-01 -1.339356913901541102e+00 -3.754107849780609629e-01
-5.190219905223097258e-02 4.109180040263102907e-01 2.079876293146335209e-01 1.710357591073509376e+00 -2.450501878976593106e-01 -1.409689950940914649e+00 -4.307594268544417404e-01
-3.568674599532431491e-01 3.778922579504931933e-01 8.965815085984233379e-01 1.723162152022691407e+00 -4.973459413352183250e-02 -1.531318727516508993e+00 -4.318586103086766714e-01
-4.619346564060574645e-01 3.976787088555527316e-01 1.474409090545567791e+00 1.609220952088112000e+00 8.864118406269548556e-02 -1.601108483962786710e+00 -3.941428916664300175e-01
-2.567646770430616066e-01 4.301753019407797973e-01 1.807330396890156843e+00 1.308948031026978098e+00 1.217159920920778959e-01 -1.447689069726093347e+00 -3.313331336910372849e-01
9.513960262606310780e-02 3.665100620731128744e-01 1.882069667074321551e+00 9.175695019684882991e-01 -7.451060190496522871e-03 -1.102721376522123098e+00 -3.124310562041533457e-01
4.243763195925683851e-01 1.622642239201011471e-01 1.717276297793052464e+00 5.158057433517296841e-01 -1.031615289323012385e-01 -6.720600484314280809e-01 -3.612935158238671507e-01
6.735439094293718121e-01 -1.309741560010825034e-01 1.339093909774846214e+00 1.626486157866153526e-01 2.500853909907121975e-02 -2.118885421028375016e-01 -4.405519837660165638e-01
6.891806836517067048e-01 -3.287900728904069592e-01 8.940010606224229051e-01 -1.608410038607577808e-01 4.224865915442089226e-01 1.313052795511923665e-01 -5.212288159422975298e-01
3.788012870133301568e-01 -3.205045047946493697e-01 6.109172204554090824e-01 -4.294946385542006695e-01 9.451966921374050923e-01 2.830121371802603036e-01 -5.466711477200918434e-01
-3.695191185591410743e-02 -2.050101011987380539e-01 5.317519469098475060e-01 -6.629128436242104350e-01 1.255052200370963211e+00 4.285613385540792408e-01 -4.692628716553416957e-01
-3.230395110576894657e-01 -8.420039442524765785e-03 5.287804605208688002e-01 -9.247053923962740285e-01 1.086845474571754622e+00 6.445995184517054888e-01 -2.773397498177748166e-01
