4.926418176246807890e-01 2.829886808291490308e+00 -1.480232206770214720e+00 2.710618741892910077e-01 -1.741098330048310938e+00 -8.490816805096260689e-01 -3.438854068708728784e-01
5.477857704050403953e-01 3.036564801134347125e+00 -1.408067588560973027e+00 5.101867465424041459e-01 -1.759932796725164117e+00 -1.004025752090338619e+00 -6.242082367223931172e-01
5.435590815652038277e-01 2.515399801039555960e+00 -1.141906908989229752e+00 6.142459752323708999e-01 -1.415782592671259277e+00 -8.484491348837646107e-01 -7.465662502500376441e-01
4.647174117629596091e-01 1.538309447947887598e+00 -9.164572703264033393e-01 4.619001756616433196e-01 -6.888770987713649374e-01 -4.177286625029398848e-01 -6.143092295515772960e-01
4.218680153017832501e-01 5.922464991939141443e-01 -8.638617278690821077e-01 1.060975144732645009e-01 -5.129756025128771879e-02 1.224864119476560056e-02 -3.262354312172543458e-01
4.718072791798819665e-01 -3.415776290672289245e-02 -9.314768856220306814e-01 -3.582735700284992997e-01 2.769328171368211633e-01 2.477039144833908801e-01 4.040729321327367340e-02
5.156958018709753011e-01 -3.201359923523658946e-01 -1.002854271086912608e+00 -8.980666829100899529e-01 2.897275440804132907e-01 3.527428859290299701e-01 4.860811361430362187e-01
4.481021306548321759e-01 -3.988674317250258672e-01 -1.076410570299172642e+00 -1.450780111195848709e+00 1.035766298847684563e-01 4.881656467662406906e-01 9.760918382866016207e-01
2.895178428744085153e-01 -3.873467420988653820e-01 -1.131425583430317072e+00 -1.748182400575566398e+00 -4.571843040406459169e-02 6.744195900792665510e-01 1.303317043395625374e+00
9.713249005976697104e-02 -4.115958586322032708e-01 -1.069739600757055209e+00 -1.618764588197301846e+00 -1.336084892408360425e-01 8.753176529550737994e-01 1.302194523234047496e+00
-4.122169371988233799e-02 -5.807088920912180097e-01 -9.144352495169338901e-01 -1.295194792324992905e+00 -1.518464358740440612e-01 1.085457294563868968e+00 1.043816998267327545e+00
-7.422400886146660048e-02 -7.578876148791190426e-01 -7.248585889601614207e-01 -9.799731798196906762e-01 -5.246053215740372616e-02 1.206785193294016123e+00 6.558681236045467156e-01
-1.158544737011506648e-01 -7.874386184053939752e-01 -5.248317026675005659e-01 -5.850074274652202755e-01 3.746891748656538262e-02 1.188076994048894441e+00 2.330949416725647261e-01
-2.893457292804345049e-01 -7.824861316673864531e-01 -3.766462402302821477e-01 -6.610475675771371185e-02 -4.468344841293928060e-02 1.150863615878549018e+00 -1.156774292362444390e-01
-5.444194084800083600e-01 -8.757906170385792999e-01 -2.414163479580882510e-01 3.431983334557547338e-01 -1.438987571675895694e-01 1.216720821150013565e+00 -3.290086446640817508e-01
-7.467272960831162765e-01 -1.029487071472273696e+00 5.100318699589571209e-02 4.602760158492835152e-01 -4.828038841056366687e-03 1.389069197786509280e+00 -5.045507088128005080e-01
-8.962128153037205447e-01 -1.042804100755724717e+00 5.653377750783422639e-01 4.444707827103577258e-01 3.004538674878338145e-01 1.547452738814751871e+00 -7.922025923533846381e-01
-9.465427364295502244e-01 -9.103991648494602629e-01 1.160442486981449361e+00 4.758420240223573683e-01 6.563183685754634400e-01 1.522522636532224194e+00 -1.168737515175710673e+00
-7.757384985389478294e-01 -8.214580260522101884e-01 1.643629670446187019e+00 5.359677247280661971e-01 9.107107484408374365e-01 1.291940819450115185e+00 -1.479426668320248606e+00
-4.627673295454892144e-01 -7.094067212656318677e-01 1.927179790894435474e+00 4.677532326703709997e-01 7.878120632875996732e-01 9.969355341529494430e-01 -1.571792730423048567e+00
-1.710800000886131267e-01 -4.850972277395975141e-01 1.944365342135308206e+00 1.895152537465838449e-01 2.752322304845737921e-01 7.353739175800145800e-01 -1.333833061526819019e+00
7.886614184803954208e-02 -2.284173886503452766e-01 1.706746984066407791e+00 -1.453742442083713338e-01 -4.034623517418770566e-01 4.667458121635185142e-01 -8.394288962817568756e-01
3.548743920191236856e-01 3.051309581265037804e-02 1.418295923426715843e+00 -3.989262688501382659e-01 -9.882490037106302916e-01 1.000145720791063564e-01 -3.404946182468011062e-01
6.341348484670079610e-01 3.504919990712181965e-01 1.186834108726311454e+00 -5.701648454859291615e-01 -1.295539672187807856e+00 -3.483995055436870381e-01 1.677301141757740061e-02
8.496966382208883672e-01 7.487413504722248980e-01 9.304549985967225378e-01 -6.098203852450038154e-01 -1.308182554157858668e+00 -8.291684140402943992e-01 2.299629858862201059e-01
9.520626806093843708e-01 1.125629567631478034e+00 6.155822562543293852e-01 -4.528044518211449265e-01 -1.091881649086406947e+00 -1.338584755423943617e+00 3.209825820826117115e-01
9.675165639262626183e-01 1.403808208898319254e+00 3.656809462517424114e-01 -2.141097634979935715e-01 -8.184377361893130365e-01 -1.811516907552736644e+00 3.226760555312291334e-01
1.009017719213429531e+00 1.557469829708169051e+00 3.008504889801653648e-01 -1.632807217009090220e-02 -7.163197302262205302e-01 -2.148744698766672734e+00 2.709826503658408492e-01
1.070152826717597927e+00 1.645778530922195282e+00 3.955065437259062122e-01 2.033832570006733620e-01 -8.089709756406474606e-01 -2.331330907833377708e+00 1.447785454177984432e-01
1.089704708642015074e+00 1.746035328934790964e+00 5.143016564839716365e-01 4.075372331986757413e-01 -9.233748386831954758e-01 -2.409951184766700116e+00 -1.793087650892712104e-02
