1.709025497362347767e+00 -2.184740076247153606e-01 -5.540343531543499012e-01 -6.802060659465098968e-01 -1.669398018142850826e-01 -1.577037565752170023e+00 1.027052330943962977e+00
1.646527656246156379e+00 -2.225100208923089518e-01 -9.964946113462080923e-01 -6.212084353502665968e-01 -1.737441254097518151e-01 -1.694629304784885493e+00 1.295461153571113355e+00
1.120977390218614422e+00 -1.134618078518289941e-01 -1.567917832346325868e+00 -1.018676158842265339e-01 -1.759089368721062719e-03 -1.751916297289810798e+00 1.415057855707056778e+00
3.661139864657848575e-01 -3.205493168743649840e-02 -2.069799261475672836e+00 7.195477004559899248e-01 2.549280205594330329e-01 -1.579953054958961101e+00 1.294490808246852698e+00
-3.371199592240682885e-01 -1.650909985441495753e-01 -2.395432461923107326e+00 1.679045494495307045e+00 6.644535254772232502e-01 -1.179409372866829342e+00 9.808808354919026362e-01
-8.382229378541561360e-01 -4.282409771644826169e-01 -2.491538884147807664e+00 2.447374199206709289e+00 1.080321969345282573e+00 -7.094934359747147035e-01 6.388130478161014869e-01
-9.908636164855618711e-01 -4.636904183832045168e-01 -2.208689590200424213e+00 2.837348281405720929e+00 1.082953883800651163e+00 -4.529793097344942399e-01 2.395693285782425630e-01
-9.055495932414323601e-01 -2.113563460175963138e-01 -1.610252124867570078e+00 2.816771438092707580e+00 7.189927010388520445e-01 -4.001058842399648485e-01 -1.459508368140988721e-01
-8.845885878040771200e-01 -4.308880721810629671e-02 -9.645485104278405109e-01 2.311448871152177897e+00 4.385618031799741745e-01 -2.379859283906329004e-01 -2.313202425094935677e-01
-9.717643372215660769e-01 -1.381155085588695597e-01 -4.465545105779598622e-01 1.521094181983793314e+00 4.859937772114670262e-01 1.095836892581915495e-01 -5.771551528698733169e-02
-1.008124533774359399e+00 -2.942112227779703493e-01 -9.794928479661697829e-02 8.277868682840552328e-01 7.255924924365504403e-01 4.839844693686914390e-01 6.573883649847479804e-02
-9.792574652623655673e-01 -3.618827429472307733e-01 1.177252313067050499e-01 3.463036785029157127e-01 7.829923469981194817e-01 8.018196715046705947e-01 9.923451527910559511e-02
-8.569980754032850978e-01 -2.746677528361406440e-01 3.695910297942332501e-01 -1.198304109548450069e-01 5.580027735676736933e-01 9.874727431650137666e-01 5.162221900510337996e-02
-5.817245994704293155e-01 5.391520212287252006e-02 7.475662552582452713e-01 -6.461588038334609152e-01 3.133778296724732404e-01 9.700044338714955972e-01 -1.934867054112237861e-01
-3.067796164793563096e-01 5.053575914173991102e-01 9.872759553749269612e-01 -1.038062151362332264e+00 1.287613457461508903e-01 8.839977241263249352e-01 -5.355194737768849134e-01
-1.214749500785173991e-01 8.291643723719486214e-01 9.601395260489127281e-01 -1.231270691076420842e+00 -4.605877155281234286e-02 8.747666198845528429e-01 -8.077351836506142524e-01
5.397689115010269323e-03 1.009244885492698529e+00 9.781704856292985362e-01 -1.302700761584020706e+00 -2.895420447468570191e-01 9.007378577777161999e-01 -1.047868248395293911e+00
5.316834801829039420e-02 1.138260855635928381e+00 1.270933542435235708e+00 -1.238259291643803106e+00 -4.700835368823061966e-01 8.316231945421217464e-01 -1.336595515192074535e+00
1.386213574211551947e-01 1.197708120455718062e+00 1.626247694317973114e+00 -1.037838633294483781e+00 -4.541076272306613371e-01 5.518590262538586311e-01 -1.582731266135714687e+00
5.082913084020443950e-01 1.210932419633053314e+00 1.817355529606110132e+00 -8.598730084310212129e-01 -3.891873792385036057e-01 4.472031437926716341e-02 -1.670266435272116379e+00
1.160930738403434193e+00 1.174866930143410926e+00 1.920049600903141362e+00 -8.372485104780051923e-01 -4.459827931577163285e-01 -5.500864575858963601e-01 -1.593728677138071648e+00
1.699612318176393799e+00 9.798295161736458869e-01 1.904570645615245139e+00 -7.737001119058530829e-01 -7.336990483790190032e-01 -9.891130830054338796e-01 -1.338597018113970583e+00
1.896946278701197919e+00 5.404444449272856055e-01 1.668538660003553664e+00 -5.003346092637823705e-01 -8.250698675896107614e-01 -1.200031864983014840e+00 -9.196632353773334101e-01
2.013706059051810104e+00 -1.895393981673419714e-02 1.427648059814855985e+00 -2.148900404082062787e-01 -5.380869420663693115e-01 -1.332833802641052445e+00 -5.002435136215763745e-01
2.284173913554052415e+00 -4.454960483902187240e-01 1.351797314542305894e+00 -1.085497807981991580e-01 -3.888982320031631468e-01 -1.473617777077370183e+00 -2.208814927556579377e-01
2.565872170850825196e+00 -6.582702464274509113e-01 1.336143787654947790e+00 -1.484168108632540062e-01 -4.153813595969804151e-01 -1.565144393580583548e+00 -7.393815011075677290e-02
