-1.876613849693815839e+00 2.263337559609585270e+00 1.811326859111648924e+00 8.615159676404779976e-01 -1.066635283468430062e+00 1.352786197347281227e+00 3.482249893591870649e+00
-1.922837222406811541e+00 2.105191276224399388e+00 1.665809571080246299e+00 7.856131570788528196e-01 -8.980370548208480574e-01 1.262770826897108067e+00 3.544370219476042028e+00
-1.728576902956871164e+00 1.820597767427407643e+00 1.382764876421249900e+00 5.906298803568746925e-01 -6.383759456586273195e-01 1.122631317721698663e+00 3.184082600385817585e+00
-1.346303442433423703e+00 1.410685519904933516e+00 9.199420526425289291e-01 3.295102079734897327e-01 -1.585810012197995944e-01 8.831592832683075045e-01 2.227488424736512762e+00
-1.034685782628167017e+00 8.990641396888179315e-01 3.278676508734238992e-01 1.033194749161731874e-01 3.768714229778986069e-01 5.282692143552547570e-01 1.016681981190893369e+00
-7.939172391603255274e-01 3.357527965027135020e-01 -2.314268350322291612e-01 -8.704073646131700592e-02 4.231965704409670903e-01 1.127803469018959504e-01 -1.236133748815743671e-01
-5.053822505442809865e-01 -2.186018516290929581e-01 -6.833580069536643320e-01 -3.408512474365188449e-01 1.145530207794000221e-01 -3.242430916792088946e-01 -1.148481426943482209e+00
-1.114952975400216040e-01 -6.373479036959396327e-01 -9.805868910314202713e-01 -6.113016487242386443e-01 4.930233302648658750e-03 -6.260315014331021555e-01 -1.946215239786054818e+00
2.738329160607008150e-01 -9.077481827042693796e-01 -1.017137317778861183e+00 -7.421493164034085321e-01 1.237682109575889144e-01 -6.519562591645198246e-01 -2.294476936347783269e+00
4.432450000428832526e-01 -1.103242877309584591e+00 -8.241736136489155040e-01 -5.952583077339640427e-01 3.381935508885172692e-01 -5.170506498147141583e-01 -2.168998802097179102e+00
4.487552159381622552e-01 -1.201694511176691238e+00 -5.932356827304333668e-01 -1.959445315566955836e-01 4.521935119837550698e-01 -3.996208927522614252e-01 -1.791545910426823429e+00
4.032899416384010394e-01 -1.243228999918391420e+00 -5.364956846240286348e-01 3.193946830415952953e-01 4.488820745477243301e-01 -3.785351018128883527e-01 -1.341447376372159717e+00
4.308159234098137835e-01 -1.267514970148409637e+00 -7.718824125145766768e-01 7.373019856881766199e-01 5.807108107219505211e-01 -4.335508009920680528e-01 -9.684201759815110888e-01
6.622563168230940489e-01 -1.170840314719068909e+00 -1.141411408615978118e+00 7.965659472077357695e-01 8.084182823877993362e-01 -5.475737826405379094e-01 -8.617699126655766761e-01
9.475027406977657440e-01 -1.000577704384364663e+00 -1.467625412196627233e+00 6.142504661242118580e-01 9.749971919633444450e-01 -7.523725517196551138e-01 -9.441798743513433179e-01
1.176927793127750421e+00 -9.122773648690596371e-01 -1.758555222976210031e+00 4.875033402319387532e-01 9.780019663155730125e-01 -9.208534133198328364e-01 -1.018531382438670363e+00
1.388400607667521491e+00 -9.385082793268423318e-01 -1.923625030644567246e+00 3.559051438203917339e-01 9.207908621790096282e-01 -8.850560591062800464e-01 -1.032587268447533457e+00
1.460167117159680172e+00 -1.059865053548893377e+00 -1.810472986194831657e+00 1.220304382756668693e-01 9.521626785816381666e-01 -7.094020007263236449e-01 -8.994492634828318289e-01
1.225892812071363247e+00 -1.221369713599114615e+00 -1.412739875548500113e+00 -4.644271246783129858e-02 7.541736748355388764e-01 -5.410975737259081653e-01 -5.282859545707604410e-01
6.636696416310378099e-01 -1.308904739191696809e+00 -8.065324506404504268e-01 -5.835546394617716764e-02 4.274805108878385745e-02 -4.356658916549682736e-01 2.355634341297065809e-02
-1.138204261253048383e-01 -1.144969220020542355e+00 -7.995280739678582715e-02 1.403445246135079372e-01 -8.164388820954495696e-01 -3.755729823448490934e-01 6.741362903401947326e-01
-8.819828019084280379e-01 -7.123565518637873240e-01 6.095464728325507009e-01 5.414144651047104739e-01 -1.354776605916526266e+00 -2.871306120877825108e-01 1.279666368622788930e+00
-1.391175822178374100e+00 -2.440925717123714478e-01 1.085857215909934670e+00 9.528287896898389731e-01 -1.537598707849657353e+00 -8.121770270145926840e-02 1.675325264943720249e+00
-1.554302270339267711e+00 9.312217583474936833e-02 1.292765828283893859e+00 1.290181099140274679e+00 -1.455567953406511572e+00 1.440993118258982741e-01 1.868809683790824350e+00
-1.415484020551023958e+00 2.685073618324895772e-01 1.316773479439012684e+00 1.379176350230190584e+00 -1.055193640238611064e+00 2.976861860696434769e-01 1.890968817315612727e+00
-1.039791460170714776e+00 3.062924525100431672e-01 1.273965840617790946e+00 9.357981418120557837e-01 -3.800431464084472744e-01 5.135944319614264009e-01 1.693195309343060506e+00
-6.028968383889314886e-01 2.910286810923209400e-01 1.208574378709676989e+00 7.583779381333961844e-02 2.402959095486971175e-01 7.555910152611879926e-01 1.287605850927010520e+00
-2.652009793910647950e-01 3.127716783573843418e-01 1.140247892128817275e+00 -7.344157486696756276e-01 4.896926510753160100e-01 8.702131775948127590e-01 8.524769732072386974e-01
2.419773137464150542e-02 3.848841071289994531e-01 1.019510728000662558e+00 -1.105912227499631140e+00 2.958899761081575375e-01 7.995706877235467802e-01 4.946480206303089378e-01
3.904292117916565719e-01 4.435803361794891098e-01 7.801823521949572404e-01 -1.091887602100422905e+00 -1.491670095308719468e-01 4.931702275974176874e-01 9.545792795874297187e-02
7.935987518665150731e-01 5.341756981958067918e-01 5.308098803032440527e-01 -9.490879312328882600e-01 -6.377760341488062368e-01 1.897061880865220582e-02 -3.517140423762113999e-01
1.101264500919006517e+00 7.381982710567048800e-01 3.837677287528826198e-01 -7.361380235578719455e-01 -9.871038749133570489e-01 -5.015351021393946729e-01 -7.256736567732301468e-01
1.234209655343767364e+00 9.621789025862650391e-01 2.877732334785280122e-01 -5.578101674425960388e-01 -9.829357111592254004e-01 -1.029811930740313963e+00 -1.037160259674339891e+00
1.241852668163573981e+00 1.117263431001985552e+00 1.657828861132310261e-01 -5.388484181681276741e-01 -7.414407189378013907e-01 -1.475837511150760673e+00 -1.335588811923721586e+00
1.211065159210504838e+00 1.241167550153046806e+00 -9.084138791156355988e-03 -5.903593803345794644e-01 -4.943536361431828396e-01 -1.743400433649276549e+00 -1.568768482160892264e+00
1.066772715247501724e+00 1.303951831238736148e+00 -2.061308228342028370e-01 -5.324257559463023703e-01 -3.748312164961022930e-01 -1.852628017534404758e+00 -1.698263205761353811e+00
8.137311601794391391e-01 1.238602527838474909e+00 -3.630374704628072657e-01 -4.364196609377433700e-01 -3.960869967365496791e-01 -1.782651168096964778e+00 -1.751307090236311703e+00
6.413255750208007866e-01 1.138437339333846499e+00 -4.715959409810722702e-01 -5.055456549610439776e-01 -3.197361479302897047e-01 -1.451555916891707820e+00 -1.704702125744565366e+00
6.808839312250092313e-01 1.051424104662297632e+00 -5.345049682415438097e-01 -6.784807713259035644e-01 -9.309650077464692863e-02 -8.990446885317555648e-01 -1.573807179142319157e+00
8.329431697279693347e-01 8.908489487482291747e-01 -5.439217426911068243e-01 -8.339269524663599498e-01 9.428911417910550152e-02 -3.110789105473857896e-01 -1.443036861661485037e+00
8.239990172199848084e-01 6.450110017491743619e-01 -4.937539290707382289e-01 -9.439345000524209661e-01 1.042161465519107488e-01 1.063639883683762805e-01 -1.302358414709114287e+00
4.605135291739268499e-01 4.108175013459921532e-01 -3.244339739925837796e-01 -9.355870224007031277e-01 1.753300896991482477e-02 2.883579136031389489e-01 -9.732155847677560478e-01
-1.824835140624948282e-01 3.192472894332601396e-01 -1.821643390238742236e-02 -8.249462512131301439e-01 7.468755422197644045e-02 3.459089260153503376e-01 -4.199933532423961724e-01
-8.697092133542506653e-01 3.540099602464089612e-01 3.528638824651761374e-01 -6.637838322280816827e-01 1.544646456136722357e-01 4.108501399810702281e-01 1.683979525149669199e-01
-1.393512565622698096e+00 3.555506781854608778e-01 7.262722847799254478e-01 -4.488455908632614233e-01 1.960506241046749143e-01 5.986188134477754552e-01 7.451139027004151094e-01
-1.549808279253045873e+00 2.882406482563253380e-01 1.070142282458659277e+00 -3.301695935305759000e-01 4.261974104368874694e-01 9.258154379964829150e-01 1.171451274454842872e+00
-1.304568901984216156e+00 2.275284008299051086e-01 1.316010037805976474e+00 -3.603605708184988154e-01 6.803631230018359899e-01 1.264719060331653822e+00 1.256030015588609938e+00
-8.760970064514008726e-01 1.077701935216988927e-01 1.349904508927142865e+00 -3.482081236306320271e-01 6.984781346806877567e-01 1.544764279635082227e+00 1.136726643869436559e+00
-4.153037476018496821e-01 -1.648469334911221440e-01 1.165255160726282213e+00 -1.760324649381667106e-01 5.521949659848993663e-01 1.758041848771915827e+00 9.542626510723413169e-01
6.572061063903465727e-02 -4.989284913440837355e-01 8.810899028880118111e-01 -7.183248407358688858e-02 4.810169337765818343e-01 1.913365950559824835e+00 6.276549800208844898e-01
5.667814750581874339e-01 -7.555875730806262958e-01 5.992768281313859413e-01 -2.773362921088382560e-01 6.924510082422952184e-01 2.083653062363871822e+00 1.232077145954764835e-01
1.078942151753605749e+00 -9.171697102004903179e-01 3.304535834772980851e-01 -5.666400149697382593e-01 1.072041340490295314e+00 2.252472109491714392e+00 -4.670312702126809823e-01
1.421934507206076725e+00 -1.023160286621526804e+00 4.191059701707088025e-02 -6.014844165699488876e-01 1.287457476025045899e+00 2.214825350095186884e+00 -1.012733913404877173e+00
1.433489058168230912e+00 -1.140592986756308047e+00 -3.190227718787622679e-01 -2.236195108201780857e-01 1.146975787564833649e+00 1.839130374222570641e+00 -1.337959307352375227e+00
1.233993939927489736e+00 -1.245307007461772475e+00 -6.538811802874529011e-01 4.221843288839227659e-01 6.906074686669251284e-01 1.323686863099143185e+00 -1.279113517731553129e+00
8.827862116212595867e-01 -1.187046807766620526e+00 -7.736147237373075525e-01 9.253810066208927321e-01 1.110324006618743087e-01 8.905635236926223719e-01 -8.722537095298910081e-01
3.341277100900033048e-01 -9.919581622512975150e-01 -7.146808272217128888e-01 1.175145526662253248e+00 -4.716088233100938498e-01 5.613352249792189497e-01 -3.131340271249811735e-01
-2.380091460835546679e-01 -7.997074245458415387e-01 -5.643504971907994383e-01 1.218594946754962605e+00 -9.313253599270377991e-01 3.767044311418253910e-01 2.351973821257967445e-01
-6.041646525706639848e-01 -7.218118329750801143e-01 -4.539720657302024898e-01 1.037057838792077469e+00 -9.286334486297666002e-01 2.979331241990654244e-01 6.316953172281284390e-01
-6.987297903062924531e-01 -7.443660618562984999e-01 -4.728191999005245116e-01 7.938050587033721461e-01 -4.425142809339133732e-01 3.020502485274457749e-01 8.995103798018643237e-01
-6.449147257589661342e-01 -8.017143411117109153e-01 -5.250080921019575353e-01 6.275811589885943453e-01 9.153383354873054212e-02 4.219183385534256980e-01 1.160435644980295278e+00
-6.777319755391613132e-01 -9.020047330011019548e-01 -4.876905797368859541e-01 4.570029636831066666e-01 3.196435931814173292e-01 4.871235623309972396e-01 1.419143532101060368e+00
-8.532142992530712400e-01 -9.249330834215939712e-01 -2.293692952335775470e-01 1.755411036437317107e-01 1.308679990489832190e-01 3.616587617922734643e-01 1.655398251291563705e+00
-9.655043595713510562e-01 -7.459943742113100962e-01 1.638509450783356969e-01 -1.427317858100393688e-01 -1.288416486526128280e-01 1.153434956560475261e-01 1.780647611257283769e+00
-8.566434663220824364e-01 -4.249014624306101107e-01 4.102653458591954960e-01 -3.467893091300945363e-01 -3.860524896728349115e-02 -2.131644479267338077e-01 1.658250863487893412e+00
-6.577247682406730522e-01 -9.949466228957444536e-02 3.991063568078468959e-01 -3.699173055554090261e-01 2.930628918130637195e-01 -7.066670535669404840e-01 1.295978936770796341e+00
-4.574790049015516336e-01 1.694464955992414923e-01 2.267098553827068819e-01 -2.547833822066372655e-01 5.970290853197816050e-01 -1.297962648756696868e+00 7.741850065917620372e-01
-2.154745030414577933e-01 3.488676971116043690e-01 4.724728976433562044e-02 1.565206405832611503e-02 6.405322389669361183e-01 -1.793670743079510022e+00 1.623173329233906781e-01
-3.113138925568228674e-02 4.097432664132685809e-01 1.218213835071821176e-02 3.757255985989809699e-01 3.536949180225911205e-01 -2.047070046861525494e+00 -3.684749866514725469e-01
8.360616685104950430e-02 4.504099419095587420e-01 1.400913220031480277e-01 5.476750320837679986e-01 2.047728376682996509e-01 -1.976067855683483865e+00 -6.443930781468565350e-01
2.742081155616699073e-01 5.621696214205237352e-01 2.371081006254328327e-01 4.404704435359599324e-01 3.840160893009569310e-01 -1.652097037855191797e+00 -6.891440767296348469e-01
5.751376096092204460e-01 6.760291148347541412e-01 1.301040719138567558e-01 1.401973775459039451e-01 5.431006329102695540e-01 -1.173332087083331698e+00 -6.353631358987971156e-01
9.145873730222113807e-01 6.781918800575937878e-01 -1.732288827354036553e-01 -2.401100577749719911e-01 7.515974839271933883e-01 -6.803085123143473023e-01 -5.802613008894726976e-01
1.202727387603985010e+00 5.570994219949327864e-01 -6.249093704849074671e-01 -4.407102860312551162e-01 1.020621831566090210e+00 -3.734180235763318589e-01 -5.535963199360965925e-01
1.417885706773119203e+00 4.193456175862255164e-01 -1.119754446324669139e+00 -3.214776340854619829e-01 1.003852279076214549e+00 -2.531476048034415616e-01 -5.633790788264784188e-01
1.472452815704689222e+00 3.395421864548118784e-01 -1.486079708958672141e+00 -9.850182418795090655e-02 7.438568581652077460e-01 -1.902224486789859670e-01 -6.650519209974690149e-01
1.187786854957763039e+00 2.644452634084339948e-01 -1.665293708312840515e+00 1.789639154412427796e-02 5.122295434282800874e-01 -1.015577737494646887e-01 -8.669004765740397911e-01
7.085895205556846932e-01 2.068377504770858299e-01 -1.630518209563572851e+00 -6.453927764015802981e-02 3.872882843262809294e-01 9.063950503707673967e-02 -1.046207366472809097e+00
2.528798662981474044e-01 2.265523160959689586e-01 -1.422033870916147524e+00 -3.223377792611979431e-01 2.484077689878454176e-01 3.965367823654502577e-01 -1.029259303194021813e+00
-2.625070495003014592e-01 2.784375672994300333e-01 -1.174214648298249175e+00 -5.855604600983641550e-01 7.898175379282479369e-02 7.359834948773100738e-01 -7.199859278251874439e-01
-9.092899679290671333e-01 3.555036491825997458e-01 -8.652492998681260428e-01 -6.777376079424001221e-01 -2.257457045601228007e-01 9.614104599199100321e-01 -1.442589504267755840e-01
-1.512987322753926778e+00 5.062197549758290505e-01 -4.408599944088471556e-01 -5.505918100280701166e-01 -8.946555331175385373e-01 9.828819186682216102e-01 6.213028028013645176e-01
-1.868527700861456253e+00 7.283593790857574302e-01 -4.480759077178908534e-02 -3.375516963021943928e-01 -1.584354884804468622e+00 8.077859834862551880e-01 1.408514869259628099e+00
-1.990929492433468839e+00 9.985143947942921594e-01 2.317153818116858277e-01 -1.412005274208521788e-01 -1.882202389438924817e+00 4.824306599190232858e-01 2.055195235764913253e+00
-2.038230579214242333e+00 1.261970861502158092e+00 5.225803822371969387e-01 -1.130889719265112687e-03 -1.848350051816477047e+00 1.517070365275059174e-01 2.602966508236626897e+00
-2.092192371204296020e+00 1.438275264098007211e+00 8.667255055528320096e-01 5.745927764986702956e-03 -1.556947038818238482e+00 -8.191675635663075994e-02 3.032192339700404027e+00
-2.107377028620748494e+00 1.521629001449953167e+00 1.148762761068010230e+00 -1.589276345110758604e-01 -1.109549097830096365e+00 -1.577873765844555465e-01 3.177937175476248655e+00
-2.021589782654163336e+00 1.573802130126917609e+00 1.399073493894684495e+00 -2.664454478105492408e-01 -8.029651477927107761e-01 -8.171628886373683009e-02 2.982849341104007568e+00
-1.750945210440889577e+00 1.551200291249588359e+00 1.648876648933695455e+00 -9.024743144683190776e-02 -7.954379251845938859e-01 1.767977958793897839e-02 2.442688590799385384e+00
-1.234092582659635395e+00 1.328998127274741536e+00 1.783253059070099678e+00 1.628537503077016335e-01 -9.529266837113116173e-01 7.553476462506673872e-02 1.565347233889228917e+00
-5.825127611791623972e-01 9.412672898635515706e-01 1.757990699489258901e+00 2.489692333955751680e-01 -9.859029953103508603e-01 1.031801469857547143e-01 4.936990278861442261e-01
7.956230852714984980e-02 5.150098310730288897e-01 1.584881907275459634e+00 1.474900005405578862e-01 -5.758889399164087708e-01 1.763392781010209853e-01 -5.574184032816007495e-01
7.094719290534317047e-01 8.528859232779718857e-02 1.281896979009893300e+00 -2.166635529171270433e-02 1.360598539868739798e-01 3.507930388557914947e-01 -1.422928701430235643e+00
1.216706687564884648e+00 -3.138415552983926937e-01 9.362352948885035442e-01 -9.633941325118554333e-02 5.566427662360015072e-01 5.289718202478321807e-01 -2.008350489437417341e+00
1.544199233976026653e+00 -6.266850923065447887e-01 5.948726267020113534e-01 -1.062489209465565243e-01 4.206698978010580681e-01 5.908782998390964547e-01 -2.315506310614476426e+00
1.744070692468461026e+00 -8.935355998806212563e-01 2.090865145838498584e-01 -1.622120155071595793e-01 -8.595779387551923112e-02 4.758722397788961445e-01 -2.401768974841707038e+00
1.808840107455888857e+00 -1.108213395860038863e+00 -1.592509878533018286e-01 -2.818117034250017805e-01 -7.143166929184306957e-01 2.107419702438068920e-01 -2.275453934433469438e+00
1.583840886366001177e+00 -1.168040820502057597e+00 -3.548564735340737908e-01 -4.029230288289195605e-01 -1.201970755283823244e+00 -6.385054325552413923e-02 -1.959631331775068430e+00
1.084961042155988098e+00 -1.054705823288637268e+00 -3.528787967763338806e-01 -5.328601610486816131e-01 -1.360604057059449312e+00 -2.017119071738506797e-01 -1.589141452677706345e+00
4.994793162164969380e-01 -8.201802070114081467e-01 -2.665569299997243014e-01 -6.972253797608987114e-01 -1.235419595424232186e+00 -2.008730777996515782e-01 -1.271233317063409363e+00
-2.677224736480638551e-02 -5.402701766793094329e-01 -1.591700241267007820e-01 -7.563717914027877631e-01 -9.158124469937053425e-01 -1.188679524381718866e-01 -1.022601634698016460e+00
-3.852253396418627851e-01 -3.818268205571346274e-01 -4.680639716602861405e-02 -4.789230465916878288e-01 -5.515648315360640597e-01 -2.463519385516857452e-02 -7.865453240024768977e-01
-5.236132876457805230e-01 -4.415326320481656186e-01 1.196211037181005299e-02 5.533587926829686317e-03 -3.917104629574078567e-01 2.645380124498236674e-02 -5.991463518044682912e-01
-4.428017527526972863e-01 -5.587473583464361848e-01 1.276689667403806683e-01 3.343008797093879325e-01 -4.531533013645661634e-01 1.148926703731437682e-01 -5.080769664277926534e-01
-2.737274778204423775e-01 -5.859391904084920721e-01 4.080049273516649366e-01 5.231409213365592059e-01 -5.427282841683158665e-01 2.211337167167883588e-01 -3.910664897594358647e-01
-1.781043935332264905e-01 -5.214876982117055970e-01 7.672030306969823688e-01 6.046060589965676080e-01 -5.521781562560537093e-01 2.304711488301058597e-01 -2.564003187185415755e-01
-1.178655151489900466e-01 -3.594704074420318474e-01 1.142300070445723570e+00 5.230987528617478954e-01 -4.746101160391860696e-01 1.753068895734694876e-01 -2.209301998542138878e-01
-9.310253706404665987e-04 -1.934520632207236968e-01 1.361194951718646795e+00 3.787909842930467508e-01 -4.432328597451714591e-01 8.547350992500993283e-02 -2.897677700257340616e-01
1.416551898783958152e-01 -1.284236825993785303e-01 1.241784802457647663e+00 2.931185265706595100e-01 -4.948198860866480642e-01 -5.395151814614054103e-02 -3.862825926089661910e-01
3.050102764640411634e-01 -1.716570554782311242e-01 8.291637254424100156e-01 3.206427985514300749e-01 -5.355054457640459065e-01 -2.006106815966133827e-01 -5.255992406898041258e-01
5.405256721667014430e-01 -2.899781833760392002e-01 2.208851477311404576e-01 4.702363553865823165e-01 -6.156329962784530263e-01 -3.329531718482596769e-01 -7.652254529687801954e-01
8.098344186336741135e-01 -3.263896263829774713e-01 -4.278814444248472126e-01 6.438239998997217217e-01 -5.666235685038859549e-01 -4.349071736443240188e-01 -1.009988330313793536e+00
1.044315056905454453e+00 -2.100273095635534770e-01 -9.571236335646418070e-01 6.468132186913304604e-01 -2.294298438493030390e-01 -4.205824113175310464e-01 -1.113033641019520292e+00
1.266617759834522516e+00 -6.211799433849592156e-02 -1.322472244814788089e+00 3.898266095016342803e-01 2.316887476472934693e-01 -1.535389264402072518e-01 -1.030011789070973016e+00
1.398187423421592968e+00 -1.683266934074393890e-03 -1.581571463933408639e+00 4.308641418544734147e-02 5.187865968182007181e-01 3.123520398352904737e-01 -7.960807955426859595e-01
1.401437098687113636e+00 -7.949445345312107503e-02 -1.760666371090173321e+00 -1.190472460980786934e-01 5.472408033594002852e-01 8.539369361382148638e-01 -4.510624905821812303e-01
1.420603410208509221e+00 -2.976543617782929640e-01 -1.824275888222458564e+00 -1.495076766626659837e-01 4.713721163560707916e-01 1.378800556672667987e+00 -1.259927758897803340e-01
1.416723748586522058e+00 -5.949507627954736533e-01 -1.822051836183921081e+00 -2.166942379925902162e-01 4.948812938938582096e-01 1.632330892267417566e+00 3.860090891046341621e-02
1.308643161754902584e+00 -8.263556967895054894e-01 -1.727623506976369017e+00 -3.779188940697867372e-01 8.914028107034844828e-01 1.555828665347978923e+00 9.195968939177792678e-02
1.178109625205425282e+00 -8.929660855830869881e-01 -1.495578839823179518e+00 -6.074673062605731033e-01 1.375804560562008838e+00 1.294964650501906789e+00 5.920988726266154800e-02
1.023076250435840384e+00 -8.494772727579352756e-01 -1.245796372196799506e+00 -7.518308159359137210e-01 1.632360986490951404e+00 9.017598489198277445e-01 -9.383264249889854136e-02
8.032596984656721339e-01 -7.276905080276276916e-01 -1.066812721399316821e+00 -7.911681968352003436e-01 1.957405602998563365e+00 4.319368937215529169e-01 -2.260376041053037133e-01
4.943543979926249832e-01 -5.113719797234730358e-01 -8.695048617301335270e-01 -8.351869532050625322e-01 2.343651803017215762e+00 -2.293801799308878633e-02 -1.730095752053540104e-01
3.423980718088816266e-02 -2.796017785757602403e-01 -5.598857577963954890e-01 -7.458930054556497380e-01 2.564355242904143406e+00 -4.033539318255281447e-01 1.227250853704396072e-01
-5.223480111748101118e-01 -8.067744985364194710e-02 -3.019505625973752938e-01 -3.833775631919965621e-01 2.719730791734245035e+00 -7.329703716699792482e-01 5.595608414515460538e-01
-1.036081870945831707e+00 7.069393596439534078e-02 -2.409372643718152296e-01 -2.948778633705815416e-02 2.736373036646819745e+00 -1.058258115159996571e+00 9.637141680813587907e-01
-1.389939330621435154e+00 1.882573088029100561e-01 -2.193877619904005538e-01 1.103303041266473772e-01 2.511605204787364709e+00 -1.296715717340641394e+00 1.317115100684106199e+00
-1.649350325175794829e+00 2.932654278245594992e-01 -1.018796509804933553e-01 2.327164090218086512e-01 2.112468517408814694e+00 -1.337936488629856591e+00 1.633964089740596926e+00
-1.951403369018166023e+00 3.332772480498158996e-01 7.910463141650421470e-02 4.923216364457511651e-01 1.541811082054134197e+00 -1.183180336000921429e+00 1.878130309977983581e+00
-2.192948741783765865e+00 3.324431196258572085e-01 2.630700795771030442e-01 7.035564301954049249e-01 9.779881657727126365e-01 -9.024438454172389878e-01 2.080021124616819428e+00
-2.287880629142464706e+00 3.314541075432319572e-01 3.685641075788815280e-01 7.154134154194600193e-01 6.703185472215855700e-01 -6.368857033351790209e-01 2.280511055700793044e+00
-2.357108010626684180e+00 3.177699488272128781e-01 4.174016660704568116e-01 7.239271156096914739e-01 7.019005180728800086e-01 -5.170310511312838919e-01 2.440446850076291696e+00
-2.407899192502902519e+00 3.194814866240500151e-01 5.141575150208236300e-01 9.319858341979695426e-01 8.359528765839151498e-01 -4.852418747126778231e-01 2.441159685599524565e+00
-2.273399092091900719e+00 3.258615592371711389e-01 5.948847262537728664e-01 1.288587443348745865e+00 6.795753754735269769e-01 -4.018363777146342075e-01 2.132944965737457288e+00
-1.850904687448637453e+00 2.748117264769727175e-01 6.298793322642183279e-01 1.543241517897221415e+00 1.731613682403203847e-01 -2.114337255478173361e-01 1.563103790122140513e+00
-1.197407867563053285e+00 1.493584333388998098e-01 6.810277741614686464e-01 1.511665031571538531e+00 -4.140493055150035739e-01 1.882031510976934358e-02 9.095259180168904223e-01
-5.793500807181597434e-01 -2.519036728346087800e-02 7.673530191302555536e-01 1.327591547626438162e+00 -8.801129910765378428e-01 1.378294602388087098e-01 3.373452284988905925e-01
-2.430426645650624606e-01 -1.970387901809666775e-01 9.222903351934254035e-01 1.119279540737935008e+00 -1.307076852006621159e+00 7.784729490097891391e-02 6.409992970977944522e-03
-1.563838167017224945e-01 -2.877812171332345126e-01 1.114644697195454670e+00 8.366707185650203993e-01 -1.674636279765830071e+00 -1.413277952772288570e-01 -1.366733652973069757e-01
-1.538273110196634597e-01 -2.462977110397812919e-01 1.298484285085187429e+00 5.605997369612796266e-01 -1.664981031687270185e+00 -5.145046850473578015e-01 -2.397643138503896820e-01
-9.990142534601489932e-02 -1.024815985751417330e-01 1.370275538396743764e+00 4.478349360401177592e-01 -1.276339644852473310e+00 -1.002387757081649955e+00 -3.347963082664824341e-01
7.126614814344757465e-02 3.988949048194295049e-02 1.169890850259746262e+00 5.352511239210172578e-01 -9.464846427235524828e-01 -1.403411791236728101e+00 -3.860558930569202851e-01
3.621291103174768544e-01 1.184341247475048237e-01 6.697474646852223934e-01 7.787175221359377009e-01 -9.714376626899563494e-01 -1.508698852803942891e+00 -3.592321474662198422e-01
7.119431661951635126e-01 1.730484881973895772e-01 -2.938535790932628525e-02 1.005013449940834080e+00 -1.143401780691376768e+00 -1.314374731813562569e+00 -2.843384226859263508e-01
1.039969179368705365e+00 2.842399996120920647e-01 -6.556208546415545069e-01 8.704736543894038281e-01 -1.072740174795458357e+00 -8.738150964590840619e-01 -2.043888981145296213e-01
1.339124311386076238e+00 4.623413430401276392e-01 -8.906578380792274929e-01 2.375778027203981069e-01 -7.364427458007616334e-01 -2.246188308269675971e-01 -1.880949728596445492e-01
