-2.133658741886546473e+00 8.742841586143649257e-01 -6.829403796830921802e-01 -2.518026486268998831e-01 -1.922596996896244748e-01 -5.852060831461777107e-02 1.130491537499054733e+00
-2.589813950211676374e+00 8.743731296358675520e-01 -6.992312462156220487e-01 -1.014479645485902304e-02 -7.670400292763466243e-01 2.136559728751044884e-01 1.116575056418990686e+00
-2.722456732447109840e+00 7.052879106584926117e-01 -6.333944304382247426e-01 1.779659690555815965e-01 -9.660639681060015915e-01 4.411602074574921817e-01 1.003136458818650434e+00
-2.507353459646615157e+00 3.841807506187183696e-01 -4.030371978485233209e-01 1.353639748074420279e-01 -5.759154720083217160e-01 5.359962407953734465e-01 8.640461531097779480e-01
-2.063543749656784776e+00 1.250688984090846667e-01 -6.830093438827278263e-02 1.067979151047811909e-01 1.079298005214489181e-01 4.019851124881085869e-01 5.735938883068436578e-01
-1.413903223664687792e+00 2.797618272876106413e-02 3.247670250096270639e-01 3.123318236630013289e-01 6.962890951748199608e-01 1.065167239716371082e-02 3.273320579089478849e-02
-6.918432141043890926e-01 1.816068567382196908e-01 7.673017867449846152e-01 6.838436263047483754e-01 9.976574976818043394e-01 -5.554366708745677172e-01 -7.081058701124807175e-01
-1.033954476642487269e-01 7.098424664175349008e-01 1.215807361093225403e+00 1.046651386579465104e+00 8.761198633594681207e-01 -1.149991645612318703e+00 -1.494455940049794762e+00
3.348619723677654370e-01 1.360416038004800487e+00 1.542301062963456815e+00 1.359786347368885151e+00 4.944537934661212830e-01 -1.653917743859975253e+00 -2.158725866710559771e+00
6.541319047891177574e-01 1.699183185586905287e+00 1.605036507359211662e+00 1.536780829874204501e+00 3.352145812075330022e-01 -1.951430080488073093e+00 -2.482373537645163442e+00
9.140463766427674441e-01 1.608207740682868314e+00 1.464938732913861452e+00 1.481115132309614113e+00 6.737078427537233072e-01 -2.041248196730108599e+00 -2.433713097705349604e+00
1.131891025371344339e+00 1.261193564957048929e+00 1.290596008549691698e+00 1.261549025974076477e+00 1.419348696410349664e+00 -2.076588061017541342e+00 -2.168240681241339285e+00
1.257740183247812560e+00 7.839655510034587715e-01 1.011081466426459352e+00 9.488322655201616440e-01 2.165231355875453012e+00 -2.075471279116094081e+00 -1.695251898861591222e+00
1.283353006708412902e+00 2.019703371484377896e-01 5.286528264223447904e-01 5.929259478073604095e-01 2.539505831798736679e+00 -1.918682917483067074e+00 -1.003388188654377844e+00
1.168638940305894325e+00 -2.919112403551856194e-01 1.080589488545219759e-02 2.703168183324762830e-01 2.205060310696762560e+00 -1.633649853929438622e+00 -1.889104858521004071e-01
8.855372749559292656e-01 -5.264610682962834742e-01 -4.283461857960870756e-01 6.102938060011315474e-02 1.131361265246478398e+00 -1.394630463477916082e+00 6.660167373079145525e-01
4.943664309680369517e-01 -6.184286100116387352e-01 -8.729081830011850007e-01 -4.274913943275216593e-02 4.711973654289403762e-02 -1.290440713311664878e+00 1.497055611939773767e+00
1.234407717555184442e-01 -6.924487473192466602e-01 -1.218242254742707642e+00 -1.125138137775310160e-01 -5.003003831105395927e-01 -1.288647886108299057e+00 2.132922981998415679e+00
-3.755842315204440535e-02 -6.789509906627636537e-01 -1.238671287183729541e+00 -1.722105555816499656e-01 -5.118714942224852349e-01 -1.385995691564397614e+00 2.334255046372318620e+00
9.463353369129046122e-02 -5.498994119054173568e-01 -9.551757054789393742e-01 -2.434795061730942733e-01 -2.134420570474962753e-01 -1.463882823319877069e+00 2.058544645540261619e+00
4.049914870332888550e-01 -4.403380105278887346e-01 -5.559493853113011141e-01 -3.007346204508580811e-01 3.405331315637907114e-02 -1.321493879455142073e+00 1.487508968528194364e+00
8.201169834386609070e-01 -4.455787946639088171e-01 -2.548056719542281523e-01 -3.146624481351836256e-01 1.738509619647436166e-01 -1.013624928490452826e+00 8.165728943686783037e-01
1.231028647327691239e+00 -5.404250885464665366e-01 -2.847377297425485176e-01 -3.861827053426626910e-01 3.766855599058934745e-01 -6.851405243227680630e-01 3.548028326965236290e-01
1.447719055164467639e+00 -5.961877550805916304e-01 -7.024496877771796433e-01 -5.737388897832146339e-01 6.721141368290317608e-01 -3.972815124130293918e-01 3.108626829418527637e-01
1.487212508517238962e+00 -5.423697529852834487e-01 -1.230961511240908468e+00 -8.475654962086034416e-01 9.631732572919187163e-01 -1.748683554264773010e-01 5.311251226667287328e-01
1.468302488615652823e+00 -4.521343694334389873e-01 -1.529269569401152662e+00 -1.176321839302875816e+00 1.073534478831588812e+00 4.596021316945077956e-02 7.970990222537747139e-01
1.423253778711695450e+00 -3.039977755300998230e-01 -1.509146580232166857e+00 -1.352449538464018275e+00 8.656775095645075080e-01 2.631514799571231245e-01 8.772934816773956257e-01
1.286720315059879161e+00 -1.580976845115637242e-01 -1.347227721562061165e+00 -1.229895678227131306e+00 4.511087083209733284e-01 4.703473003313653478e-01 7.530138320438636290e-01
1.031757367649565493e+00 -1.692667636803462938e-01 -1.220878315356765498e+00 -9.975170455406772163e-01 1.985531170538879231e-01 7.410104596978637215e-01 6.173941477365740838e-01
7.742886954385950204e-01 -1.587261424647206931e-01 -1.082462636839028658e+00 -7.621816852955448640e-01 9.148438586797058569e-02 9.810776197772353990e-01 4.334782598522332053e-01
5.865680040933525241e-01 6.224054139977654859e-02 -8.558026077090100658e-01 -5.455445566324281792e-01 -3.519343422418806933e-01 1.086064441929877278e+00 2.271873738544308574e-01
5.053583995780502880e-01 2.639683187437169010e-01 -5.733561221947883757e-01 -4.279460216943205553e-01 -7.756622209754638897e-01 1.099629149305168418e+00 6.974488706384907033e-02
5.642932306465163750e-01 2.063087969838743596e-01 -2.620878758560072352e-01 -4.468626298671691810e-01 -7.233470831846435800e-01 1.099180397989566682e+00 -5.977084171299960197e-02
6.227905229975437829e-01 1.013971915328616170e-02 4.032515988680102081e-02 -6.114054812578421094e-01 -5.349064165197582321e-01 1.156440530612413475e+00 -1.068259083820112532e-01
5.682149566025268550e-01 -1.197506358104417079e-01 2.820323142552880191e-01 -7.533763636443708833e-01 -6.161970921223509645e-01 1.273998891875799400e+00 -1.266997407716541624e-01
4.546258768490971658e-01 -2.340480212398611537e-01 4.109033558008194920e-01 -7.611115266807561008e-01 -9.946906479081619734e-01 1.390831431128973561e+00 -1.215595298105676958e-01
3.663933469111815833e-01 -4.606744167322558980e-01 4.812977811334743783e-01 -7.634796845683974320e-01 -1.125311847790637865e+00 1.422551478273710091e+00 -3.836223166401310503e-02
3.612142021868776642e-01 -7.342279020103851250e-01 6.428908873267203949e-01 -7.655442431833949790e-01 -8.240521943849812292e-01 1.309096843985347647e+00 4.409466381213924917e-03
3.100506431586282918e-01 -9.727770461368963062e-01 9.298109476455840294e-01 -6.863812741450092680e-01 -1.382377607770409189e-01 1.103868416233189986e+00 -8.693702667879112111e-02
5.262632487802182402e-02 -1.036482550999948904e+00 1.284512803500392097e+00 -5.863306810098468658e-01 6.413117144734278297e-01 9.462153423893665538e-01 -2.555790071006002195e-01
-3.883564973970764500e-01 -7.002781053717124227e-01 1.609015059784200563e+00 -4.541551663364778446e-01 7.634917710696702553e-01 8.990899858443179848e-01 -4.857219386144812634e-01
-9.310236362964245949e-01 -1.272366525526359426e-01 1.711732773450332479e+00 -2.756938258798878882e-01 3.888022810034819643e-01 9.669480711611164736e-01 -7.362541099760343544e-01
-1.467951697496301389e+00 2.775392235130270113e-01 1.379926966399676047e+00 -1.918209866596947422e-01 -1.012784682757896654e-01 1.163524109719741517e+00 -6.968363949362765819e-01
-1.741668354996297685e+00 4.036258720197096750e-01 7.017276991513491380e-01 -1.975051559862907313e-01 -7.561153512389191533e-01 1.278415494777042305e+00 -2.875659163375642313e-01
