4.983522112653925307e-01 -6.323954798241715469e-01 -4.127196402520071083e-02 -1.409116458131997263e+00 -6.828797829841356526e-01 2.590865436991459658e-01 1.139415185184318613e+00
-2.448394276971543534e-02 -4.953057391692329281e-01 -2.539762082981168456e-01 -1.922192129972154495e+00 -4.337962939370505477e-01 2.446225822033803177e-01 1.688451145294062483e+00
-6.585294038680149509e-01 -2.437235114489451626e-01 -4.897906670151147002e-01 -2.250940092552553562e+00 -1.526571534515132611e-01 1.752561304723133234e-02 2.212064006020407536e+00
-8.836734118138097616e-01 6.096661844742055913e-02 -7.775998912357434678e-01 -2.491864357427742149e+00 6.706723495754905728e-02 -3.742738576979399157e-01 2.633262203353146091e+00
-5.233141394954261560e-01 3.852965981521223049e-01 -1.004127393478929875e+00 -2.773604754396339356e+00 2.170902992228699036e-01 -8.353428545170200614e-01 2.835848946731417630e+00
8.570513801733445347e-02 7.009978915553255474e-01 -1.138465625646618351e+00 -2.919574079572292202e+00 4.089819955786483385e-01 -1.183695402885577730e+00 2.659196158690685152e+00
6.195674058237021775e-01 1.029926241584813607e+00 -1.245484714148350713e+00 -2.785932151284809422e+00 6.340705945525086928e-01 -1.282626429044926075e+00 2.148050946799858973e+00
9.084340115984836928e-01 1.294520055318125751e+00 -1.325521337372248754e+00 -2.463552395444236875e+00 7.576448567021638603e-01 -1.139791907660296033e+00 1.602569262805770611e+00
9.870643100893917721e-01 1.434889065463871072e+00 -1.384935820723185440e+00 -2.084186225652079560e+00 6.498193381599934870e-01 -8.854875647862524568e-01 1.205664731751315166e+00
1.072774778121095451e+00 1.360644265479536763e+00 -1.433746640905820158e+00 -1.692458688594089100e+00 3.250651901349926876e-01 -6.482282577526667922e-01 9.606907687607201263e-01
1.122025662273679059e+00 1.052598386080505710e+00 -1.358501871114196957e+00 -1.273723236841674877e+00 -6.594022522276517251e-02 -3.927132998399880948e-01 7.442659342134115841e-01
9.801857060013335898e-01 6.424737999043239611e-01 -1.107415009115473081e+00 -8.897294830359405715e-01 -3.495478710535528388e-01 -5.580244894853009230e-02 4.756650814615878131e-01
7.562007490339580640e-01 2.093433516133769157e-01 -7.800544223680377920e-01 -5.911344766079832391e-01 -4.436792563557941382e-01 2.562171519688841714e-01 2.194145107088239510e-01
6.917108656107175957e-01 -1.299468078875184451e-01 -5.343982888102640771e-01 -3.187802807091607016e-01 -4.009735579384998694e-01 3.680671250395169958e-01 2.527665289377163671e-02
8.799959002557845578e-01 -2.490967780923210306e-01 -4.325446240062538195e-01 3.027670475942757962e-03 -2.048491025548426492e-01 2.203259286625323388e-01 -1.580745642395387507e-01
1.022684892424094549e+00 -1.556320874156980616e-01 -2.851483029120314150e-01 3.581828592594599736e-01 1.149303249768974244e-01 -1.078479748368585400e-01 -3.697372677885820691e-01
8.489616892023850170e-01 2.631141132175231906e-02 2.218414351112651950e-02 7.569743882427900639e-01 4.598009592076569008e-01 -4.994405164098295047e-01 -6.227658134575166926e-01
5.441776561606181950e-01 1.587620267713128475e-01 2.870614976309934230e-01 1.117692277097278142e+00 7.236642518778643174e-01 -8.343068747781724470e-01 -7.949408829351354289e-01
2.526750917187147172e-01 2.241732060626304424e-01 3.071950924149235984e-01 1.284508114358092534e+00 8.642098293513696960e-01 -1.001013350356529719e+00 -7.611245851383577898e-01
-1.515461295645219829e-02 2.480195410472276207e-01 8.919072262624797021e-02 1.239290897905638289e+00 9.756427555549125330e-01 -9.614397421702080004e-01 -6.056530500266267270e-01
-2.333071038855671908e-01 1.844856047614706340e-01 -2.347813033529935756e-01 9.695238564747215015e-01 1.193893508845403906e+00 -7.462875029175251029e-01 -3.954710999694696083e-01
-3.478085672467775558e-01 1.661363706953182312e-03 -4.210172841966888790e-01 5.007983344263282621e-01 1.511701416471472603e+00 -3.818781047630241954e-01 -2.328417311696170389e-01
-3.266024435773851042e-01 -2.637911897034158071e-01 -2.780981079701211889e-01 1.564060020122112066e-02 1.650788616690219479e+00 9.416410889602362666e-02 -2.341259710531709559e-01
-3.314416858413560263e-01 -5.249294704512448284e-01 9.076256821549645581e-03 -2.377017654140365366e-01 1.415261102228305701e+00 5.656167618086953564e-01 -2.895334845563845017e-01
-3.471299466517475674e-01 -6.166125422875923245e-01 1.950955923096762690e-01 -2.277460778429840349e-01 8.865408834107212366e-01 8.780467696018147139e-01 -3.267191905534937435e-01
-2.580100701588964318e-01 -4.085036804809831779e-01 3.950460935693821396e-01 -1.394602188265017251e-01 3.045134566318802860e-01 9.738010008499237147e-01 -4.923810845717302431e-01
-1.866722318304500916e-01 -2.445584116829543561e-02 7.224298317084492105e-01 -6.165208296546188099e-02 -7.984081078602882353e-02 9.279816150635911143e-01 -8.154724001603580463e-01
-1.910320172639679293e-01 2.705287999556868495e-01 1.083686828479088815e+00 -1.264748679981388992e-02 -2.140216123802657633e-01 8.777413417853151545e-01 -1.150509482350449808e+00
-1.484373711171071974e-01 2.738216208434844923e-01 1.376805246041086672e+00 -7.502507003458984414e-02 -2.464397899855884921e-01 9.522784402960809969e-01 -1.361476203655870520e+00
-4.643405787999792950e-02 4.154260393821094383e-02 1.501691714684809220e+00 -2.340802940633075202e-01 -3.170413938341767324e-01 1.101119651523709386e+00 -1.365108070125410356e+00
2.381078635353962164e-02 -1.548939192173588164e-01 1.396098658807999549e+00 -4.117828075548049527e-01 -4.743794052100686609e-01 1.157957955302119091e+00 -1.147189928590355512e+00
6.719107614292443853e-02 -2.129837289500843556e-01 1.177840006773348991e+00 -5.832745709713895721e-01 -7.537108457360430780e-01 1.102396638206208479e+00 -8.206302720955115371e-01
6.511897732631977131e-02 -2.592531776461490245e-01 1.020590954871329670e+00 -6.991268786491023901e-01 -1.154860703585019355e+00 1.056970660151869357e+00 -5.230585431212100289e-01
8.088368045056412714e-02 -4.554967902697673043e-01 9.428951448808692293e-01 -8.067969542317502407e-01 -1.527803029515328870e+00 1.092398138798462925e+00 -2.596658077579099833e-01
3.581537679551945880e-02 -7.610764247840631214e-01 9.216604449126560850e-01 -8.901987721938195985e-01 -1.696311223959786618e+00 1.163669858459631890e+00 -2.124995399957317621e-02
-2.879060844475598846e-01 -1.006515230952998996e+00 8.774398466676247565e-01 -9.431304043223454059e-01 -1.631767579059729245e+00 1.265630060393027279e+00 2.333142399148970536e-01
-7.743899083905185776e-01 -1.111304789227587353e+00 6.361871334416602242e-01 -1.048494376438354747e+00 -1.307813674196485199e+00 1.400089304718583838e+00 5.244058547068641829e-01
-1.204943499009931918e+00 -1.082398754018183196e+00 3.142939929251450382e-01 -1.100856403287643781e+00 -6.507845783165457920e-01 1.471623738884283661e+00 6.843278495608146050e-01
-1.466324571679285427e+00 -9.523351399780755067e-01 2.227770099015157768e-01 -1.012624252564604088e+00 8.804517434145184285e-02 1.435793466381503736e+00 5.628134151664002660e-01
-1.522655895032575479e+00 -7.775171003907104250e-01 3.696183049791672004e-01 -8.161835722888599598e-01 4.042012873198541079e-01 1.338092498400530461e+00 2.598381494271418402e-01
-1.382303371787995339e+00 -5.950842405728340445e-01 5.443307768564747962e-01 -5.166552451734004459e-01 1.648564961084748592e-01 1.160325510695139783e+00 -2.370396082866645104e-02
-1.216101128046910507e+00 -3.379023693353410684e-01 5.609976751808649631e-01 -1.407393847953151145e-01 -2.399771588791448917e-01 8.871403578991405858e-01 -1.755376715032594959e-01
-1.229428443741110044e+00 -8.034800521714740781e-03 3.969906930715881299e-01 2.046292390533042405e-01 -4.754250664168460094e-01 5.952421933118963171e-01 -1.677322131460499133e-01
-1.347600537503637064e+00 2.957767820733997466e-01 2.055095095557236962e-01 4.243631206070349049e-01 -6.689420544079918152e-01 3.616213876938400573e-01 -5.259065942667814908e-02
-1.422038385495809854e+00 5.255823027801751479e-01 9.928816680063622113e-02 5.677165283061140766e-01 -8.544743397719234412e-01 2.010814169596261136e-01 1.107118819290412066e-02
-1.407320061280747492e+00 6.123998093502112106e-01 -9.250570260630494243e-03 6.797803986239229213e-01 -6.533077829041158413e-01 8.403738520955804370e-02 -2.727981022794661800e-02
