1.866274373388994157e-01 1.025548342847056871e+00 8.099673616748158667e-01 -7.974444645511076235e-01 2.522272531893736236e+00 -1.286752431115570250e+00 -1.442777101901165926e-01
2.325946919883343719e-02 9.725700213857492171e-01 5.186813887190497852e-01 -8.849509474428138844e-01 2.055637736401722648e+00 -1.019088625994944319e+00 5.692000375183182970e-02
-2.958771725019577192e-01 9.357077120267296433e-01 2.652251039190041126e-01 -9.737544096833089524e-01 1.395526441153061237e+00 -5.786127405487396791e-01 2.558446703380962695e-01
-7.321617760376312178e-01 9.256437542015223396e-01 1.466656143958216807e-01 -9.526130693882851608e-01 6.936056544301871796e-01 -1.226239324319862850e-01 4.021250929167025090e-01
-1.126800123330818026e+00 8.650109530861560536e-01 1.463798163679145767e-02 -8.516607591255680454e-01 1.095824484121389747e-01 2.401153119942638914e-01 5.660423834168146762e-01
-1.377109113402772200e+00 6.636729377607780700e-01 -2.046493919289590901e-01 -7.577854667844721170e-01 -9.249451175152990923e-02 5.313240957499031358e-01 7.599149567009884088e-01
-1.486315537127408382e+00 3.183128607676776189e-01 -4.699668308115882986e-01 -7.281457797571394552e-01 1.063972318360722202e-01 8.009340963149506054e-01 9.596110285321876043e-01
-1.416069151996658615e+00 -6.284730346475674023e-02 -5.831892204746763619e-01 -8.219860289630707140e-01 6.237469389951926235e-01 9.999475428162059032e-01 1.068016599922116949e+00
-1.212188451451706728e+00 -3.984272106392307000e-01 -4.281541714074698080e-01 -1.029150597318942095e+00 1.243244359825499634e+00 1.120167080261289527e+00 1.067305521772273558e+00
-1.056218130003033773e+00 -6.894099439374848926e-01 -1.445961187196926623e-01 -1.235577583223293363e+00 1.654022504594471865e+00 1.252227741731573696e+00 1.047770424123438016e+00
-1.008797115597448668e+00 -8.763914498101094130e-01 1.078255464947086989e-01 -1.318963852674690296e+00 1.769217343830047806e+00 1.374821875813325711e+00 9.965476456576857212e-01
-9.385591968494335635e-01 -9.057027455278590100e-01 2.433800002385604344e-01 -1.229292817293479834e+00 1.640748380330819156e+00 1.387871835508813989e+00 8.324391976402321092e-01
-8.151063440039739705e-01 -8.298162388738293815e-01 2.547816786300927672e-01 -9.933327439037450413e-01 1.309956569981600483e+00 1.296086419708961657e+00 5.612889663375931759e-01
-7.230715935573682751e-01 -6.962220845330030494e-01 2.021067982464847812e-01 -6.200833003495116458e-01 9.032314525626944368e-01 1.162820722800247397e+00 2.284836579284939828e-01
-6.194734124171837886e-01 -5.572967314932214533e-01 1.643292576236043689e-01 -1.246424762644120915e-01 4.228036096190563864e-01 1.008902679922205614e+00 -1.379375745568968969e-01
-4.493885758539676867e-01 -5.446703028320593054e-01 1.369353483461793197e-01 3.806042422569848038e-01 -2.437816290801246566e-01 8.808981794567080081e-01 -3.988159407942130086e-01
-3.323816739949546628e-01 -7.224987186038817066e-01 1.533982035849926553e-02 8.368545608130435465e-01 -7.724330427103216490e-01 8.650141941087878816e-01 -4.614532838683719773e-01
-4.228009909983127534e-01 -1.003059367724290052e+00 -2.308049880203476012e-01 1.275965323404621987e+00 -9.609068744257037720e-01 9.573588650894314656e-01 -3.624650430533344347e-01
-6.887067900478843763e-01 -1.361128312447508204e+00 -5.142638090533153683e-01 1.665672494949278937e+00 -9.299516772083364913e-01 1.107370536730484689e+00 -1.313224535687927408e-01
-9.458874153060721213e-01 -1.783877385615877387e+00 -7.796009918684335682e-01 1.919666529488370799e+00 -7.316815906506257683e-01 1.255784595174382678e+00 1.521317345367856622e-01
-9.760262203048558627e-01 -2.106628398604896812e+00 -9.034820584414439137e-01 2.072890363574897865e+00 -6.869670585175257083e-01 1.278518747240000586e+00 2.980440448002572573e-01
-7.146997229079120606e-01 -2.212416211725650061e+00 -6.736988641432642977e-01 2.174577212926432690e+00 -8.849599439872061213e-01 1.132288609445131433e+00 1.642382756345868999e-01
-3.137858024602324103e-01 -2.091993880244181980e+00 -1.452075804014399119e-01 2.182054987538283974e+00 -1.055455903136028439e+00 8.833614383465241415e-01 -1.888036904570639940e-01
1.373060005536478889e-01 -1.690800748489885041e+00 4.459042201520271864e-01 2.104798396823840179e+00 -1.274595968292674630e+00 5.598212475942675459e-01 -6.622460132918972509e-01
7.089383005626517242e-01 -1.054910516296676981e+00 9.843801668245025782e-01 1.930442937167053730e+00 -1.524660078581557832e+00 1.377880280074638419e-01 -1.190414278592495823e+00
1.337684471758586957e+00 -4.055908782867905793e-01 1.361571733826409503e+00 1.668868742284780327e+00 -1.544736688658071788e+00 -3.331062279608652532e-01 -1.645204098412351712e+00
1.816517390116504593e+00 1.507439163963212869e-01 1.476560819144933756e+00 1.454847078400044236e+00 -1.372308147143592727e+00 -7.289529902610916157e-01 -1.969522376632599991e+00
2.092835582364125813e+00 6.254544089257261241e-01 1.409781458347859617e+00 1.309579738117008008e+00 -9.099480137351247944e-01 -1.046758592514198449e+00 -2.224306977196278901e+00
2.096656235539960278e+00 1.026756294449206575e+00 1.307370681391998302e+00 1.169298064686512317e+00 -2.746433003603088174e-01 -1.276048127583582215e+00 -2.399700122379837541e+00
1.716376120543683825e+00 1.377620427698025951e+00 1.252836412321669757e+00 1.038936723867424750e+00 9.423048556919612351e-02 -1.317195923434306248e+00 -2.438163429006236615e+00
1.223153399409200759e+00 1.612792445252031470e+00 1.281037407264522532e+00 8.613697351402795910e-01 1.001050195112417607e-01 -1.227469517548536615e+00 -2.334505077371027859e+00
9.086095185353355586e-01 1.643534752589750791e+00 1.281760757467060863e+00 5.972251627162420418e-01 -2.115364866206331795e-01 -1.096156388210726806e+00 -2.084315862849386747e+00
6.900366908176265301e-01 1.518372891758489773e+00 1.125871218477483726e+00 3.527463575877867186e-01 -5.839809806003368742e-01 -9.432333599906772559e-01 -1.733900679834429415e+00
4.757684104949593817e-01 1.375017983949053724e+00 8.408708906906811054e-01 2.450628112067101128e-01 -7.651187538423580570e-01 -8.310615142890483975e-01 -1.405203729131499601e+00
3.494544786932598512e-01 1.234948745007696580e+00 5.073553046545928868e-01 2.157680945054012700e-01 -7.032990008896999878e-01 -7.637998989657627247e-01 -1.154155275744093379e+00
3.818931492955996432e-01 9.727244592895621933e-01 2.291980715719812711e-01 1.518790142358605322e-01 -3.902364318909811725e-01 -6.786328221229239732e-01 -9.439935784050396128e-01
4.370056050092498423e-01 6.486331242634504335e-01 9.440019470943191576e-03 8.110262778040248921e-02 -9.132854272065125956e-02 -5.461839533906340804e-01 -7.072593651274999837e-01
4.156279715601876590e-01 4.858710429107850892e-01 -2.075253701585863253e-01 3.791239994991043444e-02 -1.498575291843954049e-01 -4.159634974958623665e-01 -4.609879322216418607e-01
3.380109683757064332e-01 4.663333406443573304e-01 -4.587786173111441657e-01 -1.357380184028150055e-02 -4.872885672138297930e-01 -3.059220142285969946e-01 -2.134994581258795321e-01
1.548571389697638301e-01 4.339072345728792746e-01 -7.738059712722251682e-01 -5.862036209590476554e-02 -8.596146897942059661e-01 -1.231095832771271353e-01 8.419985542127197964e-02
-2.089775513645658611e-02 3.577704530595269272e-01 -1.007752757058375748e+00 -6.681142014649799066e-02 -1.215855397043590802e+00 6.681256080188609225e-02 3.600282123773105303e-01
-2.299648600348952465e-02 2.875621249246542721e-01 -1.070661200559880566e+00 -9.898571142105858089e-02 -1.474700126463286631e+00 9.616007953905217343e-02 5.700512694597371643e-01
1.037473761976206721e-01 3.060664069970845391e-01 -1.002501944950453305e+00 -1.962717501007587018e-01 -1.524064830582632979e+00 -2.947432709813029364e-02 7.027502723480958391e-01
2.571424625751455584e-01 4.311466912557855302e-01 -8.186087192807237622e-01 -3.310736159237551157e-01 -1.368519567292197481e+00 -2.378592465590929073e-01 7.364506138606269348e-01
3.627547149936506399e-01 6.128815999401139303e-01 -5.788605438446307039e-01 -5.080054299222115377e-01 -8.595246920100299004e-01 -4.730601861147961107e-01 6.946273718675045616e-01
4.670651656944991292e-01 8.509517269255858496e-01 -3.531388479246662104e-01 -7.107431457682357179e-01 -4.457894959719409939e-02 -7.551867256552035057e-01 5.862456216531423125e-01
5.898593095865521940e-01 1.068787134690654117e+00 -1.668734572420884632e-01 -9.168613563171021941e-01 7.005616455649301688e-01 -1.057996575696783070e+00 4.919727876244383014e-01
6.126632179459092775e-01 1.091187200859897510e+00 -5.325288718066285842e-02 -1.183640950016789484e+00 1.286258121123089015e+00 -1.201574556090474477e+00 5.467622760188939335e-01
5.028226694411606079e-01 8.626282656232096002e-01 -8.625338711552316129e-02 -1.495897737176434816e+00 1.684122500778433063e+00 -1.145493432581848214e+00 8.143967609444284772e-01
2.949286149575186533e-01 5.085230425177941216e-01 -1.199627401570354801e-01 -1.748021175529418381e+00 1.725881519144985221e+00 -1.003111476283865544e+00 1.193106792226641621e+00
2.615203802542761385e-02 1.511234667314506896e-01 1.370725313047301344e-02 -1.898624990444074845e+00 1.513389412670999690e+00 -7.988979867062336870e-01 1.525932394031995543e+00
-2.605550708780480229e-01 -2.028021203660624605e-01 2.103367984956480696e-01 -1.942033361941919001e+00 1.340919270017227882e+00 -5.163560503142611280e-01 1.743644865915214615e+00
-5.769025051736529353e-01 -5.212316467274253906e-01 4.134649207024377882e-01 -1.929052691128097852e+00 1.216344694471248156e+00 -1.896182496651699911e-01 1.874965834588129932e+00
-9.460544639877402906e-01 -7.854945433048207137e-01 5.766671554531077604e-01 -1.936332546529091037e+00 1.155911990450763538e+00 1.613715066151653055e-01 2.004137728616457004e+00
-1.216244320781183941e+00 -9.505671553574869259e-01 6.576205588560319892e-01 -1.932317538978061133e+00 1.143022008594533290e+00 4.527270079130518154e-01 2.045717213213692709e+00
-1.284039630584594915e+00 -9.324617548727582861e-01 6.838658935732051525e-01 -1.867166402525421764e+00 8.657917730411300861e-01 6.083217331952656126e-01 1.927286039659500627e+00
-1.421824482972397385e+00 -8.411712303787186595e-01 6.412268199725394968e-01 -1.717061400587951869e+00 5.438388316026903091e-01 7.780905048903916654e-01 1.769498097133123116e+00
-1.739977724173120688e+00 -7.587330112721787367e-01 6.228325593709637120e-01 -1.455310938517955455e+00 5.419395561736592981e-01 9.869481408836462411e-01 1.576448961650368741e+00
-2.036864051092468930e+00 -5.965004883684661419e-01 7.431153466037229149e-01 -1.125243002564240591e+00 5.991352093273688562e-01 1.062584308238743835e+00 1.292280789004080388e+00
-2.282869695788431130e+00 -3.805042334785909697e-01 9.525099921975963557e-01 -8.321018908174923068e-01 6.241144214468790086e-01 1.053360169081246411e+00 1.005904030590120790e+00
-2.419639113520837270e+00 -2.403980876754410190e-01 1.091037812319103129e+00 -6.332969673748835016e-01 8.591708764868304371e-01 1.041824273107867516e+00 8.035887195276406603e-01
-2.355819294649370566e+00 -1.380779375804292719e-01 1.042856036981550494e+00 -5.125510020244889997e-01 1.161158905971869437e+00 1.010933343744835122e+00 6.155147586306694008e-01
-2.134716996520537702e+00 1.030937328826945359e-01 9.257871085979082482e-01 -4.156129270217792104e-01 1.184089662236134988e+00 9.491338292210980132e-01 2.714634724934674725e-01
-1.776334493480356658e+00 4.881326103661841054e-01 9.381413508641693877e-01 -3.174875115500709888e-01 8.102598152792838127e-01 8.340303583093257034e-01 -2.322610266640605103e-01
-1.373057797436681327e+00 8.333220309619855382e-01 9.542243568932429199e-01 -2.428447961196281146e-01 1.443198273368626605e-01 7.319214605113543159e-01 -6.721736214323688063e-01
-9.582341334522179732e-01 1.026271694231201126e+00 6.558412147346641685e-01 -1.576545473625967642e-01 -4.576047944589631822e-01 6.622084059179687010e-01 -8.981153603994752599e-01
-4.248681809489588401e-01 1.056687703368215825e+00 3.230527823095039747e-02 -2.690659031715921662e-02 -7.261987123688443679e-01 5.327999279193316173e-01 -9.353198592996480043e-01
1.550295848618148953e-01 9.095659416406277620e-01 -7.641741773734944676e-01 9.353226970248330885e-02 -5.847258780496276120e-01 3.542914586809072786e-01 -7.939856011734931496e-01
7.081966647103765666e-01 6.461794818211750169e-01 -1.564483277842632525e+00 1.770800051408164544e-01 -2.402789937026056366e-01 1.249892798970879265e-01 -5.203121630644987894e-01
1.258276254710452458e+00 3.864100007614428289e-01 -2.050564997386596922e+00 2.539346467771023685e-01 -5.505520003556806791e-02 -1.831963759391651847e-01 -2.957943596994510593e-01
1.602152828734435541e+00 1.602868537043239672e-01 -2.148367862302041686e+00 3.887207381427551511e-01 -5.243724801787794099e-02 -4.570744082113766815e-01 -1.638281493543914114e-01
1.606376028141668577e+00 -1.346013073440494034e-02 -2.049441807950324712e+00 6.441326446644267678e-01 -1.692715654830166117e-01 -6.546691035145328907e-01 -5.404354058456983106e-02
1.433458939438822854e+00 -1.962119834760447379e-01 -1.885806898040786272e+00 9.215549982729258627e-01 -3.662760269743203789e-01 -7.644216474408390694e-01 7.172502829151097825e-02
1.269493532001884528e+00 -5.206349641802795469e-01 -1.724123056181104729e+00 1.073665349935216673e+00 -4.441275012049230586e-01 -7.319878029868603919e-01 2.522392452012847675e-01
1.177635346095763147e+00 -8.968066552183617812e-01 -1.514242194714846557e+00 1.073944432171872077e+00 -2.932078691253799385e-01 -6.057291156129419596e-01 4.025791576792182025e-01
1.204393599318754893e+00 -1.138926502688379472e+00 -1.132071471974632981e+00 9.428809817954114658e-01 -1.398903245415485108e-01 -4.595389409980792372e-01 3.602441914646514198e-01
1.364682387031713739e+00 -1.215017817683489598e+00 -5.771714411181980697e-01 7.136848293295761092e-01 -1.250759965929503226e-01 -3.265991089360053556e-01 1.309273380404799847e-01
1.525587638116582045e+00 -1.217527047344724167e+00 -6.859194907537245756e-02 4.654540867453360042e-01 -9.937851741228449776e-02 -2.017268101623259369e-01 -8.855765746825973450e-02
1.544856011331557255e+00 -1.241187091039496870e+00 1.367798886405508507e-01 3.048963893984998896e-01 8.963795526546228243e-02 -8.761985702514787921e-02 -1.579476038443553554e-01
1.374559942198552598e+00 -1.296625171583064340e+00 1.126525270291320324e-02 2.160683108844875799e-01 5.352889903387568760e-01 9.454952702567022763e-03 -7.851624285531344505e-02
1.089890332649201321e+00 -1.368648810079924338e+00 -2.260645075051571085e-01 7.395316617401784254e-02 1.149091517912427030e+00 1.110236273252232508e-01 1.192025052014678288e-01
8.438238475876304046e-01 -1.401674264166485884e+00 -2.996355888516272215e-01 -2.004039449166651887e-01 1.552507963011913406e+00 1.781931926303337577e-01 3.834189969097071549e-01
7.396494373267918920e-01 -1.314409900239480233e+00 -1.664992061722893046e-01 -6.290937979319258799e-01 1.573661332709227922e+00 1.212274725061471131e-01 6.797665562507054782e-01
8.452065831007765651e-01 -1.104061768482712313e+00 8.112657531752170970e-02 -1.103235068349459835e+00 1.297991441839614346e+00 -1.059442997418550553e-01 9.311252107000743683e-01
1.185174509049532920e+00 -8.314973997999676181e-01 3.591324342704945161e-01 -1.433417990152325183e+00 6.766102285813129225e-01 -4.510462056449245360e-01 1.005276668853922306e+00
1.549985154375195018e+00 -6.205481089499544911e-01 4.391869532401389553e-01 -1.544555066464452953e+00 -5.315770270893298982e-02 -7.015084559717011947e-01 9.749068925469149827e-01
1.635819156543441677e+00 -4.870584881065317950e-01 2.753677748132137282e-01 -1.453940199051262372e+00 -5.558350474601297941e-01 -7.284661897948870868e-01 9.784021507376051696e-01
1.394520941017940441e+00 -3.602811850636546409e-01 7.295895753571035591e-02 -1.232617947607325792e+00 -8.554315837212065343e-01 -6.070843022467814487e-01 1.018456802112135184e+00
9.764128903233572077e-01 -2.883519911555285642e-01 -8.314017811754986775e-02 -9.904498540599241396e-01 -1.011131075229683152e+00 -4.024166959372820762e-01 1.062377759797168641e+00
5.073942879968157404e-01 -2.601075850682665891e-01 -1.830995756283688991e-01 -8.068294182743872556e-01 -1.049048669161238401e+00 -1.648072646358866022e-01 1.084381645555057672e+00
1.384538110916133935e-01 -1.844588249008561887e-01 -1.630497476638199106e-01 -6.928960429804641441e-01 -9.438173708518371452e-01 2.059706245022733043e-02 1.003845517687564692e+00
2.499466768321423685e-02 -1.031169498524050869e-02 7.709071152319287891e-03 -6.286694322867885099e-01 -4.734041873191036642e-01 3.344270406918666699e-02 7.086130325636157412e-01
1.318133542135440928e-01 2.971649234479860624e-01 1.630779145917992945e-01 -5.564546551711516686e-01 4.663396916086035016e-01 -1.829851976199903529e-01 2.473852289690011974e-01
2.788231883862795080e-01 7.015464677196309173e-01 1.024266112528609690e-01 -3.086965892269614709e-01 1.551068563515389132e+00 -5.114837416291978522e-01 -2.702977771318760825e-01
4.472055637498921765e-01 1.145794485640573734e+00 -5.604489239972174769e-02 1.478692173706708246e-01 2.301031685635632762e+00 -8.951957047674449219e-01 -8.548073893519759769e-01
7.093338183935216090e-01 1.549922468728795577e+00 -1.017819955927743575e-01 6.541251127137296395e-01 2.500183244700541874e+00 -1.310885707759569030e+00 -1.461126221909727407e+00
8.745368289308473875e-01 1.704856012412513833e+00 -4.737762135495621890e-02 1.109060973826464513e+00 2.311029152618698124e+00 -1.512698601160297640e+00 -1.910474307061305277e+00
7.241602530454535058e-01 1.527151141430334480e+00 1.484778320929449821e-02 1.412297147920151597e+00 2.100866787297528848e+00 -1.329116302302711272e+00 -2.095345310644580739e+00
2.900563626597253974e-01 1.221295053366117989e+00 4.920066893362078780e-02 1.467022747781204117e+00 1.935566829221345486e+00 -8.580335817113585728e-01 -2.048695277436936912e+00
-1.767176027118575465e-01 9.665248412481309837e-01 1.300322442735204753e-01 1.233703845996701798e+00 1.563120278538378649e+00 -2.840675153232274930e-01 -1.849531801259179042e+00
-4.539759229030282395e-01 7.331054739179412305e-01 3.540310819865908898e-01 7.327349389236900157e-01 1.096524782942987830e+00 2.900962073322172485e-01 -1.589009551138669041e+00
-5.712685064226042941e-01 4.733146069118857047e-01 7.424601261940156904e-01 1.336683499280270637e-01 6.694508637737829337e-01 8.396251140168857763e-01 -1.361412201292210078e+00
-6.375405656897040751e-01 2.465837561092478758e-01 1.251101961943071883e+00 -3.576418234904881199e-01 1.849099393194024721e-01 1.314554496494862112e+00 -1.227701801284605931e+00
-7.536297280459077763e-01 8.814755214599938327e-02 1.782709789556224056e+00 -6.461723645584437348e-01 -3.137824092587679359e-01 1.723333209626633833e+00 -1.186116739370686624e+00
-9.724636321236256320e-01 -4.325933238300549294e-02 2.227607799518497522e+00 -7.427343368518484201e-01 -7.763336749192517594e-01 2.076470634136575288e+00 -1.167198833460271423e+00
-1.257709763101362510e+00 -1.996039290800801225e-01 2.390601684790491621e+00 -7.345014491422370284e-01 -1.197320234790081983e+00 2.364330877130016884e+00 -1.037744186593379414e+00
-1.494648621946825129e+00 -4.006956869431113621e-01 2.168077080090178299e+00 -7.288463900308618237e-01 -1.566157580754287793e+00 2.578070092885758058e+00 -7.374746603063684347e-01
-1.591667642352686318e+00 -5.919175636462556955e-01 1.734108831466627976e+00 -7.641782064668516394e-01 -1.676467650883324501e+00 2.639158530147385218e+00 -3.767264860656042158e-01
-1.609862974688293979e+00 -6.336383524275589485e-01 1.256927465204361605e+00 -8.530437316412086135e-01 -1.455317634605808319e+00 2.529743397203067179e+00 -5.244607242153133397e-02
-1.573539926610072026e+00 -4.187089022679089112e-01 8.030517373448708973e-01 -1.012478149670423822e+00 -1.310665161594895656e+00 2.268639596420309879e+00 2.086725904214476457e-01
-1.427633013464034040e+00 -7.588872172792179849e-02 4.044795182185159654e-01 -1.200269598076834310e+00 -1.299908811715468682e+00 1.871500438571383151e+00 4.155700476269462706e-01
-1.147091997309944045e+00 2.739431577277240404e-01 6.681743786141747243e-02 -1.318696348537657714e+00 -1.133315887221399976e+00 1.361036635560708197e+00 5.315452737263118843e-01
-8.142870435076409175e-01 6.646254372439410751e-01 -2.448295642171134101e-01 -1.331527790743849859e+00 -8.692813867274337136e-01 7.730479836240488067e-01 5.816783915217333956e-01
-5.720007301476813799e-01 1.002388943193957660e+00 -5.961692266339563284e-01 -1.298144962745327424e+00 -5.668783171057079073e-01 2.102034776897392376e-01 7.311065796173922271e-01
-4.179200337431022150e-01 1.154686988477813259e+00 -9.090557138262199688e-01 -1.228959529289680663e+00 -1.753603123439559930e-01 -2.745104311449389489e-01 9.658137600704896908e-01
-3.066506186564054715e-01 1.063815615434095196e+00 -1.132451524245934538e+00 -1.134680431855850768e+00 1.912054025025750892e-01 -6.453561186646470382e-01 1.240036767180954236e+00
-2.521363817304157484e-01 7.612437818730750649e-01 -1.356864716600902687e+00 -9.860257187217202901e-01 4.050856453923372680e-01 -8.220294897097150111e-01 1.528743548800664875e+00
-2.368460059738470846e-01 4.388378106676201207e-01 -1.528973540657125652e+00 -7.097167014560876730e-01 3.922105596627891710e-01 -8.492543688311805505e-01 1.692497676323244660e+00
-2.076440086707732335e-01 2.821951362829832055e-01 -1.487047744424532913e+00 -3.631752503945761545e-01 4.231795358093746323e-02 -8.735975505882581649e-01 1.638967089144578226e+00
-1.700200794159112960e-01 2.684253772288129891e-01 -1.206760437610461922e+00 5.875645664474666782e-03 -5.431534532475548183e-01 -9.372193754420256040e-01 1.381332872809858614e+00
-1.389254723376971978e-01 2.282997667484197579e-01 -8.987666922385992851e-01 3.610584265707159068e-01 -9.309767988669285232e-01 -9.922645746467436689e-01 1.080167099523204666e+00
1.626653134596866765e-02 5.619159749649452196e-02 -6.951897897489196509e-01 5.797422867743169395e-01 -9.631861749466825717e-01 -1.038551588822238969e+00 8.773313038174916922e-01
3.311349534095786029e-01 -2.145107845660418622e-01 -4.755920394947210639e-01 6.428161375481868944e-01 -9.956676278512821554e-01 -1.067162223045386105e+00 7.697710259096801622e-01
5.739336863037782788e-01 -4.469753260982362031e-01 -1.872045061641130770e-01 6.434513373142926040e-01 -1.181249565971395965e+00 -1.013558770135685183e+00 6.943062948127787237e-01
6.774611980611566775e-01 -5.457010167798540534e-01 1.654866726314427883e-01 6.171275866189264159e-01 -1.343132825803935670e+00 -9.109828896494565065e-01 5.725787529224902750e-01
7.036879956181806284e-01 -6.027350282442429652e-01 5.005490656106308389e-01 5.592303292602381903e-01 -1.378128503518722736e+00 -7.901945303276813881e-01 4.542315338974247108e-01
5.379056070458683170e-01 -7.969719621502906470e-01 6.234122292746357985e-01 4.949112919190885029e-01 -1.186742691837515240e+00 -5.752370690619270643e-01 5.249151831500888932e-01
2.706477897790312004e-01 -1.087958467405079510e+00 5.840449509118551541e-01 4.454287667677599982e-01 -8.538259843005971961e-01 -3.208657514777833453e-01 7.499759388507990510e-01
1.280477796188135287e-01 -1.175845673334124486e+00 5.332645414656651539e-01 3.809703032131089295e-01 -5.425612822566489024e-01 -1.613363471104089508e-01 8.379329519069257382e-01
1.515303739540188599e-01 -9.388095400609195451e-01 5.081173257509347119e-01 2.720357260805222888e-01 -3.011498825130261014e-01 -1.367975043082134690e-01 6.488791999087707429e-01
2.958418067627996972e-01 -5.037816696528469862e-01 5.669151514088757171e-01 1.802565662511073918e-01 -2.904394580409131454e-01 -2.085879336042301690e-01 2.582010937342507639e-01
4.464179510572510723e-01 -8.225542893864357108e-02 6.582227191331782024e-01 9.613433251476873054e-02 -3.394512115810893738e-01 -2.630793631160598389e-01 -1.505070127750889331e-01
5.240598197522634560e-01 1.118684361572147706e-01 6.318393957720903620e-01 -1.511772604140542986e-01 -2.819055160691403272e-01 -1.788192123785293242e-01 -3.219388977962412968e-01
4.988037994769057293e-01 9.048335438292573474e-02 4.080237702048249981e-01 -5.769726335005543882e-01 -2.101157210204275816e-01 6.410038975071516432e-02 -1.578526085192016593e-01
3.948824295437267096e-01 -5.452512372681926622e-02 7.036124728248677879e-03 -1.056997405097496179e+00 2.015746492852147839e-02 3.359425603582555930e-01 2.561590083547766739e-01
2.396770216756934913e-01 -3.262411025986155511e-01 -4.982445128831413106e-01 -1.510335768881715390e+00 4.423749873622689899e-01 5.436033165132861944e-01 8.320515368077816554e-01
2.510779581038848074e-02 -6.562722970378487286e-01 -9.928959730593737154e-01 -1.791535722287378674e+00 8.994430482257920190e-01 6.736576645073835135e-01 1.410890517819778367e+00
-2.099355967842114201e-01 -8.930371027488243074e-01 -1.347874137331414257e+00 -1.820102166065304505e+00 1.163592011424847916e+00 7.073067512259870737e-01 1.822092675322273481e+00
-4.604559007153274930e-01 -9.956151727923202577e-01 -1.563495065784162641e+00 -1.690912613570938028e+00 1.311110463278399418e+00 7.125841169095239458e-01 2.042620764959463209e+00
-6.882475612122092024e-01 -9.784259033664305383e-01 -1.623167448941490898e+00 -1.498456506882870354e+00 1.458903528767908409e+00 7.064971255439176367e-01 2.072866796474891693e+00
-7.925291863501642275e-01 -7.845046442439091994e-01 -1.434797512304370359e+00 -1.318247435741085161e+00 1.413916269274229309e+00 6.027139181995165851e-01 1.903749532229988439e+00
-6.916857296015345158e-01 -4.042407713696853921e-01 -1.040836131005075993e+00 -1.193891647226211106e+00 1.184784587821392954e+00 3.513294475363065161e-01 1.557716567315565515e+00
-3.734451347485153727e-01 4.218486892272225314e-02 -5.594930295874173121e-01 -1.084775930172861447e+00 7.428572355508825664e-01 -1.985131545205630343e-02 1.110171691617142908e+00
1.055019725935426970e-02 3.535569954555096706e-01 -1.242999023641163381e-01 -9.104176026342862826e-01 1.033539265787795092e-01 -3.560019601119155941e-01 6.760322516932363301e-01
2.744369248926382121e-01 4.288340393992329247e-01 1.276935318175603518e-01 -6.050165449703676090e-01 -3.646661846429398168e-01 -5.222560599061080167e-01 3.020269543709887539e-01
3.738312511576903363e-01 3.722400056605170149e-01 1.737359569603399434e-01 -2.429750622948390337e-01 -3.494802479247303695e-01 -5.562465810127422694e-01 1.304481179073287839e-02
3.762330050472916243e-01 3.687178739711680087e-01 1.806615300477091013e-01 3.518990499008074757e-02 3.301522001662025863e-02 -5.476324789301674212e-01 -2.577211294283294207e-01
3.979205496610019877e-01 5.338028622567726478e-01 3.600610540307381813e-01 2.116632602409447561e-01 4.180096306810999751e-01 -5.891385668900223083e-01 -6.459845709723911478e-01
4.914803826249061203e-01 8.128428093308767144e-01 6.639752089386258271e-01 3.514563657195859947e-01 4.567669655411423224e-01 -6.969028816410771654e-01 -1.065869234045031311e+00
6.017983841325629246e-01 1.033773761052057205e+00 9.301089319841191472e-01 4.531729148982273636e-01 2.598976929015687776e-01 -7.828400498305400079e-01 -1.363257269443596931e+00
6.757889916018399168e-01 1.123229374115082724e+00 1.111623005479269732e+00 4.560574683544428298e-01 1.836539176264614104e-01 -8.372307220711635578e-01 -1.506592936597526355e+00
6.920669425722348889e-01 1.156340384898930207e+00 1.205353781446360406e+00 3.144204725493463526e-01 1.209722754606839673e-01 -8.908838130267568989e-01 -1.449247882288173361e+00
6.777972608220701467e-01 1.186325463744611231e+00 1.224600718779099484e+00 6.652478156388333397e-02 -7.172840975599688307e-02 -9.396629655332079389e-01 -1.217677433623823635e+00
7.082242196269343815e-01 1.216879253473284184e+00 1.145213531234937410e+00 -1.329152921445948821e-01 -3.642156422104909641e-01 -1.027971513369146050e+00 -9.170179042115381707e-01
8.421566866180739686e-01 1.296199238305142609e+00 9.570561148311627075e-01 -2.056652384970195369e-01 -6.104625669631367213e-01 -1.225926849707812849e+00 -6.667635549553130314e-01
1.074512508832769164e+00 1.387954265620793048e+00 6.556533776631685573e-01 -1.718944544914405015e-01 -5.547437109778737829e-01 -1.477756490218534058e+00 -5.654497778681712994e-01
1.215870178219526476e+00 1.337688058747802833e+00 2.291033555257095677e-01 4.237207286280043894e-02 -1.017220254278738828e-01 -1.623689246481729187e+00 -5.725714642213922678e-01
1.063947291915146698e+00 1.146149452132210200e+00 -1.700439355535752206e-01 4.814116089432401435e-01 5.239332755797330154e-01 -1.583901228762549351e+00 -6.671340195287001062e-01
6.568091408445109192e-01 9.251332651821835285e-01 -2.998823451083640901e-01 1.066375049456025570e+00 7.679036563486816291e-01 -1.364713539793726893e+00 -8.916630675517930316e-01
1.019242803068556025e-01 7.012075112493723061e-01 -6.765721200281071823e-02 1.746842153973370948e+00 2.359635600694157676e-01 -9.840936039017572634e-01 -1.225126458805096963e+00
-4.928770910188500776e-01 4.201930725555918511e-01 3.988762966371377505e-01 2.382210131134007813e+00 -6.440829168723344322e-01 -5.225531024680670766e-01 -1.533112162066532225e+00
-9.395117064079964164e-01 5.663616563354841038e-02 9.219461453967701114e-01 2.788172171107168751e+00 -1.043975676156880583e+00 -1.150459833278586474e-01 -1.755164993655266681e+00
-1.107831624329037146e+00 -2.978423753369995874e-01 1.451656903819903865e+00 2.986915124387624854e+00 -9.959681722438182838e-01 1.912689096678732159e-01 -2.012179812247233190e+00
-1.038379004446027265e+00 -6.065896668150244642e-01 1.865278187118738717e+00 3.029785289747334076e+00 -9.168573138432291048e-01 4.537833041950802837e-01 -2.244140220977401512e+00
-9.061293270389305654e-01 -8.606434466162632413e-01 1.991530366271606622e+00 2.888375917491649236e+00 -7.630832507736359238e-01 7.022372626225554804e-01 -2.274054804702588584e+00
-8.132903817735304131e-01 -1.029953838763950635e+00 1.919600392966302804e+00 2.588353639871000311e+00 -5.611182010964629319e-01 9.244319186332387028e-01 -2.111225017052100306e+00
-7.892559328241475214e-01 -1.158667167581948654e+00 1.764461799108417051e+00 2.236826528697954952e+00 -4.035468474465105371e-01 1.139194007074433523e+00 -1.822211636254261302e+00
-9.225156983750778528e-01 -1.219297390308211160e+00 1.485415773625924363e+00 1.929313432781902593e+00 -2.810826287820459846e-01 1.304904388510260915e+00 -1.420678701523208298e+00
-1.143143847152696679e+00 -1.172809848434050561e+00 1.049047890405468308e+00 1.656760664492495039e+00 -6.613420629778361814e-02 1.330754621851027775e+00 -9.357233228362840105e-01
-1.266608633518164995e+00 -1.120979166833335094e+00 4.492826923267994044e-01 1.361124095522993516e+00 4.008845601937441328e-01 1.232424073063307590e+00 -3.968318857721035431e-01
-1.214491640425093832e+00 -1.151828830840416318e+00 -2.804392913991319292e-01 9.925775872231912267e-01 8.583537039523964074e-01 1.095187367018654490e+00 2.052078156817184473e-01
-1.023269696630768832e+00 -1.252295303633029322e+00 -1.056871227369959865e+00 5.291515742640570119e-01 1.053753449312939017e+00 9.947470522063412979e-01 8.601212511397945404e-01
-8.107206695087487702e-01 -1.359156326702899875e+00 -1.790623267114369144e+00 5.488451256789465826e-02 1.133749155264615283e+00 9.325694606420396049e-01 1.494514375875696466e+00
-6.913367810363723054e-01 -1.378294724530079396e+00 -2.390259590993896399e+00 -2.854594764800884032e-01 1.195235034879227776e+00 8.640360918666499801e-01 1.960546702959072185e+00
-6.980997282744285659e-01 -1.252292073247652571e+00 -2.751220016178155703e+00 -4.086589202673046595e-01 1.052043630725049583e+00 7.530705593583588708e-01 2.172869597952059806e+00
-8.247239735107534386e-01 -1.035223269320627137e+00 -2.832907152081919122e+00 -3.148547160766353992e-01 7.463673375483137473e-01 6.137596700018805862e-01 2.176603261593814231e+00
-1.000070334056063492e+00 -8.372810855241101802e-01 -2.647921883276057375e+00 -1.653406005418936731e-01 7.174750926649923199e-01 5.262696249008377292e-01 2.017993203866415897e+00
-1.141914874593382923e+00 -6.580048896813507353e-01 -2.227740333994494115e+00 -1.968931071520194920e-01 9.802266065494577019e-01 5.235085215219226207e-01 1.781309903845968989e+00
-1.293224761645274112e+00 -3.754206411587581171e-01 -1.650879969539302827e+00 -4.189260739962992752e-01 1.173189182125182750e+00 5.759605749371563554e-01 1.516427020061406061e+00
-1.477927187524064490e+00 9.370689571238315085e-03 -1.014054760255412857e+00 -6.377793700677606425e-01 1.044569401554723775e+00 6.650017891867466835e-01 1.213903840319614957e+00
-1.665534872657357557e+00 3.197471226847753978e-01 -4.397729022554248690e-01 -7.592890172294818329e-01 5.979302052556990654e-01 7.920744999706714751e-01 9.625238437473435660e-01
-1.805242768489070171e+00 4.546277091300755524e-01 -3.399558230642061446e-02 -8.597177766516660435e-01 3.047600169852479057e-01 9.225226037059927053e-01 8.155123292788281075e-01
-1.860490737526185434e+00 4.824815336623206607e-01 1.902078635322959344e-01 -9.762611314279101560e-01 3.849145282896039855e-01 1.001058620485967721e+00 7.319384120321801301e-01
-1.904565487882676322e+00 4.315484281835630376e-01 2.408545357800249698e-01 -1.114106110807736139e+00 6.035254783225221242e-01 1.022935621953314778e+00 7.850788840310144456e-01
-1.939385771586433549e+00 3.637956661562626315e-01 2.286361483202327127e-01 -1.299012054532493687e+00 7.668885905075576437e-01 1.019599507080977130e+00 9.141072913154384416e-01
-1.818361921464747955e+00 5.096540392235959782e-01 4.174206931353736660e-01 -1.426565760321824472e+00 6.637858188196854581e-01 9.461152409866975255e-01 7.513308998600903843e-01
-1.482869774971500298e+00 8.497194431336384524e-01 8.239415503725932011e-01 -1.415695731016720416e+00 2.454669094257387885e-01 7.531501978506804917e-01 2.625951955459619458e-01
-1.026580279207710333e+00 1.084195577776232433e+00 1.158518645954063508e+00 -1.315421657335802408e+00 -4.058828060377405178e-01 5.397127997084616435e-01 -1.954003306696618092e-01
-5.426343085398381838e-01 1.083961846806680951e+00 1.210095665546678800e+00 -1.172908135457108703e+00 -9.743443576348794766e-01 3.946585075808657916e-01 -4.686097327713620864e-01
-4.930382673795338788e-02 9.370921221363193165e-01 1.049368642185220191e+00 -1.043335760719766858e+00 -1.264763905842915870e+00 2.660624637807757487e-01 -6.191981304820930454e-01
4.244364742808837132e-01 7.083435327312197494e-01 7.483477755637014672e-01 -9.597761145958048079e-01 -1.430645608769339550e+00 1.402213509313171569e-01 -6.226361738467197648e-01
9.436887184772934090e-01 4.446792411299125836e-01 3.056950936602237379e-01 -9.486108340158730945e-01 -1.443213799382743190e+00 1.861495532515426710e-02 -4.817824179276031238e-01
1.542409351779967297e+00 2.209574382941490722e-01 -1.744975883060723432e-01 -9.937517903648541706e-01 -1.268558286540800939e+00 -1.438046597995390197e-01 -3.185677683139395699e-01
2.004209891458015314e+00 3.880184787115682765e-02 -5.984397225397343201e-01 -9.111681540776239707e-01 -1.111409231596698355e+00 -2.865350909082932662e-01 -1.995627896828985059e-01
2.188496651341953481e+00 -1.421155442766540156e-01 -8.884234465803629854e-01 -6.152807945344463958e-01 -1.217283712759520631e+00 -3.077213428343333335e-01 -1.266263838412746146e-01
2.061011673405029221e+00 -3.783695705910932738e-01 -1.130679769186626160e+00 -2.792707957245648687e-01 -1.324006490753076637e+00 -1.441403259139771575e-01 -4.259031071522065108e-03
1.671474376892601255e+00 -7.175070054932982666e-01 -1.395828375469693849e+00 -2.468502156930937191e-02 -9.782662534778503449e-01 1.846795686661895364e-01 1.879918250633985100e-01
1.238450739721627558e+00 -1.131359154947436219e+00 -1.516520722001086119e+00 1.094748541865339236e-01 -3.221046834477606646e-01 5.475449066462079184e-01 3.648319185059512026e-01
8.654029570036312347e-01 -1.488278232719177696e+00 -1.460501066519909630e+00 7.755684947760878301e-02 2.260227516545695037e-01 8.445810624887716278e-01 5.382793630002421503e-01
5.886355030832693958e-01 -1.647376324365134703e+00 -1.346053768448791876e+00 -7.447572742839211890e-02 4.555827100880455172e-01 1.053443665252197903e+00 6.751620805837181827e-01
5.245522943551491624e-01 -1.604392029115142115e+00 -1.167605130783984313e+00 -2.635921469726210109e-01 3.809896748498300401e-01 1.135911638979287375e+00 6.842755385659872180e-01
6.706455474672537997e-01 -1.415509008561012250e+00 -8.572549873175441260e-01 -4.099484367223338865e-01 3.126954600311258187e-02 1.083124731625330517e+00 5.384494992061413798e-01
8.440663444705677199e-01 -1.193964197836730579e+00 -4.926337331870816461e-01 -4.362092955253572546e-01 -3.635264132733533327e-01 9.595797930278298082e-01 3.199587766736535221e-01
8.753450475154103128e-01 -1.070695037461970145e+00 -2.005814724390855841e-01 -3.598704036018400831e-01 -3.031108901569973813e-01 8.113791845349319631e-01 1.574533252201777145e-01
8.192625624409644036e-01 -9.904256338493123701e-01 7.384640680850997584e-03 -2.626410091388090007e-01 2.183280125320960496e-01 5.958771175586706770e-01 5.891024202134013260e-02
8.548572263940842353e-01 -8.092786509167630982e-01 2.382825087708260736e-01 -1.651966349350378060e-01 6.015857344767527870e-01 2.402598843663742434e-01 -8.075169504384106800e-02
1.026351914110198438e+00 -4.494366748986616811e-01 5.476497890025660009e-01 -3.520376764743789189e-02 4.932210606801559205e-01 -2.457573359811535685e-01 -3.436553910465139916e-01
1.210203929342469120e+00 3.076494435040896466e-02 7.931147645118352685e-01 1.394529494442424966e-01 1.657292624597602737e-01 -7.392998765885341328e-01 -6.931056590982233034e-01
1.203217520186724565e+00 5.207511860269101733e-01 8.884284429581860154e-01 3.159704729904146969e-01 3.672156329906341860e-02 -1.047956023453023855e+00 -1.060973795237652562e+00
8.770238503407470354e-01 9.913829610349431665e-01 8.827033111952217181e-01 4.106543250444082971e-01 2.716530660959090016e-01 -1.071180807634119825e+00 -1.390875452575458970e+00
3.667373406907133426e-01 1.383379765707886344e+00 8.093173156166765247e-01 3.901044767739200170e-01 7.534095582703951299e-01 -9.054976931761486991e-01 -1.603205801193498203e+00
-6.170329342253155075e-02 1.603456982539926745e+00 7.501985305669019999e-01 2.753474295190618815e-01 1.284140186431601105e+00 -6.927414216248583001e-01 -1.682321496619666457e+00
-3.083327554568303097e-01 1.693525070424517054e+00 8.326956632810952330e-01 1.194109054204424702e-01 1.805149171104463823e+00 -5.353090546349845713e-01 -1.732079709338968820e+00
-3.620796054870935032e-01 1.795305311631216094e+00 1.090603220953360708e+00 2.625541441051200409e-02 2.252392443811250367e+00 -5.582344191844906822e-01 -1.885240593929452535e+00
-2.058031518363068746e-01 1.989816693981422580e+00 1.368555202555934880e+00 1.386800959072890908e-02 2.252256674430724193e+00 -7.837593407610232710e-01 -2.063910098889731426e+00
5.269930912398170658e-02 2.227382291438130490e+00 1.488142872658225979e+00 8.296215668472591009e-02 1.663843719157038326e+00 -1.108283661171984180e+00 -2.087679239662587616e+00
2.897396110319290230e-01 2.322114328381962967e+00 1.502020061944219664e+00 2.388939791584231975e-01 9.726956936909443296e-01 -1.450720291362523895e+00 -1.928035094752876377e+00
4.790688904427082284e-01 2.212683074145445516e+00 1.538872645318258403e+00 3.520022094176306071e-01 4.850333197784539307e-01 -1.769369445396853813e+00 -1.636013816853168601e+00
6.191389603768654437e-01 2.135452007467406599e+00 1.657988886333747525e+00 3.649137640304558894e-01 -3.305136081443482005e-02 -2.083876173693414380e+00 -1.312404912906144139e+00
7.254790107137251143e-01 2.217800792237031082e+00 1.822892963246435238e+00 3.048736527030785903e-01 -7.084480809858624273e-01 -2.416468733765616328e+00 -1.000640483922958568e+00
8.232982422332311145e-01 2.314414800419329676e+00 1.896263894575074493e+00 1.401182861546079461e-01 -1.248073911826617977e+00 -2.679901471568010507e+00 -6.682023547047193368e-01
8.569713638673551737e-01 2.326743079169238282e+00 1.843564208925412284e+00 -6.101765259404277886e-02 -1.469269304129352083e+00 -2.762522754596694607e+00 -3.669876608811575847e-01
7.760806957571364517e-01 2.193537808943718748e+00 1.707880807299556825e+00 -1.272837240144109594e-01 -1.510689317020053268e+00 -2.652931040822607667e+00 -1.537824637114226511e-01
5.929650691727977874e-01 1.807897753547992314e+00 1.454364078007788885e+00 -1.062596859169061096e-02 -1.652405851584544560e+00 -2.318439304792986100e+00 2.224269591784671513e-02
3.224040901151937200e-01 1.134319734495601750e+00 1.016539694307905917e+00 1.947075825356035794e-01 -1.892144017482787488e+00 -1.716042254569159820e+00 2.250154616910374217e-01
7.163306939499014536e-02 2.644191847719926658e-01 4.577929632339154953e-01 3.387973856551568241e-01 -2.069813702677953060e+00 -9.759976239843615176e-01 5.053615542127295468e-01
-8.643429110001134286e-02 -6.492837391131400793e-01 -7.044602769112542906e-02 3.486033126396383963e-01 -2.069445537173896454e+00 -2.797809071903566425e-01 8.962871944083780074e-01
-1.810169587727771534e-01 -1.477449302836610467e+00 -5.224071061379341741e-01 2.824469604298026626e-01 -1.615010760839798110e+00 2.737342237600391970e-01 1.309696164331495494e+00
-2.159106249014907664e-01 -2.081028550781587327e+00 -8.913219541052466166e-01 2.019146801232581667e-01 -7.328706174962040798e-01 6.536406437176824902e-01 1.600124910642576337e+00
-1.961111918729720460e-01 -2.315973705308889574e+00 -1.066245678437183209e+00 1.596147536788322663e-01 8.969631980992318065e-02 8.217752335866841396e-01 1.650926939253896109e+00
-2.423980565813268484e-01 -2.163921598526299839e+00 -1.030188078813528918e+00 1.510012489408046055e-01 6.727358457243363121e-01 7.922838148985359430e-01 1.500878274636729515e+00
-3.920643269330101321e-01 -1.784709760967686965e+00 -9.113110958931088801e-01 1.053403548883042884e-01 1.169119672198183357e+00 6.178231361063205584e-01 1.337186872485920830e+00
-4.627184143731331578e-01 -1.324075568836777350e+00 -6.795870576537702545e-01 -2.483847385158877152e-02 1.477097389761032886e+00 3.077314364836118976e-01 1.202868939854781161e+00
-4.277854264439098220e-01 -7.971569417962031112e-01 -2.644494230376055466e-01 -2.233101431961251604e-01 1.587616050973936987e+00 -4.157764432910470570e-02 9.960533928707557827e-01
-4.026167087589198057e-01 -2.866638050403333970e-01 2.146944697478016528e-01 -4.002293616927949382e-01 1.556756989173687433e+00 -2.864182238342078968e-01 7.267954548902543221e-01
-3.118336033379133787e-01 1.773412838208997949e-02 5.491108002537403721e-01 -4.696519736986641269e-01 1.311404398588594367e+00 -3.680612141484386202e-01 4.805486486947848634e-01
-6.771853163985486201e-02 6.080400845861026055e-02 6.744408789280311733e-01 -4.264664297791136427e-01 9.147541967628686210e-01 -3.190246404884818920e-01 2.595892797746252034e-01
2.156914507496703881e-01 -5.838971573695055789e-02 6.412235983154702668e-01 -2.767363445919436282e-01 5.198464739849455452e-01 -1.877836810986177329e-01 2.248700776330699730e-02
4.423962050107650978e-01 -2.550841312364554581e-01 4.082568180031694860e-01 5.762285819093384068e-03 1.627918514361581248e-01 -2.158455150866871522e-02 -2.017566753473568342e-01
5.812950057992712916e-01 -4.943378909549522859e-01 4.595521510497551330e-03 3.555196659454175623e-01 -2.519665245120620289e-01 1.384442274445733534e-01 -3.059006000724035501e-01
5.834158020788171584e-01 -7.051435338068365866e-01 -3.794864468826570358e-01 7.043541642519328683e-01 -6.386865197359674617e-01 2.811158502490614386e-01 -3.312512609902930061e-01
4.750478239564803196e-01 -7.248050304376622011e-01 -5.632247849050970867e-01 1.069143536846088871e+00 -8.129337572541803780e-01 3.215318238230882031e-01 -4.667185566609689529e-01
2.302560029930845464e-01 -4.861204927178021662e-01 -6.325469421883116450e-01 1.408058735695820074e+00 -9.061081977272608112e-01 2.565719303272280261e-01 -6.405046610952070951e-01
-2.154122388241473951e-01 -1.764759224519692193e-01 -8.117903216717844428e-01 1.673381626466957872e+00 -1.025898254313386326e+00 2.772281388465172580e-01 -6.508398638495576094e-01
-7.025525350373690303e-01 2.571978620247120442e-02 -1.015998778567225536e+00 1.894392888160486121e+00 -1.160422197535533995e+00 4.130448916067851473e-01 -5.980757107424989893e-01
-1.054210939351682974e+00 1.273689699224259120e-01 -1.082978100180807646e+00 2.048203941073336587e+00 -1.459079829253433047e+00 5.858312546612715055e-01 -6.119067046237299801e-01
-1.280014764551939965e+00 1.226746918120017460e-01 -1.053651765153907238e+00 2.017480657550847045e+00 -1.803218134125004202e+00 8.407782896881103030e-01 -5.956590492092931344e-01
-1.360358750021538388e+00 -4.127954090328080083e-02 -1.027844202076833691e+00 1.708569180574540658e+00 -1.934810614395726880e+00 1.181629226146225564e+00 -4.549424550861294603e-01
-1.231913147507899486e+00 -2.894218710932240368e-01 -1.003898383650288384e+00 1.130957190962533776e+00 -1.888401321933252053e+00 1.546889959628193978e+00 -2.625219555441246078e-01
-9.314336851855595789e-01 -4.828880097062385746e-01 -8.858067474065629554e-01 4.126067349867869050e-01 -1.865728344605486422e+00 1.883096550545292125e+00 -1.266193278970283442e-01
-5.643490604197106686e-01 -6.057487851879604923e-01 -7.107455251521043182e-01 -2.704168338912688596e-01 -1.804101000532714494e+00 2.169762301175774510e+00 -6.913219092727436454e-02
-2.445447503898082187e-01 -7.468112837455336273e-01 -6.297511103843086433e-01 -8.166100925959156598e-01 -1.437747036147955626e+00 2.429195811125245186e+00 -3.799127031292448553e-02
-1.046866740207169910e-01 -9.851133047003152177e-01 -7.209987751769922903e-01 -1.215646087184958368e+00 -7.704498613773826943e-01 2.677829870882360463e+00 9.307191222867854108e-02
-1.358030237066588097e-01 -1.248845281880440528e+00 -8.959194424277123758e-01 -1.487615399182485865e+00 1.148740235707508550e-01 2.855917628176504852e+00 2.812993117778876395e-01
-4.878349874874221559e-02 -1.376117317408636964e+00 -9.374463473631566846e-01 -1.652071937327833862e+00 1.018922349049184994e+00 2.797272469061347522e+00 3.094340554199530580e-01
2.735411352436604715e-01 -1.337131383618122671e+00 -7.392793780208362087e-01 -1.646918990350123124e+00 1.626983118535975992e+00 2.430244724825251446e+00 1.118259789214251232e-01
5.520795865350053289e-01 -1.167449161439201299e+00 -4.555866479135540770e-01 -1.375461936629817528e+00 1.839744358751739917e+00 1.864275600073594275e+00 -1.876469346177507824e-01
6.532015683300105291e-01 -8.693698092192240212e-01 -2.345201767637195567e-01 -8.968236844759246429e-01 1.684176772457761428e+00 1.189281217667360169e+00 -4.663114663872266474e-01
6.809879447765089244e-01 -4.360404886744477237e-01 -4.988807559084547372e-02 -2.899191503661472935e-01 1.121872270386835124e+00 4.843245129686088446e-01 -7.471314859309327039e-01
5.854823070867148926e-01 2.643910697037664403e-02 8.614057620401013859e-02 3.536439103116463811e-01 3.729977106898108574e-01 -6.076003447778498268e-02 -1.005268759381817700e+00
2.345868001743169895e-01 2.608164520572895939e-01 1.297017498481495279e-01 7.734426176343849324e-01 8.527391864633093732e-02 -2.425754907292897999e-01 -1.046381539591775489e+00
-3.300635426489961777e-01 2.572858622304771137e-01 1.757158029617310047e-01 7.982597923970832232e-01 5.239901053440341183e-01 -1.033606111481701478e-01 -8.351513856584733553e-01
-8.173619479530953580e-01 2.967182371446978051e-01 3.958815398458361834e-01 5.646456908389321239e-01 1.173274888320805065e+00 4.311358088457908910e-02 -6.401482402656064608e-01
-9.546077750866549527e-01 4.888515852176460452e-01 7.319196843919760775e-01 3.553272966387056586e-01 1.414120162950504911e+00 -1.936711005885997927e-02 -6.401857269001438588e-01
-8.229787552261818018e-01 7.005093407413243156e-01 9.299308498770629816e-01 3.138792992958919781e-01 1.196494349100795551e+00 -2.563694849168240975e-01 -6.884310395657824433e-01
-7.593717277591740533e-01 6.862657969033012506e-01 8.658867743346040369e-01 4.174251910530130116e-01 8.577209031407669881e-01 -4.607362444237703691e-01 -5.327787925219298337e-01
-9.480536166542709031e-01 3.392038582916444001e-01 6.090866695885015503e-01 5.813887382724141073e-01 6.703395773630065335e-01 -4.549814095748322407e-01 -1.288588639320495943e-01
-1.121769025124359498e+00 -1.178949138768545790e-01 3.682649434078565931e-01 6.449477550581573793e-01 7.823645084661693394e-01 -3.605564251835612910e-01 2.795851485439498907e-01
-1.016214317312114979e+00 -4.326800329124356193e-01 2.543688683923869265e-01 5.229997367474846781e-01 9.854031824666946715e-01 -3.377188845863381417e-01 5.253862145169618802e-01
-6.493944229620182140e-01 -5.811802278967069801e-01 2.414872417410176830e-01 3.093361077731109354e-01 8.495803956663532386e-01 -3.505058002562873587e-01 6.218945647173302893e-01
-1.157458604591294210e-01 -7.463879928836980593e-01 2.560916158345107330e-01 1.010736498192821436e-01 5.187516279875321601e-01 -3.347377854311261447e-01 6.250340723475250604e-01
2.809482765685704098e-01 -1.028596451629659958e+00 1.799549862845104820e-01 -3.348592160577558430e-02 2.115979823245872360e-01 -1.866623239653975030e-01 6.668482444569089340e-01
3.093244889427291811e-01 -1.325555011821397233e+00 1.919211441004258986e-02 -4.252789101181342346e-02 -1.266508855289784907e-01 1.222051386022793701e-01 8.077927491698815299e-01
1.673850423110998797e-01 -1.557666788210599673e+00 -1.876259889291888305e-01 -1.879923449083885020e-02 -2.166012647893265641e-01 4.351661544383577662e-01 9.834921465017619768e-01
1.675329852800185870e-01 -1.648104171742404755e+00 -3.639493766546485487e-01 -6.671774594335683206e-02 -5.240032525697798510e-02 5.621541124354024754e-01 1.082117469057852333e+00
3.667533620810953243e-01 -1.513868360853072748e+00 -4.135574584319963720e-01 -1.525761149847922049e-01 9.782751948716766899e-02 3.952188800833967841e-01 1.041109229129693947e+00
6.461807174538982679e-01 -1.155166082303437758e+00 -3.915272236157312791e-01 -2.210719939375128673e-01 2.481714627957281871e-01 -3.362039999218436465e-02 8.898749736443336555e-01
9.511146543749169346e-01 -6.445155120944836558e-01 -3.883320386308963257e-01 -2.709672893602981247e-01 3.075726603004566573e-01 -6.073412410100053060e-01 6.875628867290487500e-01
1.244454832983581394e+00 -1.309852370495287466e-01 -5.413619390044245305e-01 -3.618826024349921511e-01 1.372581196272708026e-01 -1.127776495831772641e+00 5.826044879778879970e-01
1.452214676333942078e+00 1.833476620339366814e-01 -9.681941361856029049e-01 -5.331614995416280589e-01 2.466441690542339749e-02 -1.390275085552638679e+00 7.063639812798467865e-01
1.467706694435747972e+00 1.977427938834501742e-01 -1.602511793053386535e+00 -7.618462090997368819e-01 3.068612189450810046e-01 -1.327153695354194252e+00 1.050808748575158047e+00
1.248183230459148030e+00 5.256700180250114401e-02 -2.193818101854103642e+00 -9.926120911403628622e-01 7.260566036451764349e-01 -1.060990946874547092e+00 1.486689774490754345e+00
8.783715775213836174e-01 -9.585976811682027365e-02 -2.461690541004504240e+00 -1.183891548531303295e+00 1.010603889805445466e+00 -7.752067606826629209e-01 1.843538009164620295e+00
4.379232232844555428e-01 -2.455765382140896458e-01 -2.358476477824892115e+00 -1.295979262607956040e+00 1.235255377685267497e+00 -5.048424079438689205e-01 2.057940025905092174e+00
1.788944901026087025e-02 -3.791970937410775178e-01 -2.019721639875748931e+00 -1.247910713157912799e+00 1.308365128178716086e+00 -2.670988019577099082e-01 2.099081944622136930e+00
-3.550149594055635460e-01 -4.280735923513002694e-01 -1.574748819025218571e+00 -1.079727751294358828e+00 1.058094270948400917e+00 -7.510993090721421184e-02 1.994882539911212671e+00
-7.348651146192912709e-01 -3.540438508042931254e-01 -1.073460672170749364e+00 -9.624921384613188691e-01 7.093591222824121578e-01 1.567930876094716097e-01 1.812737190772153006e+00
-1.024920950670018538e+00 -1.209498786801036924e-01 -4.453663845823322975e-01 -9.738434356068231823e-01 3.733780408320729327e-01 4.062387699656239692e-01 1.487998500001765256e+00
-1.101884204345784157e+00 2.649489199057276645e-01 2.984938621054864516e-01 -1.089393541691651590e+00 -2.336711811925315796e-01 5.837471393277205989e-01 1.005062005024782934e+00
-1.044334614261146710e+00 6.747576083387912815e-01 9.587982088637251321e-01 -1.235285385270089353e+00 -8.064548176767253329e-01 6.859988628928542775e-01 5.052174221443739288e-01
-9.699414640216950101e-01 1.022621840878395139e+00 1.357813083817377198e+00 -1.293226193253689926e+00 -9.637377578645338616e-01 7.254168332983699230e-01 1.021280837532369118e-01
-8.877984005475456630e-01 1.328757780687035206e+00 1.424302614914685794e+00 -1.200035780967620758e+00 -9.714700942899208158e-01 6.883595294757948180e-01 -1.951061877456658489e-01
-8.366693918406764574e-01 1.601316407893807137e+00 1.240027265792453592e+00 -9.809859800759244131e-01 -1.003559256115705178e+00 5.384078897680599773e-01 -3.919574665103560673e-01
-7.854114228059907443e-01 1.854025411117580013e+00 1.063488635432635832e+00 -7.240366825124553429e-01 -1.073129095473663863e+00 2.724576354767999642e-01 -5.722499536063075931e-01
-6.057745968505848788e-01 2.095225665906674806e+00 1.066656297201843628e+00 -4.905060807783714338e-01 -1.258947889911522511e+00 -3.630998063314014312e-02 -8.848489040642495418e-01
-3.556342943118830924e-01 2.312421868631114652e+00 1.151397591462056891e+00 -2.606814688279907033e-01 -1.580762818787042168e+00 -3.064384865890951160e-01 -1.281095337181202831e+00
-1.762573748921814343e-01 2.429571044982323791e+00 1.122690047074926811e+00 -3.501196132489411278e-02 -1.910674030073215235e+00 -5.199886806345674906e-01 -1.528119741552761424e+00
-1.043753794805157287e-01 2.272177797303883029e+00 8.561622925345945267e-01 8.371935336836011654e-02 -1.743718265288359159e+00 -6.884278669640254700e-01 -1.415042469108287904e+00
-9.928071329538389056e-02 1.791697416079379046e+00 3.682285287772448790e-01 -2.968247519479437491e-02 -8.687704404954589288e-01 -7.689125850631927106e-01 -9.042776930120113299e-01
-1.689397668026723920e-01 1.129693977473510413e+00 -1.735675136520398454e-01 -3.063757748914369139e-01 2.355484987756050475e-01 -7.198933781518919162e-01 -1.543218118105565972e-01
-2.270647870323431738e-01 4.645971416556491929e-01 -6.285882688080667302e-01 -5.362700147661115802e-01 1.226311386625088984e+00 -6.430680602953614544e-01 5.469385183108450565e-01
-1.797993742500380854e-01 4.529024756937454974e-03 -1.003428216036505116e+00 -6.059762908695506267e-01 1.804705594146501779e+00 -6.187276947899781332e-01 1.003801018435400261e+00
-1.565761399514905283e-01 -1.211596841840970606e-01 -1.247670602021775377e+00 -4.925325213439579186e-01 1.688638860597649671e+00 -6.177651102164729568e-01 1.204350732237234434e+00
-1.700021906378364756e-01 2.619418098360035488e-02 -1.213523758639117656e+00 -2.836125423861777795e-01 1.192786814647212257e+00 -6.638347360347700565e-01 1.136828731743682042e+00
-1.907414600282784645e-01 2.738332881565453403e-01 -9.486512336800934087e-01 -1.274591307096278325e-01 6.956347637780766480e-01 -7.175553801919110075e-01 9.244706878636447245e-01
-2.752861258620223350e-01 4.430688018387382576e-01 -6.445612688055676331e-01 -3.919946349296798971e-02 2.462055353341361941e-01 -6.686881446790767791e-01 7.571600386701190510e-01
-3.603451406476138041e-01 4.549213017140723014e-01 -3.817513421193378664e-01 -8.417507301955494750e-03 -6.076334405017726203e-02 -5.240922474678768594e-01 6.368604011891312311e-01
-3.523469220204993868e-01 4.341730575021494620e-01 -8.149827424369086859e-02 -5.291218315892802504e-02 -3.104337791413335768e-01 -4.210947488034491593e-01 4.709442483102072030e-01
-2.394012573395342680e-01 4.625417069753350319e-01 3.503428431322666015e-01 -1.447495160839235573e-01 -4.761871984477178965e-01 -4.179770557346649262e-01 2.048722898175721341e-01
-1.352938930707998401e-02 4.311663540405927253e-01 8.833311440673998760e-01 -2.351977060271284170e-01 -2.901359051795099342e-01 -4.376261390622313563e-01 -1.521316736488933785e-01
3.399489578211386531e-01 2.992419610527080609e-01 1.384878410957963935e+00 -2.787813741586611660e-01 1.065171124718283374e-01 -4.788972459021738626e-01 -5.372281709392008331e-01
6.830078293848336202e-01 1.398730062396318918e-01 1.679899855285974963e+00 -2.395145599212706311e-01 4.939673878959536801e-01 -5.379347552529386567e-01 -8.771525608665865503e-01
8.708945962523754192e-01 3.932769968367698377e-02 1.720336796176119565e+00 -4.334083498404233542e-02 6.826398442603994754e-01 -5.689752038551296742e-01 -1.163991132559057728e+00
8.907480795214222091e-01 -7.085384001211587381e-03 1.549096571063859340e+00 3.020769156809383071e-01 5.862236966659496451e-01 -5.945170641984015569e-01 -1.330288515705550845e+00
7.793009550859291146e-01 -1.153261251124907023e-02 1.243023094353078006e+00 7.257795113986591495e-01 2.724285446522652365e-01 -6.465573164072297985e-01 -1.361598621984261737e+00
6.517375996984738906e-01 6.586066110289151565e-02 9.770881726436095871e-01 1.150062219941207386e+00 -2.944436989719123043e-01 -7.272980279595111508e-01 -1.381996862058908482e+00
5.523566369510235496e-01 1.327490298165104610e-01 8.026476350340129295e-01 1.416977975931364986e+00 -8.490393568333258756e-01 -7.588470682551645696e-01 -1.344525712753825264e+00
4.299919964948929474e-01 4.533635492623026148e-02 6.493785817957156148e-01 1.456510001571978297e+00 -1.024334379912650084e+00 -6.644023330510907543e-01 -1.158618372775556793e+00
3.511395153365806654e-01 -1.682128021167471066e-01 5.814373920588609135e-01 1.345665172092748829e+00 -8.885246272057196748e-01 -5.104043331382733806e-01 -9.406889896213538327e-01
4.471849915879799187e-01 -3.837002897690615089e-01 6.987147089196233951e-01 1.139595770072296732e+00 -7.373518548475763712e-01 -4.190449966517292291e-01 -7.900730998239972047e-01
7.577710133364475853e-01 -5.210894097726562757e-01 9.693512011356578695e-01 8.208688345636356853e-01 -6.503366222389967977e-01 -4.226188092111315409e-01 -6.969605394792959263e-01
1.221857702390118261e+00 -6.211028047550893882e-01 1.227869003808974790e+00 4.047910995474815476e-01 -3.853796501193987312e-01 -4.922584791773345625e-01 -6.250657029947682686e-01
1.589559438978909611e+00 -7.654321072244524293e-01 1.240756625410317504e+00 -3.072556637687120281e-03 1.489229224544164065e-01 -5.639068176148711586e-01 -4.366658109027627965e-01
1.661811119723411778e+00 -8.768599153680722846e-01 9.808795693784748693e-01 -2.813527668414201877e-01 6.289100017403674858e-01 -5.856205042567308450e-01 -8.958748901791369068e-02
1.594765689379443740e+00 -8.508033447532147298e-01 6.641441003417706268e-01 -4.202420917520369170e-01 8.271750567290190315e-01 -6.032412426976011544e-01 2.360994040505925706e-01
1.480342436567408715e+00 -7.698888610747796069e-01 3.545298669112624257e-01 -4.680229384412101790e-01 7.857908660286929692e-01 -5.901920255074286636e-01 4.786324997122444191e-01
1.185147192745030997e+00 -6.852575531391003061e-01 -1.595023100689325207e-02 -4.147627598118068248e-01 6.580589790887576562e-01 -4.861559155398170740e-01 6.719298416052643663e-01
7.730058483819022275e-01 -5.041509337050040784e-01 -2.937942056309889582e-01 -2.550970816955395182e-01 4.669943776580705586e-01 -3.763055605099872025e-01 7.146316618149366473e-01
4.793182204599562013e-01 -3.366712072402019973e-01 -3.428007170120461744e-01 -6.176221924235419936e-02 2.146197331316048451e-01 -2.966351985743054254e-01 5.952512249956305457e-01
3.941251553503847260e-01 -3.113494633876114359e-01 -2.506496082338168230e-01 6.364111918125511802e-02 1.183771818018608812e-01 -2.240185198384495313e-01 4.188871891015165105e-01
4.444066570151657958e-01 -2.851914422527839776e-01 -1.590362782334369396e-01 1.150263446873583117e-01 1.912727913134371904e-01 -2.040990564837654175e-01 2.051539778953402893e-01
5.126640616165670794e-01 -1.598051828289778487e-01 -1.722047099823063310e-01 2.005897484643633932e-01 3.372057875424533391e-01 -2.456834189247917855e-01 -6.720586387241811455e-02
5.129732299528454442e-01 -3.464037545068861246e-02 -2.678238825121518341e-01 3.735907032474749534e-01 4.879875469777832930e-01 -2.778987444921206529e-01 -3.248462773798547754e-01
3.960150497548051152e-01 -8.757587358944181333e-02 -4.153839124900013946e-01 5.778382488137204787e-01 6.928055413241250848e-01 -1.924422119073596893e-01 -4.417537090529879418e-01
1.357089647632774010e-01 -3.818822553376706175e-01 -5.951873611581788293e-01 7.829865135169978840e-01 1.172949258822443053e+00 4.374062388769384829e-02 -4.198710035047298894e-01
-2.042861066468979192e-01 -8.045181375767362919e-01 -6.554736379492965836e-01 9.640673788518334675e-01 1.474023633633989583e+00 3.738918833393458097e-01 -3.200956790782160666e-01
-5.847492906140275837e-01 -1.268136536281185389e+00 -5.707444029308552658e-01 1.052752646946408133e+00 1.186444986915403677e+00 8.090588025935165906e-01 -1.397548669795718457e-01
-1.091846108348031308e+00 -1.719894459187601310e+00 -4.793776585453967676e-01 1.039988764719252945e+00 8.556859364523798916e-01 1.347759442940626107e+00 9.076612992652324796e-02
-1.731328629430473276e+00 -2.052056258823512724e+00 -4.260915865190263996e-01 9.737301614127035210e-01 7.711411385028842380e-01 1.876121126045452447e+00 3.292943812868374120e-01
-2.363056119475939632e+00 -2.207189160804234440e+00 -4.784736482401584223e-01 8.829833795983768052e-01 8.932159718255766601e-01 2.299176826925543260e+00 5.638521342322029284e-01
-2.787642865481223531e+00 -2.152012494031265710e+00 -6.290648888721356302e-01 7.598065090419623413e-01 1.206725427893887481e+00 2.551963568780954539e+00 6.702084234376630700e-01
-2.902925487303155805e+00 -1.829338546673582311e+00 -6.457242095132789128e-01 5.785315056896660479e-01 1.328644811040706752e+00 2.591913539857888527e+00 5.338096714011687505e-01
-2.774377130767415878e+00 -1.276147008972721597e+00 -4.231243974751167092e-01 3.301972406456337716e-01 9.976189668156973944e-01 2.466031320910910374e+00 2.257331982581030350e-01
-2.429579667368484408e+00 -6.563950086562867492e-01 -1.276950144441231783e-01 5.281530280088202189e-03 4.685030531083942962e-01 2.229675198046364937e+00 -1.214788018851854362e-01
-1.870002149107927947e+00 -1.446799525265863862e-01 4.828149475196787804e-02 -2.994282893718949734e-01 -1.182899948488020797e-01 1.905986599626686040e+00 -3.876191113367069563e-01
-1.300916404932841886e+00 2.204054171764787406e-01 5.735160945488931156e-02 -3.608182008922840578e-01 -8.664671462238749955e-01 1.538824889282332631e+00 -5.304870878053723482e-01
-8.120911041492837601e-01 5.675545808504496303e-01 -3.657962621121980257e-02 -1.514007613859738033e-01 -1.641568693403961499e+00 1.085743292928437853e+00 -6.425582643844445219e-01
