7.497932436445474691e-01 3.130373281034161126e-01 1.959449519568507436e-01 -1.608907450115943938e+00 -2.593555933391572532e-01 9.026257150631056270e-01 1.497547489430796352e-01
6.536858687775503052e-01 4.231269152119624399e-01 5.614679869662886347e-01 -1.839619510816372872e+00 -3.154804471252232179e-01 8.127701704018690521e-01 1.214867082300308265e-01
4.100491366995760445e-01 6.088184254331148182e-01 1.079414501949797822e+00 -2.064790285935793168e+00 -6.220061234983961240e-01 5.549206160668236354e-01 1.479834480711725020e-01
1.903889228027953462e-01 7.709810612850477307e-01 1.566002092691411107e+00 -2.261564562901376529e+00 -1.205483018595357336e+00 2.904923621293292180e-01 3.299268115850307326e-01
9.689820717549059437e-02 7.370408585028795923e-01 1.781125536304588808e+00 -2.225783416172978590e+00 -1.809641937716301108e+00 2.333306115548099482e-02 4.920718758757115507e-01
7.456045428957516763e-02 5.173797403504151182e-01 1.638557880274407408e+00 -2.028004541314456066e+00 -2.093762560426239983e+00 -1.801494998317956786e-01 3.914239659481763556e-01
1.587233436969822664e-01 1.872258056592590869e-01 1.173262994988560459e+00 -1.728757488576215584e+00 -2.025904268605835501e+00 -2.679751007555561393e-01 1.080621033029754013e-01
3.966246595198634761e-01 -2.289830520355445598e-01 5.118999465776056246e-01 -1.246443725167730499e+00 -1.805819515372244943e+00 -3.281590371006579687e-01 -2.514384135313245117e-01
6.541368496456020365e-01 -6.229468954758641264e-01 -9.424044359620124822e-02 -7.453892820409674380e-01 -1.513136708013171461e+00 -4.176217881898782736e-01 -6.200902795915534949e-01
7.686464448230905244e-01 -8.204836041805643188e-01 -3.947080965721234680e-01 -4.434083799806527448e-01 -1.351179711778616843e+00 -5.105867798907089972e-01 -8.348143988314055131e-01
7.097155401650342421e-01 -7.879077569098905665e-01 -3.652666205041120162e-01 -3.190768564456654688e-01 -1.538974512868870770e+00 -5.807991814297016608e-01 -9.055784412185842180e-01
5.653964617608523424e-01 -6.079932633815432474e-01 -1.953058288105652962e-01 -3.133696023688128385e-01 -1.709520123554077786e+00 -5.593985387516405838e-01 -8.790589209344342736e-01
4.239051173265311889e-01 -3.919600402917906568e-01 -4.124234039416625405e-03 -4.416875111064476056e-01 -1.482717963317831344e+00 -3.935228382276984571e-01 -6.902497520586159396e-01
3.179446205151157945e-01 -2.956388696495884649e-01 1.430070948389793872e-01 -6.603719586800851360e-01 -1.065931954303595441e+00 -1.883418236154905667e-01 -4.449320840083261785e-01
2.379511195259106371e-01 -3.140670543491664302e-01 1.566193437362174978e-01 -8.462565887157710298e-01 -6.353996059671236374e-01 -2.355421774931057075e-02 -2.447940084277600847e-01
1.390026520512221975e-01 -2.790740910271410358e-01 1.016477542284974500e-01 -9.281933323402866698e-01 -2.206595146391043816e-01 1.729309657672001288e-01 7.191369069651150706e-03
1.288734158509905088e-02 -2.163772253731549300e-01 5.515740371249017865e-02 -9.391448602744552066e-01 8.432581963887013365e-02 4.272939789031413582e-01 3.129803563838551850e-01
-1.323187357274490106e-01 -1.860016391211762321e-01 -4.208089786711370628e-02 -9.018738341111288692e-01 3.396007357077114874e-01 6.360452345426582665e-01 5.324742441291048234e-01
-3.237986119475051994e-01 -8.807627984642353580e-02 -1.757915463784374133e-01 -8.057776956935043255e-01 5.955103015953913115e-01 7.717028333492790271e-01 6.564182975488667138e-01
-5.759427283496986183e-01 1.068180962198965051e-01 -2.725984411845850941e-01 -7.082361442692792775e-01 7.939575326652701381e-01 8.838852017437244246e-01 7.802076923420161458e-01
-7.922435651602199869e-01 3.072495538578527419e-01 -3.389566748651627326e-01 -6.059329330337784869e-01 9.487538672436215403e-01 9.636946188517458989e-01 9.046328635630868087e-01
-8.503944764604234319e-01 4.414913595580416961e-01 -4.062796452735933372e-01 -3.745248882950134584e-01 9.426600654680596936e-01 1.022827503096707780e+00 9.414635184165776050e-01
-7.857704390382682647e-01 4.211984370043052595e-01 -4.739450303693560906e-01 -8.969539619136654429e-02 7.846172981990270356e-01 1.137977621522247240e+00 8.408253234865173953e-01
-6.387328347401867168e-01 1.945525384944730984e-01 -5.240843695038998051e-01 7.230555520148994331e-02 7.070811810712367418e-01 1.410018304949084200e+00 7.225807805218948943e-01
-4.550038712908521243e-01 -7.116684709979946566e-02 -5.576176810992379274e-01 1.101435996258433303e-01 7.035421787341259448e-01 1.766036389812409180e+00 6.807954700040147467e-01
-2.762524165958255562e-01 -2.276689710951323720e-01 -6.111738058933390283e-01 -1.739513998510308634e-02 8.344372507370327874e-01 1.976430454534058745e+00 5.627606403837760451e-01
-9.947284157077572464e-02 -2.427327325554575754e-01 -6.731677815179561986e-01 -2.879558098791838439e-01 1.128439908682413728e+00 1.957281450186978189e+00 3.758017285229445781e-01
-3.127211434068070256e-02 -1.508851510380079808e-01 -6.676436940944960874e-01 -3.958431833260471211e-01 1.362217263949542900e+00 1.711232090847309539e+00 3.317918947680730812e-01
-1.115586822631731423e-01 -2.236155768860177348e-02 -5.226119241703613971e-01 -1.733428646458454736e-01 1.464141278346138275e+00 1.233049037844199392e+00 4.972116061914632068e-01
-2.838565657384342633e-01 1.776491264264067060e-01 -1.916294103523298042e-01 1.862523002001275629e-01 1.590723619760368912e+00 6.290353026863747532e-01 8.657330860179688337e-01
-5.524856248383380741e-01 4.334797885248746763e-01 2.691621467035043569e-01 4.465970859272497817e-01 1.752387805786996600e+00 6.159878741462846558e-02 1.251578660062187875e+00
-8.577057937721023206e-01 7.046648420756308484e-01 7.388010318048396918e-01 5.815432152483547279e-01 1.687843660692446068e+00 -3.865910063138021657e-01 1.381263318479869495e+00
-1.087296459882994615e+00 1.016614387278445664e+00 1.154086055313665149e+00 7.690752830346236912e-01 1.394042971740002912e+00 -8.705864867663559714e-01 1.164039174564214685e+00
-1.186643916335239135e+00 1.361694230223839508e+00 1.496975746577823729e+00 1.135130384618358690e+00 1.023142412947281477e+00 -1.532740443180530487e+00 7.137160786525544864e-01
-1.159394209323082903e+00 1.652988820465422615e+00 1.686803193002905488e+00 1.642834535500232951e+00 6.241488766886751360e-01 -2.224394802464143339e+00 2.773182653336068726e-01
-9.904276210888809384e-01 1.821261229651902180e+00 1.638539671941140474e+00 2.153025404976238288e+00 2.643472717164649932e-01 -2.772655752513065064e+00 -2.163957035443430515e-02
-6.252660479240751412e-01 1.874424740415234769e+00 1.391754167430726774e+00 2.472278962420174420e+00 -3.799620344430093555e-02 -3.106367545598957225e+00 -2.792901067878165722e-01
-1.025751275358115638e-01 1.793212470746954779e+00 1.064729372864806622e+00 2.505444691269493873e+00 -1.713185321982769738e-01 -3.168388216880757113e+00 -6.320450619172564011e-01
4.835579183557915384e-01 1.603759504957652515e+00 7.719539999831425137e-01 2.310190335093484482e+00 -6.173759343828604668e-02 -2.930540136104433646e+00 -1.032807960808965309e+00
1.027334026336882644e+00 1.354974442010002278e+00 5.657523761554753561e-01 1.919286264316226287e+00 1.473914581402257784e-01 -2.419999047624435295e+00 -1.303822570776467016e+00
1.419313580172099298e+00 1.010164456535963096e+00 4.190714517292928876e-01 1.317964557719814023e+00 3.244243850094346571e-01 -1.681746170658554140e+00 -1.426035589036665163e+00
1.671081901395743641e+00 5.386817623379778208e-01 1.986524810124361551e-01 5.845866880344882111e-01 4.916013298238907092e-01 -8.229310648485811397e-01 -1.531922384458313413e+00
1.825341980926268315e+00 2.203988721583729701e-02 -1.863799615857034409e-01 -8.821260484791081102e-02 5.567108941195397787e-01 -2.883167514891980115e-02 -1.596082169960916897e+00
1.827931308601345339e+00 -4.236651914315647249e-01 -6.137761790577564991e-01 -5.233945071629887424e-01 2.146061175637110352e-01 4.786717298815184596e-01 -1.533542273338254214e+00
1.675537134047289989e+00 -7.093174071648784551e-01 -9.349700191095311474e-01 -6.947073955862133054e-01 -5.125116760956264228e-01 5.514083130990908854e-01 -1.372622293329283538e+00
1.443154797702094427e+00 -7.584514698615864026e-01 -1.096629211900157719e+00 -6.135984584779428097e-01 -1.253848368204240504e+00 2.948013315822352043e-01 -1.158960515568611571e+00
1.182409664551719697e+00 -6.331424194807422356e-01 -1.088356295534892659e+00 -3.753386824490651530e-01 -1.843500955097744143e+00 -6.816187460691351197e-04 -9.595429135966720979e-01
9.123941416283541939e-01 -5.422599827318478338e-01 -9.998635284954268121e-01 -2.293123705546220581e-01 -2.159411849215219004e+00 -1.016725168341601759e-01 -8.032476422131948901e-01
6.315451376492322577e-01 -6.152749197842591888e-01 -9.556595958951097369e-01 -3.559270000664738198e-01 -2.083634136959005900e+00 6.394451946417223365e-02 -6.185029030209765466e-01
2.850149941540541243e-01 -7.848284566657166561e-01 -9.343616693958648467e-01 -6.151273631062471603e-01 -1.716147843730127409e+00 3.817848256210835123e-01 -3.180717686819786727e-01
-1.415621422074611058e-01 -9.811719121303817959e-01 -8.794119414892797026e-01 -7.722837583175194975e-01 -1.279231437159390916e+00 6.701891253584452146e-01 3.159794578161561479e-02
-4.765844836337595480e-01 -1.201313771183321943e+00 -8.333992624602767352e-01 -8.562996055003926354e-01 -1.002816297705410697e+00 9.269587574634419180e-01 2.385000258994600109e-01
-5.275386048878869527e-01 -1.410691463793579903e+00 -8.276162021244835021e-01 -9.190137115416655567e-01 -8.450501459486480238e-01 1.218014116444351203e+00 2.136521930391107049e-01
-3.353342078058573761e-01 -1.591673983649347202e+00 -8.487766090239692307e-01 -1.002560985201901067e+00 -5.419984122132516235e-01 1.431574009395665925e+00 8.579676382908861532e-02
-1.495244545203762432e-01 -1.790185871714862653e+00 -9.067911758103890385e-01 -1.184953777549199394e+00 -1.274726595195452283e-02 1.393949136214689410e+00 -2.157719618450341589e-02
-3.644769011515821416e-02 -1.969019330207944174e+00 -1.022379295019542056e+00 -1.315965793711405540e+00 5.466872117114470742e-01 1.112487942574673649e+00 -1.153340791546506594e-01
7.473032998155640372e-02 -1.956015257627907511e+00 -1.157331893367837372e+00 -1.181459984297303478e+00 8.707377168219555541e-01 7.123746996774773521e-01 -1.442603189979261291e-01
1.376096265421206111e-01 -1.778846498028714640e+00 -1.284910047493945662e+00 -8.911524795476621907e-01 8.254006094688615125e-01 3.126288629933499097e-01 -1.095610436062468690e-01
2.594235104722414920e-01 -1.632245305358988263e+00 -1.442721534490780444e+00 -6.272124349167863544e-01 6.622516220351929439e-01 7.535161736172681091e-02 -1.213929791756964555e-01
5.425687308657568542e-01 -1.556648237106471822e+00 -1.585635642836926706e+00 -3.801982066377195824e-01 6.623654436208112894e-01 3.171516994330231265e-02 -2.554878918832411694e-01
9.258991230435726916e-01 -1.489139843131107366e+00 -1.594904068709319001e+00 -1.980990174033516737e-01 8.654289665651229146e-01 3.291526165909215013e-02 -4.774184152055943042e-01
1.302305032997200573e+00 -1.396600626174794968e+00 -1.475586819699234553e+00 -6.937804824517564140e-02 1.047095292583823500e+00 -4.220254343697412563e-02 -6.465498879000467491e-01
1.441818288314975272e+00 -1.252500984353952740e+00 -1.271231030228544112e+00 1.313963860735633260e-01 7.804007945157311887e-01 -2.086640810133899293e-01 -6.583465409468457485e-01
1.213234082194848185e+00 -1.001395097018117353e+00 -9.607576519216715072e-01 3.040377391146240060e-01 2.166509043309592097e-01 -3.910347169669209366e-01 -5.496179290137954698e-01
7.147348635278988338e-01 -6.709369985308226703e-01 -5.985274819706092320e-01 2.540957339477230570e-01 -2.123737597315595582e-01 -5.202576685009079327e-01 -4.834562830255589305e-01
1.725130934046899822e-01 -2.827389407970403168e-01 -2.617525145164211198e-01 5.986848161314563266e-02 -5.173111348703310908e-01 -5.538937276651551000e-01 -5.011300099323572343e-01
-1.879240336422102753e-01 1.623235848832786099e-01 3.310730677682024309e-02 -1.148737736524219899e-01 -7.711286964719200610e-01 -4.096629409607693284e-01 -5.182858501250130479e-01
-3.415325070357599913e-01 5.057532232982694387e-01 2.718786475592474550e-01 -2.860329327249701015e-01 -9.049700215077874921e-01 -5.279726836885713370e-02 -5.235853286961508202e-01
-4.390262618382856918e-01 6.374219263903990740e-01 4.238192610282717765e-01 -4.200897898626072546e-01 -9.165217079692993263e-01 3.483762954914936816e-01 -4.266424113998182888e-01
-5.828566028186513703e-01 6.051537634436489066e-01 4.613087927976320390e-01 -3.963093410026562458e-01 -8.996873357007824090e-01 6.001474586954341772e-01 -1.148344120070358410e-01
-7.104453425296047842e-01 4.936585020535563806e-01 3.834650251906148166e-01 -1.713438056725490322e-01 -8.392222322828640779e-01 7.263253815010125569e-01 2.973692850228948914e-01
-7.430518882289384175e-01 4.095501054181667766e-01 2.718313122583399521e-01 2.028716184175657911e-01 -6.595899606031693230e-01 7.745911708513901761e-01 6.401980901514682243e-01
-7.127836153743142278e-01 3.972145821391340759e-01 2.188945907722122386e-01 5.924103559791609186e-01 -4.703210718069327223e-01 7.068595590567150477e-01 8.224139071312670524e-01
-6.666138388870820330e-01 4.335255757866769422e-01 1.698766480723353511e-01 8.380745828670901343e-01 -4.703387118591834115e-01 5.658818579352670186e-01 7.695547641739166611e-01
-5.415113790562849916e-01 4.709281114796627365e-01 4.441282564561206680e-02 8.400764112527068228e-01 -7.198243866521129020e-01 4.350508716654205021e-01 5.009951787778380572e-01
-2.811648798034254715e-01 4.262204472301580060e-01 -1.224105971156520672e-01 6.393726819790896965e-01 -1.065154512676779186e+00 3.663687578146163082e-01 1.241101117036706031e-01
1.725764419707769351e-02 3.334177796623493117e-01 -2.428202193590817404e-01 3.390948180021631231e-01 -1.275399203118716462e+00 3.341814635193693372e-01 -1.990711423115376077e-01
1.910086093757729087e-01 3.565076292920086320e-01 -1.754581317316266098e-01 2.115965160189615599e-02 -1.354309877784951155e+00 1.896553538075324563e-01 -2.809675963914091135e-01
1.414499606889830507e-01 5.589191184495087006e-01 1.400281134225548896e-01 -1.860204779664257624e-01 -1.453401329539462328e+00 -1.088330765544518186e-01 -1.116181987327617559e-01
-1.045964991932889915e-01 8.507249169200051808e-01 5.660829349188694071e-01 -1.029622165270411560e-01 -1.483355952544231249e+00 -4.221902625464030168e-01 1.329061690694179898e-01
-4.424206333233525190e-01 1.117673222944421285e+00 9.452809017229472088e-01 2.545392265880563332e-01 -1.310401792027731549e+00 -6.300988302989852796e-01 3.336457675442190962e-01
-7.461046407324469776e-01 1.326850499422491225e+00 1.210672343459048728e+00 6.273857696652628269e-01 -9.628300722933902378e-01 -7.030505171605799797e-01 5.227598021498316427e-01
-9.553721642090948762e-01 1.434164778342560842e+00 1.308693781678523127e+00 8.159045001214459969e-01 -5.261030572672830141e-01 -6.708413324708834002e-01 7.096436800055749838e-01
-1.040420844391038990e+00 1.338300191544459228e+00 1.161793473960484935e+00 7.936685493822762671e-01 -7.928076887689419761e-02 -5.272074088674554293e-01 8.030573660210909015e-01
-9.721797764066172354e-01 1.106662077346856066e+00 8.146644976850285769e-01 6.252781109156109185e-01 3.028714072323864803e-01 -2.889393915932655932e-01 8.303196437713217248e-01
-8.595828403361800429e-01 9.106483160881209127e-01 4.920281257636056060e-01 4.168377088596464941e-01 6.915288330858646582e-01 -2.333372449928405173e-02 8.672873816473595232e-01
-7.736645184753148108e-01 7.874183416687422499e-01 3.828758525660372891e-01 2.257357592316393824e-01 1.198782758318226005e+00 3.217782102982399417e-01 9.203778011413135118e-01
-6.050203798878726058e-01 6.759142390241127396e-01 4.038728514764133304e-01 6.098680519047120635e-02 1.827182691381868729e+00 8.112726050907718145e-01 9.960440969031030267e-01
-4.163826001638776808e-01 5.486274524642182904e-01 4.028140607866618761e-01 -1.093340665248970639e-01 2.513597199821270056e+00 1.280996318706428383e+00 1.114615460372208489e+00
-4.320708531754022808e-01 4.463441215179132504e-01 3.334693340760657709e-01 -3.047197560554659734e-01 2.965850197202053451e+00 1.514838739963557890e+00 1.265491995598845731e+00
-5.867992824638609273e-01 3.673317437552648945e-01 2.032207953399411404e-01 -4.158551679657382372e-01 3.063694063421504410e+00 1.545104581215439143e+00 1.435721189155349409e+00
-6.489938769160977783e-01 1.991446501578640338e-01 6.617339453754614298e-02 -3.575293205578065070e-01 3.065695572373996480e+00 1.492619615230661001e+00 1.678328305722759595e+00
-5.517822075063602005e-01 -1.098593410834605433e-01 -9.858876494497842424e-02 -2.267424581032918551e-01 2.981293738556631379e+00 1.415972475404507325e+00 1.874928140403358645e+00
-3.259036767787479860e-01 -4.986355096959455557e-01 -2.897919436723135900e-01 -3.114480459160660630e-01 2.623972879052529183e+00 1.369546559960550525e+00 1.784704911568578023e+00
-7.113635210586812842e-03 -9.039002389311786567e-01 -4.107311042749740015e-01 -7.669507035277074447e-01 2.032503304996926108e+00 1.433841294413957357e+00 1.416075230650463368e+00
3.316754793304884097e-01 -1.280585264531387324e+00 -4.122667791478336619e-01 -1.448501558563343394e+00 1.431686839810259126e+00 1.586267060986581434e+00 9.221359884243226501e-01
6.046987829901264710e-01 -1.619064429887760559e+00 -3.203696164774532673e-01 -2.076657861863820287e+00 1.086840210304307330e+00 1.607172221905472931e+00 3.365998310913099201e-01
6.952452283493484320e-01 -1.798270610181085027e+00 -1.601979105675789272e-01 -2.279998184533180261e+00 8.630651114040466254e-01 1.379835716164967030e+00 -2.682774280287387736e-01
5.102354413401254396e-01 -1.648518732800861253e+00 4.780843642252532999e-02 -2.005136720749476353e+00 5.104896409821687575e-01 9.330551444075716461e-01 -7.460998402683977071e-01
1.733256254277153463e-01 -1.245103594609317632e+00 2.553852774039550022e-01 -1.600758161352825892e+00 3.845233553577067503e-02 3.637557381476420049e-01 -1.068924368265650404e+00
-4.920107490162539676e-02 -8.211888939701788015e-01 4.375682695557215340e-01 -1.214368422480850418e+00 -5.332791524538688099e-01 -1.215900366440525182e-01 -1.248928241394837713e+00
2.849142684281409717e-05 -5.040621059506578128e-01 5.898178329589560676e-01 -8.302074409279218692e-01 -9.535437094113887735e-01 -4.095807831835203694e-01 -1.343448097611156689e+00
2.748487738156884519e-01 -3.293004261678823541e-01 6.590350091790768694e-01 -5.174722345994697825e-01 -1.063185489703103226e+00 -5.704784884805339518e-01 -1.493428377929890694e+00
5.975579734009162092e-01 -2.821187152190418046e-01 6.217228167176002129e-01 -2.372035538821663792e-01 -9.454503453852983741e-01 -7.024015890001218398e-01 -1.655709664326232566e+00
8.277173749550805759e-01 -2.585985425880064081e-01 5.540635559729301107e-01 8.261032368412900631e-03 -6.058093454992260485e-01 -8.336017753836950650e-01 -1.690605517619574005e+00
1.023595097259400788e+00 -1.613890521963083635e-01 5.042005424507862710e-01 2.523782090307588599e-02 -2.537679408480904009e-01 -8.804259297771747095e-01 -1.656296279169458652e+00
1.281069519791616207e+00 -8.477337193652130509e-02 4.151472446283266948e-01 -2.144904344595543744e-01 -1.423444567249281534e-01 -7.462090610175560190e-01 -1.677575734440624355e+00
1.549548019311351554e+00 -1.974812063489106706e-01 2.106866125873557982e-01 -3.694450957140983371e-01 -3.163700912942655763e-01 -4.767948019155131556e-01 -1.713914417184429162e+00
1.642508696569495497e+00 -3.956021842338082184e-01 -2.251890339908453956e-02 -1.693379888412260004e-01 -8.237271271568474829e-01 -2.218910320409449577e-01 -1.609993091196689541e+00
1.393691874033834210e+00 -5.202115043738440026e-01 -1.643241913090695283e-01 2.755965056669436586e-01 -1.520068344154411388e+00 -1.816754711278986689e-01 -1.357041334646982733e+00
9.140830615328436881e-01 -5.539030266999135366e-01 -2.800335833083102965e-01 7.149063204223826684e-01 -2.026620577362650444e+00 -3.029090734752943881e-01 -9.786140854895875041e-01
4.128963210099953485e-01 -4.145778245631621117e-01 -3.889836046083997023e-01 1.028657394214869347e+00 -2.040104107151050172e+00 -2.915375065726913406e-01 -4.021857036214721015e-01
-7.218258205450953091e-02 -1.333656034088466225e-01 -4.150944875091621133e-01 1.217240560697951057e+00 -1.514209768462917882e+00 -1.141421908142778996e-01 3.124680966576466323e-01
-4.931111636712179891e-01 1.377204423194455796e-01 -3.595593576759883447e-01 1.209514407067586506e+00 -7.468645627597012560e-01 1.048042503426102889e-01 9.191418669504535233e-01
-7.288813957381167219e-01 4.886171503970568875e-01 -1.831617427587604596e-01 9.961219872673018338e-01 -1.619095128899136482e-01 2.340111290419072954e-01 1.239792622026510527e+00
-7.957771609554337156e-01 9.702927727088970222e-01 8.930637125085078010e-02 7.619658884217567207e-01 6.921611007077808908e-02 9.174044397599231959e-02 1.293269713093815554e+00
-7.294694420588491157e-01 1.299010658546770003e+00 1.412710489130992175e-01 6.741931110621641743e-01 9.676155673564056092e-02 -2.890488397235568274e-01 1.111760600121302289e+00
-4.826872465928924161e-01 1.358416622621478664e+00 -2.217004973783375521e-01 7.334550457506689991e-01 1.950232368740148492e-01 -6.930365228845348780e-01 7.705713837113267184e-01
-1.324774416609399430e-01 1.320563289520584771e+00 -7.697431578068466562e-01 8.059812593199351394e-01 5.459970885894848136e-01 -9.914785875457291509e-01 3.823782551106106875e-01
1.897889999933422833e-01 1.243128880511536583e+00 -1.195304557934268264e+00 7.568475642886071109e-01 9.768627133641439864e-01 -1.181427162930073438e+00 -1.027818430990921038e-02
4.488079653639462374e-01 1.124813440303984224e+00 -1.420343391838696734e+00 5.358046353921692706e-01 1.258248395660310104e+00 -1.315532862964921890e+00 -3.477820776345156850e-01
6.430468469714727409e-01 1.043185055138746486e+00 -1.522480962732585041e+00 1.797173842570114755e-01 1.372183672117190723e+00 -1.428921582225858522e+00 -6.153768120306899458e-01
7.399398861290658047e-01 1.028165671209503973e+00 -1.546646268380915679e+00 -1.800183488711759316e-01 1.254658763484628459e+00 -1.522336921159509027e+00 -7.910868143085898474e-01
6.184852692877231828e-01 1.056648371998769376e+00 -1.514911182752112451e+00 -3.505739714395591511e-01 8.832500756172776413e-01 -1.551256684846044509e+00 -7.294364491851935695e-01
2.643562039703580835e-01 1.080657733524577058e+00 -1.431713255597508727e+00 -2.198747042325639722e-01 4.184856492943512252e-01 -1.457751007449997971e+00 -3.924669966891365935e-01
-5.993372162268543329e-02 9.702173392301003396e-01 -1.314218261395537102e+00 1.364500681383455927e-01 7.588772173125785114e-02 -1.273135896623284635e+00 1.031727905474694174e-02
-1.559800230597430393e-01 6.784515067087246720e-01 -1.188451797466685056e+00 5.924807721645485303e-01 -4.992305595364697479e-02 -1.057933687683211943e+00 2.717195757206096185e-01
-1.367141234375782999e-01 2.947608026592742347e-01 -9.924344496416774852e-01 1.007393239157485132e+00 5.789431815807933451e-02 -8.196025710224004168e-01 3.706260176285312014e-01
-1.743839459981612050e-01 -6.783770594911017748e-02 -6.083477524057444574e-01 1.198972417115812039e+00 3.911541157934765311e-01 -5.563386190001302634e-01 4.089833706330854857e-01
-2.478622422843222983e-01 -3.302245289401949946e-01 -9.920564455106539725e-02 1.158594069772334700e+00 7.738711199366474780e-01 -2.806872324224092830e-01 4.925145722415303351e-01
-2.269596442292359795e-01 -6.072464602493899966e-01 2.111531134119656594e-01 1.056116344473607027e+00 9.043026367470455851e-01 -1.670896688590584045e-02 5.581983589233223686e-01
-7.599614646259915396e-02 -1.029066486508546152e+00 2.284023469604136714e-01 1.036796258739061116e+00 6.280750579577688564e-01 2.376512968821391791e-01 5.081406935601081587e-01
7.548646695767485815e-02 -1.440481870929509522e+00 2.119673766972245132e-01 1.159475409944124236e+00 2.028482191650642918e-01 4.396784018478175349e-01 4.912334747301519422e-01
9.374444816216673249e-02 -1.562392287171229688e+00 3.646720055887515688e-01 1.300307351247167675e+00 1.877466999354448704e-02 4.470514074940722948e-01 6.670733249940080656e-01
-3.572163968663455424e-02 -1.293463093423379284e+00 6.970295491477946914e-01 1.324439604774916734e+00 1.187695555934354177e-02 2.071914017036853572e-01 9.465013741389073365e-01
-1.967252475287716018e-01 -8.106651621851161948e-01 1.054891270578422136e+00 1.271307165507243431e+00 -7.535192115524989853e-02 -1.088668519512017707e-01 1.121761583972373577e+00
-2.730100611641644304e-01 -3.597409227771129481e-01 1.291194657914352506e+00 1.137602965417869205e+00 -2.151971771510889919e-01 -3.196530496865428450e-01 1.045438089070175991e+00
-3.373754036995754713e-01 3.267941545825411159e-02 1.474311813036160768e+00 8.976222576042428569e-01 -3.199255702405380819e-01 -4.203440918330422771e-01 8.247520821045857264e-01
-4.929285687434161733e-01 4.659056746472551302e-01 1.754664027552988337e+00 5.408793851502204930e-01 -3.215997426549780380e-01 -4.512212999113235923e-01 7.246174927542478050e-01
-7.414573572132200363e-01 8.745282706731026812e-01 2.087027640841283116e+00 1.146938732707017267e-01 -1.865425223455664250e-01 -3.828424079321050555e-01 8.119676395601215235e-01
-9.140443248620322425e-01 1.033487158767781189e+00 2.267686586356925993e+00 -2.470747516084488560e-01 -1.472319518342401047e-03 -1.972269746859043604e-01 9.218334068997579012e-01
-7.773746069017585247e-01 9.141256424898315247e-01 2.179672677188482233e+00 -5.489224193016470910e-01 2.187869438247818654e-01 -1.571426201514729976e-02 8.535113743095253946e-01
-2.834226729377821163e-01 6.944897939446673663e-01 1.783433527228298843e+00 -8.103226260359684963e-01 3.817584865171234076e-01 7.482760022181089710e-02 4.891622789543205174e-01
4.287220284582231589e-01 4.581633464535931344e-01 1.122397288975278462e+00 -9.634834796510338695e-01 3.612564384633198955e-01 9.931168483604697894e-02 -1.139694765477949484e-01
1.052970499331270737e+00 2.595784140921005290e-01 4.672126914354183258e-01 -1.015135126947573907e+00 2.717621084749766713e-01 5.518479792215327806e-02 -7.379889533664379941e-01
1.170563231697469231e+00 1.955769872074644145e-01 1.516617890335067442e-01 -1.026741920882951575e+00 1.767861886805757732e-01 -3.868638597039651683e-02 -1.126938586107860463e+00
