-1.426873396683779660e+00 1.566425347767653076e+00 1.546027641232212479e+00 -1.221622030700921790e+00 -1.022716544283484241e+00 -8.508524274986191127e-01 9.498975506567580718e-01
-1.311424244438992526e+00 1.536650916357686691e+00 1.174714221071507581e+00 -1.048352493354738568e+00 -1.136486258586751674e+00 -8.058327956001360981e-01 1.379635141625851436e+00
-9.157849431571474241e-01 1.125010915802708400e+00 6.150044821049110988e-01 -6.760678005088209819e-01 -1.094175179622943306e+00 -6.250017459338564896e-01 1.686002775847365021e+00
-3.144788708837493729e-01 5.217204902252016163e-01 2.677947995009304777e-02 -3.537102110765233953e-01 -7.555283298889092780e-01 -3.260476508707059184e-01 1.709845097263467784e+00
2.865146736132799798e-01 2.897069481973317887e-02 -4.791869449973662487e-01 -1.161674911466251126e-01 -1.312712367411078829e-01 -5.307020034289779142e-02 1.457831766344306557e+00
7.813809599943060125e-01 -2.527733977747378957e-01 -9.244691761774580518e-01 1.596950917543090986e-01 4.011833864977081276e-01 1.233602789234470309e-01 9.733505135250694051e-01
1.225185861280707389e+00 -4.731489720715840175e-01 -1.387589152953701221e+00 3.575879339936901546e-01 3.471858551534838244e-01 3.118686612938474378e-01 3.275953779238022778e-01
1.594850281091415356e+00 -7.325488404388194041e-01 -1.791924149960459456e+00 2.786191944659514586e-01 -3.692621142552103275e-01 5.369716217497462196e-01 -3.152245894848929586e-01
1.871962043565313483e+00 -1.055201938869616329e+00 -2.035840588711019361e+00 -1.515862186775753517e-01 -1.212716809236297877e+00 7.810440270571863408e-01 -8.883988469337350535e-01
2.118579402313879534e+00 -1.434649298847461063e+00 -2.156379196047352398e+00 -8.265359501799998121e-01 -1.771863025490429955e+00 1.040291396140022862e+00 -1.406238682263433182e+00
2.318143146790480280e+00 -1.721888790737665653e+00 -2.171306492622710138e+00 -1.540725690171858453e+00 -2.062198783027562765e+00 1.321750946868843535e+00 -1.835602270236228017e+00
2.438299142572289302e+00 -1.804239743224440806e+00 -2.049026326009868448e+00 -2.150006935316225665e+00 -2.030354976928423483e+00 1.724423497955586360e+00 -2.084277856216985025e+00
2.489542347460964589e+00 -1.767557989544246366e+00 -1.917562873852667327e+00 -2.583201584037757126e+00 -1.461551314721199590e+00 2.196142224917351449e+00 -2.178563777145747782e+00
2.413940295070230224e+00 -1.666363656484751710e+00 -1.885945305368308844e+00 -2.623680586172967288e+00 -5.344290303169071388e-01 2.468275800007426746e+00 -2.183959185359018562e+00
2.087521415614073561e+00 -1.456624991087414944e+00 -1.864795701784384807e+00 -2.079628328961649952e+00 1.499959337275722782e-01 2.408760002812354362e+00 -2.057035701700641095e+00
1.547121300731910454e+00 -1.226291617880903351e+00 -1.843333561843568225e+00 -1.173747759347377517e+00 3.106701954009158939e-01 2.139246174188559113e+00 -1.771743954152803946e+00
9.982941111394896261e-01 -1.096963883151172769e+00 -1.876844225668513166e+00 -2.114687574942232806e-01 1.306473080301630840e-01 1.833735466238948675e+00 -1.407862934554501289e+00
5.168931471957660673e-01 -1.026946865339560144e+00 -1.862450349123274895e+00 6.216426453796151108e-01 -2.124999372893036365e-01 1.527203550490270567e+00 -1.099993396043292382e+00
5.910751739880880373e-02 -9.406943220425072472e-01 -1.691652006817497833e+00 1.229999009518266462e+00 -5.871023968658571901e-01 1.149643306511409779e+00 -8.970308523427850123e-01
-3.901470758554803631e-01 -8.405189362695694166e-01 -1.364958651365635989e+00 1.713930667270244790e+00 -9.452388382719945081e-01 5.845242838503129645e-01 -7.185830028915179968e-01
-7.765379118934029323e-01 -7.228256862005051353e-01 -8.581454660984202398e-01 2.041542409187108831e+00 -1.274157989208503983e+00 -1.579802841958414250e-01 -4.781769455443223293e-01
-1.091351397994942740e+00 -5.168674379040102407e-01 -1.161571600306188223e-01 2.090874113797128508e+00 -1.502233675934677271e+00 -9.112420907792967428e-01 -1.512499501571590022e-01
-1.367615293328445336e+00 -1.912742115894441042e-01 7.171712418327199634e-01 1.958338432300561704e+00 -1.672408149289199120e+00 -1.544087807654777267e+00 2.507669618680540835e-01
-1.533337858705508205e+00 1.406807765209600325e-01 1.323105612922154117e+00 1.773126416862891075e+00 -1.885756237340708186e+00 -1.979278806469579211e+00 6.081263710891723351e-01
-1.546230655595727033e+00 3.323021238247656495e-01 1.612126100766109182e+00 1.490353101463280705e+00 -2.128932756919945213e+00 -2.083772120636207426e+00 8.351709245793036418e-01
-1.470222758156052745e+00 3.659154699806174138e-01 1.758677796610660593e+00 1.064539213823642916e+00 -2.013654649932899332e+00 -1.814956313438822466e+00 9.862804967056121308e-01
-1.408420696603451594e+00 2.879109052090482734e-01 1.806298031818864835e+00 6.292215837724350891e-01 -1.256811765608499387e+00 -1.433524844102382678e+00 1.048625636194688404e+00
-1.383836259602831742e+00 1.909906469314801847e-01 1.714323086663127826e+00 2.502042010677915651e-01 -1.897897419957903786e-01 -1.105437094138800758e+00 9.990514677197636084e-01
-1.442173574900735389e+00 2.172308123829251869e-01 1.665648355604983921e+00 -3.808749880833301599e-02 7.248387979356097910e-01 -7.966543513009864963e-01 1.016072518223819943e+00
-1.614605072705633360e+00 3.901889030287860605e-01 1.781226694189463666e+00 -1.220457834502540612e-01 1.136282751185770490e+00 -5.562012499812798438e-01 1.236143132046188642e+00
-1.705651797682659288e+00 5.614746280381970323e-01 1.879290370295859880e+00 -5.174505035181935914e-02 1.147313138205285243e+00 -3.970504016755724286e-01 1.505035413869736605e+00
-1.561719266453632349e+00 6.236423613107742181e-01 1.836754420921351105e+00 -2.644531708833678177e-02 1.171522880624808804e+00 -2.423365914957545386e-01 1.600157207126369885e+00
-1.259000477712626909e+00 6.696295739972668581e-01 1.778005204685529472e+00 -1.400937479135662134e-01 1.289062270837991298e+00 -8.491613208741687069e-02 1.520483822065521240e+00
-9.844546199532240305e-01 8.259054494273856406e-01 1.840594926984230328e+00 -2.926319300561279757e-01 1.380664972280222225e+00 -1.183366564188362800e-02 1.400520148523210606e+00
-8.544880702460667665e-01 1.115842477822092338e+00 2.046386930999032572e+00 -3.591044732874340562e-01 1.230130057946401623e+00 -8.194090840154533151e-02 1.286956602809859795e+00
-9.101988357634541726e-01 1.486883427233229193e+00 2.307274790457055857e+00 -3.775813040105467921e-01 8.476828810291660021e-01 -2.796402078556416981e-01 1.127749996265793975e+00
-1.122980461589290435e+00 1.833257087755070236e+00 2.443886789468548315e+00 -3.909722051507917850e-01 4.691032397198022230e-01 -5.358297555342882434e-01 8.720152044817841563e-01
-1.397088836391012778e+00 2.075747452696559137e+00 2.386845953722979363e+00 -2.501933847351312523e-01 3.900775560844608331e-02 -8.099048851565731066e-01 6.902343008160991555e-01
-1.704598891220380663e+00 2.158892088513753027e+00 2.222578938158403350e+00 -5.586432031490240653e-03 -5.489445838097143371e-01 -1.051568663235246559e+00 7.745538121278031651e-01
-1.977592492737074270e+00 2.007758836250595369e+00 2.042424013626664259e+00 9.798234737523341120e-02 -9.685106851198268529e-01 -1.161381278366006464e+00 1.015472265106545091e+00
-2.161392857716339932e+00 1.685681581089599534e+00 1.888450246008079647e+00 1.540077705774563488e-01 -8.614134907439686684e-01 -1.195281376245554528e+00 1.209905379879194998e+00
-2.237753671694444613e+00 1.396368354660527666e+00 1.720062644877474511e+00 3.495062235126195627e-01 -5.037051105927347061e-01 -1.275262898388880073e+00 1.262400331195616232e+00
-2.018985306491652310e+00 1.223373013369988493e+00 1.436529887384640602e+00 6.046944271691513384e-01 -1.655129178185731631e-01 -1.340637878533913252e+00 1.161227587501715730e+00
-1.387260471460824540e+00 1.093475989449965935e+00 1.023543917728996000e+00 7.447921931190951694e-01 3.053914236201186738e-01 -1.250491672504461027e+00 9.335888522700594994e-01
-5.010484634550140814e-01 9.343397619115308972e-01 5.322345355050379645e-01 7.394250519465283000e-01 8.061914567941518284e-01 -9.909259591562374903e-01 6.089097761794297625e-01
3.604523403983972973e-01 7.413722935653709323e-01 -5.745591772406546472e-04 7.006584420947001846e-01 1.010952973833691315e+00 -6.976047374691507486e-01 2.499882012487519845e-01
1.012065371460048269e+00 4.710643378107206569e-01 -4.731206090676388087e-01 5.152636675871788974e-01 8.600785379233708561e-01 -4.010544519797177854e-01 -6.899289813568559859e-02
