7.311594486236572266e-01
8.079710006713867188e-01
8.284457325935363770e-01
7.151702642440795898e-01
8.464285731315612793e-01
7.913105487823486328e-01
7.681159377098083496e-01
5.825581550598144531e-01
7.321428656578063965e-01
5.648148059844970703e-01
6.765202283859252930e-01
8.079710006713867188e-01
6.913043260574340820e-01
7.321428656578063965e-01
7.087719440460205078e-01
7.823275923728942871e-01
4.730392098426818848e-01
7.214285731315612793e-01
6.477272510528564453e-01
6.616809368133544922e-01
7.707142829895019531e-01
7.214285731315612793e-01
8.463767766952514648e-01
8.085714578628540039e-01
7.895894050598144531e-01
4.489164352416992188e-01
7.711148262023925781e-01
6.949999928474426270e-01
7.155425548553466797e-01
7.321428656578063965e-01
8.847825527191162109e-01
7.537878751754760742e-01
5.814285278320312500e-01
7.895894050598144531e-01
7.297101020812988281e-01
5.435714125633239746e-01
7.823275923728942871e-01
8.464285731315612793e-01
7.887930870056152344e-01
8.504464626312255859e-01
7.971428632736206055e-01
6.878787875175476074e-01
7.442528605461120605e-01
7.155425548553466797e-01
8.110119104385375977e-01
8.085714578628540039e-01
7.707142829895019531e-01
7.311594486236572266e-01
8.673020601272583008e-01
7.061781883239746094e-01
7.592856884002685547e-01
8.463767766952514648e-01
6.780626773834228516e-01
7.158119678497314453e-01
7.537878751754760742e-01
8.110119104385375977e-01
6.949999928474426270e-01
5.100619196891784668e-01
6.616809368133544922e-01
7.442528605461120605e-01
5.538793206214904785e-01
7.023809552192687988e-01
8.649425506591796875e-01
8.463767766952514648e-01
8.268678188323974609e-01
8.126780390739440918e-01
5.761904716491699219e-01
5.775362253189086914e-01
7.371795177459716797e-01
7.939394116401672363e-01
7.442528605461120605e-01
8.504464626312255859e-01
6.766861677169799805e-01
7.535612583160400391e-01
8.649425506591796875e-01
6.528985500335693359e-01
6.378298997879028320e-01
7.410714626312255859e-01
6.331269741058349609e-01
7.749288082122802734e-01
8.126780390739440918e-01
7.328571081161499023e-01
6.528985500335693359e-01
7.543988227844238281e-01
6.994302272796630859e-01
6.835714578628540039e-01
7.016369104385375977e-01
7.061781883239746094e-01
7.328571081161499023e-01
4.079391956329345703e-01
4.824047088623046875e-01
6.927083730697631836e-01
5.111788511276245117e-01
8.079710006713867188e-01
6.341270208358764648e-01
7.971428632736206055e-01
8.110119104385375977e-01
7.535612583160400391e-01
2.848297357559204102e-01
7.151702642440795898e-01
