7.021138048487276517e-01
6.868196086288652635e-01
6.702731583516996494e-01
7.039671408535363994e-01
6.756495024377211500e-01
6.574333800841514197e-01
6.712916583183062835e-01
6.640619782274761462e-01
6.927970346623923970e-01
6.725439123756093984e-01
6.899251986909771261e-01
6.948841247578976255e-01
6.708742402992051712e-01
6.717090763374072848e-01
6.510385360315233960e-01
6.653142322847792611e-01
6.717090763374072848e-01
6.543277900220396681e-01
6.783376744807319003e-01
6.832966005476523996e-01
6.748146663995191474e-01
6.890903626527750125e-01
6.530755359647364422e-01
6.994256328057169014e-01
6.708742402992051712e-01
6.555800440793427830e-01
6.775028384425298977e-01
6.975722968009083758e-01
7.060542309490416280e-01
6.882555266145728989e-01
6.892740265811794220e-01
7.221832632071061298e-01
6.702731583516996494e-01
6.793561744473386455e-01
6.957189607960996280e-01
6.971548787818072634e-01
6.650804781940826693e-01
6.814432645428437629e-01
6.961363788152006293e-01
6.743972483804180351e-01
6.574333800841514197e-01
6.718927402658118053e-01
6.756495024377211500e-01
6.398684298403793935e-01
6.654978962131836706e-01
6.905262806384826479e-01
6.319875776397515521e-01
6.806084285046416493e-01
6.688372403659921250e-01
6.675849863086888991e-01
6.773191745141253772e-01
7.042008949442329913e-01
6.890903626527750125e-01
6.845488546049556255e-01
7.006778868630201274e-01
6.795899285380351262e-01
6.791725105189341249e-01
6.568322981366458979e-01
6.785213384091364208e-01
6.502036999933212824e-01
6.547452080411406694e-01
7.002604688439191261e-01
6.684198223468911237e-01
6.661490683229813747e-01
6.383824216923795758e-01
6.816269284712482834e-01
6.640619782274761462e-01
6.843151005142590337e-01
6.675849863086888991e-01
6.800073465571361275e-01
7.105957389968610149e-01
6.843151005142590337e-01
6.698557403325986481e-01
6.847325185333601461e-01
6.512221999599279165e-01
6.597041341080611687e-01
6.940492887196954008e-01
6.756495024377211500e-01
6.717090763374072848e-01
6.448273559072997818e-01
6.793561744473386455e-01
