6.609563881653642836e-01
6.706905763708007617e-01
6.659153142322847829e-01
6.681860682561944209e-01
6.561811260268483048e-01
6.601215521271621700e-01
6.698557403325986481e-01
6.806084285046416493e-01
6.932144526814933982e-01
7.037834769251318789e-01
6.565985440459494171e-01
6.597041341080611687e-01
6.578507981032525320e-01
6.528918720363320327e-01
6.708742402992051712e-01
6.766680024043278951e-01
6.698557403325986481e-01
6.806084285046416493e-01
6.971548787818072634e-01
6.706905763708007617e-01
6.499699459026246906e-01
6.712916583183062835e-01
6.930307887530888777e-01
6.435751018499966669e-01
6.592867160889601674e-01
6.698557403325986481e-01
6.352768316302678242e-01
6.617912242035663972e-01
7.079075669538502646e-01
6.503873639217256919e-01
6.725439123756093984e-01
6.462632738930074172e-01
6.739798303613170338e-01
6.849662726240566268e-01
6.681860682561944209e-01
6.708742402992051712e-01
6.690209042943965345e-01
6.779202564616308990e-01
6.439925198690976682e-01
7.122654110732652422e-01
6.584518800507579428e-01
6.595204701796566482e-01
6.694383223134976468e-01
6.539103720029386668e-01
6.787550924998330126e-01
6.528918720363320327e-01
6.712916583183062835e-01
6.820443464903493958e-01
6.855673545715621486e-01
6.267948974821344610e-01
6.648968142656781488e-01
6.632271421892740326e-01
6.791725105189341249e-01
6.628097241701729203e-01
6.574333800841514197e-01
6.735624123422160325e-01
6.601215521271621700e-01
6.667501502704868965e-01
6.702731583516996494e-01
6.743972483804180351e-01
6.667501502704868965e-01
6.882555266145728989e-01
6.518232819074334383e-01
6.479329459694116444e-01
6.650804781940826693e-01
6.328224136779536657e-01
6.748146663995191474e-01
6.814432645428437629e-01
6.756495024377211500e-01
6.706905763708007617e-01
7.050357309824351049e-01
6.793561744473386455e-01
6.421391838642890315e-01
