6.752320844186201487e-01
6.831129366192479901e-01
6.340746677352567806e-01
6.280471515394376869e-01
6.499699459026246906e-01
6.677686502370934196e-01
6.762505843852267828e-01
6.619748881319709177e-01
6.721264943565083971e-01
6.439925198690976682e-01
6.717090763374072848e-01
6.534929539838375545e-01
6.261938155346289392e-01
6.622086422226673985e-01
6.408869298069859166e-01
6.423228477926934410e-01
6.905262806384826479e-01
6.882555266145728989e-01
6.506211180124223947e-01
6.619748881319709177e-01
6.489514459360181675e-01
6.841314365858545132e-01
6.545114539504441886e-01
6.315701596206504398e-01
6.690209042943965345e-01
6.431576838308956656e-01
6.516396179790289178e-01
6.448273559072997818e-01
6.524744540172310314e-01
6.884892807052694907e-01
6.607226340746676918e-01
6.708742402992051712e-01
6.785213384091364208e-01
6.905262806384826479e-01
6.601215521271621700e-01
6.667501502704868965e-01
7.319174514125426079e-01
6.779202564616308990e-01
6.686034862752955332e-01
6.613738061844653959e-01
6.704568222801041699e-01
6.739798303613170338e-01
6.851499365524611473e-01
6.597041341080611687e-01
6.458458558739064159e-01
6.373639217257730527e-01
6.727275763040139189e-01
6.660989781606891924e-01
6.299004875442463236e-01
6.702731583516996494e-01
6.534929539838375545e-01
6.783376744807319003e-01
6.901088626193816467e-01
6.828791825285513983e-01
6.502036999933212824e-01
6.350931677018634147e-01
6.257763975155279379e-01
