6.708742402992051712e-01
6.781039203900354195e-01
7.025312228678287640e-01
6.735624123422160325e-01
6.770854204234287854e-01
6.512221999599279165e-01
6.851499365524611473e-01
6.812095104521471711e-01
6.506211180124223947e-01
6.597041341080611687e-01
6.909436986575836492e-01
7.006778868630201274e-01
6.681860682561944209e-01
6.687871502036999427e-01
6.574333800841514197e-01
6.632271421892740326e-01
6.917785346957857628e-01
6.338409136445601888e-01
6.901088626193816467e-01
6.717090763374072848e-01
6.681860682561944209e-01
6.404695117878849153e-01
6.814432645428437629e-01
6.669338141988914170e-01
6.913611166766846505e-01
6.613738061844653959e-01
6.830628464569559188e-01
6.526581179456354409e-01
6.901088626193816467e-01
6.530755359647364422e-01
6.561811260268483048e-01
6.812095104521471711e-01
6.588692980698590551e-01
6.859847725906631499e-01
6.855673545715621486e-01
6.890903626527750125e-01
6.619748881319709177e-01
6.429239297401989628e-01
6.834802644760569201e-01
6.458458558739064159e-01
6.404695117878849153e-01
6.623923061510719190e-01
6.766680024043278951e-01
6.690209042943965345e-01
6.749983303279236679e-01
6.801910104855406480e-01
6.874206905763708964e-01
6.570159620650504184e-01
6.570159620650504184e-01
6.727275763040139189e-01
6.816269284712482834e-01
6.576170440125559402e-01
6.609563881653642836e-01
6.580344620316569415e-01
6.793561744473386455e-01
6.806084285046416493e-01
6.896914446002805343e-01
6.913611166766846505e-01
6.921458625525946928e-01
