6.785213384091364208e-01
6.321712415681559616e-01
7.037834769251318789e-01
7.043845588726374007e-01
6.971548787818072634e-01
6.717090763374072848e-01
6.959026247245041485e-01
6.508047819408268042e-01
6.597041341080611687e-01
7.101783209777599026e-01
6.872370266479663758e-01
6.646630601749816680e-01
6.481166098978160539e-01
6.824617645094503970e-01
6.855673545715621486e-01
6.468643558405129390e-01
6.623923061510719190e-01
7.027148867962331735e-01
6.361116676684699378e-01
6.901088626193816467e-01
6.640619782274761462e-01
6.508047819408268042e-01
6.923796166432912846e-01
6.619748881319709177e-01
6.475155279503105321e-01
6.963200427436051498e-01
6.998430508248180137e-01
6.491351098644225770e-01
7.008615507914246479e-01
6.724938222133173271e-01
6.718927402658118053e-01
6.849662726240566268e-01
6.663327322513857842e-01
6.717090763374072848e-01
7.294129432979362671e-01
6.793561744473386455e-01
6.414880117544914384e-01
6.570159620650504184e-01
6.696219862419021673e-01
6.597041341080611687e-01
6.936318707005943995e-01
6.551626260602417817e-01
6.565985440459494171e-01
6.677686502370934196e-01
6.793561744473386455e-01
6.824617645094503970e-01
6.783376744807319003e-01
6.646630601749816680e-01
6.650804781940826693e-01
