6.574333800841514197e-01
6.837140185667534009e-01
6.427402658117945533e-01
6.725439123756093984e-01
7.042008949442329913e-01
6.704568222801041699e-01
6.739798303613170338e-01
6.801910104855406480e-01
6.599378881987577605e-01
6.239230615107193012e-01
6.502036999933212824e-01
6.737961664329126243e-01
6.508047819408268042e-01
6.644793962465771475e-01
6.303179055633473249e-01
6.346757496827623024e-01
6.756495024377211500e-01
6.820443464903493958e-01
6.677686502370934196e-01
6.832966005476523996e-01
6.605389701462632823e-01
6.537267080745341463e-01
6.613738061844653959e-01
6.555800440793427830e-01
6.797735924664396467e-01
6.849662726240566268e-01
6.615574701128698054e-01
6.365290856875709391e-01
6.154411273625859380e-01
6.686034862752955332e-01
6.344920857543577819e-01
6.698557403325986481e-01
6.332398316970546670e-01
6.882555266145728989e-01
6.350931677018634147e-01
6.770854204234287854e-01
6.681860682561944209e-01
6.328224136779536657e-01
6.644793962465771475e-01
6.526581179456354409e-01
6.516396179790289178e-01
6.725439123756093984e-01
6.454284378548053036e-01
6.712916583183062835e-01
6.818606825619448752e-01
6.718927402658118053e-01
6.626260602417685108e-01
6.841314365858545132e-01
6.243404795298204135e-01
6.675849863086888991e-01
6.756495024377211500e-01
6.502036999933212824e-01
6.619748881319709177e-01
6.386161757830761676e-01
6.814432645428437629e-01
6.824617645094503970e-01
6.702731583516996494e-01
6.417217658451880302e-01
6.770854204234287854e-01
6.828791825285513983e-01
6.623923061510719190e-01
6.605389701462632823e-01
6.623923061510719190e-01
6.872370266479663758e-01
6.843151005142590337e-01
6.584518800507579428e-01
