9.120046496391296387e-01
8.817015886306762695e-01
8.817015886306762695e-01
8.817015886306762695e-01
8.624708652496337891e-01
8.665500879287719727e-01
8.665500879287719727e-01
8.432400822639465332e-01
8.817015886306762695e-01
8.817015886306762695e-01
8.280885815620422363e-01
8.968531489372253418e-01
8.624708652496337891e-01
8.665500879287719727e-01
8.473193645477294922e-01
8.706293702125549316e-01
8.968531489372253418e-01
8.776223659515380859e-01
8.927738666534423828e-01
8.665500879287719727e-01
8.432400822639465332e-01
8.473193645477294922e-01
8.817015886306762695e-01
8.665500879287719727e-01
9.009324312210083008e-01
8.968531489372253418e-01
8.624708652496337891e-01
8.817015886306762695e-01
9.009324312210083008e-01
8.624708652496337891e-01
8.432400822639465332e-01
8.665500879287719727e-01
8.857809305191040039e-01
8.817015886306762695e-01
8.776223659515380859e-01
8.280885815620422363e-01
8.321678638458251953e-01
8.624708652496337891e-01
8.968531489372253418e-01
8.665500879287719727e-01
8.473193645477294922e-01
8.513985872268676758e-01
8.473193645477294922e-01
8.624708652496337891e-01
8.817015886306762695e-01
8.665500879287719727e-01
8.968531489372253418e-01
8.473193645477294922e-01
9.160839319229125977e-01
8.857809305191040039e-01
9.160839319229125977e-01
8.513985872268676758e-01
8.817015886306762695e-01
8.817015886306762695e-01
8.513985872268676758e-01
8.665500879287719727e-01
8.624708652496337891e-01
8.583916425704956055e-01
8.665500879287719727e-01
8.817015886306762695e-01
8.817015886306762695e-01
8.665500879287719727e-01
8.665500879287719727e-01
8.968531489372253418e-01
8.968531489372253418e-01
9.009324312210083008e-01
8.665500879287719727e-01
8.817015886306762695e-01
9.009324312210083008e-01
9.009324312210083008e-01
8.665500879287719727e-01
8.817015886306762695e-01
8.624708652496337891e-01
8.968531489372253418e-01
8.280885815620422363e-01
8.473193645477294922e-01
8.624708652496337891e-01
8.665500879287719727e-01
8.665500879287719727e-01
9.120046496391296387e-01
8.513985872268676758e-01
8.280885815620422363e-01
8.968531489372253418e-01
8.665500879287719727e-01
8.817015886306762695e-01
8.817015886306762695e-01
8.240092992782592773e-01
8.817015886306762695e-01
8.817015886306762695e-01
8.432400822639465332e-01
8.817015886306762695e-01
8.817015886306762695e-01
8.817015886306762695e-01
8.776223659515380859e-01
8.473193645477294922e-01
8.857809305191040039e-01
8.624708652496337891e-01
8.665500879287719727e-01
8.968531489372253418e-01
8.624708652496337891e-01
