7.482517957687377930e-01
7.290209531784057617e-01
7.249417304992675781e-01
7.249417304992675781e-01
7.097902297973632812e-01
7.290209531784057617e-01
7.097902297973632812e-01
7.290209531784057617e-01
7.249417304992675781e-01
7.097902297973632812e-01
7.057109475135803223e-01
7.290209531784057617e-01
7.097902297973632812e-01
7.249417304992675781e-01
7.097902297973632812e-01
7.249417304992675781e-01
7.138694524765014648e-01
7.290209531784057617e-01
7.097902297973632812e-01
6.946387290954589844e-01
7.249417304992675781e-01
7.290209531784057617e-01
7.249417304992675781e-01
7.249417304992675781e-01
6.905594468116760254e-01
7.290209531784057617e-01
7.249417304992675781e-01
6.905594468116760254e-01
7.097902297973632812e-01
7.249417304992675781e-01
7.097902297973632812e-01
7.441724538803100586e-01
7.057109475135803223e-01
7.441724538803100586e-01
7.097902297973632812e-01
7.290209531784057617e-01
7.482517957687377930e-01
7.441724538803100586e-01
6.905594468116760254e-01
7.249417304992675781e-01
7.249417304992675781e-01
7.290209531784057617e-01
6.794872283935546875e-01
6.946387290954589844e-01
7.097902297973632812e-01
7.057109475135803223e-01
6.987179517745971680e-01
7.634032964706420898e-01
6.905594468116760254e-01
7.441724538803100586e-01
7.290209531784057617e-01
7.290209531784057617e-01
7.097902297973632812e-01
7.097902297973632812e-01
7.249417304992675781e-01
7.290209531784057617e-01
7.593240141868591309e-01
7.290209531784057617e-01
7.097902297973632812e-01
7.097902297973632812e-01
7.097902297973632812e-01
7.441724538803100586e-01
7.097902297973632812e-01
7.097902297973632812e-01
7.482517957687377930e-01
6.946387290954589844e-01
7.249417304992675781e-01
7.290209531784057617e-01
7.249417304992675781e-01
6.946387290954589844e-01
7.097902297973632812e-01
7.249417304992675781e-01
7.097902297973632812e-01
7.441724538803100586e-01
6.905594468116760254e-01
7.331002354621887207e-01
7.097902297973632812e-01
7.097902297973632812e-01
7.097902297973632812e-01
7.482517957687377930e-01
6.946387290954589844e-01
6.824009418487548828e-01
7.097902297973632812e-01
7.290209531784057617e-01
7.249417304992675781e-01
7.097902297973632812e-01
7.249417304992675781e-01
7.138694524765014648e-01
7.249417304992675781e-01
7.441724538803100586e-01
6.946387290954589844e-01
7.097902297973632812e-01
6.946387290954589844e-01
7.441724538803100586e-01
7.097902297973632812e-01
7.290209531784057617e-01
7.482517957687377930e-01
7.138694524765014648e-01
7.249417304992675781e-01
7.290209531784057617e-01
