7.977855205535888672e-01
7.977855205535888672e-01
7.826340198516845703e-01
8.018648028373718262e-01
7.826340198516845703e-01
7.977855205535888672e-01
7.826340198516845703e-01
7.977855205535888672e-01
7.826340198516845703e-01
7.674825191497802734e-01
7.826340198516845703e-01
7.826340198516845703e-01
7.826340198516845703e-01
7.977855205535888672e-01
7.826340198516845703e-01
7.977855205535888672e-01
7.977855205535888672e-01
7.826340198516845703e-01
7.826340198516845703e-01
7.826340198516845703e-01
7.977855205535888672e-01
7.977855205535888672e-01
7.977855205535888672e-01
7.977855205535888672e-01
7.826340198516845703e-01
7.826340198516845703e-01
8.018648028373718262e-01
7.977855205535888672e-01
7.826340198516845703e-01
7.977855205535888672e-01
8.170163631439208984e-01
7.826340198516845703e-01
7.826340198516845703e-01
7.826340198516845703e-01
7.826340198516845703e-01
7.826340198516845703e-01
7.977855205535888672e-01
7.977855205535888672e-01
7.674825191497802734e-01
7.826340198516845703e-01
7.977855205535888672e-01
7.826340198516845703e-01
7.977855205535888672e-01
7.977855205535888672e-01
7.826340198516845703e-01
7.977855205535888672e-01
7.977855205535888672e-01
7.977855205535888672e-01
7.826340198516845703e-01
7.826340198516845703e-01
7.826340198516845703e-01
7.867133021354675293e-01
7.977855205535888672e-01
7.977855205535888672e-01
7.826340198516845703e-01
8.018648028373718262e-01
7.977855205535888672e-01
7.674825191497802734e-01
7.826340198516845703e-01
7.977855205535888672e-01
7.977855205535888672e-01
7.977855205535888672e-01
7.977855205535888672e-01
8.059440851211547852e-01
7.977855205535888672e-01
7.826340198516845703e-01
7.977855205535888672e-01
7.674825191497802734e-01
7.826340198516845703e-01
7.977855205535888672e-01
7.826340198516845703e-01
7.826340198516845703e-01
7.977855205535888672e-01
7.977855205535888672e-01
8.059440851211547852e-01
7.977855205535888672e-01
7.977855205535888672e-01
7.826340198516845703e-01
7.977855205535888672e-01
7.674825191497802734e-01
7.826340198516845703e-01
7.977855205535888672e-01
7.826340198516845703e-01
7.826340198516845703e-01
7.826340198516845703e-01
7.977855205535888672e-01
8.059440851211547852e-01
7.826340198516845703e-01
7.826340198516845703e-01
7.977855205535888672e-01
7.977855205535888672e-01
7.826340198516845703e-01
7.826340198516845703e-01
7.977855205535888672e-01
7.826340198516845703e-01
7.977855205535888672e-01
7.977855205535888672e-01
7.826340198516845703e-01
7.977855205535888672e-01
7.826340198516845703e-01
