5.641025900840759277e-01
7.400932312011718750e-01
4.358974695205688477e-01
5.530303120613098145e-01
4.854312539100646973e-01
5.005827546119689941e-01
5.268065333366394043e-01
2.791375517845153809e-01
6.328671574592590332e-01
4.417249560356140137e-01
6.672494411468505859e-01
2.610722780227661133e-01
5.559440851211547852e-01
5.128205418586730957e-01
2.406760007143020630e-01
6.148018836975097656e-01
4.597902297973632812e-01
6.025640964508056641e-01
5.378787517547607422e-01
2.913752794265747070e-01
5.256410241127014160e-01
4.131701886653900146e-01
4.335664212703704834e-01
6.864801645278930664e-01
4.568764567375183105e-01
6.590908765792846680e-01
4.609557092189788818e-01
5.448718070983886719e-01
8.432400822639465332e-01
4.527972042560577393e-01
3.426573574542999268e-01
6.258741617202758789e-01
7.097902297973632812e-01
6.025640964508056641e-01
2.214452326297760010e-01
5.874125957489013672e-01
5.623543262481689453e-01
5.477855801582336426e-01
5.722610950469970703e-01
3.205128312110900879e-01
4.994172453880310059e-01
6.037296056747436523e-01
4.335664212703704834e-01
4.924242496490478516e-01
5.582751035690307617e-01
4.638694524765014648e-01
5.611888170242309570e-01
4.813520014286041260e-01
6.491841673851013184e-01
3.659673929214477539e-01
5.489510297775268555e-01
4.720279574394226074e-01
5.326340198516845703e-01
5.378787517547607422e-01
5.128205418586730957e-01
6.946387290954589844e-01
5.501165390014648438e-01
6.520979404449462891e-01
5.489510297775268555e-01
6.713286638259887695e-01
5.256410241127014160e-01
7.703962922096252441e-01
4.469696879386901855e-01
5.378787517547607422e-01
4.831002354621887207e-01
6.975524425506591797e-01
6.946387290954589844e-01
6.410256624221801758e-01
4.044288992881774902e-01
4.609557092189788818e-01
3.455711007118225098e-01
3.164335787296295166e-01
5.751748085021972656e-01
4.277389347553253174e-01
3.344988226890563965e-01
4.085081815719604492e-01
3.222610950469970703e-01
3.741258978843688965e-01
4.388111829757690430e-01
4.114218950271606445e-01
5.815851092338562012e-01
3.111888170242309570e-01
6.177155971527099609e-01
5.571095943450927734e-01
6.561771631240844727e-01
6.794872283935546875e-01
5.944055914878845215e-01
6.095570921897888184e-01
5.944055914878845215e-01
5.955711007118225098e-01
4.440559744834899902e-01
3.205128312110900879e-01
5.023310184478759766e-01
3.438228368759155273e-01
4.044288992881774902e-01
7.360140085220336914e-01
4.539627134799957275e-01
4.784382283687591553e-01
4.982517659664154053e-01
5.308858156204223633e-01
