5.034965276718139648e-01
5.186480283737182617e-01
4.883449673652648926e-01
4.580419659614562988e-01
4.883449673652648926e-01
5.034965276718139648e-01
4.883449673652648926e-01
5.034965276718139648e-01
4.883449673652648926e-01
4.731934666633605957e-01
4.731934666633605957e-01
4.691142141819000244e-01
4.731934666633605957e-01
5.034965276718139648e-01
5.186480283737182617e-01
5.227272510528564453e-01
4.883449673652648926e-01
4.539627134799957275e-01
4.883449673652648926e-01
4.155011773109436035e-01
4.539627134799957275e-01
4.994172453880310059e-01
4.731934666633605957e-01
4.580419659614562988e-01
4.883449673652648926e-01
5.075757503509521484e-01
4.428904652595520020e-01
4.965035319328308105e-01
4.801864624023437500e-01
5.378787517547607422e-01
4.539627134799957275e-01
4.883449673652648926e-01
4.883449673652648926e-01
5.186480283737182617e-01
5.378787517547607422e-01
5.337995290756225586e-01
4.883449673652648926e-01
5.034965276718139648e-01
4.731934666633605957e-01
4.044288992881774902e-01
4.650349617004394531e-01
3.881118893623352051e-01
4.883449673652648926e-01
4.883449673652648926e-01
4.265734553337097168e-01
4.731934666633605957e-01
5.075757503509521484e-01
5.337995290756225586e-01
5.186480283737182617e-01
4.539627134799957275e-01
4.691142141819000244e-01
3.962703943252563477e-01
5.337995290756225586e-01
5.227272510528564453e-01
4.195804297924041748e-01
4.580419659614562988e-01
4.994172453880310059e-01
4.731934666633605957e-01
5.034965276718139648e-01
4.731934666633605957e-01
5.337995290756225586e-01
5.337995290756225586e-01
5.268065333366394043e-01
4.883449673652648926e-01
5.530303120613098145e-01
4.388111829757690430e-01
4.731934666633605957e-01
4.691142141819000244e-01
5.034965276718139648e-01
4.842657446861267090e-01
4.883449673652648926e-01
5.034965276718139648e-01
4.883449673652648926e-01
5.034965276718139648e-01
4.388111829757690430e-01
5.186480283737182617e-01
5.186480283737182617e-01
4.842657446861267090e-01
4.731934666633605957e-01
4.731934666633605957e-01
5.763403177261352539e-01
5.145688056945800781e-01
5.034965276718139648e-01
4.994172453880310059e-01
4.650349617004394531e-01
5.378787517547607422e-01
4.428904652595520020e-01
5.034965276718139648e-01
4.883449673652648926e-01
5.268065333366394043e-01
5.419580936431884766e-01
5.034965276718139648e-01
4.568764567375183105e-01
4.883449673652648926e-01
4.883449673652648926e-01
5.075757503509521484e-01
4.883449673652648926e-01
5.186480283737182617e-01
4.306526780128479004e-01
4.731934666633605957e-01
