5.693473219871520996e-01
5.914918184280395508e-01
6.561771631240844727e-01
6.299533843994140625e-01
6.107226610183715820e-01
5.955711007118225098e-01
6.107226610183715820e-01
6.946387290954589844e-01
6.340326070785522461e-01
6.561771631240844727e-01
6.532633900642395020e-01
6.107226610183715820e-01
6.299533843994140625e-01
6.602563858032226562e-01
5.419580936431884766e-01
6.794872283935546875e-01
5.571095943450927734e-01
6.258741617202758789e-01
6.602563858032226562e-01
6.451048851013183594e-01
5.611888170242309570e-01
5.763403177261352539e-01
6.451048851013183594e-01
6.299533843994140625e-01
5.611888170242309570e-01
5.844988226890563965e-01
6.602563858032226562e-01
6.025640964508056641e-01
5.763403177261352539e-01
5.530303120613098145e-01
6.340326070785522461e-01
6.299533843994140625e-01
5.955711007118225098e-01
6.299533843994140625e-01
6.148018836975097656e-01
6.754078865051269531e-01
6.188811063766479492e-01
6.381118893623352051e-01
5.914918184280395508e-01
6.148018836975097656e-01
6.451048851013183594e-01
6.258741617202758789e-01
5.955711007118225098e-01
5.914918184280395508e-01
6.451048851013183594e-01
5.571095943450927734e-01
5.996503829956054688e-01
6.410256624221801758e-01
6.107226610183715820e-01
6.148018836975097656e-01
6.532633900642395020e-01
6.177155971527099609e-01
6.602563858032226562e-01
5.571095943450927734e-01
6.410256624221801758e-01
6.107226610183715820e-01
6.451048851013183594e-01
6.299533843994140625e-01
6.491841673851013184e-01
5.722610950469970703e-01
6.107226610183715820e-01
6.410256624221801758e-01
6.229603290557861328e-01
5.955711007118225098e-01
6.299533843994140625e-01
5.955711007118225098e-01
5.996503829956054688e-01
6.451048851013183594e-01
6.299533843994140625e-01
5.955711007118225098e-01
5.955711007118225098e-01
6.258741617202758789e-01
6.410256624221801758e-01
6.369463801383972168e-01
5.955711007118225098e-01
6.066433191299438477e-01
6.491841673851013184e-01
5.996503829956054688e-01
5.996503829956054688e-01
5.955711007118225098e-01
6.602563858032226562e-01
6.258741617202758789e-01
6.066433191299438477e-01
6.188811063766479492e-01
6.258741617202758789e-01
6.876456737518310547e-01
6.299533843994140625e-01
6.794872283935546875e-01
6.258741617202758789e-01
6.724941730499267578e-01
5.914918184280395508e-01
6.410256624221801758e-01
5.804196000099182129e-01
6.107226610183715820e-01
6.835664510726928711e-01
6.299533843994140625e-01
5.763403177261352539e-01
6.794872283935546875e-01
5.996503829956054688e-01
6.643356680870056152e-01
