7.179487347602844238e-01
5.530303120613098145e-01
7.371795177459716797e-01
6.643356680870056152e-01
6.987179517745971680e-01
6.794872283935546875e-01
5.914918184280395508e-01
6.987179517745971680e-01
7.068764567375183105e-01
6.299533843994140625e-01
6.561771631240844727e-01
5.955711007118225098e-01
6.794872283935546875e-01
6.684149503707885742e-01
6.643356680870056152e-01
6.410256624221801758e-01
6.148018836975097656e-01
6.835664510726928711e-01
6.451048851013183594e-01
6.643356680870056152e-01
6.754078865051269531e-01
6.381118893623352051e-01
6.794872283935546875e-01
6.340326070785522461e-01
6.602563858032226562e-01
7.331002354621887207e-01
7.179487347602844238e-01
6.451048851013183594e-01
6.987179517745971680e-01
6.299533843994140625e-01
6.258741617202758789e-01
7.027971744537353516e-01
6.754078865051269531e-01
7.027971744537353516e-01
6.107226610183715820e-01
5.914918184280395508e-01
6.643356680870056152e-01
6.684149503707885742e-01
6.794872283935546875e-01
6.491841673851013184e-01
6.684149503707885742e-01
6.381118893623352051e-01
6.684149503707885742e-01
6.258741617202758789e-01
6.148018836975097656e-01
6.491841673851013184e-01
6.066433191299438477e-01
6.754078865051269531e-01
5.996503829956054688e-01
7.027971744537353516e-01
6.684149503707885742e-01
6.835664510726928711e-01
6.643356680870056152e-01
6.107226610183715820e-01
6.602563858032226562e-01
6.451048851013183594e-01
6.835664510726928711e-01
6.643356680870056152e-01
6.258741617202758789e-01
7.027971744537353516e-01
6.835664510726928711e-01
6.602563858032226562e-01
6.066433191299438477e-01
6.107226610183715820e-01
6.340326070785522461e-01
6.148018836975097656e-01
6.258741617202758789e-01
7.027971744537353516e-01
6.451048851013183594e-01
6.794872283935546875e-01
6.794872283935546875e-01
6.258741617202758789e-01
6.794872283935546875e-01
6.451048851013183594e-01
6.107226610183715820e-01
6.491841673851013184e-01
5.833333730697631836e-01
6.794872283935546875e-01
6.835664510726928711e-01
6.148018836975097656e-01
6.602563858032226562e-01
6.602563858032226562e-01
6.299533843994140625e-01
6.340326070785522461e-01
6.258741617202758789e-01
6.602563858032226562e-01
6.491841673851013184e-01
5.722610950469970703e-01
6.451048851013183594e-01
6.794872283935546875e-01
6.258741617202758789e-01
6.217948794364929199e-01
6.643356680870056152e-01
6.410256624221801758e-01
5.763403177261352539e-01
6.946387290954589844e-01
6.451048851013183594e-01
5.874125957489013672e-01
6.148018836975097656e-01
6.491841673851013184e-01
