1.899999976158142090e-01
4.524999856948852539e-01
3.300000131130218506e-01
3.774999976158142090e-01
1.324999928474426270e-01
2.899999916553497314e-01
2.150000035762786865e-01
2.675000131130218506e-01
2.924999892711639404e-01
3.300000131130218506e-01
3.425000011920928955e-01
2.975000143051147461e-01
2.374999970197677612e-01
3.700000047683715820e-01
1.624999940395355225e-01
2.624999880790710449e-01
2.374999970197677612e-01
3.100000023841857910e-01
2.425000071525573730e-01
2.025000005960464478e-01
2.649999856948852539e-01
2.975000143051147461e-01
2.949999868869781494e-01
3.799999952316284180e-01
2.775000035762786865e-01
3.224999904632568359e-01
2.450000047683715820e-01
2.675000131130218506e-01
3.600000143051147461e-01
2.475000023841857910e-01
4.099999964237213135e-01
2.475000023841857910e-01
3.249999880790710449e-01
2.399999946355819702e-01
3.524999916553497314e-01
1.525000035762786865e-01
3.824999928474426270e-01
3.625000119209289551e-01
2.975000143051147461e-01
3.700000047683715820e-01
2.849999964237213135e-01
2.750000059604644775e-01
3.149999976158142090e-01
1.724999994039535522e-01
2.924999892711639404e-01
1.424999982118606567e-01
1.474999934434890747e-01
3.774999976158142090e-01
3.050000071525573730e-01
4.550000131130218506e-01
2.025000005960464478e-01
3.174999952316284180e-01
2.450000047683715820e-01
4.074999988079071045e-01
3.174999952316284180e-01
3.075000047683715820e-01
3.774999976158142090e-01
3.700000047683715820e-01
3.675000071525573730e-01
2.725000083446502686e-01
2.399999946355819702e-01
4.174999892711639404e-01
4.275000095367431641e-01
2.549999952316284180e-01
2.750000059604644775e-01
2.074999958276748657e-01
2.199999988079071045e-01
2.549999952316284180e-01
3.350000083446502686e-01
2.125000059604644775e-01
2.924999892711639404e-01
1.299999952316284180e-01
4.524999856948852539e-01
2.849999964237213135e-01
2.425000071525573730e-01
2.325000017881393433e-01
3.325000107288360596e-01
2.199999988079071045e-01
2.399999946355819702e-01
3.199999928474426270e-01
2.924999892711639404e-01
2.025000005960464478e-01
2.824999988079071045e-01
4.174999892711639404e-01
4.149999916553497314e-01
3.824999928474426270e-01
4.399999976158142090e-01
3.274999856948852539e-01
3.325000107288360596e-01
4.124999940395355225e-01
1.875000000000000000e-01
2.899999916553497314e-01
2.150000035762786865e-01
2.000000029802322388e-01
3.000000119209289551e-01
3.625000119209289551e-01
2.025000005960464478e-01
3.499999940395355225e-01
3.025000095367431641e-01
3.700000047683715820e-01
3.524999916553497314e-01
3.474999964237213135e-01
2.224999964237213135e-01
3.499999940395355225e-01
3.950000107288360596e-01
1.700000017881393433e-01
2.450000047683715820e-01
4.174999892711639404e-01
3.400000035762786865e-01
4.300000071525573730e-01
2.450000047683715820e-01
2.524999976158142090e-01
2.874999940395355225e-01
1.800000071525573730e-01
2.800000011920928955e-01
4.050000011920928955e-01
2.524999976158142090e-01
1.975000053644180298e-01
3.025000095367431641e-01
2.074999958276748657e-01
3.824999928474426270e-01
2.624999880790710449e-01
2.074999958276748657e-01
2.524999976158142090e-01
3.174999952316284180e-01
2.399999946355819702e-01
4.424999952316284180e-01
3.675000071525573730e-01
3.625000119209289551e-01
1.700000017881393433e-01
2.150000035762786865e-01
4.124999940395355225e-01
2.300000041723251343e-01
2.750000059604644775e-01
2.025000005960464478e-01
3.650000095367431641e-01
3.125000000000000000e-01
2.425000071525573730e-01
2.224999964237213135e-01
3.149999976158142090e-01
3.425000011920928955e-01
2.874999940395355225e-01
3.975000083446502686e-01
3.449999988079071045e-01
2.924999892711639404e-01
2.325000017881393433e-01
3.975000083446502686e-01
2.500000000000000000e-01
2.524999976158142090e-01
4.749999940395355225e-01
2.725000083446502686e-01
2.824999988079071045e-01
1.924999952316284180e-01
2.025000005960464478e-01
3.350000083446502686e-01
2.599999904632568359e-01
1.700000017881393433e-01
2.975000143051147461e-01
3.000000119209289551e-01
2.725000083446502686e-01
3.125000000000000000e-01
1.525000035762786865e-01
3.750000000000000000e-01
2.924999892711639404e-01
4.399999976158142090e-01
3.075000047683715820e-01
3.650000095367431641e-01
3.100000023841857910e-01
