1.679598583305537574e+00 3.275634661300755313e-01 -1.314657629348393031e-01 -3.543494639000571711e-01 3.189786672495629638e+00 -1.490041733259249490e+00 -1.811636332033202512e+00
1.325654502678894175e+00 5.397641790785392413e-01 5.344351921686160689e-02 -2.820483001267672929e-01 2.626516957125728968e+00 -1.189677621525004669e+00 -1.077741488496836819e+00
6.738933189454795469e-01 8.940861036973333231e-01 2.894196483618991511e-01 -3.039476687373486308e-01 1.934487410392862872e+00 -7.710011803964009758e-01 -7.169189708203463351e-02
-1.006527624518800679e-01 1.274665556772122788e+00 3.735375798839903894e-01 -2.778611309089484838e-01 1.429610141918050026e+00 -3.698852563617139322e-01 8.698925257989530424e-01
-8.003809525429480543e-01 1.411921651534503885e+00 1.545950341719252163e-01 2.019898177970038192e-02 1.083612569245207879e+00 -4.337016959641655511e-02 1.617665554190351962e+00
-1.297792470214988780e+00 1.212053744738856853e+00 -3.215268693582786219e-01 4.804917821096625352e-01 5.732686422033307361e-01 2.308914440981892635e-01 2.042085192630191948e+00
-1.532385701963354219e+00 8.743016626706310301e-01 -7.896391120542454178e-01 7.623061066771786853e-01 1.252316366989602615e-02 4.582396638505343289e-01 2.020879670526270822e+00
-1.560001383781881357e+00 5.846158881151304332e-01 -9.685218720644074297e-01 7.889883600292046939e-01 -1.168229625852427039e-01 5.608053980303029373e-01 1.787317576573220768e+00
-1.528884274571717716e+00 3.329034608712594934e-01 -8.134446967456502309e-01 7.438519225069206708e-01 1.794493847498402836e-02 5.291692141092216861e-01 1.646450244752984737e+00
-1.478969898600036359e+00 3.771894839025927149e-02 -5.071371780674545082e-01 6.336250094923361331e-01 9.059315922449002675e-03 4.397869829644771578e-01 1.551384241598405600e+00
-1.277099146491086135e+00 -1.716397541463793586e-01 -2.059461430052885456e-01 3.897322725221278872e-01 -2.302097197635785686e-01 3.504160643316324708e-01 1.466930364571572776e+00
-9.670904253610876911e-01 -1.623847240578649431e-01 -2.063564646633696958e-02 1.260822372891480248e-01 -5.779579721057614972e-01 2.524929707421690872e-01 1.420601993727437229e+00
-7.370082587563936416e-01 1.190900241620504278e-02 1.770532388034700561e-02 -8.758406772630618342e-02 -8.159045173516571436e-01 8.455471732052574629e-02 1.369123881612557492e+00
-5.566556983011662352e-01 3.255826717754748967e-01 5.569597924031599590e-02 -2.506482119234920147e-01 -9.239442121558519849e-01 -1.228469943448544377e-01 1.248216199531490878e+00
-3.200640025573592840e-01 6.119661297620089258e-01 1.250562642261256463e-01 -3.688644996067453885e-01 -9.683476176594967288e-01 -2.509461717171657114e-01 8.900575367972616281e-01
-4.456867684965667986e-02 7.091934555304700849e-01 1.358199741156062290e-01 -4.949032600154294470e-01 -9.617606780078876705e-01 -2.931811769960915304e-01 3.055673404813168959e-01
1.694114562117769729e-01 7.231382606366404397e-01 1.289907099596319107e-01 -5.417429583375542590e-01 -1.018752335022772737e+00 -3.010701962936841447e-01 -2.164447222590837050e-01
2.010534258171395861e-01 6.843901129806996275e-01 2.269859797105080734e-01 -4.268652599299226913e-01 -1.253032742609901051e+00 -2.767559041939144926e-01 -4.713962261799906073e-01
4.402046434268984398e-02 5.637835591807617286e-01 4.594662012518895278e-01 -2.204670092051955743e-01 -1.518948280691003960e+00 -2.474183615312073314e-01 -5.313151660525062825e-01
-1.812407146548131176e-01 4.606849890826450467e-01 7.567262405118548863e-01 -1.060768916046867134e-02 -1.555600854871844296e+00 -2.726003254558377331e-01 -5.749433144013897934e-01
-3.470293346166881121e-01 3.191876650575612429e-01 1.067596969915021399e+00 1.241551337559726048e-01 -1.364586694486968232e+00 -3.464954950123348421e-01 -6.845207919691939091e-01
-3.806356590107287108e-01 9.246401395908256104e-02 1.339586489822830684e+00 2.523300712689880987e-01 -9.382549164403185538e-01 -3.833922509386618049e-01 -8.449821050433480307e-01
-3.540313725013109480e-01 -1.928426941342233081e-02 1.469133475824130342e+00 4.920471615552847178e-01 -2.946433338595969009e-01 -3.239976592556237933e-01 -8.858262770949302256e-01
-4.102216385236827079e-01 -2.448823587581571912e-02 1.392752308086747881e+00 7.479519354601616987e-01 1.073758283616350201e-01 -1.946794598902791551e-01 -6.792026179023926691e-01
-5.162762055791964011e-01 -1.030888437202181623e-01 1.132161671540424353e+00 9.228570490585047414e-01 -1.102336605980963058e-01 -2.135459328024016598e-02 -3.455962088730859527e-01
-4.917685149536871747e-01 -2.882326842959735957e-01 7.494883687847535558e-01 1.008809517058649741e+00 -6.073503101459450937e-01 2.341241111147580600e-01 -1.468439958800233369e-01
-2.513975754209693547e-01 -5.560222413606785707e-01 4.133085792910478062e-01 8.869399050941294549e-01 -8.845002720420610531e-01 5.702885875135530469e-01 -2.785948454781042583e-01
1.233559137760315977e-01 -7.237009999417740591e-01 3.403255583654845040e-01 5.737577029798673900e-01 -8.229203781123259898e-01 8.696876307354759472e-01 -5.523297097713901760e-01
4.625844409230630006e-01 -6.214371420894244658e-01 4.863299454659281151e-01 2.863282531061820402e-01 -4.808593967120189938e-01 9.820485691096330072e-01 -6.020629113126243492e-01
6.645130418321304466e-01 -4.281667759002776297e-01 5.601302052080068261e-01 5.344373109737672600e-02 -1.198544219717869314e-01 9.161163967742407266e-01 -4.313183472315694766e-01
7.831948332393664503e-01 -3.794410639481180514e-01 3.251494715460657714e-01 -2.149686707760240234e-01 -7.564853832310373255e-03 8.504501687771328644e-01 -3.131196537179168904e-01
8.554119135446681677e-01 -5.555488975220530534e-01 -2.748179187618825514e-01 -5.159402568915929521e-01 -8.470378896319510909e-02 9.254297498125256816e-01 -3.268337641582940156e-01
8.216640799371963677e-01 -9.429804293480524846e-01 -1.109171752015330137e+00 -8.177377427539066490e-01 -1.715581392115568815e-01 1.193059271013712230e+00 -3.493084611880216683e-01
7.273132024056810918e-01 -1.464047772054853258e+00 -1.932639289018491358e+00 -9.972009008200671820e-01 -3.380660399990793596e-01 1.592235194385473784e+00 -3.368376448405683843e-01
6.793701111263084069e-01 -1.886688918079954647e+00 -2.488142799876245981e+00 -9.141942385802666049e-01 -7.468841573511821874e-01 1.873714345809013748e+00 -2.475373112647772100e-01
6.827794088552578966e-01 -1.959245976596196703e+00 -2.727531585024632221e+00 -6.751782667741802468e-01 -1.158872758859292418e+00 1.878144293508600349e+00 -3.107292521120815984e-02
7.149178520457162289e-01 -1.738469969223754630e+00 -2.745823265068073393e+00 -5.430981065059637958e-01 -1.125513149787908951e+00 1.703854596199390725e+00 2.582633288439060704e-01
6.827133728762867504e-01 -1.410678434893851252e+00 -2.501550060154200672e+00 -6.490330102361393516e-01 -6.687622059454746415e-01 1.443051515135977958e+00 5.695087714578600524e-01
5.180293355492031626e-01 -1.113564794745520725e+00 -1.975613969085409538e+00 -8.629257243961344637e-01 -2.866803048658634889e-01 1.162779751148206531e+00 8.141932565007410361e-01
3.132581401103404217e-01 -9.734941118157104389e-01 -1.325243030677879297e+00 -1.007762904680844285e+00 -2.600179184692323342e-01 9.132096867092571735e-01 8.908674574354469300e-01
1.437653651246470765e-01 -9.588982597581839906e-01 -7.087927188914108223e-01 -1.066708374798158943e+00 -2.818000216163974447e-01 6.195813794267958086e-01 7.646512837644624527e-01
1.740000918635076221e-02 -8.605924913249818342e-01 -1.210832806785287902e-01 -9.665564787089411247e-01 -1.537681992290152178e-01 1.949927467707842921e-01 4.462960975732875313e-01
8.699985481060485207e-03 -5.366014771137530559e-01 4.508851694482469696e-01 -5.549326221026785744e-01 -1.604881775492120665e-03 -3.124788301214679320e-01 5.785099307578989852e-02
1.904549432250660090e-01 -1.100953945826361469e-01 8.990655173423311997e-01 -5.673400808404186618e-02 4.002660115165976862e-01 -7.392204324333626619e-01 -3.126366169195938238e-01
4.983825905882625085e-01 2.213957636077559521e-01 1.146520705520109429e+00 1.943489194539964049e-01 1.044277923881139714e+00 -9.802410087461527199e-01 -6.755837041058959658e-01
8.251356507822197317e-01 4.120771176960546511e-01 1.221210865913719523e+00 2.780492286697009430e-01 1.442180013960199680e+00 -1.028924875976024778e+00 -9.729121637356890062e-01
1.104490795686977389e+00 4.535528249114489929e-01 1.213216727415095120e+00 2.925036364789962429e-01 1.401943950685816898e+00 -9.229957706479892110e-01 -1.178037246680200267e+00
1.260648615884204293e+00 4.579410025565795461e-01 1.119078108079895717e+00 1.893475115407524945e-01 1.178175934112894119e+00 -8.394865233092225765e-01 -1.324007676409828749e+00
1.151455750858223714e+00 5.546044690930592713e-01 8.364210923567664269e-01 2.925014559665548367e-02 9.942623682129926310e-01 -9.244108399223880390e-01 -1.390997901819537974e+00
8.803477640437953333e-01 6.628941304220986597e-01 4.802251486088252030e-01 -1.188535889378047744e-01 7.681121617997136442e-01 -1.121680519569887347e+00 -1.480960114786854964e+00
6.770606809515650193e-01 7.457496656922106837e-01 2.532612275897101473e-01 -2.385292146166239358e-01 6.116255160663599533e-01 -1.416236357725826789e+00 -1.702891627007152131e+00
5.129778100313993061e-01 8.203888445055652623e-01 1.130186743824305867e-01 -2.792593057726436845e-01 5.929036555960557342e-01 -1.754057512050194667e+00 -1.887380521245153542e+00
3.948075626601315613e-01 7.622337247249875158e-01 1.631575476610296407e-02 -2.529684202506815027e-01 4.292521019526059356e-01 -1.889363886228528244e+00 -1.887824006986495551e+00
3.317167041322743870e-01 5.136441408355845173e-01 1.815268624363425634e-02 -2.696503412708332603e-01 7.292272230896204577e-02 -1.668035743031821783e+00 -1.695763116219491273e+00
2.304417773145613080e-01 3.161800810245136706e-01 8.404892476587930150e-02 -3.165719946707506449e-01 -1.370166120955901290e-01 -1.312940739172745452e+00 -1.349439605629742633e+00
9.316143638709752095e-02 2.904411881028675091e-01 2.045867184651486634e-02 -2.033872312522609638e-01 5.390700828830997937e-02 -1.138437800954056778e+00 -1.052250087642987664e+00
4.655818008741006986e-02 2.937016349371469603e-01 -2.973185152297269096e-01 9.674606059406551384e-02 5.152505257696784469e-01 -1.094198820668571548e+00 -9.459574850210288322e-01
1.138344063737350559e-01 3.766125458287154504e-01 -6.173538308408376141e-01 4.096423170043910766e-01 9.443110443746285387e-01 -1.119018353177339442e+00 -9.253390167348664042e-01
1.493164647590506100e-01 6.014752816508213140e-01 -6.563595498196361788e-01 6.097321604577666809e-01 1.152167815882630508e+00 -1.290093585434260781e+00 -8.601114289690084957e-01
1.043470989313572406e-01 7.981236872699201124e-01 -4.211410712797635791e-01 7.093267305556244517e-01 1.046108231157204305e+00 -1.480328465094778112e+00 -6.986334425624173283e-01
3.449428129188922970e-02 8.072121235800704397e-01 -8.098531380965702520e-02 7.285171991490507759e-01 6.458043278008404053e-01 -1.504797550265670969e+00 -4.725980191308699063e-01
1.652127929195202835e-02 6.178845931948688808e-01 1.376051847443540976e-01 5.543860584261817159e-01 6.624233730438612577e-02 -1.293011638832919363e+00 -2.398953332221796242e-01
9.217861476962910250e-02 2.448244850205043566e-01 1.284672796493084301e-01 2.177792159504649827e-01 -4.827637580958092922e-01 -8.691457680046498213e-01 -6.210308946203293295e-02
2.052492653051039284e-01 -2.560799423467825520e-01 7.346247902714772050e-03 -1.204550019383507919e-01 -8.879989695153593932e-01 -3.175129616275350619e-01 -1.525365253860848022e-02
2.242540833434897296e-01 -6.610000554425914387e-01 -4.935860528869203540e-02 -4.086621053903549683e-01 -1.041933364589456623e+00 1.444459341068551894e-01 -4.573690765542277881e-02
1.273613336604245139e-01 -7.598382344387164533e-01 2.405874775781615543e-02 -5.880385755686078353e-01 -8.008824192252765872e-01 3.317904882334257732e-01 -4.627049840366461581e-03
1.926245846567842994e-03 -5.675090331765121343e-01 1.220544928187843881e-01 -5.616891369980108184e-01 -6.847604979111205914e-01 3.132573942067956585e-01 1.954817077023439098e-01
-4.195321399512947497e-02 -2.130153604102881237e-01 9.020220236425759153e-02 -3.543611665480322359e-01 -1.062001681464702196e+00 2.128803750167140019e-01 4.629059337441462363e-01
1.201142450143432155e-01 1.829559730001438234e-01 -1.078228382620758929e-01 -8.788689231592682061e-02 -1.175794346448171934e+00 6.988892491612512525e-02 5.647462026384731937e-01
3.796841262062793931e-01 5.611311313502124198e-01 -3.906377931417737148e-01 2.360306922804952523e-01 -5.608923453899001821e-01 -1.669735252328381769e-01 4.161554952938605889e-01
4.833748054806707439e-01 9.385888499608447955e-01 -6.273226692415080352e-01 5.399777263955364282e-01 2.252445920635132159e-01 -5.384471888622307523e-01 1.701189051833326693e-01
3.686091963220938239e-01 1.277319042895332046e+00 -7.073486895960050536e-01 6.032302636540275431e-01 6.576652299855518802e-01 -9.214830791710981739e-01 -6.542424269212296362e-02
1.456486936552834344e-01 1.490254230460865470e+00 -5.832786285068133347e-01 3.605271568085358647e-01 5.698465189258941077e-01 -1.102435272593203619e+00 -2.853609892187495833e-01
-1.213887171677739685e-01 1.497287711388026521e+00 -2.995164656151970139e-01 -1.137996822277276693e-01 1.791744801852818980e-01 -9.906776820456831834e-01 -4.355127500837391308e-01
-4.277979625496891591e-01 1.283434699315960215e+00 9.576062511260584331e-02 -7.123692683179742025e-01 -1.009930487010418793e-01 -5.910345315069700511e-01 -4.785017588684301604e-01
-8.350252255264261070e-01 9.143711956434980026e-01 5.766526792295606496e-01 -1.279724747910127691e+00 -2.533584021599972202e-01 -2.423047328471959749e-02 -3.886832861979870879e-01
-1.302111670967053492e+00 5.686187876726233048e-01 1.079762798324163109e+00 -1.590979922582130834e+00 -5.453898777598374936e-01 5.021088039980179385e-01 -9.529535047687755223e-02
-1.577281474297125063e+00 4.023184792742501847e-01 1.600977125984263782e+00 -1.561338765215436020e+00 -8.879493815275416591e-01 9.070232107465640015e-01 3.155905805290168953e-01
-1.512674238516761083e+00 2.730568029463469881e-01 2.088725350781675871e+00 -1.368368746492386601e+00 -8.547566853110715179e-01 1.166246521158522897e+00 5.464017544028230144e-01
-1.104395004674812331e+00 4.094633885808768303e-02 2.372092736999309448e+00 -1.151872874241204547e+00 -5.241076529166145415e-01 1.238740341395311750e+00 4.849746231380283046e-01
-4.581925288885850267e-01 -1.648854558845129215e-01 2.461078815326295022e+00 -9.271657678189845209e-01 -3.531107361104803832e-01 1.184239758455137181e+00 3.228105560439039623e-01
1.907906986880669176e-01 -2.159889818510257464e-01 2.503155211842241989e+00 -7.385575341525196791e-01 -3.449931826740528229e-01 1.119152047299772246e+00 2.263157165256994008e-01
5.577906904772564900e-01 -1.750928700476984401e-01 2.424479739543718093e+00 -5.094031236567221343e-01 -1.311194394439452182e-01 1.037318345796602204e+00 2.404281594097399666e-01
5.076170115878387845e-01 -2.891345250237012041e-02 2.111727985081337078e+00 -1.071241922442385530e-01 4.464580828618415764e-01 8.841293656343430785e-01 3.954829778031224707e-01
2.004448522944273503e-01 3.175223275811799306e-01 1.617677882670327527e+00 4.457681396338157853e-01 1.052014588779027315e+00 6.665211442027572097e-01 6.944191513313127118e-01
-1.194032230795482596e-01 7.278484308662612756e-01 1.045898669267456338e+00 1.060794639081638069e+00 1.239342413070968041e+00 4.004690017842871819e-01 9.950371153511072819e-01
-2.975775969558752676e-01 1.024540616036451190e+00 5.250779552424351682e-01 1.703612719126532449e+00 1.064891464393086462e+00 1.326478469560288531e-01 1.189926396684569676e+00
-2.851059530715805423e-01 1.108268518956525339e+00 6.682450616075019667e-02 2.381315597768572712e+00 9.503698189629760096e-01 -5.323753197318500247e-02 1.323118250748839042e+00
-1.518686963611060314e-01 9.136202958216362857e-01 -4.324439779885557167e-01 2.946171797433860817e+00 9.869433047255149472e-01 -1.354706668913215339e-01 1.431294456433597206e+00
-8.773399691795465138e-02 5.385696976579711359e-01 -9.408500743314271997e-01 3.183904020829881887e+00 6.811764633544562519e-01 -1.744866741772943264e-01 1.562913132472993460e+00
-2.607389857515200471e-01 2.587869716900430550e-01 -1.267304790548144711e+00 3.070734494609726362e+00 -2.562192308842877186e-01 -2.213023745967395428e-01 1.734186768775316079e+00
-6.429850180539228299e-01 2.595957664176272162e-01 -1.323917738561230850e+00 2.727289143526634874e+00 -1.337017666295227558e+00 -2.649263502567154593e-01 1.929223488872167103e+00
-1.100047408058744125e+00 4.799428941962812223e-01 -1.168388075358758549e+00 2.274182113630314639e+00 -1.969540687359238262e+00 -2.621912790987891984e-01 2.160994621084140643e+00
-1.456021018424388025e+00 7.018185449677628585e-01 -9.675743937814617057e-01 1.772246227637885641e+00 -1.922439168954514388e+00 -2.292474958711756272e-01 2.284412035137274977e+00
-1.505764020237824186e+00 7.932892381461327247e-01 -8.710842038865668213e-01 1.229993488356535769e+00 -1.315055147595846519e+00 -2.083802891110906608e-01 2.145903075871980370e+00
-1.284629584080134057e+00 8.233055703749686538e-01 -8.230091406948926158e-01 6.757814896982725639e-01 -5.704350672726131721e-01 -2.221198667161117801e-01 1.804420603326170047e+00
-1.059726372185294974e+00 7.358170182159842199e-01 -8.060453191591402389e-01 1.620028092095728289e-01 4.965001102015656476e-02 -3.010150456781950923e-01 1.306903953308766519e+00
-8.715370644634548025e-01 4.310028468964121617e-01 -8.596875847991934938e-01 -3.591164094008478802e-01 5.829105701203608492e-01 -3.626857804113072792e-01 6.755277172638926020e-01
-5.809424153381821387e-01 -1.435342112865047731e-02 -9.424287760587816143e-01 -9.162073478088332834e-01 1.027172400239639183e+00 -2.812343561136456116e-01 -4.235423336748614549e-03
-2.210218008548187063e-01 -4.778379448475056912e-01 -9.941017602892570082e-01 -1.351227587124301133e+00 1.378648390910548027e+00 -3.238893935206010183e-02 -5.562790569795387219e-01
5.596026426516573921e-02 -8.062377454134957988e-01 -9.337843955830443798e-01 -1.474719466207362384e+00 1.639137606664434532e+00 2.811408247682091743e-01 -7.426053850651249677e-01
7.623873628343080799e-02 -8.471036965001967900e-01 -7.228713746864688927e-01 -1.278753975874848514e+00 1.652071108749792350e+00 4.693577581075712990e-01 -5.497884596390859580e-01
-1.575882567019977754e-01 -6.384782159253167277e-01 -4.529926633557103122e-01 -9.741693438316884057e-01 1.260283699483892406e+00 4.879457932542957677e-01 -2.612566963396286135e-01
-3.877041852702781677e-01 -4.762873078446527852e-01 -3.046716957081974653e-01 -7.703610828607320160e-01 5.842973619744502578e-01 4.849184197229634008e-01 -6.840538377105138956e-02
-4.640281745165093508e-01 -6.129619668928046883e-01 -3.179399540388847534e-01 -7.172110503957770389e-01 1.652051659014523027e-02 5.910373137570572588e-01 4.014315776368152650e-02
-4.485421206967831753e-01 -1.004641572152200846e+00 -3.576664040422463664e-01 -7.664717833957782611e-01 -2.916940035178955948e-01 8.258836979268155964e-01 9.014852069178636018e-02
-4.150143144265033834e-01 -1.323672400469950272e+00 -2.858793073471664892e-01 -8.230268247260768000e-01 -4.162934240719585732e-01 1.094432672549722652e+00 2.138546734794822546e-01
-4.520044155430137378e-01 -1.303735893071729546e+00 -7.473693621920399210e-02 -8.010510295879155196e-01 -3.871977802952435432e-01 1.243940931202986988e+00 5.031503697870883807e-01
-6.496649725943268727e-01 -1.090458661888069170e+00 1.554975023544047374e-01 -7.234947650471075242e-01 -4.501752382290605259e-01 1.196308657300259926e+00 8.178308205630103744e-01
-9.097737829451207903e-01 -9.427041749354700961e-01 3.296276664393787970e-01 -6.975240336903191229e-01 -5.731063491605792315e-01 1.028191244968805762e+00 1.013256851496485478e+00
-1.049570941112161870e+00 -8.996197924915528832e-01 4.299901159358011649e-01 -7.217778202853581959e-01 -3.874151414673510652e-01 8.520078341328181093e-01 1.000143980490027618e+00
-9.941804400904203920e-01 -8.367148538815574188e-01 3.915409514001274571e-01 -7.329592473247186213e-01 1.111579637402740905e-01 6.330553886048739809e-01 7.331169578853726776e-01
-7.197049389426628530e-01 -6.680418622278622154e-01 2.495612955440146552e-01 -6.636208446373438319e-01 5.770368318041459998e-01 3.127251772211623315e-01 2.671518458744036595e-01
-2.718866363932868069e-01 -5.100355225897998945e-01 8.678567104227874474e-02 -4.520509502098645216e-01 5.823082999290892792e-01 -7.800089766716429562e-02 -3.068432103717246284e-01
3.175064870132141559e-01 -4.788744515395163548e-01 -1.126776140794837205e-01 -2.089504946371558702e-01 3.013107504243759394e-01 -4.602064037789972972e-01 -9.236587936424268674e-01
9.986121190170955675e-01 -4.689660218724456819e-01 -3.168701550858112892e-01 -3.947651820920491939e-02 4.777259720229659612e-01 -7.834114359266075578e-01 -1.560229915275444412e+00
1.488931335000907907e+00 -3.606646350335592222e-01 -4.450814255430204924e-01 1.361962158522074251e-01 1.159338325994919927e+00 -1.124783712239571853e+00 -2.141040533706601412e+00
1.630200099021966276e+00 -1.582724553424339764e-01 -4.907126225258461316e-01 3.718776746887955675e-01 1.632353619606666140e+00 -1.497822449462401728e+00 -2.532666529004785172e+00
1.521841672953804014e+00 6.363108187342111921e-02 -5.422415803774852661e-01 6.610281072451502649e-01 1.609634669184181410e+00 -1.821467140044868760e+00 -2.647447129881706829e+00
1.221802496732366627e+00 2.309684461552997670e-01 -7.013027829907781951e-01 1.036599928528075809e+00 1.295441966513822818e+00 -2.011216342787754296e+00 -2.430185610733434309e+00
7.975117626878611699e-01 3.463763707302807138e-01 -9.046339191448364847e-01 1.481078223501044677e+00 6.062805355579985456e-01 -1.926040268835759628e+00 -1.896278107247302280e+00
3.437627145664247652e-01 4.527469382801052045e-01 -1.079572306963782369e+00 1.817664162866092115e+00 -4.479736154445767560e-01 -1.580629872405505676e+00 -1.221600646813873814e+00
2.637368722128551404e-02 5.010319064037460635e-01 -1.252491266676692527e+00 1.788070639126415839e+00 -1.329187971903454946e+00 -1.117069670177100127e+00 -6.832026641710277071e-01
5.737889919009822592e-02 3.803117796602319967e-01 -1.394389635322076382e+00 1.353443198275071646e+00 -1.694690514899469314e+00 -5.878761846072038111e-01 -4.742049511990236166e-01
4.330044821147458478e-01 1.158101885985045737e-01 -1.466985189872066497e+00 6.688781957848194404e-01 -1.672636252879662111e+00 -3.841662330547120779e-02 -5.887341201998226303e-01
9.521996432810252431e-01 -1.397677862816185390e-01 -1.465029966200673606e+00 -1.417759803655571083e-01 -1.564839065100102067e+00 4.553758891813771137e-01 -8.777464185370527083e-01
1.328189311819115481e+00 -3.240173465718419465e-01 -1.405242057810945466e+00 -8.521710443007349811e-01 -1.500945992489978176e+00 8.593903631220022321e-01 -1.091905324576888381e+00
1.379611115587908499e+00 -5.931686406595944039e-01 -1.295571465150900048e+00 -1.248372000798302350e+00 -1.493486125078664184e+00 1.217648243654598339e+00 -1.022509697274280871e+00
1.209733169741125547e+00 -1.010641308068519928e+00 -1.084806008258993426e+00 -1.383333226597918131e+00 -1.576792442970404329e+00 1.525202243981170103e+00 -7.495481414936279174e-01
9.071783050907029633e-01 -1.378429280072970942e+00 -7.196863350703970319e-01 -1.357805643408726226e+00 -1.546229254329589020e+00 1.640472940373941313e+00 -4.657760691272099796e-01
3.980466135481582346e-01 -1.551118961896283510e+00 -2.576904681600682423e-01 -1.230489553468172348e+00 -1.269630745412386297e+00 1.542906858047900620e+00 -2.264700596924495157e-01
-2.621826099199553450e-01 -1.491525721908465663e+00 2.081683163125905844e-01 -1.055802125046904294e+00 -8.826378729149916280e-01 1.424666204792341739e+00 1.444076786470666410e-02
-8.936926190121253777e-01 -1.245727397540904891e+00 6.851744797910447327e-01 -8.885095189197099730e-01 -4.825545804811355310e-01 1.357995631799594927e+00 3.178979529468033416e-01
-1.440172661983374791e+00 -9.930144376076265322e-01 1.193413190995243900e+00 -7.709636637632386602e-01 -1.546566693020302308e-01 1.207600872719345020e+00 6.604598345289153238e-01
-1.886818962652927700e+00 -8.797555637526985883e-01 1.652760177404082986e+00 -6.281969508288723913e-01 1.452510078682863262e-02 9.551051623616175767e-01 9.655922215976247003e-01
-2.114122887911546567e+00 -9.326978709798566802e-01 1.889003842159207025e+00 -4.174706755159210969e-01 2.525462941901814376e-02 7.424110510535455454e-01 1.153832041463601188e+00
-2.039181265078735983e+00 -9.679193026890393625e-01 1.907011493582985828e+00 -1.947679949337566274e-01 -2.212096570655443517e-01 5.555022072326686322e-01 1.192874026045547264e+00
-1.772012380260973519e+00 -7.339118023579337402e-01 1.838838143042390794e+00 6.545026796980757400e-02 -5.732396977127370841e-01 2.178988892654892817e-01 1.112255715838969206e+00
-1.423997500254329251e+00 -2.253780407404678554e-01 1.669846952277258767e+00 4.194278214979334507e-01 -6.143447773665832168e-01 -3.234416596253819054e-01 9.167230739127799621e-01
-9.579215162609191481e-01 4.479580230703731902e-01 1.388648006319863182e+00 7.551267063934760104e-01 -4.435410698188472223e-01 -9.749350511381267292e-01 5.711406487720505076e-01
-4.206293214936752123e-01 1.069979729421088654e+00 1.077940316255174613e+00 9.296719235621938582e-01 -2.433719094634305968e-01 -1.576760734570262557e+00 1.120118605688053409e-01
3.829178850818426572e-02 1.331739533570640788e+00 7.762285187981082801e-01 9.652075235894054250e-01 3.286669653726766865e-02 -1.965948613008875245e+00 -3.063677020691031316e-01
3.967759247509682896e-01 1.266297509260036591e+00 4.786699984052774637e-01 9.291761396799268491e-01 1.185385625022310346e-01 -2.112484639922426854e+00 -5.250644204990401187e-01
6.449841654791663714e-01 1.171692084712504967e+00 2.265562895820334710e-01 8.681063171498076825e-01 -2.919275479793564387e-01 -2.106303030542371779e+00 -5.463961223342839180e-01
6.681731305057192483e-01 1.117181261324705188e+00 7.366710856535960139e-02 8.546341333369738003e-01 -9.686624590393830836e-01 -2.021686624970602253e+00 -4.934169708773437080e-01
4.658803471164645882e-01 1.064856070191514625e+00 8.896551101712968368e-02 8.822310940799485968e-01 -1.404791417546793708e+00 -1.878679282837270037e+00 -4.285968276494407370e-01
1.099955655981090796e-01 1.037564937640161888e+00 2.516810484788798985e-01 8.772247953657379416e-01 -1.454940854387874349e+00 -1.685400215973482663e+00 -2.881592758400995380e-01
-3.212754741355240418e-01 9.889315029273387792e-01 3.893363860278802879e-01 7.574094268510023209e-01 -1.113441498856679868e+00 -1.470836634712772817e+00 -8.031909314157671675e-02
-6.196107029741434458e-01 9.850057737799585711e-01 3.277497923381370581e-01 6.060099050331021475e-01 -3.340053787335233726e-01 -1.316249730812633745e+00 5.214793116907143894e-02
-6.323079770606455652e-01 1.121187552478857263e+00 -9.059784474927883025e-03 5.906156213397312227e-01 5.442031809967146083e-01 -1.239849350994500110e+00 9.430578254055523024e-02
-3.788168403822864128e-01 1.319335136739225645e+00 -4.754128836376217415e-01 6.482924290811847845e-01 1.076716600298190274e+00 -1.103161401487145143e+00 1.477110950073703688e-01
2.093560494226554686e-02 1.498362735150147174e+00 -7.709853953455909625e-01 7.010877720098116495e-01 1.176230740151901655e+00 -8.173423877513907865e-01 2.649625554644046699e-01
4.272172390771291073e-01 1.717690228609487502e+00 -7.446065482619820264e-01 7.366332900535388362e-01 9.458296582065559566e-01 -4.713922253636045334e-01 4.283822341719161209e-01
7.348057677334316473e-01 1.924337050874963984e+00 -5.197920645995511846e-01 7.364565443660578969e-01 4.911535130647932679e-01 -1.530294818546166224e-01 6.202273439176861913e-01
9.397149754676776823e-01 1.820445059585906078e+00 -4.349490644133888750e-01 6.103855092947566563e-01 -2.086374928915895113e-02 1.296972323414021244e-01 7.164878145390991548e-01
1.160965721795316652e+00 1.374700431619854113e+00 -6.342643259018491131e-01 2.740005052924848750e-01 -2.443391929983030342e-01 3.904615410834184619e-01 6.028850381159720495e-01
1.496204669200300152e+00 8.316893205725213178e-01 -9.209153710004353011e-01 -1.794594658692661715e-01 -1.813935632172338497e-01 7.216564769086828424e-01 3.608869718159168904e-01
1.898601837108725210e+00 3.825657839954521577e-01 -1.148542058978415659e+00 -6.842806560457750376e-01 -3.160637253173306238e-01 1.177758781795819054e+00 1.193285785233847152e-01
2.205160257242033239e+00 1.157064318849311824e-01 -1.231932723144654185e+00 -1.230118383926992243e+00 -5.158907681482503005e-01 1.677755025722557303e+00 -5.918593784440648320e-02
2.312381444100349182e+00 -1.244847571692100224e-01 -1.192505304283483225e+00 -1.836685334026136207e+00 -2.615053012757370121e-01 2.211982738135468640e+00 -1.766077912346039336e-01
2.244869984118956552e+00 -4.924751992069046347e-01 -1.194144192497324397e+00 -2.464994045508065224e+00 2.377289416423520041e-01 2.821551054516366008e+00 -1.801383416992216324e-01
2.083068186614235096e+00 -9.189198380194656401e-01 -1.293437263373191204e+00 -2.882856367771636119e+00 5.756571375730124007e-01 3.362796055872893763e+00 -6.312552552031679143e-02
1.828776750482404401e+00 -1.294409278365469929e+00 -1.388235422347013026e+00 -2.931669173367031256e+00 6.986586179812099839e-01 3.596012655869096797e+00 3.962712272709398992e-02
1.412355710822215560e+00 -1.452404945660177304e+00 -1.298901289622464095e+00 -2.606442874653521979e+00 6.947695332851647754e-01 3.415763644421512257e+00 6.962243897323844299e-02
8.252575192946121074e-01 -1.288215487024787498e+00 -1.004365735999873444e+00 -1.936496168112269878e+00 7.152889012544318970e-01 2.800770772951040932e+00 9.653531909945264888e-02
1.764287362942011383e-01 -8.946499540118219018e-01 -6.485761619787167032e-01 -1.012866550682166356e+00 8.259704491254412639e-01 1.800772021710348891e+00 1.629607976509011291e-01
-3.540629409653885395e-01 -4.014951225999726092e-01 -3.312655115035794684e-01 6.924483520766419598e-02 1.097333761245266048e+00 6.047777993608398628e-01 2.380595278864696684e-01
-6.759379918187105041e-01 4.930319053825537451e-02 -9.642056039333735118e-02 1.122491062139520102e+00 1.523591193734805893e+00 -4.919853079322348277e-01 2.338772006413344928e-01
-7.935596709952779104e-01 2.969247679037156917e-01 5.902761361655503580e-02 1.805427368136714783e+00 1.703990025361222793e+00 -1.141825558329987000e+00 1.056298249963217861e-01
-7.173891870272992577e-01 2.464635307485266436e-01 9.415731747463076950e-02 2.071391762752967214e+00 1.440861018650918757e+00 -1.224399082795462279e+00 -8.858898690717803559e-02
-5.297861135490318230e-01 3.247528201004035425e-03 -3.342081808465646731e-02 2.148918144544873510e+00 1.155963781360578091e+00 -1.042297503326878649e+00 -3.203792507233587661e-01
-4.038999498053770232e-01 -9.186104380076223763e-02 -1.701482007096915827e-01 2.141097822817537022e+00 1.077531516499061981e+00 -9.755185360051905619e-01 -5.054791886444814919e-01
-4.161978685438913472e-01 1.096260994683880829e-01 -9.549705531223269539e-02 2.008191768873428096e+00 1.011724090969121859e+00 -1.131793841603277118e+00 -5.509088324884232613e-01
-4.661293853705245072e-01 3.650907012874195501e-01 2.634326053469003837e-01 1.621353740000060384e+00 8.605805363759398974e-01 -1.415354683779203482e+00 -5.669270295134862803e-01
-4.802315054812388850e-01 4.193404272024147672e-01 7.814329631695570155e-01 9.526645215585984872e-01 7.616230954948595144e-01 -1.695238235537188443e+00 -6.130799010178619168e-01
-4.567193836393175777e-01 2.584896058071738945e-01 1.277375321774422146e+00 1.519651754089491047e-01 8.025259985520761807e-01 -1.875049242020008222e+00 -6.197878656397215469e-01
-4.570526937101926368e-01 1.030518847119137466e-01 1.722043781368265192e+00 -5.630572708385951364e-01 6.821347707517423364e-01 -1.978654609598865743e+00 -4.783098736456555256e-01
-5.985055274749840892e-01 1.082495342493960122e-01 2.045572512480030358e+00 -1.036079154730061846e+00 2.950719742028553028e-01 -2.110529504884906871e+00 -7.720049534045672623e-02
-7.594191478276011154e-01 1.656492645942183595e-01 2.107369699374165961e+00 -1.277371256940125432e+00 1.129584386554455646e-03 -2.216025619213064068e+00 4.234535584400667130e-01
-6.890023786053706134e-01 1.031016980809888461e-01 1.959550884362829537e+00 -1.339830791905172402e+00 -1.238575213323271362e-01 -2.142713593051670085e+00 6.465448524322712220e-01
-4.243255555220961095e-01 -9.799136029147129112e-02 1.773710718929302876e+00 -1.210342021987197647e+00 -1.424241691045040059e-01 -1.868661854317124726e+00 4.771818423503054740e-01
-2.165209367001767193e-01 -3.236243971018062382e-01 1.660313652206078627e+00 -9.266818647486775307e-01 -3.916903742013918416e-02 -1.451581359428301354e+00 1.822734926321603610e-01
-2.059541833281782752e-01 -4.683978102468293048e-01 1.650002271509759089e+00 -5.843610913836774223e-01 4.485174496787398823e-02 -9.514416129554834622e-01 5.103425223675554095e-02
-3.246607621018050005e-01 -4.596362285476119913e-01 1.752244727920035050e+00 -2.541902084805243711e-01 4.467673365656976703e-02 -4.314044271622760607e-01 1.878328137317388513e-01
-3.840541662386373067e-01 -3.354539707504997637e-01 1.775500448154813782e+00 -2.171595696049068852e-02 -1.671279063422045560e-02 7.229423559432579527e-02 4.719371879348221999e-01
-2.654017389476379662e-01 -1.887500839487731841e-01 1.465475866077583511e+00 9.650453027538712092e-02 -9.740111175071811123e-02 5.514041618176592774e-01 6.298163925494402182e-01
-4.400929981291700627e-02 -2.924210751146479048e-02 8.509155764034490588e-01 1.676746744864502370e-01 -6.497724275359080537e-02 9.947460076100566040e-01 5.412159664760107791e-01
1.663395226443519503e-01 6.572653628229907508e-02 8.596091053297739981e-02 1.850794124017506315e-01 1.533293386731336139e-01 1.412277386021490777e+00 3.503470959902316717e-01
3.811602421099349880e-01 5.395909858622112594e-03 -6.519410238236015287e-01 7.745944021331071724e-03 3.397000149501734900e-01 1.841447421549111674e+00 1.521028978338339055e-01
5.397488663535219278e-01 -1.531331722926954075e-01 -1.223308180153485747e+00 -3.880479021510223059e-01 1.754377686255980395e-01 2.257008357263965426e+00 -6.443085089735141324e-02
4.313217256550355705e-01 -3.362553200290105959e-01 -1.608869319884053573e+00 -7.676024051625152111e-01 -3.277678999448569996e-01 2.548692254569054683e+00 -1.832579369995155638e-01
4.814576917408883855e-02 -5.519549395134697445e-01 -1.814806515573011536e+00 -1.007880827568659932e+00 -7.991799835524194817e-01 2.637822639232325184e+00 -1.294485683905809981e-01
-3.586233867222609062e-01 -8.465355067054867177e-01 -1.837842078584533967e+00 -1.166050491313972204e+00 -8.286201305874145717e-01 2.524415724035320441e+00 -3.407035290071363381e-02
-5.812375631297637124e-01 -1.212219807153044338e+00 -1.677074422475901105e+00 -1.238040523097813317e+00 -3.943812995914091624e-01 2.222435176961135905e+00 -6.693755894235542403e-02
-6.397393385866447790e-01 -1.483543456541680960e+00 -1.302159226125159330e+00 -1.100950778444985234e+00 1.147019923339162306e-01 1.718194014044362339e+00 -1.630013359656579119e-01
-6.235746425455610531e-01 -1.535563223334216243e+00 -8.062402836287783092e-01 -6.815984195795513623e-01 3.427769732426689253e-01 1.082777347070982055e+00 -1.204182721073208673e-01
-5.495361172895099067e-01 -1.481463701155768753e+00 -4.131735811199045982e-01 -1.160783266504665373e-01 2.027778391749592291e-01 5.373237812986904061e-01 7.585636846038747161e-02
-4.991538612343535131e-01 -1.444776249375256283e+00 -1.778992898369115838e-01 3.837625397860582876e-01 -1.530941740055667133e-01 2.430183485199639837e-01 3.091950800907004582e-01
-5.634780971315314080e-01 -1.418219059346734978e+00 -6.957259505462179416e-02 7.009322380750114823e-01 -4.601572453080022829e-01 1.898993189079830612e-01 4.569985561326754819e-01
-6.154051458304174993e-01 -1.310708623964897734e+00 -3.187740564375318719e-02 8.356332267357320376e-01 -5.940469047171227368e-01 2.116982497821637832e-01 4.354158834972471914e-01
-4.943924668863561855e-01 -1.070346799852902153e+00 1.002158772379128926e-01 8.433837159230256342e-01 -6.035142194964842055e-01 1.035808422202030843e-01 2.195754531691471445e-01
-2.749723670694027566e-01 -7.676814616952133408e-01 3.273750256229047140e-01 8.086410846004743469e-01 -6.202893415963637302e-01 -1.528096617953354774e-01 -7.643997136298966155e-02
-8.135411191418027987e-02 -4.540669409282418467e-01 4.265174170000750609e-01 7.228249923178795555e-01 -5.041695839222397613e-01 -4.594728217148595917e-01 -2.341758714400787866e-01
1.336430033695898134e-01 -1.298277822539970483e-01 3.224529839687493848e-01 5.370686189463000915e-01 -1.538773700083665985e-01 -7.529438242327423092e-01 -1.924290920620081169e-01
3.894119278760692637e-01 1.597215535775975137e-01 1.742039569489187423e-01 3.801397888660787983e-01 7.557971564162752065e-02 -9.993349666427103761e-01 -7.423635072445197713e-02
5.557566536915860000e-01 3.789185142162571629e-01 9.046703430786452726e-02 4.428429586195374856e-01 6.517684434323202380e-02 -1.159161219512404362e+00 4.830412005380654156e-02
4.452182193486010076e-01 5.606176291448976556e-01 6.009831002126274357e-02 7.449022588392781863e-01 2.210530806666405682e-02 -1.193993322678094549e+00 2.282126629514891480e-01
1.592312391089948514e-02 8.244705811084358515e-01 5.636329745572218192e-02 1.145379712328184363e+00 9.613739933133819138e-02 -1.155270444591879775e+00 4.849205176402026640e-01
-4.769279925316327051e-01 1.266786085221787816e+00 6.503000805553484087e-02 1.527391955000606982e+00 3.312795364985240965e-01 -1.133862772697684429e+00 7.651147257821461212e-01
-7.441783344427548297e-01 1.774398773115777983e+00 7.773145596179197037e-02 1.749438420450644793e+00 5.422199641282166027e-01 -1.090722794041672383e+00 9.808147834305011026e-01
-6.911832336960671563e-01 2.163397702297538139e+00 1.173873620532690648e-01 1.719793534911909116e+00 5.776904105274179857e-01 -9.533752652275195860e-01 1.013281641885878548e+00
-4.081771951725292058e-01 2.282939058365036633e+00 1.409789572872631458e-01 1.471157689002760893e+00 6.150330124494246542e-01 -7.583808926288853058e-01 7.569790290173442626e-01
-6.221767198617245143e-02 2.082595042336683466e+00 7.352971578423855847e-02 9.762056756301067395e-01 7.879885757326811069e-01 -5.542957003745925260e-01 2.276856799331796466e-01
2.033883414280441282e-01 1.804125824927022004e+00 -1.661877809303237419e-02 2.953665278019962925e-01 9.653118956834597642e-01 -3.702317153307347342e-01 -3.126951192952457936e-01
2.810481611726196594e-01 1.722380162952227733e+00 -4.466021550841673196e-03 -2.782292473405378330e-01 9.323842551035191883e-01 -2.861523271201351637e-01 -5.590143553335790161e-01
1.397428253826781819e-01 1.854382282765351997e+00 1.968505132979287142e-01 -4.521981185344237653e-01 4.985319728073217549e-01 -3.564738115342297453e-01 -4.207940437131144074e-01
-2.110697589702586474e-01 1.994896640108322794e+00 4.965390015224718234e-01 -2.319541630993987025e-01 -2.855807063439977922e-01 -5.406434979096561566e-01 3.720056828716181412e-03
-7.204518610255894462e-01 1.831177003054169861e+00 7.020432875900615155e-01 9.802323444824943832e-02 -9.518766888405673088e-01 -7.196043175088928656e-01 5.044050785977370888e-01
-1.195529391572469846e+00 1.281440509838374320e+00 7.880974786578504032e-01 2.233835937882517053e-01 -1.144992875061481508e+00 -7.753673029679670758e-01 8.617366319341810410e-01
-1.447989918841954937e+00 6.108609200061297928e-01 8.038824485565986278e-01 1.250966695092157188e-01 -9.866309740074349355e-01 -7.271057490536582124e-01 9.731949255898837414e-01
-1.393958220982735030e+00 7.519041717458159468e-02 7.108612959751490212e-01 -6.152140566742422823e-02 -8.052359248146356840e-01 -5.984035880129437990e-01 8.816994379295122197e-01
-1.112670618819992407e+00 -2.528310101789046915e-01 5.285689984262597063e-01 -3.535527775401239858e-01 -7.982910343667920516e-01 -4.097231427650274149e-01 6.108076067720751290e-01
-7.652814146889346247e-01 -3.726844769218206066e-01 3.232683446412941142e-01 -6.929939419269054435e-01 -8.757239768757714149e-01 -3.037889884857926659e-01 1.837413308630357345e-01
-3.783446036249927258e-01 -3.358440722553188151e-01 3.795815762080012720e-04 -9.884416475455670703e-01 -7.590388190942678470e-01 -3.333063047982343097e-01 -2.286009888533780399e-01
4.699341045276456824e-02 -2.499772821827703773e-01 -5.195903478506604944e-01 -1.153510330947451035e+00 -3.252591131490973342e-01 -4.333529932418331287e-01 -4.720958276433932510e-01
4.312773812765061110e-01 -1.599233648238696792e-01 -1.098035327584748755e+00 -1.103998336565066518e+00 -4.500390042421781311e-02 -5.340499853142847142e-01 -5.209371767439716638e-01
6.932431327166762580e-01 -6.990745473688103617e-02 -1.477925811676519929e+00 -9.496337077086266509e-01 -2.383736584114245771e-01 -5.160360585869314676e-01 -4.285188606377309251e-01
8.453364019634197479e-01 -2.583065192623611520e-02 -1.541724330210287208e+00 -7.982286236256693757e-01 -4.372772687675975933e-01 -3.477678655575054956e-01 -3.503096296278280786e-01
9.551842190929407117e-01 -8.803121186174572843e-02 -1.431005457774340295e+00 -6.750489086342554845e-01 -4.012821437247797718e-01 -1.230504839490796087e-01 -4.014558707389610515e-01
1.023720740434007848e+00 -3.416209882747073268e-01 -1.330095789693862329e+00 -6.285884303540568707e-01 -3.638860042310212983e-01 1.129546694049547995e-01 -5.097507594054958568e-01
9.872031242189340805e-01 -7.442621923111338855e-01 -1.258692790451364285e+00 -7.002098507187232146e-01 -4.607201073226959154e-01 3.572396792504896057e-01 -5.478386518208818723e-01
8.982215711912580058e-01 -1.054103105413939589e+00 -1.147601345366605408e+00 -8.419510909101032281e-01 -7.388492031594944276e-01 5.865200971017603404e-01 -4.979907538589766758e-01
8.919801974382880472e-01 -1.023683545912247972e+00 -9.203941763142307053e-01 -9.096311010665124597e-01 -1.156649845496548368e+00 7.489299804705089603e-01 -4.524853055102607269e-01
8.299412887153270191e-01 -6.838302043155073395e-01 -5.516026631083266185e-01 -7.680361779840629843e-01 -1.373505007696050884e+00 7.640878462605059651e-01 -4.156967381414157781e-01
5.039512993514310146e-01 -2.978046086243496537e-01 -1.803075961196640709e-01 -3.646594300008292322e-01 -1.052069171398770209e+00 6.554507456750713335e-01 -2.380071127460355873e-01
2.091800316239471325e-02 -3.577193421489235220e-02 1.087243416335146040e-01 2.285406921579672956e-01 -4.517892937770864314e-01 5.308350841845974610e-01 6.179059808846308621e-02
-4.035164248053113023e-01 7.434604416345817757e-02 4.207762646227375947e-01 8.385212578081987500e-01 1.300539427899662370e-01 3.821261939702280674e-01 2.048429061593650125e-01
-5.365029277374055994e-01 1.103599227314332604e-01 7.298970928651263845e-01 1.180600768952938306e+00 6.130155326669978200e-01 2.203074843294463570e-01 1.038582182250018388e-01
-2.608394270761663636e-01 1.313993858365496425e-01 8.232684269671413091e-01 1.068764971830895805e+00 7.506175670949898349e-01 1.543854000074804389e-01 -1.088377431006311014e-01
2.466661142625939662e-01 1.607964329098799383e-01 6.273402686411755358e-01 6.031252867618386304e-01 5.234180163926062113e-01 2.247452069930440666e-01 -3.919709222795795811e-01
7.772891267110038083e-01 3.014228940671964119e-01 2.899593340839296540e-01 5.938543549317139986e-02 2.971664275004874400e-01 3.600896117778366046e-01 -6.809395243331153313e-01
1.183949463713672934e+00 5.664989383439785753e-01 -7.867185992427096208e-02 -2.992869068637165619e-01 2.583416529687966867e-01 4.434063583107214490e-01 -8.868829371662338978e-01
1.395176943459433216e+00 8.277303471127082091e-01 -3.911216036101676785e-01 -4.488086384252528704e-01 2.121656647724396161e-01 4.648531197725552233e-01 -1.017127297272517827e+00
1.534902674933678046e+00 9.865206430284114703e-01 -4.938644208494966659e-01 -5.299498963022396536e-01 1.123259871386600994e-01 4.730055109178464834e-01 -1.120037530695884076e+00
1.684421719732879019e+00 9.834203517482599244e-01 -4.511482284934080766e-01 -7.090486283324231032e-01 -3.559949896722405110e-02 4.544834316857312428e-01 -1.218592507988248030e+00
1.776487813626508316e+00 8.353761671240295117e-01 -3.909984395462612339e-01 -9.998851290385903923e-01 -1.815463925456070882e-01 4.503676881747170069e-01 -1.231312168984715738e+00
1.841073731141138925e+00 6.476188066854191572e-01 -2.695883118367078390e-01 -1.280466594928874269e+00 3.081648687677729023e-02 4.969851880251981990e-01 -1.126734111963984653e+00
1.848591612765884129e+00 5.308903118897287943e-01 -9.141846300423533966e-02 -1.474518344937148395e+00 4.632053611675436278e-01 5.143847757663582154e-01 -9.619491760814870007e-01
1.630770918131250635e+00 5.574232908982038603e-01 9.410059959377035932e-02 -1.473813909049939364e+00 6.847182416014186979e-01 4.356388616880512155e-01 -6.919065545885870749e-01
1.217846506844275201e+00 6.686614917036984851e-01 2.521391783286637822e-01 -1.224828373811979843e+00 1.053759449021681061e+00 2.169735175342490385e-01 -3.197195779022211082e-01
7.111857431276856767e-01 7.382361525512444178e-01 4.170988728898831766e-01 -7.450177303294338582e-01 1.721487274278490132e+00 -1.279097540189952920e-01 1.411069164743382343e-01
2.062837635883774112e-01 6.861435763624706974e-01 6.244237455039277629e-01 -1.281639896922714683e-01 2.081042147133038256e+00 -4.161220582190889306e-01 7.474617297064175547e-01
-1.224860724119899158e-01 4.562879709229338276e-01 7.640535239548910118e-01 4.120551974266317696e-01 1.982659392877911708e+00 -5.101622908417547952e-01 1.289766785744917987e+00
-3.090496330920848300e-01 2.217662096233231905e-02 7.528745436898757193e-01 7.148048058612115341e-01 1.592790083131926160e+00 -4.261249841425510110e-01 1.454418324330941870e+00
-4.845957498276674547e-01 -4.827653361877996541e-01 6.197942954295238005e-01 7.082332705572588205e-01 1.021698578371543542e+00 -2.000211424887879674e-01 1.222596057867807229e+00
-6.636695213860305254e-01 -8.424727441967012620e-01 4.982895040764300232e-01 5.785437475174508570e-01 4.940201739952490012e-01 4.797475047831013806e-02 8.386763552239092645e-01
-8.737532150365995287e-01 -1.066428357748188560e+00 4.811744386541308982e-01 5.766936600765623089e-01 1.092498115458021696e-01 1.724362295625294916e-01 5.347459702517937119e-01
-1.106888036889970506e+00 -1.279422402551315674e+00 4.973173236713190892e-01 6.063927094159283770e-01 -1.713846936464667459e-01 2.210034241378404096e-01 3.549132961952880527e-01
-1.319439967608292408e+00 -1.464427423677861606e+00 5.004906287315994406e-01 5.778602419759737430e-01 -4.550360347397917060e-01 3.060474048964381688e-01 2.727512572354572340e-01
-1.572123924097998948e+00 -1.538382814811146027e+00 4.860952203229124691e-01 5.467422816145937059e-01 -7.069130321169616593e-01 3.837899172225804900e-01 2.434482099853963188e-01
-1.863899058543170062e+00 -1.542146497085914669e+00 3.876986153827856052e-01 5.211214060823845529e-01 -7.072778675249530300e-01 3.832821653360689029e-01 2.410763707510236442e-01
-2.045048805362992272e+00 -1.517921430129933080e+00 2.478987346758938781e-01 5.676592908927726722e-01 -6.054995327673253769e-01 3.313458230223259027e-01 2.981720367811027117e-01
-2.019274662431558287e+00 -1.354152267214942196e+00 2.324126327421085769e-01 7.153498934566558942e-01 -6.540164162808721482e-01 2.661361718900733808e-01 3.870798202710130087e-01
-1.829654035268855505e+00 -1.054879369764762931e+00 3.122818717270509081e-01 8.316809876921110734e-01 -6.559640954504768473e-01 1.623123799242988108e-01 3.694949972266469707e-01
-1.559285548050602044e+00 -7.740545539317179591e-01 2.536397114269431374e-01 8.791729977404592056e-01 -4.095742487776202201e-01 -4.959795682196005417e-02 1.277992226862733061e-01
-1.260436213331681321e+00 -6.246876135497538840e-01 -8.194827045199365445e-02 1.007970340770609319e+00 -9.286833132618210751e-02 -3.462059834458575125e-01 -3.157967548561317339e-01
-9.272520524278187182e-01 -6.424517720557938461e-01 -6.560263997085786780e-01 1.279809764436538710e+00 -3.150895222477131941e-02 -5.678909322083453004e-01 -7.893655716332553807e-01
-4.404766019595568460e-01 -8.281606953684221839e-01 -1.343028494453935240e+00 1.522130865598479543e+00 -3.461716466531193914e-01 -5.899795221289521052e-01 -1.162728455466106814e+00
2.819449662366514953e-01 -1.113813436815512814e+00 -1.919967632045119998e+00 1.494462565416429856e+00 -8.984380551698124551e-01 -4.763449769036244286e-01 -1.571761799541031346e+00
1.109570690030150519e+00 -1.271250765288297391e+00 -2.160483353248144223e+00 1.100818114541546988e+00 -1.323072482705028863e+00 -4.090057186303379111e-01 -2.065508052669135619e+00
1.819318256033370940e+00 -1.147849849506480169e+00 -2.024717681760789922e+00 5.383495591425057070e-01 -1.192734485055641169e+00 -5.328548802253888494e-01 -2.361178905061209754e+00
2.244738018190627571e+00 -8.443692597891698792e-01 -1.659104020058993267e+00 1.522959572857079946e-01 -5.548215560795258794e-01 -8.403050102882247963e-01 -2.194165972220726513e+00
2.247644265614578085e+00 -4.985428106502383105e-01 -1.147724962304801588e+00 -2.373766149560099445e-02 9.232048883094727543e-02 -1.167840135670605406e+00 -1.619210055079605137e+00
1.686045692297152510e+00 -1.098256944638726917e-01 -4.623328967012255153e-01 -6.403451538277445121e-02 6.027389328190352336e-01 -1.508812670623860930e+00 -8.715518722583251998e-01
5.252446079082424557e-01 3.286446813520375043e-01 2.872671827641085085e-01 1.352432247341691651e-01 8.263047639796760047e-01 -1.927560295361011811e+00 -9.374619755649038488e-02
-8.030635885226671267e-01 7.629385765653613483e-01 9.121728526213980226e-01 4.622977138518312157e-01 4.764683564099848057e-01 -2.163414624223237048e+00 6.148950610154808594e-01
-1.642931369399047270e+00 1.121659821426307158e+00 1.364587708096306917e+00 6.181483953243548379e-01 -1.205645027699749489e-01 -1.991458221982106647e+00 1.128180529891550821e+00
-1.804073150634686762e+00 1.328007255871684889e+00 1.596100419412748384e+00 4.900956087220735280e-01 -5.666738576854775111e-01 -1.569448112254507866e+00 1.283615259165270084e+00
-1.475179951388092769e+00 1.284648769139549618e+00 1.469218187603317016e+00 2.826172581256006788e-01 -8.827628534468031640e-01 -1.105428758497541519e+00 1.038748255709075696e+00
-9.151672618250481506e-01 9.340159339206032252e-01 9.875753569405648635e-01 1.088507769782969536e-01 -1.195121486580310588e+00 -6.009965401833827769e-01 5.742368191477577044e-01
-4.364004569072377215e-01 4.557317949159819248e-01 3.044614893410873546e-01 -1.607929732838647430e-01 -1.437220175438419068e+00 -1.557708457980715860e-02 1.606698420005705230e-01
-1.872757656324439135e-01 3.506426204612567848e-02 -4.603018328755538735e-01 -4.757270342023306453e-01 -1.407904658324589997e+00 5.949910784702080457e-01 -2.879809506250964601e-02
-3.290039466009356262e-02 -3.253186338865472482e-01 -1.177186848015963960e+00 -7.329539551350674476e-01 -1.224681768571652229e+00 1.188678363349045863e+00 1.733750796389374807e-02
2.068293803055175073e-01 -6.486877405704254418e-01 -1.639648925087052955e+00 -9.829743262465611142e-01 -1.073460556282354039e+00 1.763420046584767142e+00 1.620678794296354364e-01
6.226091935807149813e-01 -9.452739768186289027e-01 -1.696131692233714405e+00 -1.218524636866596733e+00 -8.511138725817657402e-01 2.241952424278318645e+00 2.349738202004066634e-01
1.016978380475833887e+00 -1.187346575970242180e+00 -1.294151329960235852e+00 -1.293253557511176099e+00 -5.766858920992424808e-01 2.455297254746754643e+00 2.942140435773463181e-01
1.113577055225792645e+00 -1.264622163468850591e+00 -4.884956132263886808e-01 -1.227711795422295138e+00 -4.470129437019267349e-01 2.373785511823117034e+00 4.385408790354329844e-01
9.842344054184711810e-01 -1.133855363295052765e+00 4.183650305551251947e-01 -1.202225906414961631e+00 -4.912331602630473637e-01 2.167485132412322546e+00 5.113502208558947659e-01
7.623072598183120441e-01 -8.832790616654812021e-01 1.105954134794304045e+00 -1.229424222763985108e+00 -5.102518875750350347e-01 1.933528738389176160e+00 3.410893237665664213e-01
4.834639923514517656e-01 -6.082607330316226468e-01 1.459030590702514285e+00 -1.258584613913630745e+00 -3.787660392985954805e-01 1.683326375908323458e+00 9.624146152071447538e-03
2.968541120382763299e-01 -3.808413002638797451e-01 1.374448693167488855e+00 -1.323026362647832022e+00 -2.012833527345053442e-01 1.517163242689234304e+00 -3.737656298509158814e-01
2.697104520611159351e-01 -1.907782200414156193e-01 8.918971677065257175e-01 -1.406211814755986778e+00 -5.230886069432114094e-02 1.459711485228980976e+00 -7.894266126152039709e-01
2.167086562691611096e-01 -4.526291748971340845e-02 3.351356915976153039e-01 -1.399693974786828221e+00 1.776786347177619074e-01 1.383888397267812653e+00 -1.082190095706209831e+00
1.519099809605580637e-02 2.757690436546395008e-02 -2.449332303941658545e-03 -1.231006003914532076e+00 3.104791513743894726e-01 1.260624759702121844e+00 -1.072615138165702753e+00
-2.524076443012258641e-01 9.907598769651407289e-02 -1.050143608460216149e-01 -8.575642485058809772e-01 -1.721082686943853912e-01 1.126023492608349219e+00 -7.911890423572436326e-01
-4.616821486903396887e-01 2.263217611206828628e-01 -9.895977997821338301e-02 -3.102567314319576441e-01 -1.065599811527871754e+00 9.736946278775745478e-01 -3.252501944486839158e-01
-5.653704629416800298e-01 3.045460068809804355e-01 -5.125039867626218770e-02 2.688592608839783793e-01 -1.516168656684743876e+00 8.354239828677952895e-01 2.565988498340556201e-01
-6.371986999022708487e-01 1.665299374858176806e-01 -1.407744103454420387e-02 8.062632100398680057e-01 -1.313192811353586675e+00 7.174034209316280108e-01 8.931478138373568632e-01
-7.010138171295637877e-01 -1.120007620459977926e-01 4.640382964591896128e-03 1.234363926259109956e+00 -7.866094808831080032e-01 5.307505731978791053e-01 1.519901792131501894e+00
-6.819311388919165884e-01 -3.344791000355947785e-01 7.415096388468084276e-02 1.393301315592130551e+00 -1.452892699769402773e-01 2.723835931735634208e-01 2.010221753329680450e+00
-5.271425673543600476e-01 -4.834533010506813500e-01 1.700005582591001263e-01 1.196272122855844389e+00 4.700071849639684829e-01 8.107706158438852950e-02 2.215817731270193214e+00
-2.961221383890781378e-01 -5.335242793666850059e-01 1.956268918590897132e-01 8.302943033854136567e-01 8.068875650396021282e-01 -1.511374919067771765e-03 1.998582224751092928e+00
-1.775622692896782762e-01 -3.708215187521189393e-01 1.103707255617148997e-01 6.569058912604172074e-01 7.316733294249093689e-01 -1.084186778386073552e-01 1.410631526541946679e+00
-2.230823723790223145e-01 1.384668048075879399e-02 -4.716327348226177774e-02 7.675148658905110999e-01 6.351404672393790030e-01 -3.158224888260864893e-01 7.008611807534264049e-01
-3.062487578713850023e-01 5.269221478032473094e-01 -2.181156673184032058e-01 9.818151879705889762e-01 7.741586745442280426e-01 -5.452098160926764914e-01 1.371224423602644682e-01
-2.972194065400231566e-01 1.030819913024510148e+00 -4.001943007178524470e-01 1.165221537253017470e+00 9.313209848952480607e-01 -6.563869863830863460e-01 -1.541177411415134146e-01
-1.515952417357506188e-01 1.370588066323636944e+00 -5.699136387341691146e-01 1.264805197952548310e+00 9.804621316098698358e-01 -5.840566559513785672e-01 -2.525571601137521216e-01
7.507645182705893760e-02 1.465370377447272610e+00 -6.999011739805424126e-01 1.243534423619000906e+00 9.931162425935404769e-01 -4.185249255146610281e-01 -2.901374923490973590e-01
3.423400248331457951e-01 1.350850823524526012e+00 -8.213717092328797209e-01 1.064394247282050676e+00 1.204620965715457404e+00 -2.997699285356960064e-01 -3.710746336984045435e-01
5.910751041025545938e-01 1.238862540460022421e+00 -8.332710750575456071e-01 7.945148721348237464e-01 1.621096193611376579e+00 -3.004392637616098427e-01 -4.797170111541813609e-01
6.653414778016609743e-01 1.227538588340856496e+00 -6.046759691181898821e-01 4.581289368489751546e-01 1.884495710815987879e+00 -3.563367512377177970e-01 -5.143037408048295456e-01
4.909011233397220231e-01 1.133619061607732403e+00 -2.244604361482537003e-01 8.583156942144463952e-02 1.693811253930378458e+00 -3.221105624825649771e-01 -4.212256174191694180e-01
1.889693961936018129e-01 1.001646734146602435e+00 1.535608304227610854e-01 -1.546040219287550255e-01 1.078064264593311616e+00 -1.954222480651432725e-01 -2.113718060073536686e-01
-7.657175608018312873e-02 9.830544968042128628e-01 4.482584524020779559e-01 -3.231444611122348820e-01 6.516993338150561810e-01 -1.319144347060763889e-01 9.330938636253942320e-02
-2.352303725647041377e-01 9.840233864666870778e-01 6.596815804177090792e-01 -5.205767189428863739e-01 7.146500152778830772e-01 -1.885778256813685494e-01 4.912717013354204743e-01
-2.376153160372624917e-01 8.772833144522774740e-01 7.983435695215004291e-01 -7.559686788891301079e-01 8.603275443718427784e-01 -2.603345425815183356e-01 8.219256758215754965e-01
-8.694141878048301797e-02 6.195396154545342871e-01 8.097094485156750565e-01 -1.075771080598355578e+00 9.463184594692291007e-01 -2.645561676615446611e-01 8.975165462178480436e-01
6.293920210465948906e-02 2.603626072675489511e-01 7.500192561179533923e-01 -1.300597920256046702e+00 9.559686760260318605e-01 -2.226196055984707434e-01 7.382705532784880065e-01
1.592308533460768880e-02 -9.921421088963375268e-02 7.769067619435896521e-01 -1.233700521778430259e+00 6.713120849446543303e-01 -1.384352800346672629e-01 5.011956167493109016e-01
-3.023928379581752868e-01 -4.368033291723222300e-01 9.311013702306861761e-01 -9.493769324112640851e-01 1.037293017252325228e-01 -1.630873720592692158e-02 4.263543288326507863e-01
-7.636363430763473126e-01 -6.970682566910670896e-01 1.174374956889570942e+00 -6.374230628253029218e-01 -2.150843274918418924e-01 5.518680533884465222e-02 6.695465777280311670e-01
-1.179394677791056667e+00 -7.334884425664116581e-01 1.437923972048922971e+00 -4.010260518467585467e-01 3.979867262747447537e-02 4.144567468377161057e-02 1.172841764719280366e+00
-1.356602439241160862e+00 -6.214284385952211220e-01 1.568770492678684736e+00 -2.415712040518236126e-01 4.557241770243745660e-01 -2.423487119485385338e-02 1.648244402923970897e+00
-1.171264021447314896e+00 -5.719758860489171370e-01 1.454733634970611034e+00 -2.013163070428051482e-01 5.629506328812896587e-01 -1.785796362729445141e-01 1.744285007541049648e+00
-7.316645681123239431e-01 -5.633957201664826497e-01 1.177339828236020347e+00 -3.004993358308939988e-01 3.217656603350747546e-01 -4.300673571308535892e-01 1.381526616551188358e+00
-2.485194498298489429e-01 -5.565397578601954942e-01 8.754134640393720357e-01 -4.320524576300122654e-01 -2.428113991188212209e-02 -7.141179000292691148e-01 8.242823343833360905e-01
2.191296192165656520e-01 -5.954693282307291780e-01 5.770940156694118750e-01 -4.899667353351947474e-01 -3.728223174864296330e-01 -9.208562957360959533e-01 3.847023819792695920e-01
6.928671554439962410e-01 -6.498327507881298537e-01 2.870832579145466967e-01 -4.389346459838552872e-01 -6.710620990158907562e-01 -9.757295419918254886e-01 9.198816841947940470e-02
1.042314829078870630e+00 -6.602490553977894416e-01 5.507628602553652636e-02 -2.164293092458458578e-01 -8.109749249059086118e-01 -9.907626610082285179e-01 -8.282440418361983192e-02
1.201773067519393168e+00 -5.342840202408704053e-01 -1.544828250819466897e-01 2.207560189143046581e-01 -8.850303092475609867e-01 -1.024024390755407632e+00 -1.061651737022304143e-01
1.253351156409611145e+00 -2.987277950824359651e-01 -3.842673374398275499e-01 7.066856758351575118e-01 -9.221720214241381219e-01 -9.711066434808591774e-01 -1.067434208068460261e-01
1.267891188872171337e+00 -7.500458613075272618e-02 -6.017737194931199740e-01 9.710270603569394199e-01 -8.853820582372878834e-01 -7.374199921186944673e-01 -1.401461382900489050e-01
1.256703627279972313e+00 8.166026949210430930e-02 -8.463167471308914447e-01 9.769207470129399606e-01 -8.486814061391153574e-01 -3.501559693377765403e-01 -1.074582271508024156e-01
1.151290561898470788e+00 1.713708288563123572e-01 -1.110219649361862349e+00 8.946305242324014140e-01 -8.914430919063157654e-01 -3.820081581108724506e-02 -7.224665371844138373e-02
1.026138160346542927e+00 2.706557670835567087e-01 -1.210336539433532810e+00 8.449058909399360662e-01 -9.823292082903276601e-01 2.171085335424366783e-02 -2.145996039627983409e-01
9.997210650076253646e-01 4.071461627663694460e-01 -1.056761280970051731e+00 8.266051103079368190e-01 -1.003255154803748939e+00 -9.935892891736124166e-02 -5.973044652206828120e-01
1.040001322507523085e+00 4.776813487166243766e-01 -8.343479481126392372e-01 7.298542622656124523e-01 -8.214931759508308229e-01 -2.783845467126983553e-01 -1.164517850871585214e+00
1.118631789597777537e+00 3.714276059523606288e-01 -6.739419768399952382e-01 4.754342111183338382e-01 -5.032159884028305497e-01 -4.593464363862636013e-01 -1.805947861041746316e+00
1.163511380076720947e+00 7.679500392444987833e-02 -4.775223193702214930e-01 1.105332333384603655e-01 -2.400141452324553448e-01 -6.148481637617743134e-01 -2.367273397449310313e+00
1.026832689571444357e+00 -2.769728730092157476e-01 -2.146472723027849361e-01 -2.771049297545009060e-01 -3.132853634578695867e-02 -6.897131031867477224e-01 -2.703362671013536112e+00
7.262096739440301318e-01 -5.453683813924612434e-01 -5.652410791802293250e-02 -5.983732979572768951e-01 1.682656792122474987e-01 -6.446125282601393724e-01 -2.786262064895155710e+00
4.539291359389818203e-01 -6.127646218659437150e-01 -1.110122394899754339e-01 -7.921158077983490031e-01 5.540851141034974781e-01 -5.288667911831654855e-01 -2.650563294847181339e+00
2.862413485932592261e-01 -4.341422806169076276e-01 -2.565039386580052483e-01 -8.786861795446608836e-01 1.052060705309975752e+00 -3.990777116076086317e-01 -2.346548885078500124e+00
1.904400683611113532e-01 -1.878202392654397535e-01 -3.085206664777714880e-01 -9.684157627015955727e-01 1.300324833381704348e+00 -2.924727559771913010e-01 -2.010102375329552604e+00
1.741900894848378012e-01 -5.376128841369939154e-02 -1.703184036817239344e-01 -1.137825696001994347e+00 1.386769971104785171e+00 -2.832926256166933277e-01 -1.733971925989391316e+00
2.087230816143861578e-01 -2.719624565430290609e-03 6.846016755557152167e-02 -1.260881288877351958e+00 1.440971403880027868e+00 -3.539935292279274837e-01 -1.466562898428294792e+00
2.128106662444979036e-01 6.607390228975636159e-02 2.347835313785342770e-01 -1.231749726749008067e+00 1.180686475164063554e+00 -3.880812528898390235e-01 -1.194964590721254050e+00
1.015545801817992894e-01 2.098926975649749171e-01 2.890237580437918785e-01 -1.126450151717079073e+00 4.747671840408135280e-01 -3.975000257941381787e-01 -9.286143530016274239e-01
-2.053728190659332709e-01 4.575003497288676058e-01 2.734385524716597682e-01 -9.453077286187514527e-01 -8.511937517125048314e-02 -4.427179811749697436e-01 -5.763452599611469385e-01
-7.331127829317843903e-01 7.876120367948962198e-01 2.441252214454653624e-01 -6.717614498722669358e-01 4.373100019056330723e-02 -4.882165207990556977e-01 -8.425731508627613831e-02
-1.377372707275610786e+00 1.178302886643656455e+00 2.588535502068564642e-01 -4.074971617962009351e-01 4.664296349105712114e-01 -4.493083073387726945e-01 5.012228951425533596e-01
-1.964829720389758672e+00 1.616754027558717333e+00 2.821334615878124952e-01 -1.694551597409329480e-01 6.953881845374660919e-01 -2.912569902066501903e-01 1.074067540075972493e+00
-2.375696999847280999e+00 1.936910041521549219e+00 2.430216513526991529e-01 1.010310407679170380e-01 7.703522541642583432e-01 -9.587808732397974654e-02 1.452842802666638233e+00
-2.530217016050243295e+00 1.982735266058002432e+00 1.190993373118349463e-01 3.847561037918499904e-01 8.283279267810386148e-01 9.815747395597430869e-02 1.556336280307676123e+00
-2.446245776858258836e+00 1.837461851321271267e+00 -1.262147359845845473e-01 6.862965148587374387e-01 9.246500367788940133e-01 2.931197494222088640e-01 1.591690345357543723e+00
-2.244930944318872079e+00 1.672636107665540051e+00 -5.085416991938623843e-01 1.098028944361694181e+00 1.051403050146345386e+00 3.341849423348276504e-01 1.712850730740917538e+00
-1.979590548665029814e+00 1.577895113056883014e+00 -8.701131709167562178e-01 1.670812850549832973e+00 1.186673353507772033e+00 8.783669212491139466e-02 1.802529855959364991e+00
-1.713025016153980618e+00 1.539157378590208625e+00 -9.704674307606865336e-01 2.276758232915185420e+00 1.189461726966162702e+00 -3.321851004031020627e-01 1.708531033787340059e+00
-1.456298151028829979e+00 1.486858824964124137e+00 -7.868651238537902604e-01 2.670980229234366288e+00 9.519026922520624767e-01 -7.110598336763261917e-01 1.357079234306860505e+00
-1.045702898849452112e+00 1.322817438488404385e+00 -4.400180874043306267e-01 2.663575595900879112e+00 6.159574544052756062e-01 -9.157864091683184382e-01 7.520819488402405995e-01
-4.731905128281210793e-01 9.616783217021656061e-01 -3.217189693708841225e-02 2.233511761016825137e+00 3.599929527074061109e-01 -9.336904418832006058e-01 -2.572698161847012787e-03
6.052742287731218557e-02 4.763623935430659206e-01 2.991721229384251557e-01 1.555546100001189647e+00 3.287884512963690220e-01 -8.269764742830784110e-01 -6.987633141903165646e-01
4.371964403392959997e-01 -1.881511194790238053e-02 4.419093491967505116e-01 8.924153953577970144e-01 6.376262792429144843e-01 -6.737010190996536307e-01 -1.142920669762737651e+00
6.531953156961874951e-01 -4.676521572532986726e-01 3.381536381227621124e-01 4.119571665674510164e-01 9.680687193072291530e-01 -5.175581716877498684e-01 -1.254622198597781235e+00
7.087262258142467131e-01 -8.066607364841550387e-01 9.211309421497305971e-02 2.083460711814426672e-02 8.957790835141272723e-01 -3.729898773553417812e-01 -1.097242641810862729e+00
6.397351459008637775e-01 -9.935695309918527451e-01 1.278202823602650993e-02 -3.832862647772225517e-01 4.155689365432607141e-01 -2.362720938377638191e-01 -7.760166544438359404e-01
5.143889199256886924e-01 -9.942439947988179760e-01 2.237705396770273969e-01 -7.069385555954931233e-01 -4.139165835632809820e-01 -1.007284491119489755e-01 -3.670758771978817059e-01
3.768972559689555690e-01 -9.234407393343816439e-01 5.094801375536378574e-01 -8.676261258554484046e-01 -1.469186019457379144e+00 2.776102510442961246e-02 -5.847098464698762335e-03
2.975007269689665668e-01 -1.001757577389255749e+00 6.554494106009696175e-01 -9.141732379146969567e-01 -2.577232687593340899e+00 2.041788578303360968e-01 1.948918438554770038e-01
2.838772996587747288e-01 -1.302029992203790121e+00 6.461429814624706225e-01 -1.041493624064984136e+00 -3.443876703435766462e+00 5.032044209024099102e-01 2.362031747526513459e-01
3.412322098592764918e-01 -1.724181174869706901e+00 5.709186459572392902e-01 -1.324210943550988340e+00 -3.732032144147636732e+00 9.171067893742077537e-01 1.797577165991505188e-01
5.726718948936644349e-01 -2.040455391749790515e+00 5.329816115124412779e-01 -1.650744186120938650e+00 -3.550213419730370745e+00 1.398131690198825439e+00 9.377277862412135290e-02
9.246708728957172552e-01 -2.041246962828658251e+00 5.783728489800956662e-01 -1.865386136370882353e+00 -3.134480660415002617e+00 1.833505617065115834e+00 8.157602835087382487e-02
1.244261995227247564e+00 -1.784313214560497407e+00 6.255384184487055022e-01 -1.852226382934081261e+00 -2.569416724987890976e+00 2.052883321053608601e+00 1.391415480501953794e-01
1.506709637051249828e+00 -1.524613206275233557e+00 5.302854720124781096e-01 -1.694140676866151551e+00 -2.021298484441296228e+00 2.038976262445213905e+00 1.126444819587066881e-01
1.771516871926321235e+00 -1.431570079326375922e+00 2.836584423257501597e-01 -1.538109709484634102e+00 -1.420688328715852267e+00 1.940342300027632527e+00 -7.747464365157856470e-02
1.946802082824806934e+00 -1.503613732748048104e+00 7.899120826697031417e-02 -1.454391618317076196e+00 -4.834522196550700146e-01 1.850768752994207178e+00 -3.933613939532465409e-01
1.828922841364357232e+00 -1.594047465189119661e+00 8.963808820353930118e-02 -1.406272366574760291e+00 5.663636614210685316e-01 1.739386667113101970e+00 -6.974134064857211435e-01
1.425640750858867767e+00 -1.531864097493736976e+00 3.120379703474044919e-01 -1.345388222843533432e+00 1.156936553438635551e+00 1.562421160212789983e+00 -8.326024740061350737e-01
8.400054138171961782e-01 -1.266770252017908494e+00 6.660120472678711101e-01 -1.208393001756572493e+00 9.915566709755445629e-01 1.351693631965493303e+00 -7.227962209988895159e-01
2.867474397875170444e-01 -9.373612568422985403e-01 1.001270860915326244e+00 -9.655300900340011427e-01 3.165620036475205179e-01 1.196720447576359758e+00 -5.080221586718449700e-01
2.197074697380399511e-02 -7.279404918408856062e-01 1.099385352914296732e+00 -7.371948325242581035e-01 -3.313346848273929224e-01 1.042833998856792954e+00 -4.387383236873418357e-01
-1.825115993357971297e-02 -6.511248464139468561e-01 8.684986938217522656e-01 -5.809813420722546029e-01 -4.381758632314883273e-01 7.603389106725434443e-01 -4.906429355949977755e-01
-8.259457122555682179e-03 -7.011506810252885469e-01 4.027827006090486384e-01 -4.079502842906043703e-01 -1.059239304400802911e-01 4.773337679396040256e-01 -4.340714740902266167e-01
-9.604312827485313175e-03 -9.210142379015715530e-01 -1.069873695541257719e-01 -1.699263138301480569e-01 -6.503292631986765104e-02 3.850035281478174087e-01 -2.025209904229020030e-01
-7.928214544006462194e-02 -1.186668390602718892e+00 -5.812870499760074416e-01 7.995839366015207450e-02 -2.729685996935540815e-01 4.480495157756965718e-01 2.202625674290258351e-01
-2.447377617817247941e-01 -1.297116605957209012e+00 -1.075984847585259363e+00 3.630003444752732955e-01 -2.757248353717935418e-01 5.354417683015293417e-01 9.162454218353298652e-01
-3.586312044968392732e-01 -1.245767228880115596e+00 -1.590826832135701752e+00 6.900632458668196634e-01 -3.598426905193692349e-01 6.044477256770566242e-01 1.650923084142188912e+00
-2.282748641478964946e-01 -1.042671860666172234e+00 -2.032133487503263058e+00 9.558309446604675852e-01 -8.682659337613120032e-01 6.510145439775143483e-01 2.072735525696510983e+00
1.080576105351703647e-01 -6.084278898616549691e-01 -2.246738667671743794e+00 1.048688268946750046e+00 -1.421035927158936341e+00 5.664243669457665886e-01 2.120500421871597485e+00
4.678421545819901328e-01 -4.557977796225662348e-02 -2.193633411897807584e+00 1.017743598668201299e+00 -1.443580137399333108e+00 3.056123012563419783e-01 1.908278145971924467e+00
7.032853379918758696e-01 3.926338538499696829e-01 -2.039534217579957343e+00 1.054642272181052443e+00 -9.533409492683807551e-01 1.301918345296392346e-02 1.629173939825515172e+00
7.401612901070399042e-01 5.252736630523572314e-01 -1.977893739000930573e+00 1.169521376985444228e+00 -4.440841336358845037e-01 -1.627801483847072239e-01 1.362051297748506640e+00
6.125074241516244022e-01 4.092679763910310187e-01 -2.023874744714736718e+00 1.244276037519383316e+00 -2.096558363124300939e-01 -1.514649629088686000e-01 1.032491908639122657e+00
3.472544017380107539e-01 2.836824548673879676e-01 -2.044692088143998276e+00 1.245926205199695991e+00 3.953787613773380311e-02 -4.223547100787888170e-02 6.198624219112566225e-01
1.733471236162860418e-02 3.494525654519580193e-01 -1.939200966417754746e+00 1.213260005119022988e+00 4.902316015568554119e-01 2.011383791953348654e-02 1.882316771660413612e-01
-1.977421338368813286e-01 6.618415585812267299e-01 -1.719547236782501543e+00 1.225237468962988574e+00 9.854879635000884930e-01 2.174698344891594012e-02 -1.383475850445866628e-01
-2.965549296571989846e-01 1.098592811186569262e+00 -1.502165686310725778e+00 1.422448127866070555e+00 1.585147201611408319e+00 -1.248069544940377390e-01 -3.164693177925056999e-01
-4.025090838724278974e-01 1.527066760001268619e+00 -1.326789427985865855e+00 1.940354488234881325e+00 2.025182605935718971e+00 -5.018723765501305056e-01 -3.859307320673040498e-01
-6.301545298215216473e-01 1.892953675233405075e+00 -1.062223860758378713e+00 2.627776346397836971e+00 1.873314577842234430e+00 -9.632915387557768883e-01 -3.280261881172465421e-01
-1.044352354296508745e+00 2.109780630291232306e+00 -5.939830139571037337e-01 3.165404023904716091e+00 1.309796263590166765e+00 -1.356087457361087711e+00 -1.279276492932937270e-01
-1.475069351727686495e+00 2.114422965214976191e+00 8.907403781490910721e-02 3.373162463510529285e+00 6.969317544163411426e-01 -1.631363619821178057e+00 1.362507738879033259e-01
-1.707375429185317373e+00 1.878957649052924062e+00 8.609542488908071833e-01 3.157851548752278692e+00 3.818133102675702051e-01 -1.710630322681992554e+00 2.974416486684701710e-01
-1.702614022875053035e+00 1.398500965520464545e+00 1.574387782101362543e+00 2.450771738327968130e+00 3.928883036243267513e-01 -1.533629972041413936e+00 2.773152877671027361e-01
-1.532061715740339780e+00 7.339659458029837991e-01 2.170064249750568219e+00 1.299182915988841946e+00 4.075358105696522126e-01 -1.219671611222012286e+00 1.322169585456702545e-01
-1.297282536309182444e+00 5.770793214234131580e-02 2.574327794841213102e+00 4.963373680131294430e-02 2.926896994873711133e-01 -9.379144499020872772e-01 -3.663241196499573277e-02
-1.151885394629227344e+00 -4.455670570196934022e-01 2.699071479003398721e+00 -8.543806919867102945e-01 1.109763079719879170e-01 -7.649276929073089981e-01 -9.327333874577592443e-02
-1.157119413943620501e+00 -7.690061834294161791e-01 2.458446291866740463e+00 -1.236752601905918514e+00 -5.282473784487558277e-02 -6.948750327828968620e-01 -1.102304447890630965e-02
-1.136598971437609462e+00 -9.883501868351183273e-01 1.904030196483278869e+00 -1.252647139930510578e+00 -2.647370998550024890e-01 -6.357367145190491176e-01 7.404458601431772313e-02
-9.448480696877591400e-01 -1.161508642494840204e+00 1.271848153468783105e+00 -1.114525100397395274e+00 -3.290377858008342593e-01 -5.609501458692828235e-01 3.415435580869403270e-02
-5.080670504285852429e-01 -1.255462320236186979e+00 6.430704875023203204e-01 -9.447398927755559228e-01 -7.951139221144326238e-03 -4.885204249713203106e-01 -1.947506819148576429e-01
1.689912835186928308e-01 -1.172210041043740603e+00 -6.068264380727371454e-02 -8.824536991950616693e-01 5.865689300576485410e-01 -4.431682473890835028e-01 -5.666915641940719617e-01
8.899936880697904007e-01 -8.968508304781854790e-01 -7.197879567305612847e-01 -9.243803530862054751e-01 1.266254440197104092e+00 -4.887386293983582153e-01 -8.890345408623376855e-01
1.526748216834878047e+00 -5.098465664900296845e-01 -1.148296660441326056e+00 -1.013224180014172804e+00 1.776145402055309352e+00 -5.341973209210186813e-01 -1.051301980089279775e+00
1.951249745303078820e+00 -1.079570542424871937e-01 -1.337990988412640414e+00 -1.086407936625743087e+00 2.058420832359348474e+00 -4.826168361085452219e-01 -1.001332399236919191e+00
1.988396908240192218e+00 3.357015029048056043e-01 -1.290774058178832950e+00 -1.025664863406236416e+00 2.030907463520732037e+00 -4.572818858425987121e-01 -7.466635462645110355e-01
1.647367881539096635e+00 9.015320651968486976e-01 -8.908107682835755270e-01 -8.161512295788143634e-01 1.520048657868708020e+00 -5.677514007735368073e-01 -4.678729627232791621e-01
9.916944942151230125e-01 1.508496063841083146e+00 -1.300450259118179908e-01 -5.219748371872898751e-01 7.323390595135548242e-01 -7.373319010817938057e-01 -2.227226554439422357e-01
1.762614300066045470e-01 1.927292952014125316e+00 8.006435679021598473e-01 -3.046411185449861003e-01 1.386833976837992255e-01 -7.975226579980486674e-01 4.615013923045650605e-03
-5.339668392705805289e-01 1.919969636165002269e+00 1.680572575511904088e+00 -3.035630539207767042e-01 -8.684561589896078182e-02 -5.830746381982390147e-01 1.343168234908675707e-01
-1.023386737660552548e+00 1.454627880112703942e+00 2.355787859769902237e+00 -5.020247358276329619e-01 -1.487422179450171023e-01 -9.391367038955683588e-02 2.280522789558922792e-01
-1.401754091449652462e+00 7.874514761416953057e-01 2.786979373772254132e+00 -8.021149583597044774e-01 -7.313961379949980579e-02 4.477974988723406602e-01 4.889651524548859207e-01
-1.793536131283899104e+00 2.539276759538349748e-01 2.982462840229464618e+00 -1.032556291050725106e+00 2.254708883258212671e-01 8.514536282265360301e-01 9.542997813710529798e-01
-2.124084778052319322e+00 -1.037112214517082152e-02 2.897661731675253982e+00 -1.127168347137501581e+00 6.123605491193658823e-01 1.114468179243203627e+00 1.420451442312102186e+00
-2.248105774531825141e+00 -1.226609287087236100e-01 2.557777557311202710e+00 -1.171333559264323032e+00 9.452502884978999376e-01 1.312680261898025114e+00 1.729972197529249689e+00
-2.159577729271058288e+00 -2.007626789217521746e-01 2.111640266089288787e+00 -1.205675585470822542e+00 1.185367149617293059e+00 1.401348313785609090e+00 1.864174610259713871e+00
-1.882408244513860129e+00 -2.829146924367267890e-01 1.638382568045665844e+00 -1.194975826427947752e+00 1.221746582251514335e+00 1.339745067359099373e+00 1.830794250760604536e+00
-1.457174985880871576e+00 -4.067787917558550181e-01 1.188613108940999252e+00 -1.150882948144035245e+00 9.727382910940749472e-01 1.244670189066832799e+00 1.645159002729795761e+00
-1.054399257280797197e+00 -5.514674376955345236e-01 7.963941450809218781e-01 -1.100965850294387760e+00 6.462854142875593677e-01 1.163520126895525530e+00 1.307123199614588227e+00
-6.872413991989644311e-01 -6.167083559572394957e-01 3.462702215397382988e-01 -9.819553245059547963e-01 2.952662509054674866e-01 1.041976751958698655e+00 8.130396262469696822e-01
-1.837650680662685498e-01 -5.004357797877243552e-01 -2.494683997653724949e-01 -6.538756404441777859e-01 -1.888612816686383034e-01 7.866028299852564354e-01 2.446418432635250606e-01
4.535026046856565074e-01 -2.324071351201723867e-01 -8.162814004156193626e-01 -1.755137925281322619e-01 -6.177018287848575762e-01 4.228526970537850871e-01 -2.446345148131695291e-01
1.000829664254927920e+00 2.976724855665624850e-02 -1.084417595173261528e+00 1.054239365120090283e-01 -8.147993905432682205e-01 1.476592363907804351e-01 -6.257537030861981542e-01
1.313437232911674357e+00 2.033397158841269703e-01 -1.006840510986513726e+00 8.310274397181047212e-02 -7.911864092834683948e-01 -3.310896585225186345e-02 -9.772560833652295109e-01
1.406361233160230206e+00 3.171835236801469060e-01 -6.657856536316072438e-01 -1.027411047201266386e-01 -5.714147232766204620e-01 -2.227831548623868951e-01 -1.319631818756835884e+00
1.385386056627836648e+00 3.070115905343596130e-01 -2.174315905718471886e-01 -3.450354617051422101e-01 -3.510829546563163928e-01 -4.041549996134645162e-01 -1.631662344984507351e+00
1.384782373084313178e+00 -6.543539102166799626e-02 8.515749737144744091e-02 -5.124664404152924346e-01 -3.370301969348045712e-01 -4.779526697094657606e-01 -1.837503558137746573e+00
1.414127175463812058e+00 -7.909906925887516538e-01 2.321477427929098947e-01 -5.933235180617905113e-01 -5.027163531058326251e-01 -3.184662331848148176e-01 -1.819577987154402443e+00
1.434017739703040251e+00 -1.375520675843628693e+00 4.407039344726565999e-01 -5.760993327610938186e-01 -8.784648254828336666e-01 -2.341804582144464339e-02 -1.605779887795487415e+00
1.377901564941676593e+00 -1.449941979676476311e+00 7.239923459051282872e-01 -3.102244852788375584e-01 -1.113520046291348597e+00 1.269354285335800581e-01 -1.327722204802047390e+00
1.184808180680811951e+00 -1.112021561329866959e+00 8.825809430073339179e-01 1.450819779080887439e-01 -6.731465861161841646e-01 2.949419139879661672e-02 -1.039777253201995766e+00
8.719371942273720366e-01 -6.108030372293167254e-01 7.934552627535416125e-01 6.529604084463508373e-01 8.567986519414358404e-03 -2.316331459629359379e-01 -7.361360946275173900e-01
5.237971758037560654e-01 -1.777554660324808800e-01 5.121403113109853633e-01 1.142547768894860649e+00 1.758422192644918947e-01 -4.976006495641224769e-01 -4.746100792297864301e-01
2.839670556531515011e-01 8.633822338229438231e-02 1.742619273224803311e-01 1.407133504392050094e+00 4.275629521550582124e-02 -6.137754451372747777e-01 -4.236404676555499127e-01
1.965460865072581054e-01 2.151836424372867984e-01 -1.653160354383637343e-01 1.379664042675700308e+00 1.796651460999298400e-01 -6.332803876523197539e-01 -5.791974883688140174e-01
2.320960187836011712e-01 2.867609795546006146e-01 -5.007926831339797324e-01 1.165349623777153676e+00 5.319976759659380550e-01 -6.745844651979153728e-01 -7.289005293251880069e-01
3.998120974620490431e-01 3.880364394202141520e-01 -7.931810848166005457e-01 8.049042460571208535e-01 8.352905807753979728e-01 -7.053540757695689889e-01 -7.498376340185757272e-01
5.982404840852495465e-01 4.784795137850850755e-01 -1.022625497857494237e+00 3.834858022529093469e-01 1.035571727768295203e+00 -7.289106253263156754e-01 -6.246277200437954091e-01
7.045791793511210210e-01 5.346504747656440903e-01 -1.155886940242193850e+00 1.419667074449748947e-02 1.071840051707645181e+00 -7.345008828760957176e-01 -4.168300798509616545e-01
7.712388168171433467e-01 6.307480331280774788e-01 -1.174712466017215462e+00 -2.852081222524692761e-01 8.164921265192501831e-01 -6.325804609251274302e-01 -2.438877192387844950e-01
7.763017455017542368e-01 8.048277741745997194e-01 -1.123857140277978228e+00 -4.357236466167700994e-01 4.033129283546367794e-01 -4.925861102432744776e-01 -1.112911102851497219e-01
6.566023406413675767e-01 1.027455174773299840e+00 -9.670624611139857496e-01 -4.065999340652481919e-01 2.173190200313534215e-01 -3.616757302928327311e-01 1.164826011739400480e-02
4.913091619239483010e-01 1.157945796283900597e+00 -6.793893178072112349e-01 -3.762641865417975517e-01 2.480844610589502675e-01 -1.834743208630329747e-01 6.156396968012945586e-02
3.210698705217873150e-01 1.102324557122956517e+00 -4.117892818283828138e-01 -4.021687286493023650e-01 3.564013097681714148e-01 -7.771660728168098414e-03 6.188383472308655459e-02
1.963767725014676502e-01 9.361827481781577198e-01 -2.354600100295690945e-01 -3.423825203724277233e-01 6.091737876695234588e-01 1.809746446545678067e-01 1.369992061285869589e-01
2.247465648934887927e-01 8.641679995263094050e-01 -8.708356227716636255e-02 -1.600937510784255224e-01 1.197585767365159093e+00 4.757470002393232034e-01 3.384189753428226699e-01
3.064112661969549678e-01 9.275571811098209940e-01 1.126494480142076204e-02 3.397206087095656218e-02 2.081942998886432861e+00 7.837661687449415382e-01 7.053926987958714090e-01
1.736462704426107173e-01 8.412192855168456607e-01 1.162983628949001286e-01 1.943966038277655517e-01 2.342910197077529233e+00 9.469804638061936064e-01 1.104368366322012518e+00
-8.195455506236729026e-02 3.990113683762251950e-01 3.020407881159228869e-01 2.208246200900644274e-01 1.504258039930177926e+00 1.026136326012597078e+00 1.078722345471005095e+00
-1.473471522461343997e-01 -2.127651102219035306e-01 4.061868309812418087e-01 3.726686201329119236e-02 3.223672998911165655e-01 1.061668755162334277e+00 5.512457274214724867e-01
-6.566679339286021766e-02 -7.101182461538571022e-01 3.107209777775696846e-01 -1.265499122014363542e-01 -5.475224583453666138e-01 8.831501574509192931e-01 -5.786085531953847477e-02
-4.547087399715244588e-02 -1.160713916963159287e+00 6.227943693073025727e-02 -5.169744959252964289e-02 -1.034649294791606389e+00 4.077600877991175432e-01 -4.899122279408128500e-01
-1.278748719337389206e-01 -1.706699719243273128e+00 -2.605353448399860272e-01 2.202329699960629550e-01 -1.288015627651867723e+00 -1.310048672235911427e-01 -6.988239027790532631e-01
-2.435461625361353410e-01 -2.317835754770619872e+00 -6.598082696617212362e-01 5.105716759403967631e-01 -1.387231036235010651e+00 -3.362864765165163305e-01 -6.575696359168403671e-01
-3.557488512494699773e-01 -2.989242029120088961e+00 -1.188450015551646421e+00 6.411131049760256939e-01 -1.428660537641072148e+00 -5.723620205342611761e-02 -3.651477346330155305e-01
-4.447450895099531176e-01 -3.565797244797000332e+00 -1.655291917549425840e+00 5.588296887296598792e-01 -1.816964805936405192e+00 5.073375307160674641e-01 6.248624258928944103e-02
-5.415126855164995590e-01 -3.667036328640054688e+00 -1.748733443709768354e+00 4.409693488592467125e-01 -2.485307116798932459e+00 1.031831078045586825e+00 5.275655997944233011e-01
-6.699738363900550331e-01 -3.181086690442874509e+00 -1.437508392624916365e+00 3.733347521095682353e-01 -2.835580382266904564e+00 1.349471794715142892e+00 9.700436251792043940e-01
-6.989395718689390691e-01 -2.424353099091749897e+00 -1.009626192114502441e+00 2.336856997078068654e-01 -2.823431046993795324e+00 1.513491450126909665e+00 1.292566837904557175e+00
-6.245906438256447757e-01 -1.714682965360639022e+00 -7.369636720636447702e-01 1.042518172520360692e-01 -2.737431609064379767e+00 1.540429340540485637e+00 1.431405098941069154e+00
-6.327610240175262080e-01 -1.162158128772932120e+00 -6.199592033969357763e-01 1.401320177989612281e-01 -2.588767736375786832e+00 1.396061387318106473e+00 1.369863815431197729e+00
-6.992035125653150995e-01 -7.704088500123638106e-01 -5.868445869225016320e-01 2.524959851548583822e-01 -2.249623508831984253e+00 1.193009702338321931e+00 1.141753213294162794e+00
-6.347385478766173206e-01 -5.667375411735747770e-01 -6.197629595548204140e-01 2.657605175069558956e-01 -1.874313259193244319e+00 1.048189761359222816e+00 7.795015753709080286e-01
-4.414493522875657661e-01 -5.093793359614626759e-01 -5.839797931317100010e-01 1.686314123841838042e-01 -1.545301081297170365e+00 9.203066622163873500e-01 4.089261028629873618e-01
-2.841185978554158775e-01 -3.082891735576057113e-01 -3.167287564041321724e-01 8.611438107310977197e-02 -9.879308355284505128e-01 7.747143917120605794e-01 2.422125931318666880e-01
-2.981085157066982183e-01 2.174797748100891770e-01 1.481918821896190397e-01 8.504997181676189622e-02 -2.658950218666202847e-01 6.133362106593792662e-01 3.253040654223160466e-01
-4.781729880860813853e-01 9.062935818729839221e-01 7.221670520125865744e-01 1.783141457289348641e-01 3.426769785300587401e-01 3.962204267478833808e-01 5.653236344713333805e-01
-6.659006159974222294e-01 1.550680570537673608e+00 1.359119283081455798e+00 3.304927189898179685e-01 7.048144844874438819e-01 1.366006661256684018e-01 8.845622915559075983e-01
-7.249325035928596561e-01 2.038081056515050893e+00 1.880401210491247532e+00 4.288436637855860822e-01 6.556920692936462070e-01 -9.836187859114817189e-02 1.164836761592930481e+00
-7.168462235586516851e-01 2.319955817567355805e+00 1.985540143592944951e+00 4.257676335870970719e-01 4.573772805974968270e-01 -3.115012148803623648e-01 1.274421841520065657e+00
-7.723744716260793064e-01 2.473135656924529524e+00 1.557982217953430393e+00 4.759221862271797998e-01 4.697772380355916821e-01 -5.639014557205666023e-01 1.235344905162195195e+00
-9.132565500550104964e-01 2.660460484196097930e+00 8.513922993487316182e-01 7.928321960370809940e-01 6.056280209491269328e-01 -8.417464783437383913e-01 1.166958745685761523e+00
-1.076600991024930787e+00 2.865266279644118175e+00 2.181537813315639895e-01 1.248224195754085830e+00 9.285535402015524520e-01 -9.838764732590458140e-01 1.130999848894448379e+00
-1.154141240724906314e+00 2.854562972665328324e+00 -1.656136063858594243e-01 1.464082603303895613e+00 1.279422098874366309e+00 -8.275433790785169386e-01 1.066427871497250157e+00
-9.714558588004483797e-01 2.473227030125840553e+00 -2.985754352840892523e-01 1.273100332040991489e+00 1.191206830877365563e+00 -4.271313445057395852e-01 7.825432187830521080e-01
-4.001552983971756738e-01 1.917449963237705779e+00 -2.645821043043664611e-01 8.142447839399125087e-01 8.296525172972442075e-01 -7.180121819137877393e-02 1.875439815282496092e-01
3.799939072465670087e-01 1.440726412861296435e+00 -2.047551778345081674e-01 3.041524575254959672e-01 5.685283851562437096e-01 -2.373391143564375361e-02 -6.044461612625104951e-01
1.082124381842749727e+00 9.750711996586477470e-01 -2.529563292228346194e-01 -1.517878230565781195e-01 3.601626039157683756e-01 -2.401253910336292874e-01 -1.458042894860285488e+00
1.679571943738879192e+00 4.169073869527343268e-01 -4.017132747576553364e-01 -5.540685010120176557e-01 9.480640778061381890e-02 -4.734086009110002324e-01 -2.187481823153937466e+00
2.283778797705916741e+00 -1.274371505010881978e-01 -5.627954927201082036e-01 -9.574296541653058989e-01 -1.562971486057692649e-01 -5.487627012391187442e-01 -2.632079312071061050e+00
2.904646259818181697e+00 -5.156491997666611260e-01 -6.833822100917780196e-01 -1.382725625087732002e+00 -2.347191313895630738e-01 -4.808708973411838783e-01 -2.865696121156109832e+00
3.375737111767086684e+00 -7.568360321980314165e-01 -7.776188657976934593e-01 -1.753911831524635145e+00 -1.491818276184673775e-01 -4.765573613420204246e-01 -3.052309810359322473e+00
3.530284436620481081e+00 -9.017118425820851435e-01 -8.233763060898214858e-01 -1.958688186298486844e+00 -9.176391065937139491e-02 -6.566589724796059180e-01 -3.279338006304562736e+00
3.382329782122930339e+00 -9.357339269615316812e-01 -7.691021296926096040e-01 -1.883938118952688701e+00 -1.110134049558876845e-01 -9.220022008467341212e-01 -3.473807689475551630e+00
2.951325056556709292e+00 -8.269586300933593481e-01 -6.822227786628254353e-01 -1.526167512835000073e+00 -2.187232183641395489e-01 -1.193923765182982821e+00 -3.417631325290352517e+00
2.192013943437775225e+00 -5.434317353897102354e-01 -6.143149574613150365e-01 -1.001145286777177734e+00 -5.720068182354457464e-01 -1.395172111171349538e+00 -2.985633741309883682e+00
1.183908724923444344e+00 -1.267517944311257194e-01 -4.771839357443186658e-01 -4.230422332657564066e-01 -1.221797524059480944e+00 -1.449129292283215520e+00 -2.221518097181490070e+00
9.937417138868782918e-02 2.802721632106618399e-01 -2.306488241865606859e-01 6.891019168922291049e-02 -1.903406479355219449e+00 -1.378325157951864277e+00 -1.312378432634626169e+00
-9.226912318238116306e-01 4.421138885809157704e-01 -5.399804636419394677e-02 3.875605727994367311e-01 -2.219383975658829389e+00 -1.221348636866225634e+00 -5.120037856364633155e-01
-1.721600485635683242e+00 2.752011715569256944e-01 8.707295978329476771e-03 4.784362252491205503e-01 -2.074810693862764399e+00 -9.641861760246002166e-01 5.594771096256356130e-02
-2.128780140623262707e+00 -1.101913826329564833e-01 1.086331841774570012e-01 2.905907528078644497e-01 -1.615287496663921685e+00 -5.639867566636502794e-01 3.469602794814544144e-01
-2.086703561336114010e+00 -5.692055480565958447e-01 2.604231417677507210e-01 -9.536581738527129259e-02 -1.062802627378486964e+00 1.457867526086272262e-03 4.504394180616313470e-01
-1.766455931775983812e+00 -9.191599738465087155e-01 4.616447337310387589e-01 -5.115376979577677119e-01 -6.020847897814320948e-01 6.351809339479820293e-01 5.499773545566438715e-01
-1.471148410617897140e+00 -1.056574434794799844e+00 6.176213196501697533e-01 -7.518175914262663628e-01 -2.321613554518709988e-01 1.106288523543211166e+00 7.220349353694508476e-01
-1.299131166872330212e+00 -1.001270628645535288e+00 5.063778251176773715e-01 -6.973304249484182371e-01 2.736151920550245475e-01 1.331221478670434388e+00 9.965634164068625234e-01
-1.097633389598150933e+00 -8.922607542855726104e-01 9.811765884294572360e-02 -4.752765718922398741e-01 9.250674424105145288e-01 1.415418077509612127e+00 1.239958648201290314e+00
-7.280296735532046926e-01 -7.872587203399333822e-01 -3.297007241354839024e-01 -2.825735538660180679e-01 1.361739529685272343e+00 1.373424525639857618e+00 1.266527655379523054e+00
-2.750860845438478641e-01 -5.580419680379173908e-01 -5.372479126859637244e-01 -1.536839243546269385e-01 1.590242348996153243e+00 1.160616186493381941e+00 1.129486581703567971e+00
8.629090964108103445e-02 -1.662767784145214867e-01 -5.393901688589950449e-01 1.651744112922723731e-02 1.745616084920109667e+00 8.163626405745454395e-01 9.808856054824411919e-01
2.552479783679449388e-01 1.936641919103261333e-01 -4.347088930634466775e-01 2.553546822074467260e-01 1.867180956211807574e+00 3.813043239032908316e-01 8.982738867269927097e-01
1.439611572064906364e-01 3.725377296092950985e-01 -3.399049020165497148e-01 4.827362717657153746e-01 2.011097243199281515e+00 -9.658274321230125858e-02 8.993616820558231195e-01
-2.113506041611310227e-01 4.556096440526538061e-01 -2.503328136462199538e-01 7.288377862250499106e-01 1.953381532138032783e+00 -4.703136314756144465e-01 9.719839088883760470e-01
-5.832187050951698204e-01 4.559805419076936039e-01 -8.876831689636505152e-02 9.707751648492529695e-01 1.633842056742262905e+00 -5.825637222085058298e-01 1.093393437312082161e+00
-7.115468349921147961e-01 2.148402699571118069e-01 1.793863756794262521e-01 9.804832332654223048e-01 1.098697968061430830e+00 -3.834366947497587219e-01 1.135931713750585770e+00
-4.239504654872125466e-01 -3.010515935395149945e-01 6.504732634939422997e-01 6.500034078668036619e-01 3.620287683696008507e-01 2.069007601345789621e-02 9.249158498135608975e-01
1.591253100084030758e-01 -9.245942974896570465e-01 1.320098549547130462e+00 1.689846158585806002e-01 8.576010005490779242e-02 4.038783963632858187e-01 5.567950535059710271e-01
6.726767614592694677e-01 -1.508658477493145966e+00 1.922246874625885393e+00 -1.530004694366077778e-01 5.293505770387338938e-01 6.044332763565003486e-01 2.780125451074474396e-01
9.249689372993696868e-01 -1.914830028421707020e+00 2.223555253950327604e+00 -2.368921935468618900e-01 9.590920341215766198e-01 6.499215246084549813e-01 1.632229908086079428e-01
