1.108360765430127376e-01 -2.477219322593488260e-01 -5.348996159107517745e-02 4.147332102360115624e-01 -3.702541188443563835e-01 -3.717328717027333362e-01 3.101442248125549361e-01
2.778449402666974821e-01 -2.856947517703758987e-01 3.794002944087885437e-02 -2.052740408687365459e-01 2.629534184639722300e-02 -2.611536820522539215e-01 4.958178176441012663e-01
2.204421462640381857e-01 -2.668450140568294215e-01 1.405857293060647495e-01 -9.589341399936821553e-01 8.713584499168253172e-02 5.589662465984934249e-03 7.634866828746612599e-01
-1.251283180895886027e-01 -1.240858300009242271e-01 2.747351601546650923e-01 -1.383017832812417414e+00 -8.655784024539116273e-02 3.611543166162423657e-01 8.235672638177599092e-01
-4.769437848003734715e-01 9.366793966524131210e-02 4.440761905991043590e-01 -1.340058275843009072e+00 -2.863984338347334568e-01 7.075881516739481736e-01 5.489759805710564544e-01
-6.995304388125479500e-01 3.532649310591216563e-01 5.941855132291288255e-01 -9.390481819671515629e-01 -4.727499313410056248e-01 9.827421320703140228e-01 7.806815507931648065e-03
-8.351677660599329256e-01 6.612427234093714024e-01 7.042698470675620159e-01 -3.554710400018170069e-01 -3.873833150366896017e-01 1.151114901699096027e+00 -7.048463444158028501e-01
-8.522485686583178843e-01 8.511429198674520524e-01 7.229981443942963271e-01 1.650030766608039656e-01 -7.764607731484880759e-02 1.242371085492684601e+00 -1.310256596598174061e+00
-8.466512986699051835e-01 8.839400195649329550e-01 7.056312403365008201e-01 5.638512730865212763e-01 1.224521731617563697e-01 1.229380800187930056e+00 -1.640878702123717003e+00
-9.915399352195830573e-01 9.187492210941341497e-01 7.531891885798034370e-01 9.567372308393032876e-01 7.564538192287957596e-02 1.055368703967159316e+00 -1.775217670454466212e+00
-1.190477094459107210e+00 9.336749996535597118e-01 7.467542095228274501e-01 1.203005810988551749e+00 -2.523135398351801229e-01 8.372392635953779250e-01 -1.664973757522713482e+00
-1.243650138534211802e+00 8.514988727531377366e-01 6.281022634710282659e-01 1.095487967605358159e+00 -7.822197428692474475e-01 6.451564248521950429e-01 -1.262255214514598656e+00
-1.133450969761825133e+00 7.213415119293707933e-01 4.789486074046299668e-01 7.692429937332352363e-01 -1.089968397977291836e+00 3.874973590652457944e-01 -7.425919515518307756e-01
-9.796837084022834707e-01 5.956698522025287712e-01 3.116308221951604729e-01 5.055279973704155383e-01 -1.032872821211693326e+00 1.073145617553057513e-01 -3.126212411741176589e-01
-7.094855767102976607e-01 3.936299065887902127e-01 1.621248859905747575e-01 3.534391506330396004e-01 -8.814631090892508514e-01 -9.967000692771579851e-02 -1.842219316812780325e-02
-1.913101065511439158e-01 1.419685988303291679e-01 6.478542934067134385e-02 1.987921056123420349e-01 -7.832174925998567350e-01 -2.432586331306871297e-01 1.514420047782586709e-01
3.325823835397299644e-01 -4.586289480233823185e-02 -9.519284056658962323e-02 -2.413845521656775989e-02 -6.018377603527463870e-01 -2.953523764712342459e-01 2.701770752787860386e-01
6.028365209525938795e-01 -2.117538750046434326e-01 -4.082222191706039727e-01 -2.471308033563070494e-01 -7.245440681556784661e-03 -2.388125552031432897e-01 3.921786025146228316e-01
7.269485460827350698e-01 -3.933514989140304285e-01 -7.497219297245123482e-01 -3.085961169316725483e-01 8.400853237644967386e-01 -1.424819803332654233e-01 4.099158317518157291e-01
8.152337084821734692e-01 -5.758063680933319661e-01 -1.035762772490107730e+00 -1.566031329666639493e-01 1.373654085237684619e+00 -7.211371608158642643e-02 3.292776798222092904e-01
7.974426786860423499e-01 -7.288261144658302326e-01 -1.304257644336176192e+00 4.270417511126554932e-02 1.449048526298648776e+00 -3.703005488494956476e-02 3.337635322512086389e-01
6.094971729177761643e-01 -7.934353824678070932e-01 -1.444354888972023243e+00 2.524796797336574805e-01 1.436156515247865251e+00 -6.100969683939193311e-02 3.702564388390972017e-01
3.332278348227776799e-01 -7.651687706207626061e-01 -1.406967946624122945e+00 5.487504140525262253e-01 1.429611659893712083e+00 -1.412646294483222154e-01 2.908046349030779520e-01
1.741183497440179362e-01 -7.514123527721752183e-01 -1.281192960865646047e+00 7.707860939957487112e-01 1.163762022117803330e+00 -1.899179893454275847e-01 2.066022065661055618e-01
1.095533896328330370e-01 -7.574502496503525695e-01 -1.046196545949148904e+00 8.621113065305590073e-01 9.215725515915577093e-01 -2.197126681806389759e-01 1.370951702566255703e-01
-3.861963108463824235e-02 -6.732525895658579840e-01 -7.441652423242676173e-01 9.335158479466721948e-01 7.999737440558426504e-01 -2.489843778269949515e-01 1.288470993911531963e-02
-3.149432542796615775e-01 -5.903905723888388524e-01 -5.238722052455917488e-01 9.430043912054700828e-01 6.796636719475759314e-01 -1.628434863395762100e-01 -4.841075779833755449e-02
-6.598400631474992117e-01 -6.142062014373497192e-01 -3.986850612351133250e-01 7.981745637403386828e-01 8.719849080637075422e-01 1.949937863651352021e-02 1.701327599293351450e-02
-8.518191063385189832e-01 -6.564401017292030849e-01 -2.302467935822975764e-01 4.558130325535894589e-01 1.132602927520741209e+00 1.352222868072019135e-01 1.418140548763703046e-01
-7.382429485609062203e-01 -6.569253253939352222e-01 3.737732782481566901e-02 1.775628700632472454e-02 9.367283604363959570e-01 1.280694881278810482e-01 2.838046029766940759e-01
-3.945065050230019965e-01 -6.087112171273006966e-01 2.678451477072864018e-01 -4.300014903083690387e-01 1.825339535366915511e-01 1.673975887415085975e-02 5.232421868822441091e-01
9.284202691551596276e-02 -4.728474733318521750e-01 3.846445168403811454e-01 -9.223447777129096803e-01 -8.361015805746465634e-01 -2.049267041142846246e-01 8.738183441890489123e-01
6.080889485238565317e-01 -2.924768427488914635e-01 4.208529284584957009e-01 -1.281598650189937683e+00 -1.623917082754783303e+00 -5.208867136332693271e-01 1.167389891766119403e+00
9.318292983888065706e-01 -1.814565149706873493e-01 4.050745872183412200e-01 -1.350893027694167525e+00 -1.962602483166333345e+00 -8.306587951026054295e-01 1.332135328613563319e+00
9.009025217887477455e-01 -1.771678523436516772e-01 3.766245127327438325e-01 -1.160997140450830578e+00 -1.937732293744732104e+00 -1.002813319562535943e+00 1.378887921021629159e+00
6.987533858570148526e-01 -2.249700973165028317e-01 3.958203298080250621e-01 -7.874291541061166910e-01 -1.792559022053154871e+00 -1.015942264097986936e+00 1.232491207632947283e+00
6.806972821045188526e-01 -2.601381021931902793e-01 4.830505664595005078e-01 -3.937603470241051729e-01 -1.649175798982874142e+00 -9.401797076429551092e-01 8.820724489022607750e-01
9.164768494619326411e-01 -2.376721261382217509e-01 5.471348923184848889e-01 -8.302943993707875836e-02 -1.327774344096272374e+00 -8.765684134135104388e-01 4.440441447330444324e-01
1.298379450817273684e+00 -1.087253055467413826e-01 5.606759759847437241e-01 2.208024121911077997e-01 -9.072599435599941753e-01 -9.205739213367185592e-01 -3.752766960580967981e-02
1.653250579802928444e+00 4.767516775308822813e-02 5.053856035102993749e-01 5.648484428471333141e-01 -7.634834165576680487e-01 -1.010755030055795478e+00 -4.477692810199698781e-01
1.720083777155169580e+00 5.246134998820493889e-02 2.907655541525251963e-01 7.587893956141600338e-01 -5.989664636851209645e-01 -9.755987786928803640e-01 -5.794206898110925152e-01
1.415166669098224750e+00 -1.061810161424511512e-01 3.669510034011090778e-03 7.404128811504392393e-01 9.640018951214861243e-02 -7.322979033867390575e-01 -5.244735447159241115e-01
8.806878243675004825e-01 -2.469928967107239970e-01 -1.838824560647802364e-01 7.241868268293171207e-01 1.066443544085880379e+00 -3.536341762146978929e-01 -5.481638912497452942e-01
3.408539699802029532e-01 -2.894145272551097992e-01 -1.927534197816712092e-01 7.636832525254150239e-01 1.882710207827351434e+00 2.783588343022542350e-02 -6.977201864189236380e-01
-2.656508571705552130e-02 -2.527206106855515166e-01 -1.290313303836899093e-02 7.215767464996507563e-01 2.310260066432080261e+00 3.250411440377239392e-01 -8.649596594130865013e-01
-2.755765643122070063e-01 -1.098981346379516028e-01 2.415761083881062254e-01 5.842251840535376273e-01 2.188333068463272024e+00 5.342047899780095754e-01 -9.589150898321761041e-01
-5.414677056054785220e-01 7.398672820365405356e-02 4.587526750107155382e-01 4.630316234389566521e-01 1.724732203579120382e+00 7.148524382328675930e-01 -9.900666620556197728e-01
-7.141548031782569694e-01 2.039461917537716551e-01 6.041728742967454879e-01 3.852330791288942069e-01 1.134049561836325770e+00 8.507825361402910902e-01 -1.008617037186154253e+00
-6.404110347374868395e-01 2.835779069926683826e-01 6.618977766941467333e-01 3.218273709897717105e-01 3.783036805805197189e-01 8.924616561805546189e-01 -1.016673061472706641e+00
-4.703587518939823520e-01 3.501379239195204773e-01 6.628760648716477411e-01 2.173620662165182960e-01 -1.287709981615038912e-01 8.358874470637353005e-01 -9.944964469491958114e-01
-3.138532337412826001e-01 4.297344524382196718e-01 6.321212462392006293e-01 1.600231446402621688e-02 -2.091432355130119214e-01 6.519889265375230503e-01 -8.936095384805117225e-01
-2.065461720535158308e-01 5.633012914964394824e-01 5.314944758225481625e-01 -1.506836032462225694e-01 -2.610584294423352048e-01 3.558757416751717195e-01 -7.219758512800711348e-01
-2.258820695792647659e-01 7.963894203807629912e-01 3.878197973136852106e-01 -1.567617341281914711e-01 -4.226640978123052950e-01 2.759117207291259324e-02 -5.840127481266612630e-01
-2.942314479967144680e-01 1.045509388976288312e+00 3.116371192119911648e-01 -7.719823050293285471e-02 -7.298415188847739987e-01 -2.421862449476823720e-01 -4.910607113519031008e-01
-4.019829220411501036e-01 1.145228546250941948e+00 2.732737602536041144e-01 4.243188350975433953e-02 -7.988251580020562237e-01 -3.851271608046035189e-01 -3.909636760489764162e-01
-5.031517072958505699e-01 1.024807996787149733e+00 1.444975850990047328e-01 1.603211359149908366e-01 -4.449745647703892137e-01 -3.539349416826285122e-01 -2.875076010705783780e-01
-5.532398128537523441e-01 7.742529508204173405e-01 -1.080082250701424745e-01 1.982545879516059151e-01 -1.286108388008172232e-01 -1.416912350085643979e-01 -1.716028302739345535e-01
-6.357214234622226012e-01 4.953642609407200026e-01 -3.948645693406940826e-01 2.119461403355463180e-01 2.124149646329321628e-01 1.373223813432236373e-01 -7.993518158684796704e-02
-6.840674140684098736e-01 1.104037822981389083e-01 -6.367380027466549297e-01 1.369345687936555089e-01 7.341597573895840556e-01 3.942252930503329922e-01 7.242888771661509795e-02
-6.352959372609220390e-01 -3.728826771176795285e-01 -7.664350248357967299e-01 -1.696003560122527065e-01 9.545364318253134472e-01 6.573364890449658882e-01 4.120560721546142613e-01
-6.013068095610027974e-01 -6.868037740672071623e-01 -6.589785951987386925e-01 -4.981181234258884039e-01 7.335424897728775040e-01 8.829184886247304354e-01 6.903621081449587971e-01
-7.047032704025046890e-01 -6.601797234711145324e-01 -3.433880146599342376e-01 -6.327315313003835096e-01 6.218784193203276134e-01 9.767353695689034998e-01 6.588983024521110066e-01
-8.121383284302274852e-01 -3.932361010924912414e-01 5.773078514396318139e-02 -6.503531521750559596e-01 5.619377539941888822e-01 9.385575364537982468e-01 4.220689794802182648e-01
-6.591536460245283058e-01 -1.176538325140298602e-02 5.221697928958852764e-01 -5.994343444156496892e-01 6.371794261495720979e-02 7.622843918496930993e-01 1.114523893113474884e-01
-3.637752920554019331e-01 4.443837362295052218e-01 9.389699767896834137e-01 -4.186261740327731906e-01 -6.877840542118168754e-01 4.404469491372992040e-01 -2.285771214393181872e-01
-2.323217280602604407e-01 9.497282677133814799e-01 1.164738374363341045e+00 -1.512227631447026488e-01 -1.245263414210967534e+00 7.816014274802032813e-02 -5.646442634877868461e-01
-2.289757923992092048e-01 1.399957497085028812e+00 1.281240222366960113e+00 3.365194823302864596e-02 -1.666216254660943807e+00 -2.063383953861416265e-01 -8.168467733837504463e-01
-1.328295653449114988e-01 1.626585945082870577e+00 1.334110605699537322e+00 3.235012713455291677e-02 -1.910237548271879193e+00 -3.978123229653176551e-01 -8.880157116337314971e-01
1.711250993471003512e-01 1.531608512094169816e+00 1.156578959072451784e+00 -1.484421469745958455e-01 -1.595173122822516554e+00 -5.025436483286367384e-01 -7.736238360555716120e-01
6.305053000232319071e-01 1.142082697926822821e+00 7.748219851189349638e-01 -4.017951985989507424e-01 -1.114777948543005381e+00 -5.050041700702604386e-01 -4.968368989301632510e-01
1.023365339683917741e+00 6.470322715295364624e-01 3.892163333402830494e-01 -5.991696501244763162e-01 -9.428323442217145800e-01 -4.534782596623442852e-01 -1.237195704952738090e-01
1.159937655467308426e+00 3.200840269193102050e-01 7.827057947818595596e-02 -6.979872081758852209e-01 -1.028119214441928886e+00 -4.202187544065044689e-01 2.188975673194898108e-01
1.041674402859141813e+00 2.761866876325746456e-01 -9.817195958690433377e-02 -6.846420539684123785e-01 -1.276772930798903971e+00 -4.369097669782911475e-01 4.060906208014871122e-01
8.290131545256008705e-01 4.190597472541991442e-01 -1.148137386630380119e-01 -6.095636108134234732e-01 -1.437085301135934579e+00 -5.002389250186594083e-01 3.677911774833031444e-01
6.306296053309612404e-01 6.317091203920864873e-01 -6.786976844728760672e-02 -5.261602736929587021e-01 -1.403777605622317015e+00 -5.982706499386968302e-01 2.067298269671102307e-01
5.007978953880799500e-01 8.866311597868493655e-01 -1.656418898640711276e-02 -3.858404672264250101e-01 -1.190831220190379014e+00 -7.606254050210060624e-01 -1.297727097440777274e-03
6.144831842182458814e-01 1.103075611065129635e+00 7.148666184595738049e-02 -2.381775932520499850e-01 -8.002943945560743177e-01 -1.004023689833053457e+00 -2.483919081484456115e-01
9.193223085985259280e-01 1.116102826415298122e+00 8.089389355491556632e-02 -2.348523917568082486e-01 -3.277430106700632284e-01 -1.228394239119019016e+00 -3.139768682885959450e-01
1.169630905289777090e+00 8.942257666649560122e-01 -1.363610508158642487e-01 -4.106883707014218898e-01 3.689013034049377221e-02 -1.287755076096589901e+00 -4.720591955155672981e-02
1.272649464783026874e+00 5.357670373617471338e-01 -4.702256480459670041e-01 -6.143193565930028521e-01 1.928392781279129053e-01 -1.176992629662191092e+00 3.530567885225661673e-01
1.134278227329758248e+00 1.548644882969430481e-01 -7.817069871609321208e-01 -6.996245022594840268e-01 3.873191420300834409e-01 -9.475728981076725344e-01 6.809883886571603817e-01
7.890591446832059264e-01 -1.496951285747851468e-01 -9.725021730895225813e-01 -5.907359556517463028e-01 5.856743837005066178e-01 -6.562816874379793219e-01 8.504419219894940873e-01
4.082347063813555055e-01 -4.158349510453229203e-01 -9.684580766574160116e-01 -2.355685506536572271e-01 4.790449061831827948e-01 -3.861743653181388680e-01 8.332659894027907299e-01
-6.708498740863369503e-02 -7.625710456807767157e-01 -8.917886787460946874e-01 1.769039901598652154e-01 2.630167151071595155e-01 -5.469804862216048197e-02 7.905243623657873808e-01
-6.595547277696685029e-01 -1.205872390928998117e+00 -8.800108177611668525e-01 4.441881091392979042e-01 1.977706675001470737e-01 4.235878524826350300e-01 8.501860193760796269e-01
-1.173603774875038752e+00 -1.657577721058691056e+00 -9.303374837698676902e-01 6.614949477886459261e-01 1.304538751678092356e-01 9.280586722131298760e-01 9.241791322324247604e-01
-1.500283333703539723e+00 -2.006084326215923586e+00 -9.440657613683687277e-01 9.183780433635856388e-01 -1.218352041270081704e-01 1.314341141224116383e+00 9.216434037366620924e-01
-1.694275157597081360e+00 -2.190240691196395417e+00 -8.838960732431240253e-01 1.116482405333736105e+00 -4.133144072004544811e-01 1.538568485717275225e+00 8.844482244783693492e-01
-1.778186065928622162e+00 -2.137902841536711396e+00 -7.308901431290656392e-01 1.250520355371124603e+00 -5.513388840289489279e-01 1.506951127875644891e+00 7.738162138168296345e-01
-1.607831678070010373e+00 -1.825005506791591348e+00 -3.108552642956018963e-01 1.419519037387664939e+00 -6.060291394213624949e-01 1.169272522195728969e+00 3.916499077882245050e-01
-1.168318498176010412e+00 -1.484369228521362549e+00 2.841852549634642511e-01 1.477037757272679608e+00 -6.662330963615035184e-01 8.420662816766946168e-01 -1.355102423589774618e-01
-7.235953103429184630e-01 -1.348905684085642154e+00 6.654810840067109101e-01 1.302336967298433068e+00 -8.159368212818600696e-01 8.284561842391036102e-01 -4.352112746417244882e-01
-4.622356932792620055e-01 -1.367495262434077263e+00 6.894874053310979800e-01 9.785455434104955996e-01 -8.690373227796737154e-01 1.020147672782183657e+00 -3.994484755443946655e-01
-4.108944147541847003e-01 -1.415710168482674725e+00 4.222755477314182326e-01 5.048432569615028953e-01 -3.589543024377999103e-01 1.243315863630530593e+00 -1.160808975181265995e-01
-5.184270246917470626e-01 -1.445082239813996194e+00 9.619767489271468380e-03 -4.200165959141854977e-02 2.997442652778770089e-01 1.475292886655463542e+00 2.840158024618494315e-01
-6.158315527732677319e-01 -1.418334706864784245e+00 -4.069914926202100047e-01 -5.537900746168487043e-01 4.263406118372568554e-01 1.675399060652793981e+00 6.977326441081660446e-01
-5.989082596434563976e-01 -1.270568450718732922e+00 -7.455513380118251598e-01 -9.915898292794235180e-01 3.024359520549991798e-01 1.736067862186934985e+00 1.004012792998469461e+00
-4.109796948810784945e-01 -1.015059042340378470e+00 -9.138738064779199366e-01 -1.278327153124710014e+00 2.914636095664544513e-01 1.610358341176289176e+00 1.077723472041810293e+00
-3.532720472213452673e-02 -7.687309226074497959e-01 -9.674763615052272003e-01 -1.414008984814042247e+00 3.258627584477756245e-01 1.351224110631796149e+00 1.003378547430993972e+00
3.781493475563333373e-01 -5.590442629342127212e-01 -9.300116658704904449e-01 -1.420223786769070573e+00 4.608834206859761529e-01 1.025771294438602821e+00 8.478665619969553147e-01
6.532824395454240873e-01 -3.180807476272938805e-01 -7.623982800864520515e-01 -1.330105774945539832e+00 9.606552840818564087e-01 6.497983737996254616e-01 5.962311319915255536e-01
7.579139496837531409e-01 -1.229736775166622234e-02 -6.006913983361126252e-01 -1.217673307135731076e+00 1.594923285024720583e+00 2.280791477898499175e-01 3.629222972688029847e-01
7.670534622549012305e-01 4.019220308899719152e-01 -5.170617609997958386e-01 -9.981120793549116410e-01 1.860247488405906369e+00 -2.530251974107843305e-01 1.439931665021160767e-01
7.517297428240136137e-01 9.321205243444024013e-01 -4.616940906955362411e-01 -6.489458546654051085e-01 1.734574168317480902e+00 -7.883501351097326193e-01 -1.133217127488722747e-01
7.033190750640795352e-01 1.488245602050074057e+00 -3.854491242804238271e-01 -2.855118023168142227e-01 1.382983894196284425e+00 -1.309750742971682147e+00 -3.521879256845715234e-01
5.659729722700569399e-01 1.927014124111267712e+00 -2.655194492722239286e-01 5.227251173120495142e-02 1.008334820434321211e+00 -1.712483411907736119e+00 -5.375474238297247576e-01
4.052365991669418799e-01 2.118791537002479686e+00 -1.474722381841583607e-01 2.504645489141629766e-01 7.215989126456133773e-01 -1.848414069495752932e+00 -6.345447966181182453e-01
2.601265523645892586e-01 2.094724494974673501e+00 1.752446740588921650e-02 2.727186321601183794e-01 5.714578992648255973e-01 -1.693179004557866518e+00 -7.078611309755910019e-01
1.158502936466162259e-01 1.942434443128095545e+00 2.260647324008643599e-01 1.682120815567961503e-01 6.047356413647396733e-01 -1.352257015110741367e+00 -7.792249622599172199e-01
6.727490361985128753e-04 1.744259703800581374e+00 2.605307185664813008e-01 -4.779227129492264609e-02 6.318912092264118430e-01 -9.717649946729020050e-01 -7.196003040563030417e-01
-1.338085211597825064e-01 1.556902574540764972e+00 3.619302338900533961e-02 -2.347215407871236781e-01 5.261482072318613978e-01 -6.822206555218237600e-01 -5.039782870723752417e-01
-3.253617454645440499e-01 1.341354124406255455e+00 -2.712157076706818160e-01 -2.456707102877358773e-01 1.408590096201272346e-01 -4.860271485361538080e-01 -2.290871056381449111e-01
-4.933118894208466387e-01 1.186736406198326321e+00 -4.476436078194073742e-01 -5.977654747722692397e-02 -5.941294821854771202e-01 -4.312446335273267817e-01 -3.976030787856044829e-02
-5.135251093165120739e-01 1.164696398865293636e+00 -4.232556801732431651e-01 2.385556387224921915e-01 -1.245115045085635197e+00 -5.528259721311536978e-01 -4.978296286681370419e-02
-3.516399573336435602e-01 1.128849963252290589e+00 -2.818891277714061228e-01 5.487630185906564595e-01 -1.430385112537094328e+00 -7.204509000624157444e-01 -2.310499893881398370e-01
-8.389245258086028278e-02 9.640274892035924914e-01 -1.939671860037085749e-01 7.534738100354435586e-01 -1.088206766959402660e+00 -8.364911535100244544e-01 -4.035902857576358915e-01
1.172269491272485142e-01 7.550030461394575676e-01 -2.549034027251251278e-01 8.173307023368735491e-01 -4.150462774367654761e-01 -8.845885201517468266e-01 -4.310024565109288885e-01
1.692985049837715250e-01 5.698393540196871054e-01 -3.520586996044640093e-01 9.160022248293708813e-01 7.877405188290444171e-02 -8.821993838929444998e-01 -3.761994613820640043e-01
1.310849892940794681e-01 3.067027414072412972e-01 -3.833830495137987571e-01 1.100849206217317633e+00 4.014082380918990167e-01 -8.396414063002030082e-01 -3.086820220071935794e-01
5.593781953934168910e-02 -5.587515086423527899e-02 -4.226385761375077710e-01 1.212905235287526029e+00 7.300359065146451165e-01 -7.617606241713321680e-01 -1.554324581048200649e-01
3.058444991633348445e-02 -4.452770774710676505e-01 -5.155714009110419216e-01 1.116622780989546593e+00 8.495012063001213809e-01 -6.414768683674955119e-01 1.334987697875897328e-01
-4.246102077660255519e-02 -7.109654147997735985e-01 -6.270031259129751344e-01 8.430166727136446658e-01 8.498006206740180701e-01 -4.367274820481833464e-01 4.282888605136424554e-01
-3.811003751850402521e-01 -7.022035121333544128e-01 -7.161279623301293196e-01 6.222606158686917466e-01 7.753514261346098335e-01 -1.801514360602859688e-01 6.119962662173557000e-01
-8.616203024553618084e-01 -5.534363328162330564e-01 -7.531429874045587614e-01 5.493767104436848570e-01 4.821981233190607563e-01 7.755423256545113109e-02 7.074071864353402850e-01
-1.230298436649592153e+00 -4.406068022442412579e-01 -7.810807286604574129e-01 5.286352887988038374e-01 2.299788684173321718e-01 3.144487464421870104e-01 7.297060215463074817e-01
-1.438325868348401926e+00 -3.654288918061838198e-01 -8.310942636459909272e-01 5.011114565135486032e-01 1.463243867524522401e-01 4.929567757153863194e-01 7.045551189183172358e-01
-1.515169088015381638e+00 -3.418519659314354642e-01 -8.154530704763802706e-01 4.943299316778863028e-01 -1.200542369603703058e-01 6.198009101859089931e-01 6.468685059152237127e-01
-1.505983434205627747e+00 -4.498578287026921974e-01 -6.840436443928741284e-01 5.514979423397968761e-01 -2.490302077501107547e-01 7.178298179237625476e-01 5.111452864617582748e-01
-1.462568518776550919e+00 -6.961094477244766932e-01 -4.457189910621838225e-01 5.780619122194616821e-01 2.708802087039455242e-01 8.100188285332111660e-01 3.257826836641331547e-01
-1.476162580841322125e+00 -9.371205885476696640e-01 -9.575588419154781872e-02 5.026577715320840190e-01 1.194859034358654037e+00 9.397936064285097313e-01 1.248751065842520630e-01
-1.508152653648833663e+00 -1.086273421725054478e+00 2.871341164792353684e-01 3.333518061813930400e-01 1.988645673752523768e+00 1.124913206514563946e+00 -8.523140196625783593e-02
-1.327754243026455061e+00 -1.201962605830401820e+00 6.567310532286938507e-01 4.894279155227920786e-02 2.079386820660623858e+00 1.294590320726758614e+00 -2.133451799702902330e-01
-8.140729953469797442e-01 -1.361952518053772598e+00 9.389548036821107058e-01 -3.551463222934181374e-01 1.713332655669690618e+00 1.329983990381344849e+00 -1.536514112260676801e-01
-3.403994659431659742e-02 -1.502521501041500951e+00 1.058952739696531031e+00 -8.208271018180377521e-01 1.439384945624828882e+00 1.187971058469171615e+00 2.774372346035087339e-02
8.308188050813202219e-01 -1.501571687876332772e+00 1.152539667402255885e+00 -1.184992658490201967e+00 1.202587689937739457e+00 8.987816494454060612e-01 1.010129540117929853e-01
1.638967374730557092e+00 -1.416885325868876722e+00 1.347061851612774364e+00 -1.400074231858933205e+00 8.829599600688778915e-01 5.885705491828899794e-01 -7.584664295884593378e-03
2.326657966891922946e+00 -1.283759071223429471e+00 1.707154329307365881e+00 -1.495500355388147851e+00 4.834919708800117233e-01 3.787739221059384098e-01 -2.823197066396460064e-01
2.772901133079745506e+00 -1.119225468187949879e+00 2.235476616465481570e+00 -1.409286042467421618e+00 7.882892146956980983e-02 3.123745627153119431e-01 -7.234503964492849937e-01
2.878224672466771050e+00 -1.065050557239926476e+00 2.769303231028966028e+00 -1.198069336336462287e+00 -3.163611014698713975e-01 4.294398723900794135e-01 -1.147604756574722495e+00
2.677678377677471300e+00 -1.161930937562045907e+00 3.205396951074849454e+00 -1.014763738346258437e+00 -5.983201102080956124e-01 6.402596768460889765e-01 -1.368261150958085093e+00
2.263880147024720291e+00 -1.307019348992951580e+00 3.518074024325842597e+00 -9.142023012777773516e-01 -5.681086583595291728e-01 8.017707730164290725e-01 -1.392615840636862057e+00
1.783687292658775903e+00 -1.449394561024410777e+00 3.569765327177999659e+00 -9.010296129315927827e-01 -2.600076503898384184e-01 9.092325031594050699e-01 -1.264299337511812116e+00
1.340755913940249400e+00 -1.509019992675864952e+00 3.277321930924485205e+00 -9.290741614435048534e-01 1.137983305577741772e-01 9.005256251777268295e-01 -9.979280383406354815e-01
9.818169383147252738e-01 -1.364406492376182944e+00 2.635669412655947230e+00 -8.801702975119132244e-01 4.143781702379874532e-01 6.726911586090248418e-01 -6.405641697978418092e-01
7.560344017930419325e-01 -1.062478217443742157e+00 1.632598182793978836e+00 -7.197157356005660089e-01 6.557594722225301709e-01 2.579185405012233701e-01 -1.969105142535385045e-01
5.512253593605991320e-01 -5.645685129660013013e-01 5.466876921939208822e-01 -4.045600732837794644e-01 5.449723861236344113e-01 -2.672569685515268079e-01 1.868153015100726955e-01
2.399278282735766432e-01 2.697458800164475035e-01 -1.807866617692965305e-01 1.196212734279162027e-01 -3.396917466659917229e-01 -7.771987764643640828e-01 2.187602668769735303e-01
-7.662003577260909082e-02 1.326616803611233797e+00 -3.986170559849927519e-01 7.676749300669495346e-01 -1.556773449851191371e+00 -1.226218014348709362e+00 -1.955907564269677712e-01
-1.925292062884072231e-01 2.264228380314484035e+00 -2.543897497155570009e-01 1.342155709673124919e+00 -2.215791189685947238e+00 -1.598584277564725431e+00 -8.764484939353274218e-01
-1.487442874362879530e-01 2.824789533956743259e+00 1.530120659352794676e-02 1.667582120329659245e+00 -2.303179707478984817e+00 -1.731839533912215456e+00 -1.480987351907325555e+00
-1.773485613615710388e-01 2.967979879512424368e+00 2.749888879729950886e-01 1.772080749819385792e+00 -2.113429641638826961e+00 -1.577779952193011148e+00 -1.825295442305330473e+00
-2.663448096274195209e-01 2.795835226407430874e+00 6.117337066991407335e-01 1.833064541358782495e+00 -1.636587967209028882e+00 -1.290376882952599669e+00 -2.060594910210282737e+00
-2.439233223282665786e-01 2.473156654198901183e+00 1.103576761908675596e+00 1.951729697958977994e+00 -1.124456213183252729e+00 -1.033459124087955150e+00 -2.324419847077694001e+00
-8.981198264229428574e-02 2.038425200404403448e+00 1.467509222459175477e+00 1.995840551886940206e+00 -6.842975771621679915e-01 -8.414791410094242252e-01 -2.436872346704825443e+00
7.201273184207981903e-02 1.542449312597331312e+00 1.460013455426644180e+00 1.893090628559446431e+00 -4.022527145235721413e-01 -6.456441739902543109e-01 -2.283780423823373873e+00
7.420018094359426275e-02 1.128543931652617571e+00 1.196936759605404133e+00 1.814818170381193418e+00 -5.014947837687302457e-01 -4.358555170782827948e-01 -2.018381281681872252e+00
-1.344660266808151428e-01 7.745274140338646029e-01 7.567257338936105304e-01 1.762236046546372448e+00 -7.927425522655616730e-01 -2.017600561789128222e-01 -1.640675847502493401e+00
-5.700523657002054545e-01 4.287904961910243284e-01 1.228655362693784614e-01 1.597349015562017360e+00 -8.065588338733924445e-01 4.208610606460230080e-02 -1.044945798861477648e+00
-1.229239988805505446e+00 1.220734489731667843e-01 -5.499911165536253144e-01 1.328619229593529294e+00 -4.280330055514151022e-01 2.392970465270108649e-01 -3.118338122121531164e-01
-1.832089197605653696e+00 -1.760097199622237818e-01 -1.003637820329837504e+00 1.038864531405569780e+00 -9.128838510552846064e-02 3.980201754994368568e-01 3.420701157598670106e-01
-2.167103651262845432e+00 -4.816615421012878095e-01 -1.204614019429089744e+00 8.488469664614072263e-01 -1.191098386592107233e-01 5.075913054626330911e-01 7.837031822278038851e-01
-2.310485218346831182e+00 -7.555997816418329460e-01 -1.327718367615478678e+00 7.298633682543189671e-01 -2.955466880506758542e-01 5.899458593858499800e-01 1.112165639262117534e+00
-2.253193671372384355e+00 -9.933538158341156388e-01 -1.441454717827891363e+00 4.897620170245144400e-01 -3.435831650930765702e-01 6.903586461607870151e-01 1.430050143349196112e+00
-1.989867730158044523e+00 -1.160629816889438670e+00 -1.518373795341138033e+00 6.101064218106687365e-02 -3.177172146492334703e-01 8.260024464534506672e-01 1.704012569130864296e+00
-1.645002178376671731e+00 -1.129520058293008278e+00 -1.552035287251289697e+00 -4.698278635901268485e-01 -3.206420653777318774e-01 9.750157254842063415e-01 1.856665140644564893e+00
-1.279908215652946213e+00 -8.903695570103757895e-01 -1.589712365771732694e+00 -1.013173643951948755e+00 -2.011920482676344268e-01 1.088375841167878555e+00 1.862611085321281612e+00
-8.407966525388128609e-01 -6.640517407716133302e-01 -1.676643696473222978e+00 -1.562542187018211903e+00 2.757570901856570833e-01 1.189403605444291356e+00 1.805112317423826163e+00
-3.551764343391739520e-01 -5.268067332475045994e-01 -1.772230412067087757e+00 -1.994732930521047276e+00 9.717317819005177881e-01 1.255806871706885541e+00 1.681568866526258255e+00
5.164085180500742334e-02 -3.655045758541524692e-01 -1.820309789217301244e+00 -2.184339605319541189e+00 1.585345220785294496e+00 1.204398559830360149e+00 1.445096509883977642e+00
4.269419411130644937e-01 -2.003825213746461276e-01 -1.839519584032553778e+00 -2.221061795658053839e+00 1.982834542658688193e+00 1.014555261895569771e+00 1.226912079361325292e+00
8.461969874060647490e-01 -4.934391365518631112e-02 -1.892360305490886407e+00 -2.175953775794054135e+00 1.967227292172360587e+00 6.903372591992052998e-01 1.151583832178114442e+00
1.306295083307444926e+00 1.403108428220795900e-01 -1.901749641520639411e+00 -2.028324113098598502e+00 1.283802907915868818e+00 2.733740957746035316e-01 1.136153763988703158e+00
1.739174958543765692e+00 3.502289690921676635e-01 -1.758441507992636099e+00 -1.776312005641280223e+00 1.918590862681362197e-01 -1.344546012897028797e-01 1.059785589079147217e+00
2.093984102883318599e+00 5.303210876334875090e-01 -1.469761861878868814e+00 -1.493887985709354993e+00 -6.839888856256459704e-01 -5.035997554980194968e-01 9.062367599720561051e-01
2.365411317474291231e+00 6.653936675053047090e-01 -1.044147828619139240e+00 -1.214638747925720796e+00 -1.308871212419475016e+00 -8.374571240854810084e-01 6.969086258654003663e-01
2.447014742110026564e+00 7.761368228476718256e-01 -5.749437348103647594e-01 -9.123399630552851969e-01 -1.868924080328159043e+00 -1.054399456223270581e+00 4.578011895302565026e-01
2.292710005002613904e+00 8.992309905522051228e-01 -2.043857855447781535e-01 -5.490893068797085830e-01 -2.233231218214990044e+00 -1.132307505171818995e+00 1.826137186191622019e-01
1.861197661214225363e+00 1.044642227385716327e+00 2.325790736174103077e-02 -1.017253310044967524e-01 -2.275163708377911043e+00 -1.088980089798758710e+00 -1.335572251126299348e-01
1.169858811336969229e+00 1.229711397950711937e+00 1.496164290570979882e-01 3.703226990356076609e-01 -2.080835221717439953e+00 -9.066542215804324067e-01 -4.911312065571528662e-01
4.355852285408631230e-01 1.416403512391692487e+00 2.900718728595297891e-01 7.967784720422946831e-01 -1.799875242309996848e+00 -6.460215297584250838e-01 -8.797929036135045955e-01
-1.042202188762228060e-01 1.350181741178593464e+00 4.901275755767104392e-01 1.069525819716700132e+00 -1.491766782032182270e+00 -3.876203009256108389e-01 -1.136742602298090432e+00
-3.444656517614907432e-01 8.852542643664000899e-01 6.807739748563637061e-01 1.160729164031381488e+00 -1.236216332749134228e+00 -1.582485431768726747e-01 -1.132398990044340970e+00
-3.483444263857017886e-01 1.935282532191351379e-01 7.529023899353520788e-01 1.129754900508691096e+00 -9.996713617219095127e-01 4.276214799238610420e-02 -9.086906657745554838e-01
-2.556278264384417298e-01 -4.796145304601198700e-01 5.867136266949199985e-01 9.677190085145112031e-01 -7.724642125921862279e-01 2.479855609897993474e-01 -5.300102681611559285e-01
-2.149531273745223237e-01 -1.013041865750797355e+00 2.139316346534188840e-01 6.916970190670596041e-01 -5.871017943372750514e-01 4.639578011939276547e-01 -3.412062267272080590e-02
-2.763693568262244882e-01 -1.455229608876857483e+00 -2.070194711971595491e-01 3.209606866723525020e-01 -4.123881489411219126e-01 6.719310736439119136e-01 5.657022767204185065e-01
-3.747205802245551776e-01 -1.761086645157241781e+00 -5.509099486626571895e-01 -4.115233792363087034e-02 -3.625238425378911056e-01 8.223597370597581779e-01 1.122512503442009812e+00
-4.634663457741562409e-01 -1.747733476877480374e+00 -6.687783694038524906e-01 -2.356314735655625492e-01 -4.116198179925638634e-01 7.613183755719363788e-01 1.391360600657000512e+00
-5.337961135134530188e-01 -1.463846851616857681e+00 -5.413744368834813026e-01 -3.123150991165800638e-01 -2.856377283724665928e-01 4.424669850555775774e-01 1.384977184670144856e+00
-5.284004248436554585e-01 -1.128230446024318212e+00 -3.669068657050580939e-01 -3.558560568446379468e-01 -2.248138765613170165e-01 4.425329495468171420e-02 1.312758721164292597e+00
-5.183059955852261647e-01 -8.153109373046265596e-01 -2.655211251017843832e-01 -3.134465588236660660e-01 -3.685941598020571197e-01 -2.987288478690702798e-01 1.248903947220454169e+00
-6.285224555327039164e-01 -5.391126817072795507e-01 -2.373372819973545989e-01 -1.454801835979904201e-01 -2.178352097157353895e-01 -5.562403180650102863e-01 1.137924484671537062e+00
-7.849210185828681130e-01 -3.169586545414884160e-01 -3.004279032539979299e-01 7.029940448145510778e-02 1.793964455472418229e-01 -6.569026120504051214e-01 9.561584138194044735e-01
-9.208748270482610687e-01 -1.039286848022795001e-01 -4.070333960508070170e-01 2.294977209205685265e-01 4.063508333903217973e-01 -5.582555420593160456e-01 7.167928417908697725e-01
-1.052571402444467230e+00 1.502829120491349368e-01 -4.270429733820337859e-01 3.816101800266915589e-01 4.790869056122213920e-01 -3.229501916963932739e-01 3.503348406893193601e-01
-1.139505286118574823e+00 3.826524111850931331e-01 -3.914129152423954650e-01 4.469685098824223712e-01 5.288533329180096221e-01 1.336319894326101244e-02 -6.147161505821831240e-02
-1.097832748726751628e+00 5.166690201867554233e-01 -4.009113892418155189e-01 2.479524405263261455e-01 4.482899187585375755e-01 4.140317305764218969e-01 -2.987433701348179982e-01
-8.993013970802251622e-01 5.960561088440274879e-01 -3.798442897404176177e-01 -9.330916802519687026e-02 3.377716786442058750e-01 7.638137193264006308e-01 -4.168993609533012679e-01
-6.384943285491448961e-01 6.915206022335816938e-01 -2.068947074102228390e-01 -3.367682043057140251e-01 4.366909026704739460e-01 1.010219269698692024e+00 -6.319484031049414918e-01
-4.517036523052583852e-01 8.626344000478329832e-01 1.999344996761147075e-01 -3.524145151124242759e-01 4.408087583717896218e-01 1.181122754636182215e+00 -1.055856053882137768e+00
-3.389199382370820524e-01 1.077906326229105316e+00 8.546171320858904075e-01 -2.006576327788767988e-01 1.220960495021693321e-01 1.285517795259293106e+00 -1.612822092846057709e+00
-2.257487924096330811e-01 1.230635166743455855e+00 1.630739855393531279e+00 -4.587708966510638253e-02 -1.414134477311436155e-01 1.308527962279207646e+00 -2.128054796766959189e+00
-8.107750526951984504e-02 1.312297225529408529e+00 2.386258710454885357e+00 1.412812853138996523e-02 -1.717380711941831478e-02 1.261446864604447438e+00 -2.567362277130252668e+00
1.003060442315522049e-01 1.395563065296115735e+00 3.085710508497665039e+00 -2.524678145094437498e-02 3.472379723990909883e-01 1.155495563713324625e+00 -2.985186598446799344e+00
3.120622005684055011e-01 1.492042161831894198e+00 3.681960892083224746e+00 -1.507923827778597514e-01 6.233903387238239890e-01 9.662181545654252579e-01 -3.283271722371326362e+00
5.004519467261899779e-01 1.585541596122221231e+00 4.069769933513394555e+00 -2.365616322622749457e-01 7.235476460505440022e-01 6.869254144771340664e-01 -3.418369476232396398e+00
6.044487048537404705e-01 1.621042527143103706e+00 4.138718640601789289e+00 -1.258954182227060847e-01 5.640607962341227521e-01 3.586018327821710594e-01 -3.377398837869695303e+00
6.084485905544400053e-01 1.432550028785679608e+00 3.761527872930033212e+00 4.251458615032528698e-02 1.673664311595405296e-01 7.313820102183468674e-02 -2.952775593647850805e+00
5.173976264142979842e-01 8.863944501708022061e-01 2.925837085240012403e+00 9.037279721677582423e-02 -1.808891570260698911e-01 -1.078260860054616882e-01 -2.047412545792753225e+00
2.574190043077063117e-01 1.377243160815585232e-01 1.858885285309478830e+00 9.168323898055602550e-02 -2.289980794391959507e-01 -2.531940727847887818e-01 -9.047210322576814123e-01
-2.068156133259700935e-01 -4.691550647058806978e-01 8.573806991605298355e-01 1.546392454385596416e-01 1.226838897434494313e-01 -4.334525734709124278e-01 8.885785890873842963e-02
-7.242229766661913981e-01 -8.360562642289426361e-01 6.394668001765789478e-02 3.061277160639322981e-01 5.977966883831230538e-01 -5.669524302064310461e-01 7.798605941160564603e-01
-1.202864552899538531e+00 -1.056871900965900668e+00 -5.127641489037472189e-01 5.298317617071831576e-01 7.786009395570933078e-01 -5.574305005236190880e-01 1.249408203503229675e+00
-1.678168308747646886e+00 -1.189998748050848931e+00 -9.173169019084421727e-01 7.742722540170176027e-01 6.742583021824004597e-01 -4.392830466229453723e-01 1.571201290841826248e+00
-2.091580149826726576e+00 -1.288931094712878256e+00 -1.144182249681557018e+00 9.638039664548117003e-01 4.891302155783915917e-01 -3.178581696142111501e-01 1.756306878950321559e+00
-2.232646252065323189e+00 -1.357091383973878740e+00 -1.149764811855200630e+00 1.008773322564382680e+00 1.585434357822944687e-02 -2.859838303209868982e-01 1.851877733292501604e+00
-2.132545100958679107e+00 -1.307206147975075838e+00 -1.032866484368165860e+00 9.449275269694973334e-01 -7.524708026664125304e-01 -3.767627253475603344e-01 1.921619358278665590e+00
-1.964380691286963243e+00 -1.123146150852257108e+00 -9.488673364644154562e-01 8.483744742413313888e-01 -1.403833312581108661e+00 -5.252392892144339687e-01 1.954198319320779031e+00
-1.716242281338069775e+00 -8.921199967652450047e-01 -9.162322059176233324e-01 7.324919612675263592e-01 -1.844563900372255816e+00 -6.718719034720412875e-01 1.919174449529681414e+00
-1.401243769980849097e+00 -7.179994639396646283e-01 -8.560580800981355543e-01 6.057253255377419432e-01 -1.939047590731127313e+00 -8.374536569913403339e-01 1.831755425627500600e+00
-1.015340641105942021e+00 -6.463765151346367865e-01 -8.264834415121496969e-01 4.269371066129588610e-01 -1.513452206802474498e+00 -1.015975466007115191e+00 1.760960807468991529e+00
-6.551210024964726486e-01 -5.722355530620489850e-01 -9.380633762157994937e-01 2.766451185569924753e-01 -7.172131792345695089e-01 -1.161234333385272821e+00 1.678615179801239421e+00
-4.453611253673631643e-01 -5.055458446871814449e-01 -1.126355182581577186e+00 2.292026977640909680e-01 1.813593766943547014e-01 -1.184342825271326394e+00 1.511567432816464773e+00
-1.401874601879351534e-01 -5.958525797436912130e-01 -1.328172895099705153e+00 1.474006197321151568e-01 9.051353533743564661e-01 -1.058750388058724345e+00 1.342251792843126346e+00
3.869759059348349406e-01 -7.026678035568547642e-01 -1.552561329915099986e+00 4.538140208026593403e-02 1.425176058882287489e+00 -9.467423874232168135e-01 1.179137729789299760e+00
9.369776515095084024e-01 -6.657400881213864086e-01 -1.780329821216052766e+00 2.422416490340765019e-02 1.733727449802928033e+00 -9.494718272988246222e-01 9.986395831105312482e-01
1.476532099433865985e+00 -6.516084661904425479e-01 -1.939697909161047784e+00 7.099191544623344174e-02 1.645072260490592519e+00 -1.033900010006169490e+00 9.021526858704802532e-01
1.954813857172364111e+00 -6.824481043744254904e-01 -1.978271708964679743e+00 2.078002796378813077e-01 1.071910205969922147e+00 -1.200521783845893475e+00 8.849523108422118201e-01
2.133919936529438566e+00 -5.744485356259252384e-01 -1.908173121785903481e+00 3.849254735170004049e-01 2.034375814683637429e-01 -1.423328309153867544e+00 9.057148066591995672e-01
1.974210124802115329e+00 -2.688592852636517705e-01 -1.703805876866045788e+00 4.903327826017073732e-01 -5.345208760797417469e-01 -1.651708930147818721e+00 9.123094568381113767e-01
1.669998738970862595e+00 1.120618127026505595e-01 -1.394558772777844569e+00 5.026071762359406447e-01 -9.892461332340738434e-01 -1.795211980729487733e+00 8.386150899185892404e-01
1.403041399548433654e+00 2.550134749139555401e-01 -1.208518255230688343e+00 3.472961151575552630e-01 -1.174265472623144291e+00 -1.630457720027731261e+00 8.061186741969754710e-01
1.256042883993654824e+00 9.710229941692827271e-02 -1.243924118983127602e+00 3.857598666381606856e-03 -9.557573506039725997e-01 -1.113037947936380334e+00 8.378107132230079301e-01
1.174730266052539385e+00 6.110851091344777705e-03 -1.263200745032970529e+00 -2.817133351987599621e-01 -5.236746521522127606e-01 -4.942563686668722256e-01 6.585727877298895860e-01
1.075154375459504319e+00 1.381938147782717230e-01 -1.041019769235755899e+00 -3.671537038618747917e-01 -2.601461691656294373e-01 5.674810093335006661e-02 1.659197257570642348e-01
8.838351475678503100e-01 3.929602409278167285e-01 -6.270133392856821475e-01 -3.133822247951325024e-01 -1.751689733650279579e-01 5.157035962627395387e-01 -4.754181953963416696e-01
6.785167853106555125e-01 7.039327435517065412e-01 -1.775847827465839857e-01 -1.758915802488954239e-01 -5.341716544782113690e-02 8.472327860158201940e-01 -1.132687246232804812e+00
7.088278623240851228e-01 1.028929750268289256e+00 3.766179089186073026e-01 2.304972715442335854e-02 1.820893961451930387e-01 9.566238745362469764e-01 -1.844973520741051143e+00
1.059577024525120370e+00 1.347164213387583853e+00 1.141934986642656913e+00 2.323379615447988544e-01 1.886085725048959605e-01 8.914867731127724682e-01 -2.644572290600247566e+00
1.537990937629286181e+00 1.657302920080176101e+00 1.939898282299715726e+00 3.741880632380334415e-01 -3.114375548893526524e-01 8.232100159182438315e-01 -3.354432271413442024e+00
1.891357779465998812e+00 1.939171917110153354e+00 2.556315956637599029e+00 4.227048923086200172e-01 -7.215760280272797145e-01 7.262955952871256171e-01 -3.813400134191630375e+00
1.991869846269101574e+00 1.997666251386084557e+00 2.938664002890312155e+00 3.416765415548767004e-01 -4.633599004421185552e-01 5.813822351727903071e-01 -3.897179672940552120e+00
1.895431475968661239e+00 1.689234195992454612e+00 3.040893894764137517e+00 1.201716057735475601e-01 1.663156350377331671e-01 4.827682264723007211e-01 -3.536163878617478495e+00
1.756137856280841403e+00 1.165045701224361574e+00 2.823783942712548622e+00 -1.656085042100299831e-01 9.193713238342190452e-01 3.871752262360342312e-01 -2.879855646957692361e+00
1.664584873686702604e+00 6.462518238497947376e-01 2.340932960798437268e+00 -4.399620123283771722e-01 1.601213033310626033e+00 2.167150928583766178e-01 -2.100842786636093251e+00
1.606665020887024120e+00 2.294539708839933023e-01 1.689348598298302084e+00 -7.127858757684883972e-01 1.726023728872183804e+00 6.836328125801973896e-03 -1.247114300585112412e+00
1.425994370316046034e+00 -6.430701300460643817e-03 1.023483249884578283e+00 -9.326435463282480853e-01 1.516056178233700091e+00 -2.160110115865965241e-01 -4.466344206206234180e-01
1.085008132691868799e+00 -5.695812636200742879e-02 4.825211798239478767e-01 -1.071386101498485788e+00 1.467354867572717936e+00 -4.318466329681326932e-01 1.681868732564772984e-01
6.790820919908925335e-01 -2.780503388863551223e-02 1.195211870832855600e-01 -1.143415359488866745e+00 1.572218535290725194e+00 -6.439027768007762331e-01 5.901094134417206316e-01
1.870682433758225072e-01 7.789930360854936675e-02 -1.413120934488831804e-01 -1.073697219323309637e+00 1.793864296346647125e+00 -8.865541652221808899e-01 8.363167357290539616e-01
-3.243388237266764396e-01 2.230552765423376715e-01 -4.683891756871349510e-01 -9.330775515844573764e-01 2.096572786337724370e+00 -1.079912746538706614e+00 1.015556697451077683e+00
-7.658277842200712504e-01 3.501422537523232181e-01 -8.897283035004700524e-01 -7.750147979775555696e-01 2.475004647795596480e+00 -1.182651671762616319e+00 1.180935027401523563e+00
-1.196825237538106101e+00 5.488736228173256571e-01 -1.226654957688195102e+00 -4.752398696659641542e-01 2.654349994534847212e+00 -1.253362762128122032e+00 1.223271909541644442e+00
-1.578209961713960441e+00 8.422729924841024784e-01 -1.329191436786187674e+00 -7.621818364514321154e-02 2.340966320353510710e+00 -1.262189179346039358e+00 1.082992200490044965e+00
-1.831834245323061383e+00 1.103568372052677438e+00 -1.248527025411720448e+00 3.006387770557954475e-01 1.741865894860758601e+00 -1.145727316167232335e+00 8.092033863672162264e-01
-1.978146729179678376e+00 1.290075340651846592e+00 -1.050204809553332730e+00 6.843557816381615755e-01 9.624887797484870111e-01 -9.567405956924687205e-01 4.509303122878853265e-01
-2.066480232133848904e+00 1.373540234222727419e+00 -8.666692948514868045e-01 1.008686005957800891e+00 2.714988106580549787e-01 -7.539452164229134556e-01 1.504077235299666193e-01
-2.091923695318308241e+00 1.178797830477628317e+00 -9.154112272155128238e-01 1.125252619281605027e+00 3.045261987550831190e-02 -4.479340858277553461e-01 9.156726527327822829e-02
-1.979856029850546317e+00 6.952042222911828384e-01 -1.149345467333333648e+00 9.891866663038489937e-01 -4.645290191194612062e-03 1.169978903442670838e-02 2.501063464384839508e-01
-1.738806890404011707e+00 9.712783770274092954e-02 -1.330037857710169025e+00 5.620619894325009636e-01 -1.065963139388494737e-03 5.828580353970609362e-01 5.075891347887286909e-01
-1.390917572592719642e+00 -4.529504437047976451e-01 -1.313243902993987300e+00 -4.770321941872644050e-02 1.397731784079049022e-01 1.172076824280984475e+00 7.121304231135631158e-01
-9.692610127784667684e-01 -8.416347906443852889e-01 -1.132138837960690037e+00 -6.524283620504444103e-01 2.384516099804418754e-01 1.624092836344779522e+00 8.064173034606473278e-01
-5.414986922365803146e-01 -1.182252641676347027e+00 -9.959013627180952621e-01 -1.278170463397524381e+00 1.507935611686495314e-01 1.977999063812383440e+00 9.948039000344638394e-01
-1.061756071100262433e-01 -1.614361739995179512e+00 -1.038461587220753435e+00 -1.935266870976718456e+00 -8.140810343739965371e-02 2.325866632362790565e+00 1.404689370697780326e+00
3.560253684065059487e-01 -2.116493191379354322e+00 -1.163075836425751852e+00 -2.559594412840270561e+00 -2.195124877650304618e-01 2.563437160642561885e+00 1.932912190316489198e+00
8.540946117649516056e-01 -2.664400460563879580e+00 -1.117397463569325788e+00 -3.057889217647002500e+00 3.606392355403079120e-02 2.617409497409788344e+00 2.349876716674615729e+00
1.318668875237629878e+00 -3.119593051283915841e+00 -7.257960550816702217e-01 -3.268452452787705909e+00 5.439513201586363422e-01 2.484365768744374758e+00 2.449114591270844965e+00
1.630063951908041320e+00 -3.219602489758404129e+00 -1.579065261969294920e-01 -3.120689099371035446e+00 8.138055612646551973e-01 2.173669506905936633e+00 2.203693569483866188e+00
1.753018578711469599e+00 -3.011991838469078697e+00 2.223240193073035553e-01 -2.739827145649549323e+00 5.737769404137629259e-01 1.841050902662293653e+00 1.828656926518350989e+00
1.673624592216063078e+00 -2.672430582634484075e+00 2.254333518423790594e-01 -2.271444176970047302e+00 -3.744303041963226164e-02 1.601363002263365365e+00 1.547406110264275547e+00
1.352253228357949366e+00 -2.166659287425120706e+00 1.699442960708811776e-03 -1.736742906401247621e+00 -5.669489511696982342e-01 1.377805705091234900e+00 1.287955782616895473e+00
9.229139791897228440e-01 -1.620666776685683930e+00 -2.246197016485179665e-01 -1.226663577849504971e+00 -5.802257914102815217e-01 1.140742443958493224e+00 9.848594463687957434e-01
5.302764510725910263e-01 -1.234643954394380128e+00 -3.502506528704275035e-01 -7.994154821211202355e-01 -3.199822609111419580e-01 9.783033794403896977e-01 7.088499085488295659e-01
6.864246736084979317e-02 -1.062465712760163550e+00 -3.892286692677230375e-01 -4.303997978081795517e-01 -1.198802094912500837e-01 9.341237493335675657e-01 5.545125221389957115e-01
-5.314858468399025204e-01 -1.016097972287487439e+00 -3.653259446924416731e-01 -7.678790921078013088e-02 1.030289948993277568e-02 9.165161840972742002e-01 5.036377103270865963e-01
-1.107565192223587180e+00 -9.634064264880587425e-01 -2.771271372742830086e-01 3.159871710544025492e-01 -7.031228267130050502e-02 7.913687296988439757e-01 4.737428580384847043e-01
-1.463254814007432403e+00 -8.616205358372200918e-01 -1.675502914637833629e-01 7.740534338830177274e-01 -3.739063926700845197e-01 4.968135388822103593e-01 4.197636096836308561e-01
-1.538012045218757562e+00 -6.261177040792705872e-01 1.726022044073598216e-02 1.362372440113240213e+00 -7.418994563421825728e-01 5.887391961993893030e-02 1.573868844621258978e-01
-1.313989906922653272e+00 -2.814034382878595197e-01 3.528167852950565564e-01 1.999822847277227034e+00 -1.180793809461752719e+00 -4.350512576128426345e-01 -3.424554385892258912e-01
-8.614876419045012224e-01 3.371195608105274216e-02 7.214910650131641789e-01 2.483200298315600740e+00 -1.814165755818342163e+00 -8.356326700877009239e-01 -8.466530387542953173e-01
-3.865777883202329845e-01 2.516493132037943559e-01 8.759505602800518043e-01 2.754778159349401623e+00 -2.356699095031502100e+00 -1.052061502362741541e+00 -1.193700353690088312e+00
1.119743226127554656e-02 4.097297250639241328e-01 8.435991728914236099e-01 2.917077268532128009e+00 -2.685140078090332061e+00 -1.188168241859554941e+00 -1.424245669805665360e+00
3.553345412479294585e-01 5.814955003971518099e-01 8.617871229789270116e-01 2.972794233497266791e+00 -3.079796915397734924e+00 -1.313786624569539097e+00 -1.592170099170052255e+00
6.503479676001721055e-01 7.299753864419521454e-01 9.882964928600888044e-01 2.851185296750001097e+00 -3.305091099419873224e+00 -1.383874589977302394e+00 -1.667136310088295215e+00
8.862109162996386624e-01 8.668171954500973886e-01 1.235726569407587627e+00 2.628262110418225994e+00 -3.072493848437982678e+00 -1.458466462715281242e+00 -1.738002566700638685e+00
1.040467073122323338e+00 1.060903946019364330e+00 1.504568454712718717e+00 2.338407854881591419e+00 -2.513876279464121843e+00 -1.617211594612407044e+00 -1.823415558929368574e+00
1.104967180314320396e+00 1.295752957021060636e+00 1.581712051447105694e+00 1.943300686199457505e+00 -1.855438130144640541e+00 -1.801026218652925337e+00 -1.797686764604291998e+00
1.099797363048560683e+00 1.534813685135212769e+00 1.443533382834555567e+00 1.483344441951361503e+00 -1.220020226782056572e+00 -1.907887827244913126e+00 -1.648464458181964520e+00
9.914289769805988417e-01 1.683675391980727021e+00 1.180059534870779192e+00 1.060972103227293850e+00 -6.224073939447805071e-01 -1.864490765082264412e+00 -1.436986759924509860e+00
6.406625702608151895e-01 1.749278729516107855e+00 8.933258016087204378e-01 7.846599076051021804e-01 1.200737855715647978e-02 -1.618661353657735447e+00 -1.285080131353690813e+00
8.041491854544889281e-03 1.774559935476031081e+00 6.629982492317265663e-01 6.032654881293321170e-01 5.928974857750951566e-01 -1.133988955499020124e+00 -1.184954735117381475e+00
-6.675765569145849510e-01 1.700210923682436093e+00 4.656401972986137228e-01 3.947748227985318215e-01 8.551992817622161569e-01 -5.142476062955675387e-01 -1.010401079548362002e+00
-1.163849765844398920e+00 1.551248692557141373e+00 1.857150718348429264e-01 1.057043608270737123e-01 1.010912076680993810e+00 3.816278754096801701e-02 -7.521580171482059596e-01
-1.500230343638196739e+00 1.336085218287971665e+00 -2.112240490786795877e-01 -2.648050974650356104e-01 1.348458234573910675e+00 4.486528534903233001e-01 -4.139685043028815126e-01
-1.726676221090686969e+00 1.087632254790162678e+00 -5.865333587551702088e-01 -5.630699009175798020e-01 1.687547122219231976e+00 7.031623040630679000e-01 -9.304798470243923203e-02
-1.780413394387443615e+00 8.606094279753564447e-01 -7.762680442429137351e-01 -7.467978666503235496e-01 1.845429777522788140e+00 8.302757328448673313e-01 1.019880803541239611e-01
-1.636684324733790996e+00 6.600846967179232472e-01 -7.161053755032041890e-01 -9.036839731418744304e-01 1.738726902334842839e+00 9.054040976948567465e-01 1.809661900259925682e-01
-1.465298338829812419e+00 4.865244636678585644e-01 -5.479867366037813881e-01 -1.036073899946326593e+00 1.328032218736812542e+00 1.054713702486174132e+00 2.243384006589092816e-01
-1.380241249594909014e+00 3.430571236687808834e-01 -4.485643272896271405e-01 -1.150830041281228899e+00 5.801901058057267191e-01 1.333155227705538737e+00 3.235105412121606072e-01
-1.253098753659937836e+00 2.547067357839743473e-01 -3.599865023317601609e-01 -1.197445951684363186e+00 -3.033155875733000717e-01 1.553888687368244925e+00 3.821055048545803912e-01
-1.009825092568775284e+00 2.329572177838488412e-01 -1.538371373355364724e-01 -1.157244229994725426e+00 -8.008177289768766416e-01 1.570375328206390586e+00 2.611392438354905310e-01
-7.275625970478419857e-01 2.837720273752210587e-01 1.046021012229383790e-01 -1.185201241556463891e+00 -7.899548006102181663e-01 1.462305337730390953e+00 8.899332587462342736e-02
-4.697011028082930806e-01 3.493972625262790621e-01 2.719646117790294193e-01 -1.371437856055400140e+00 -6.410764921989993148e-01 1.371840093598225119e+00 6.023628464748136124e-02
-3.045858316072181937e-01 4.160887740455694317e-01 4.004263055112320391e-01 -1.560822459986418442e+00 -6.210738899759365994e-01 1.331706802035538040e+00 7.905414359234506916e-02
-2.658162843839861900e-01 5.071738491712451946e-01 5.630604373844182442e-01 -1.574160547400070165e+00 -6.559450931502927018e-01 1.282854578423599623e+00 -3.253941404328964532e-02
-2.443846447106900466e-01 5.260949048914851378e-01 6.098586552931389848e-01 -1.418292071214019012e+00 -4.723364264296245341e-01 1.177715792108082082e+00 -2.063970963308409956e-01
-1.472074320165751016e-01 4.749651764315338531e-01 4.781477555731436513e-01 -1.174146688335217181e+00 8.648026827451187060e-03 9.646913424981791163e-01 -3.209863923841241307e-01
2.077064416010774087e-02 4.466408470685360732e-01 3.329504867087286768e-01 -9.193342374256852079e-01 5.579807754780653495e-01 6.700810496731366417e-01 -3.856331661330061333e-01
2.836065515558935379e-01 4.169854743587587120e-01 2.615932456416247276e-01 -7.863693238656113138e-01 9.192218426028222478e-01 3.928330486252234466e-01 -3.949828869282046018e-01
5.426444708975167730e-01 3.227495891951052687e-01 1.478889217627920027e-01 -8.699662429478327574e-01 1.062362693004523573e+00 1.989293093977611560e-01 -2.536248892516430042e-01
6.122919417658341246e-01 7.512242792594917007e-02 -7.414467623833026488e-02 -1.060124354685978654e+00 1.150890444420514358e+00 1.269476732154560250e-01 7.741690097804519721e-02
6.339763639676133655e-01 -3.157927329883566947e-01 -2.720435430054954917e-01 -1.139632982806384032e+00 1.145024896412453641e+00 6.739403783977625240e-02 4.436398085984034623e-01
8.338855478279194600e-01 -6.041849542931680972e-01 -3.597766881868771915e-01 -1.048849553978510096e+00 9.615871096476170665e-01 -1.041621264214869363e-01 6.198585218304419886e-01
1.213078293521846707e+00 -6.039254140851985087e-01 -2.529423755897172166e-01 -8.322780475381569287e-01 7.182168641284483179e-01 -3.856685179573166589e-01 4.678814447438551793e-01
1.715498490458132075e+00 -4.674447473771707329e-01 4.055095219711932902e-02 -6.566372160867183227e-01 4.541229566898629111e-01 -6.978014768715983251e-01 1.700864560043711116e-01
2.082107866734884905e+00 -3.740110525415750731e-01 3.075651435998734695e-01 -5.598309579553626403e-01 4.559292969484284724e-02 -9.341088334115937863e-01 1.187696657417813828e-02
2.006874405724953903e+00 -3.918357096774999215e-01 4.322731235732139576e-01 -2.787999042929617532e-01 -4.101966035727223625e-01 -1.060478590751531280e+00 1.043954724786964189e-02
1.579323222123204307e+00 -6.529441687302928177e-01 4.234846118384624769e-01 1.388962516240643819e-01 -5.120449975403660314e-01 -1.083963996205729474e+00 1.914450924560890388e-01
1.021276788667381474e+00 -1.112031054389900797e+00 3.679596468500052620e-01 5.244467558361023407e-01 -2.528528603193184177e-01 -1.070218785989632382e+00 5.194674837342553309e-01
4.646307552105163885e-01 -1.559655884193891895e+00 3.433367541456752159e-01 9.070513959636274937e-01 5.972539371606610387e-02 -1.109138480989574793e+00 8.131435480052655596e-01
3.762812245488281887e-02 -1.804375786843972707e+00 2.921515027241680107e-01 1.198389421446849790e+00 2.750983426745665095e-01 -1.238990029050797359e+00 1.018259928679620563e+00
-2.568520153211257817e-01 -1.738308373567499565e+00 1.156071341766334720e-01 1.262747522818923995e+00 3.152875807893527060e-01 -1.355003241684848536e+00 1.168769080423960327e+00
-5.071710604081057783e-01 -1.402136637486915527e+00 -2.437674964175910453e-01 1.057404594738672987e+00 2.109249356360955729e-01 -1.284290823597435960e+00 1.307811190432089044e+00
-7.353443560038753768e-01 -8.666963160942342537e-01 -7.341355205057963351e-01 7.338236122540345852e-01 1.823873203514657648e-01 -1.057116739948804174e+00 1.349878861332002744e+00
-9.467605621653285564e-01 -2.416108338350691775e-01 -1.122012747635596330e+00 5.480277928831760459e-01 4.109069594025867578e-01 -8.663310193973586815e-01 1.143572704500758874e+00
-1.200241343327713706e+00 2.054605159427874694e-01 -1.364983224374751281e+00 4.851812879104340226e-01 7.929667702930011108e-01 -7.874416383993418922e-01 9.481970402911211737e-01
-1.379722867086975446e+00 4.128229026760956710e-01 -1.511997663427996574e+00 4.961231856731682655e-01 9.819500722712325436e-01 -7.621802414048260976e-01 8.638808186756382623e-01
-1.367789075802041676e+00 6.329785224512580744e-01 -1.395730314721591370e+00 7.560018289422858473e-01 6.982096814667980711e-01 -7.346012532957013619e-01 4.930214197146898236e-01
-1.400357087063868189e+00 8.394594070175661615e-01 -1.119895787310075441e+00 1.158178152427839169e+00 1.545778893010779642e-01 -6.033900571230174092e-01 -3.268060937575553715e-02
-1.626185578365758388e+00 6.869314752724658968e-01 -1.113120090130617301e+00 1.276997643948164285e+00 -2.326816618157575012e-01 -2.444607201679460384e-01 -8.463776879044300483e-02
-1.886975684526767338e+00 6.259574969873613060e-02 -1.502462560845182038e+00 9.614635244373140877e-01 -1.117362072611955970e-01 3.135725257186627868e-01 4.591379567022984554e-01
-1.874036457387728616e+00 -7.615920667519815446e-01 -1.807257510529546085e+00 4.098655093366445623e-01 5.345287657044248686e-01 8.851403903866124079e-01 1.061294333823798786e+00
-1.351851251053508340e+00 -1.463263028704828717e+00 -1.574305600053105048e+00 -1.068225269051067960e-01 1.058674262593523041e+00 1.302714445863794923e+00 1.254284274465255367e+00
-5.460310025081112073e-01 -1.780739185512700384e+00 -9.200201930388337557e-01 -2.969441840085607631e-01 9.052695872090975593e-01 1.480355321586250161e+00 9.693274285803245016e-01
1.097807890911451645e-01 -1.673351748947675688e+00 -2.251039208620767562e-01 -8.438238766732847340e-02 1.200967909412576501e-01 1.459192013713930924e+00 4.099590963392945597e-01
4.746062536099568407e-01 -1.381817209166172455e+00 3.013377085287267110e-01 3.067977104731344218e-01 -1.058198213357485651e+00 1.382163874473536280e+00 -1.316243320175475573e-01
6.706956536844477235e-01 -1.058179528236019129e+00 7.296062469607872414e-01 7.300164702089902979e-01 -2.175598053037535617e+00 1.274601590948156948e+00 -5.775893255600967890e-01
8.765603971541492401e-01 -6.928128407885525419e-01 1.177323464756753202e+00 1.133201001616028325e+00 -2.633056020412433806e+00 1.026316577774385674e+00 -1.024654395219016356e+00
1.142232729157650395e+00 -2.838873429994585584e-01 1.592888318278597559e+00 1.442017152169762229e+00 -2.390095356576471097e+00 5.946389486301028038e-01 -1.490825687012288459e+00
1.384936708956084450e+00 1.728523178907947766e-01 1.789448533559099497e+00 1.625834797929705644e+00 -2.041249488559854885e+00 3.034778636229161844e-02 -1.835113066665295278e+00
1.421312807994475902e+00 6.558276241145747365e-01 1.714417619900284961e+00 1.710293745114683350e+00 -1.894234152686266714e+00 -5.646554835132887584e-01 -1.935737904084549488e+00
1.121481908768922953e+00 1.066436276155731333e+00 1.550621418420330855e+00 1.756880841827833217e+00 -1.691096189928237070e+00 -1.056635353775377872e+00 -1.861682471294759278e+00
6.767040738488976359e-01 1.344869666596204327e+00 1.473277668651875816e+00 1.707524100838460290e+00 -1.271381277004531407e+00 -1.372380279638510947e+00 -1.745326052519451165e+00
4.078170689346471978e-01 1.495693044573477071e+00 1.511519542110898007e+00 1.516852152540907106e+00 -6.794100362881809740e-01 -1.606151785211313188e+00 -1.660814427693078743e+00
4.361049434380854239e-01 1.572451683799042321e+00 1.607715173177450607e+00 1.324364745286060963e+00 -3.264590069336292255e-01 -1.880290526588132005e+00 -1.595238745665744862e+00
6.258569641313883603e-01 1.599466068766671523e+00 1.700010536856344290e+00 1.178566456759093217e+00 -5.230608834594738799e-01 -2.130609145795058890e+00 -1.456143068505010296e+00
8.220316232233640941e-01 1.558022513058387126e+00 1.748652496617761454e+00 9.868933505627837111e-01 -1.053721502658409470e+00 -2.263309535417358020e+00 -1.200638210817500662e+00
9.553951425567668299e-01 1.414255645649868942e+00 1.637566388050761157e+00 6.793402446498345570e-01 -1.360302846969240198e+00 -2.259453487409321948e+00 -8.489359606361319699e-01
9.330713967175574552e-01 1.201893247703831324e+00 1.322217764881812530e+00 3.364018023955373526e-01 -9.523393671958586548e-01 -2.125185350683381991e+00 -5.268751708441219428e-01
7.305424326324287954e-01 1.042502459837442608e+00 8.909649422749421621e-01 2.537655007110728791e-02 -2.534932894598602715e-01 -1.869067864928740219e+00 -2.623023826745659592e-01
5.065555679385301824e-01 9.092901260293574373e-01 3.754109740157099417e-01 -3.552103515458516769e-01 1.430476806240173759e-01 -1.484096266259255836e+00 9.577670187085678133e-02
2.938883564318311992e-01 7.040615362211634087e-01 -2.578017536579385038e-01 -7.805699432426952411e-01 3.913555402693399410e-01 -1.016433756774724140e+00 5.746465117514349963e-01
2.576690521203642628e-02 4.085278217420237890e-01 -9.776251968275528892e-01 -1.205978958413535418e+00 8.896503566914446548e-01 -5.532934245190100908e-01 1.122291827077114945e+00
-1.622472277462063406e-01 9.376551431789258151e-02 -1.595391788747632988e+00 -1.589826124359860593e+00 1.500629700299531022e+00 -1.673939479485093973e-01 1.590277385517106845e+00
-2.358834147081692312e-01 -1.080289275078034211e-01 -1.955085534490812016e+00 -1.754747827794065573e+00 1.689028714512047946e+00 1.112354133492119562e-01 1.803792369776259674e+00
-2.999515861265962813e-01 -1.797584400238018965e-01 -2.096289795941200573e+00 -1.705435342415202005e+00 1.438629484697086403e+00 3.256337028569675773e-01 1.786490488052389525e+00
-3.264205382378875253e-01 -1.884274511312256373e-01 -2.033131468560345212e+00 -1.523134977801759771e+00 1.177077583776435787e+00 4.820906770504968519e-01 1.562467541114596736e+00
-2.525845049631528227e-01 -1.660887529206764857e-01 -1.694326207537539597e+00 -1.213590956814621702e+00 1.016570582216609786e+00 5.295939939317297895e-01 1.120057855835808525e+00
-1.062848339476696047e-01 -1.283569553961949328e-01 -1.139749403808369088e+00 -8.242761461851618732e-01 9.733673083752728550e-01 4.434273874642598035e-01 5.346429251020219375e-01
8.649188539917443408e-02 -9.474524303399664560e-02 -5.606800510674122551e-01 -4.300281992285368560e-01 9.366773248962279030e-01 3.126555872427649874e-01 -4.683608298860713476e-02
3.405306165627478565e-01 -1.289670710489955741e-01 -1.508317811874612668e-01 -1.695496085658907692e-01 5.426456664841707855e-01 3.035670582680812801e-01 -3.990256499078367325e-01
6.224475415432386693e-01 -2.995691188292128326e-01 7.084971861560462880e-02 -1.006490653515977884e-01 -6.960386720345033973e-02 4.491519615999133852e-01 -4.581235539744963892e-01
8.085505724219610446e-01 -5.099769057043445075e-01 2.255390544102336969e-01 -7.409389699131126161e-02 -5.430208761716712740e-01 6.848664930743008084e-01 -4.313889394137493949e-01
8.499473775790277186e-01 -6.512837930869108671e-01 2.845781415276368298e-01 -9.925360619764071746e-02 -8.535303852377349454e-01 9.928520788267172215e-01 -3.719433388276082164e-01
8.776980566921176452e-01 -7.822339098127649715e-01 1.367344999381346349e-01 -3.297931558798382623e-01 -1.013927422654254729e+00 1.319833905830891219e+00 -1.550701631041121464e-01
9.247980721493380685e-01 -8.781653221443296298e-01 -1.119940125146151461e-01 -6.084465294534959767e-01 -8.459641929055319309e-01 1.519968573452116889e+00 7.030158963122837279e-02
8.605248666831658566e-01 -9.194907671004315386e-01 -3.481129711981673647e-01 -8.184226818525115466e-01 -3.001216580826860936e-01 1.593260658457173573e+00 2.261020836441395843e-01
6.879641102386482299e-01 -9.749093812002503912e-01 -6.294700773353925083e-01 -9.984816428397069732e-01 3.776467248162058143e-01 1.598178851095262809e+00 4.506710323196287948e-01
5.575852200058337704e-01 -1.026124515149919425e+00 -9.252162957996026282e-01 -1.046056995245806975e+00 9.954131023099070941e-01 1.463646139808829849e+00 6.628606781793024982e-01
4.660602897306148629e-01 -9.960046468029228883e-01 -1.029239971997376824e+00 -9.095935577251605952e-01 1.467317034066522918e+00 1.188397600545554100e+00 6.734347477770338264e-01
1.909051872447098674e-01 -7.575668433496741683e-01 -8.299991967984483576e-01 -5.794139792148605972e-01 1.674306631140368262e+00 8.337098078187304973e-01 4.361058165715807622e-01
-2.992148082449486157e-01 -2.712759858749606567e-01 -4.878926790199856200e-01 -4.551661830137952031e-02 1.526398516998524579e+00 4.312986110700412490e-01 1.998080307099003514e-02
-7.834919054736522170e-01 2.997920795285953233e-01 -1.531191144231228152e-01 6.036671453368944729e-01 1.285645214769442601e+00 6.454206592726492719e-02 -5.129221730483001229e-01
-1.062492118194003465e+00 6.809352071272835039e-01 1.018760893907681153e-01 1.125766834310500730e+00 1.065908563158480593e+00 -1.159594185618962048e-01 -9.661040391457746956e-01
-1.085652281628161520e+00 7.212968103997449143e-01 1.675599354733019186e-01 1.263769527074777077e+00 5.832334398259370056e-01 -7.842530827721241882e-02 -1.017928822472331518e+00
-1.011359710834409231e+00 5.594196400146218551e-01 5.266286615572415841e-02 1.129580517369345172e+00 7.883031061125206351e-02 -2.415351332881875753e-03 -7.222960153090847157e-01
-9.580578248801249197e-01 4.030859160653921802e-01 -1.727454945685706345e-01 9.923356400835281477e-01 -1.373754790974573425e-01 -4.825333083014272766e-03 -4.107377585061647851e-01
-8.707698770508636166e-01 3.547020656571783226e-01 -3.083650495096683097e-01 9.543205809736445833e-01 -2.488901105150626292e-01 -9.695009169129523152e-02 -2.900072444201092781e-01
-7.419691452553047739e-01 3.538552709084077375e-01 -2.357455320909920271e-01 9.721786520481102700e-01 -1.388307885947739351e-01 -2.565869243564873337e-01 -3.259501870366743881e-01
-6.729659066713402638e-01 2.383909676210471673e-01 -2.466561106571213691e-01 8.633509495439893877e-01 4.635965231683998877e-01 -3.444219662664861903e-01 -2.350168202896759095e-01
-6.546687701492385214e-01 8.056647586660145924e-03 -4.487152169006987101e-01 5.773837860362389662e-01 1.215504128998396327e+00 -2.803531689321847598e-01 3.895481755087236431e-02
-6.186577559825728878e-01 -2.816993393910377508e-01 -7.116978533674198637e-01 2.312568412345734070e-01 1.546976521887722722e+00 -8.115785868839522910e-02 3.710772739616322036e-01
-4.956719848424624431e-01 -5.377895440157577367e-01 -8.889077579452283606e-01 -6.733097996640000082e-02 1.320079486350600684e+00 1.327640440482261153e-01 6.390615022092825948e-01
-2.287903897443497592e-01 -5.410540218302835047e-01 -8.114485602467560454e-01 -2.620846810661870974e-01 8.008722207209911792e-01 1.617971325309229269e-01 6.577978232457639685e-01
2.502992330882985311e-02 -2.558998959499857451e-01 -5.954311741248238254e-01 -3.469555160063119148e-01 4.718098979345320410e-01 -2.139778721924335755e-02 4.681345871329063990e-01
1.540913061789878913e-01 1.721205988619379512e-01 -4.277861833714661777e-01 -3.559246963528971963e-01 3.830840320013419453e-01 -3.191421964410280365e-01 2.491058492140454661e-01
2.637776667385157703e-01 5.946771653823568204e-01 -3.304234451069887335e-01 -3.556409551819796899e-01 1.903714626630529094e-01 -6.227531471431811960e-01 9.870467943524019461e-02
3.684759003396445021e-01 9.004478211547891631e-01 -3.052805343385620596e-01 -3.655077384032326959e-01 -7.873498091639720420e-02 -8.336080893115475066e-01 5.376204324189947509e-02
4.603361866342064457e-01 1.048873298026919532e+00 -2.798900113029262893e-01 -4.454875752648706499e-01 -2.841225993983316767e-01 -9.612865728906090368e-01 1.234361209244747432e-01
6.612937799920990400e-01 1.071012645608456104e+00 -7.838072488201121291e-02 -5.901203738645884878e-01 -4.478409975030874235e-01 -1.070185501266319061e+00 1.534650405227543368e-01
9.270216992914733778e-01 1.045640136627744576e+00 2.388992249135503398e-01 -6.343572465775786373e-01 -5.945549620575777405e-01 -1.191663590547935359e+00 3.479720252940586567e-02
1.106138401831212592e+00 9.802247169874127586e-01 3.956061942065065007e-01 -5.808039704245809842e-01 -6.774371180317791952e-01 -1.326973174908588682e+00 -4.350765480693075116e-02
1.250477513056645673e+00 8.659425411722744270e-01 3.172120055532217653e-01 -5.701156412806590579e-01 -7.731034910997056642e-01 -1.444245417942356946e+00 4.656460412761335987e-02
1.453722432193745862e+00 7.005597186073121430e-01 1.209540968642108250e-01 -6.259228576182911397e-01 -1.061053584136397721e+00 -1.474344104134248878e+00 2.501088740071417682e-01
1.658057740822878268e+00 3.757770492074400392e-01 -6.512630717793053969e-02 -7.543102121102392976e-01 -1.333025342418298509e+00 -1.313589092054879615e+00 5.107775946142956158e-01
1.764811690549911383e+00 -6.567516787704016923e-02 -1.298283075001819276e-01 -9.285745436029945177e-01 -1.423445239006973395e+00 -9.688670013580161777e-01 7.181280106714887923e-01
1.685908524031447975e+00 -3.970405532548378358e-01 -4.640667446259737899e-02 -1.006444754376014883e+00 -1.379592700265074079e+00 -5.691024918642600960e-01 7.122040316822401129e-01
1.395827162453729953e+00 -5.135503701316558312e-01 1.433980113499861986e-01 -8.874020040451962021e-01 -1.233841884578362524e+00 -1.962365817201750240e-01 4.684412267424730159e-01
1.053616321705368231e+00 -4.852764727614465867e-01 3.605954744511423726e-01 -6.234918063639378616e-01 -1.177018162258986367e+00 9.992670467936286272e-02 1.535813446662874227e-01
7.752565213267319510e-01 -4.079046249160547810e-01 5.782627465706342562e-01 -2.993167057616335502e-01 -1.092654209784227115e+00 2.583194673138060060e-01 -1.386879166721193546e-01
5.111753288552306485e-01 -3.145411433809645052e-01 7.843465229182258192e-01 -2.892329906112048321e-02 -7.623693182943257485e-01 2.971179574577674232e-01 -3.908813190619347955e-01
1.805309002384183348e-01 -2.811912218076106362e-01 8.050656911257614290e-01 -5.006805700054353485e-03 -1.260952677780217412e-01 3.728486940589059162e-01 -4.499512473657348854e-01
-2.600577817327838215e-01 -3.441809474445050032e-01 6.415228431294729416e-01 -2.618343740703611422e-01 7.006729010547710912e-01 6.298870125179701907e-01 -2.896088967142387838e-01
-6.165290853502738422e-01 -4.848320982821309189e-01 5.030693755880256690e-01 -7.269922247345155242e-01 1.414845302975023422e+00 1.031930961315454587e+00 -2.571783651145492788e-02
-7.262388785123521373e-01 -6.338862547156360883e-01 4.307590393943004359e-01 -1.197013476852573310e+00 1.841579290113908973e+00 1.387239380979083503e+00 2.121346573123500945e-01
-7.664149610761971099e-01 -6.579167718640934748e-01 4.174459482650577646e-01 -1.374427130906400674e+00 1.863970235958444244e+00 1.563634529195074174e+00 2.746646864909385588e-01
-8.932778308303630510e-01 -6.328861197402210204e-01 4.561885053491960829e-01 -1.357699235668652582e+00 1.537378230928818201e+00 1.663229223735755546e+00 2.738765770727283888e-01
-1.070824381713164408e+00 -6.746527236398939253e-01 4.727105600219689285e-01 -1.374382293556251966e+00 1.039704298492126533e+00 1.780301275293569185e+00 3.964329393637188725e-01
-1.197993671236599056e+00 -7.561604147190276182e-01 4.508178920015978863e-01 -1.387856171520329029e+00 6.483377461816999254e-01 1.847587031106761035e+00 5.716824665260419325e-01
-1.214422982345533475e+00 -8.743896644415639630e-01 4.702502660607187912e-01 -1.383796506033400098e+00 3.686308061711636164e-01 1.837452173951364065e+00 7.098894394864888602e-01
-1.105624803415870216e+00 -1.020804082607441154e+00 5.997943937480253451e-01 -1.359769840735408852e+00 -6.858666868655642623e-02 1.806494174948026776e+00 7.785564414818362255e-01
-9.692772229440300702e-01 -1.153350715384597880e+00 7.474239936444529997e-01 -1.262114044458790607e+00 -3.297626559092629583e-01 1.804380865515069488e+00 7.265971800295083494e-01
-8.773989376177014909e-01 -1.240095386874404459e+00 8.590568368573576752e-01 -1.089828698434756271e+00 -2.023403705318198853e-01 1.816065307548311525e+00 5.441222434308861100e-01
-8.333750147157019672e-01 -1.309116632861274665e+00 9.659394254356676868e-01 -8.432377862987984196e-01 -2.292863381318210325e-01 1.837907956768410900e+00 3.302373324572130953e-01
-9.174372871006076791e-01 -1.399898573082892561e+00 9.976429425399219175e-01 -5.891312150745412479e-01 -6.071435075437603412e-01 1.908607310094590837e+00 2.295703391159209517e-01
-1.051943235244807706e+00 -1.492519502689258593e+00 9.629907053159815211e-01 -3.726649563369272555e-01 -9.985696508680425021e-01 1.978205877583491645e+00 2.258422531730651384e-01
-1.149582763225139859e+00 -1.529970742094406644e+00 9.360701937504579684e-01 -1.523901972960321483e-01 -1.202639778952596883e+00 1.956604736151010160e+00 2.247420628551122512e-01
-1.245004065984538943e+00 -1.444131731153369236e+00 8.630538109900406374e-01 3.432636209339622047e-02 -1.105638294476448680e+00 1.790095596509443387e+00 2.231075347531608355e-01
-1.287683771195721860e+00 -1.168856398842277766e+00 6.740065211094788955e-01 2.516465121066189803e-01 -7.340796929517535707e-01 1.393178588947431962e+00 1.711663545307819390e-01
-1.199965726160519441e+00 -7.159566516230825295e-01 3.891401129075476861e-01 6.858891839289531500e-01 -1.989325942408904369e-01 7.248388020248061059e-01 -2.348220599422511101e-02
-1.012475242316809965e+00 -1.295415308743292360e-01 8.774824741571807252e-02 1.341984887395845316e+00 3.811003615277190892e-01 -1.709361576766959545e-01 -3.564775393505948409e-01
-6.948351825335380427e-01 5.276357321437453729e-01 -1.347277947225327122e-01 1.950025915516864661e+00 4.979270873119405194e-01 -1.154669394440966057e+00 -6.799310733625313352e-01
-1.769324911821755497e-01 1.150036965204743966e+00 -2.239553533257720996e-01 2.261229322059769231e+00 -1.887689159441936770e-01 -2.042949299301024091e+00 -8.355610837201931096e-01
3.504586186459385244e-01 1.657058347934143638e+00 -2.522885746178878952e-01 2.351804678901345813e+00 -1.118897828052482168e+00 -2.718777438959065318e+00 -8.594571995502054973e-01
5.961913049324814029e-01 2.004821968405834820e+00 -3.068066140222810989e-01 2.389117224113852966e+00 -1.545685574217919411e+00 -3.090236145293526082e+00 -8.671546704277010020e-01
4.394850972328655514e-01 2.156968527029785587e+00 -3.063394268757260730e-01 2.426591862168384850e+00 -1.227593455891833329e+00 -3.123216039507735520e+00 -9.024955273491507279e-01
-4.365292946207474135e-03 2.038663352468737422e+00 -2.176728273368948308e-01 2.444874397988204606e+00 -4.773352094472663731e-01 -2.806949196933349100e+00 -9.511323086218302914e-01
-4.692757619190374707e-01 1.665842756355254917e+00 -2.069499554932661134e-01 2.351761315251295059e+00 2.473213198305962979e-01 -2.208278720046780830e+00 -9.356837376258744232e-01
-8.033480560215161548e-01 1.197552269217143639e+00 -3.672711612357958399e-01 2.117277269793634620e+00 8.828729159781030233e-01 -1.528516598296995044e+00 -8.191992184707056479e-01
-1.011269906183857037e+00 7.840406998371183267e-01 -5.411629023139090666e-01 1.878350575719104132e+00 1.357973866065867563e+00 -8.872023198903726815e-01 -7.461289395746112385e-01
-1.023078085299390150e+00 4.399664682529719761e-01 -6.681131120722820782e-01 1.667190194643446199e+00 1.407398978529456057e+00 -3.051574659480209561e-01 -7.367297102537583298e-01
-8.964211380120564732e-01 1.499273623694571123e-01 -8.081823982198186318e-01 1.407835052889479854e+00 1.182387692797023160e+00 1.519309098580045314e-01 -6.692387615512012111e-01
-8.458002843451577490e-01 -6.369692257525462475e-02 -8.607585781147122361e-01 1.156093056993650725e+00 1.034397157399628009e+00 4.156689539474695549e-01 -5.928721122645583819e-01
-8.425374935400885557e-01 -2.542040626879030207e-01 -8.262869411288917831e-01 9.029892516913369249e-01 7.558188781631008935e-01 5.526956691673137190e-01 -4.762933377877793251e-01
-7.519100404128684634e-01 -4.923063452455344047e-01 -8.267527200855377956e-01 5.379979572256297082e-01 3.314428322582272379e-01 6.653391739396412596e-01 -2.030159178516998397e-01
-5.654493586291362561e-01 -7.694979848241854103e-01 -9.137400250883239705e-01 8.811858404687507307e-02 9.608544184807805977e-02 7.663854517730648297e-01 1.960693099113351434e-01
-2.455142987707387703e-01 -9.937145995210502347e-01 -9.840928593154255610e-01 -3.383503168156729024e-01 -2.900374281824202524e-02 7.835435161621872036e-01 5.676970884606514778e-01
2.017692450739796695e-01 -1.040685212501554657e+00 -8.890903681580588636e-01 -6.557921281610876729e-01 -3.537615105734192439e-02 5.974975215927141869e-01 7.380232814416562981e-01
5.876260139123332671e-01 -8.721717296816307030e-01 -6.663970384165028848e-01 -7.920604442210641416e-01 1.043362927026702525e-01 2.341683935131198269e-01 6.963944671445443380e-01
8.428674505647146820e-01 -5.871423261071287980e-01 -4.013406146779961992e-01 -8.524168431613152741e-01 2.909144612800203533e-01 -1.260303277608750272e-01 5.777562585478791535e-01
1.033060456541043504e+00 -3.060839576180463539e-01 -8.657402506241297646e-02 -1.026604878631932616e+00 5.267783115778371661e-01 -3.382402690050481664e-01 4.874989546179842592e-01
1.161199898955143528e+00 -1.471327525357452315e-01 2.421057688069926106e-01 -1.318927787290646414e+00 7.874422560306596486e-01 -3.518193211226096628e-01 4.746790573456527440e-01
1.192286413584549898e+00 -1.157486651273534201e-01 4.551099938495370423e-01 -1.627276745832108240e+00 1.103297636317828401e+00 -2.080373302772461075e-01 5.262390644301678799e-01
1.152269865782749036e+00 -1.017550942379944062e-01 5.413518480914244480e-01 -1.895856076753414943e+00 1.356883401088200936e+00 4.304645666786636467e-05 5.917497032279441793e-01
1.059693526498512783e+00 -1.599238644417612654e-01 5.604366248923869920e-01 -2.059685241222180441e+00 1.484288702389675141e+00 2.241034350511326712e-01 6.651454098537366022e-01
8.189201114982094243e-01 -3.152828472280661543e-01 4.946511941285847147e-01 -1.985261616792753703e+00 1.498900792870846432e+00 4.060476552861813637e-01 7.318685028361691103e-01
4.563697535111034265e-01 -4.726681718989722003e-01 2.832426861297666076e-01 -1.742012835483283117e+00 1.204494204378562694e+00 4.862222263285794766e-01 8.808754950214536805e-01
1.592573520116764008e-01 -6.175161605958899846e-01 -5.774952251156873634e-02 -1.467034894645554921e+00 7.590208684337517164e-01 4.567224591564797431e-01 1.130309221408799747e+00
3.232281004977381744e-02 -6.368922943257915303e-01 -3.504710497731218788e-01 -1.090121122214985361e+00 2.805801619998836149e-01 3.116750436704885940e-01 1.229487431936675090e+00
6.324090452530169160e-02 -2.925627511386975077e-01 -4.156446444826851772e-01 -5.517798769806716574e-01 -4.214643553025163025e-01 3.156470189967224005e-02 9.494908949283092925e-01
1.391386288254620740e-01 3.994806302133270814e-01 -3.012703820706019719e-01 5.928850806713009680e-02 -1.035197512438116973e+00 -3.678275040498967807e-01 3.356898607897015885e-01
2.098261296053274272e-01 1.118296511432731899e+00 -1.911018770013560852e-01 5.216380921862366904e-01 -1.337858969243612473e+00 -7.336402272821176407e-01 -2.862151170686045298e-01
2.509262634860854324e-01 1.549427839148869834e+00 -1.953967431073428407e-01 6.288442071204873862e-01 -1.514855549299439552e+00 -8.048953624754507929e-01 -6.018368488088016166e-01
7.874263012838052245e-02 1.614587565251871526e+00 -2.951631881265283641e-01 3.995222323859141667e-01 -1.444641827453273519e+00 -5.020606214382166144e-01 -5.714947213716131680e-01
-2.517279645133908561e-01 1.432374097712123540e+00 -3.669966434543310840e-01 -1.459848510668367190e-02 -1.005705075713366314e+00 -1.333095999404875290e-02 -3.661864158942418901e-01
-4.738079029535303688e-01 1.147494902840786812e+00 -3.271295271196947851e-01 -4.347392408262520935e-01 -5.762736973134922058e-01 4.372652759168094150e-01 -1.637591295933492064e-01
-5.402652009308175352e-01 8.505588773950859549e-01 -1.896745096011620002e-01 -6.631050298437082269e-01 -4.101266242809460949e-01 6.871556897487811622e-01 -3.642261473541363870e-02
-5.508601357174494062e-01 5.206009059617147106e-01 -9.588907548397312963e-02 -6.884706372886602033e-01 -3.465961026162324710e-01 7.757685374815855850e-01 7.336238105107127649e-02
-5.417052335279646247e-01 1.783493648467876780e-01 -1.159362321638877785e-01 -6.001826365457630930e-01 -3.242146251064672025e-01 7.992411805485140075e-01 1.850904133747377223e-01
-4.749308540122568201e-01 -1.806568991385911621e-02 -1.144667814176269366e-01 -4.234464644989947568e-01 -3.596399260853853086e-01 6.998892148654906054e-01 2.090592704490702725e-01
-3.148406468520446588e-01 7.985379455372446089e-02 -5.754312401360663770e-02 -2.032273349607276736e-01 -3.963808848201763047e-01 4.159509957431937188e-01 7.444973778985904123e-02
-1.437387234156229932e-01 3.955350447976531125e-01 -8.292869776631861534e-02 -1.965079913946381554e-02 -1.835562418117337724e-01 -3.159164206191573954e-02 -1.318540396057844288e-01
-6.715602611101872954e-02 7.141196313699790243e-01 -1.454104033095687254e-01 1.595647271740844031e-01 2.768306464127494038e-01 -5.253126630488460513e-01 -3.108388629465899111e-01
-4.423828269228479576e-02 9.339639605906309150e-01 -2.140891445238219878e-02 4.326050902651856211e-01 3.845562400754765076e-01 -9.144207252449513268e-01 -4.921323865640288564e-01
1.757207448364459662e-02 9.797573999056030658e-01 3.351886806811311126e-01 7.045633886794839817e-01 -7.563537070087109071e-02 -1.124015042439410639e+00 -6.351811622034531091e-01
1.519478631856174544e-01 7.500874067182000671e-01 7.457918495956938898e-01 8.312144703868398210e-01 -5.724296898684803070e-01 -1.169268939179053168e+00 -6.366495732951568121e-01
2.927545060198749605e-01 3.415215940702773234e-01 1.029048818139750132e+00 8.916459703682428906e-01 -7.818243974674187191e-01 -1.169508231976628565e+00 -5.254704881860188248e-01
3.767849782831900751e-01 -4.116743413776501742e-02 1.121718071204705902e+00 9.625737546244257370e-01 -7.442728774537025194e-01 -1.210730308476429595e+00 -4.021436999486744934e-01
3.806459422315541241e-01 -3.998401908398464544e-01 9.857501595862228072e-01 9.388793860124216017e-01 -3.404308040676967129e-01 -1.210783676496494987e+00 -2.300609576281640312e-01
3.167399004283521502e-01 -7.200700250219711496e-01 6.809952251091559994e-01 7.872009087723601528e-01 3.296507489990225803e-01 -1.115949925267771592e+00 -3.763179740051861549e-03
2.933390333001266725e-01 -9.042544052595050674e-01 3.648357947544416113e-01 5.448610725193908655e-01 6.961440275669749100e-01 -9.593292106226084526e-01 2.216783589752999439e-01
3.562415257588000816e-01 -1.009144237792532817e+00 1.209047563206663706e-01 2.778298574992224546e-01 5.587131613229155969e-01 -7.715511715650180680e-01 4.433930497875284704e-01
4.652576366983695033e-01 -1.097394947730842896e+00 -3.344324908046645423e-02 7.124302233891856295e-02 3.844136136766197476e-01 -5.857322244886925544e-01 6.103601089691009784e-01
6.016317578744981853e-01 -1.126785709354522158e+00 -1.664639897795075207e-01 -1.511068586828198113e-01 3.896435635127984964e-01 -4.203458436583000779e-01 7.609212238345285373e-01
8.004516810176977026e-01 -1.061955755990812156e+00 -3.878924093757354918e-01 -4.222558095634036945e-01 3.415284029872738825e-01 -2.971951665939320808e-01 9.254266576511536169e-01
1.094943921675247900e+00 -9.312250721640383810e-01 -6.961033684132950095e-01 -6.512093678722719048e-01 2.938772989100832955e-01 -2.458770652029335091e-01 1.017462563916491369e+00
1.393752860802998983e+00 -7.830808871451974129e-01 -9.467925528076314157e-01 -7.674551487447104359e-01 3.313487102092869674e-01 -2.415418095911331386e-01 9.985223603322096464e-01
1.597843208984999208e+00 -6.156486891164619779e-01 -1.045075527763429601e+00 -7.295951076904558796e-01 2.138066194572676437e-01 -2.512316798496683767e-01 8.716976350587931632e-01
1.632673259808802735e+00 -4.045473333911777103e-01 -1.070775412008750260e+00 -5.424675228361025558e-01 6.906140760832275849e-02 -3.010792191396381989e-01 6.498969791991818790e-01
1.549181288367918130e+00 -1.130656471627015935e-01 -1.003499507692736215e+00 -1.753909970475708846e-01 8.298903657248803134e-02 -4.309121929299379872e-01 2.408187402913260777e-01
1.526071891781572099e+00 2.525853367239277447e-01 -8.278739561485733978e-01 3.181456948893215397e-01 -7.784103504040140731e-02 -5.875125015905217074e-01 -3.370958904612020857e-01
1.513289222813034574e+00 6.465696271844496579e-01 -6.918165076864255525e-01 7.846272039590703740e-01 -4.992515954526829947e-01 -6.896710243007987406e-01 -8.541117101811556145e-01
1.337264852765954526e+00 1.049266716254643406e+00 -5.681827750756583972e-01 1.114123679897314645e+00 -1.005561176002682577e+00 -7.042359005315670384e-01 -1.211330103842594763e+00
9.837487144792563809e-01 1.330809230048563663e+00 -3.485582281439035257e-01 1.165770850152179294e+00 -1.330783844158728524e+00 -5.772439533349381646e-01 -1.377854374532448967e+00
4.966649984959047304e-01 1.229789824602016912e+00 -7.425363644362047155e-02 8.207835002375920563e-01 -1.055853021342357145e+00 -2.573409989425172184e-01 -1.216390655512119778e+00
-4.232469416401706680e-02 7.426831263222808399e-01 1.447116420603321019e-01 2.558439938560879701e-01 -5.263967076798456990e-01 1.774721680537288959e-01 -7.257556503237465595e-01
-4.900308504831474288e-01 2.457885569959001315e-01 2.425963635663517803e-01 -1.830551177962936871e-01 -1.961646914674372577e-01 5.197159521800446269e-01 -2.195591444553416649e-01
-7.702577249286713945e-01 -7.519926377654034821e-02 2.497311633732633429e-01 -4.058135532934443179e-01 3.419283259110329765e-02 6.974653246789085381e-01 1.027646254634601852e-01
-8.828590132978835214e-01 -3.016004304618050691e-01 1.971244438592360537e-01 -5.106329209640976252e-01 1.467378822305102637e-01 7.862943499019454663e-01 3.187460338148596639e-01
-8.775567954494523093e-01 -4.181821429867835782e-01 6.492824416972550750e-02 -5.131303464199081787e-01 1.545196353843488468e-01 7.764206555057138193e-01 4.710293057462066613e-01
-8.478649643858897633e-01 -4.306738473114488097e-01 -8.133729553586380168e-02 -4.056049469303832367e-01 9.895036920708139005e-02 6.820095257185853077e-01 5.426529626652807359e-01
-8.573899140214056303e-01 -3.666210781320451972e-01 -9.639310438146003746e-02 -2.440222368533210007e-01 -2.334108889834881143e-02 5.716185995661228203e-01 5.043455855434112456e-01
-9.098070594957604618e-01 -2.652159580159723640e-01 2.524382804124258167e-02 -4.723041003588224901e-02 -1.155391516344880798e-01 4.686185073987007565e-01 3.627373151399931328e-01
-9.666759641233090283e-01 -2.361985571641583848e-01 1.934346172148075360e-01 1.767218981489954432e-01 -1.864480172075839437e-01 4.240631127274203105e-01 1.735809428229254658e-01
-1.004083777479972905e+00 -2.084963223871003635e-01 3.607932517094084579e-01 4.012845627118137304e-01 -1.127710254119495825e-01 3.914387400009866624e-01 -7.099142258798719907e-02
-9.407958319355329557e-01 -1.223868192950940126e-01 4.511030055296115227e-01 5.698101658905619926e-01 1.667087568077021964e-01 2.896050649053119597e-01 -3.021936973049945130e-01
-6.903273545474361006e-01 -5.686400008054399990e-02 4.357093316710379804e-01 6.693838108522629504e-01 2.411990753009824462e-01 1.585975358377972599e-01 -4.565641939142523476e-01
-3.399502460907595225e-01 -4.260696917586809934e-02 4.497918390844415915e-01 7.385514425197045041e-01 1.027611598995089998e-01 7.537096668877968364e-02 -6.240779092830079922e-01
-6.249895202388088683e-02 -1.340669564821335147e-01 5.204110087058290146e-01 7.418700674498345249e-01 1.059608136411102630e-01 1.216904094773001849e-01 -7.540927039752565175e-01
1.770241650085413107e-02 -4.257228690232783830e-01 5.220192314913217890e-01 6.176950008655567315e-01 1.257017649354708333e-01 3.747109545314577517e-01 -6.582936326927548709e-01
-9.559504621459696816e-02 -8.405776182248153594e-01 3.767504527680258786e-01 3.097067715190388593e-01 6.542508201599500639e-02 8.273822593079953602e-01 -3.191644352993363021e-01
-3.323914536242323359e-01 -1.076237628619170383e+00 1.125892635718131057e-01 -6.831427764556004603e-03 9.455025463827236576e-02 1.299593572667220753e+00 6.123175015743484439e-03
-5.918673032867727279e-01 -1.094882800748812723e+00 -9.665407788273866485e-02 -4.912843873680437790e-02 1.953284526643081775e-01 1.612975921244368616e+00 1.016321588022978534e-01
-8.099486281163535972e-01 -1.112394213482677197e+00 -2.596963871050996797e-01 1.153759775559601297e-01 1.685892995064417477e-01 1.768941045107055743e+00 1.074833416331573560e-01
-9.177160305809571872e-01 -1.056236245086791925e+00 -4.588178059680982912e-01 2.949484202373857666e-01 -3.830206830822185937e-02 1.711775616557471347e+00 1.320834157515238805e-01
-7.617395290910614625e-01 -7.828034436433706222e-01 -5.444034988913657447e-01 4.150911230798098317e-01 -2.187604936989910875e-01 1.349359158779885215e+00 6.356576596414643954e-02
-3.542526328106498923e-01 -3.881815218758474240e-01 -4.931245147062102152e-01 4.122047930796830517e-01 -2.716298642885978110e-01 7.802056147258390473e-01 -6.100101059521767510e-02
1.406664587147751777e-01 -1.047935763073451765e-01 -4.592588970925781666e-01 1.600393334019634406e-01 -9.734484330915704406e-03 2.422246763659365587e-01 -5.992406554011873304e-02
5.723356396016441305e-01 -9.534030510844573869e-02 -4.411530879324415122e-01 -3.601345780148867415e-01 5.964303464275192423e-01 -6.613743834642327180e-02 1.278722733641653453e-01
7.630274626688758888e-01 -1.936442621775082695e-01 -4.239817380597691310e-01 -7.977158196556675129e-01 1.121862773496479448e+00 -2.377867290568380365e-01 3.638240502286433919e-01
7.592196375896388405e-01 -1.323538791914208035e-01 -4.876593223225454410e-01 -8.581990734278904798e-01 1.328265253260243473e+00 -5.219144121549296189e-01 5.039698734744184616e-01
7.604583988421851348e-01 1.231239095703491881e-01 -5.681069745897079359e-01 -7.267440200261447991e-01 1.185103107978237036e+00 -9.510832854593554986e-01 5.793678169789266974e-01
7.742629065488498830e-01 3.983797265640502405e-01 -5.984595615725842865e-01 -7.531881640103511577e-01 8.357838656777850650e-01 -1.281618042328544593e+00 7.218373244550116974e-01
7.524689196444793726e-01 6.024727385349822883e-01 -4.970462234688783898e-01 -9.425037907000772819e-01 5.691046688524917796e-01 -1.410627728544417092e+00 8.520303209167688907e-01
6.464191713623396174e-01 8.475065468073136321e-01 -9.111087555267761984e-02 -9.851891841710974651e-01 3.078406364709089793e-01 -1.463843355969332016e+00 7.053500160269390307e-01
4.276114705816256856e-01 1.170186074420897393e+00 5.813353779721497361e-01 -8.054589083158154583e-01 -5.850904931634647033e-02 -1.434795918880394927e+00 2.607882250563258175e-01
1.986974643317884759e-01 1.491638280267214789e+00 1.325377661339205426e+00 -5.707803763182045520e-01 -5.878120209423863818e-01 -1.318158071740803905e+00 -2.883460424614536222e-01
9.090212482770237967e-02 1.704393360185754380e+00 1.868522862540689333e+00 -4.064820148264584043e-01 -1.211749374686262204e+00 -1.221799522161146179e+00 -6.997645228224205205e-01
