-1.650995287563386649e+00 8.621887437169691859e-01 -1.144987831163902348e+00 -1.085370510969061009e+00 1.003283861173832336e-01 -7.805091589271866415e-01 2.069728887161446540e+00
-1.066667512288197006e+00 7.378768789397899264e-01 -7.450573382085589058e-01 -1.256993067055835134e+00 7.065461830021652068e-02 -9.389712051741946341e-01 2.024371815500058958e+00
-2.217964598945691979e-01 2.839964237366619515e-01 -5.132174112173722991e-01 -1.328483153486120116e+00 2.204995064260983906e-01 -9.605418317365469472e-01 2.001091180699454686e+00
1.007598468170694872e+00 -3.524785837528320309e-01 -4.876141263775713441e-01 -1.167508541188698290e+00 3.120686308580907231e-01 -9.115928490635197834e-01 1.794855029896149645e+00
2.298189036075878544e+00 -8.772059370035333314e-01 -2.143577360245206009e-01 -8.201715982325876730e-01 4.431717431313351302e-02 -8.833541524889606533e-01 1.256106701396643821e+00
2.967688504792967752e+00 -1.194730707648007817e+00 5.208373891026314428e-01 -4.001043669379034107e-01 -4.813614701792865991e-01 -7.155834994641722124e-01 5.097763211633155045e-01
2.639394640090841904e+00 -1.409932319974884996e+00 1.267915286022285981e+00 1.149139438339131028e-02 -1.011530583302692854e+00 -2.512313894700369254e-01 -8.401219838100813797e-02
1.447811551908049887e+00 -1.650870941614325904e+00 1.519851003014905277e+00 3.771464304925553623e-01 -1.294383358142628726e+00 4.425093036505327038e-01 -2.439532052683792140e-01
7.035391425759041084e-02 -1.887508889730805217e+00 1.367706132411720565e+00 5.884376282520531465e-01 -1.005320118831473764e+00 1.102013549464105679e+00 -1.146726707358875080e-01
-9.404931862573305823e-01 -2.013538854716154791e+00 1.031254050311107395e+00 5.906669421513187634e-01 -5.172703925215583337e-02 1.509677782684456071e+00 6.240450304502921652e-02
-1.390094377787856050e+00 -1.954716885131356552e+00 5.812039280629934801e-01 3.640000596921403875e-01 1.217052541710215596e+00 1.585517842107531328e+00 2.134534662649102410e-01
-1.271804046004412658e+00 -1.782674585539977041e+00 1.330042648892559853e-01 -7.369909698525146935e-02 2.209592565030904510e+00 1.453858572675170491e+00 3.265578040438151253e-01
-8.172265140429060271e-01 -1.519713798206102418e+00 -1.852790445516332152e-01 -5.791987469200605698e-01 2.577221262523295309e+00 1.301748390688560963e+00 3.604340563802680975e-01
-5.029130602310761811e-01 -9.582504589275037121e-01 -3.546313320377121325e-01 -8.893064437706484915e-01 2.282586332949860797e+00 1.184963291226360127e+00 1.841707987047800921e-01
-6.122273984826336335e-01 -1.147932064062351237e-01 -4.592111503483005119e-01 -7.197812919592160297e-01 1.542153555203418014e+00 1.051653152956654180e+00 -2.495965971778318915e-01
-8.642163623994789656e-01 6.219221623945083710e-01 -5.831520275463629721e-01 -8.744219493797147913e-02 8.411106639877939939e-01 8.354551848667903791e-01 -8.116905568514674041e-01
-9.171838097062686712e-01 9.934057963756296461e-01 -7.242807186801553110e-01 6.895044223735282696e-01 3.793614464960280430e-01 5.762882194431494520e-01 -1.322715781709595584e+00
-7.702473347168095064e-01 1.134398580516560173e+00 -7.178130408174444588e-01 1.191503512962643230e+00 2.847002807542186598e-01 3.155525547150486165e-01 -1.663256272652585466e+00
-7.180466132441076788e-01 1.286436888964399117e+00 -4.592943545901538305e-01 1.237792760587269614e+00 7.804715148256748947e-01 6.918644886913645486e-02 -1.839604796923591135e+00
-9.014403693599212231e-01 1.540210460819982030e+00 -3.258234364377352726e-02 1.100983959089430586e+00 1.361963934267636400e+00 -1.578486180135995343e-01 -1.952823071159365709e+00
-1.129130189066841261e+00 1.813190221215738474e+00 3.598996071572694855e-01 1.039304265790125026e+00 1.431512590611202285e+00 -4.118489352411774940e-01 -1.992875054555359515e+00
-1.159370145014481324e+00 1.863800056536329519e+00 5.138588647768381756e-01 9.653069402335514582e-01 9.901692996683383319e-01 -6.324585924755706801e-01 -1.769940541503588038e+00
-8.494575571760176746e-01 1.704212100107166394e+00 4.713585798943858984e-01 7.731131410505989177e-01 1.670951238075163992e-01 -7.700921795101568490e-01 -1.357311378629665333e+00
-4.733201048595063742e-01 1.638719356021409057e+00 3.227698617196537167e-01 6.405876467527351625e-01 -7.183041894266442018e-01 -8.586174784193866261e-01 -1.076974190390336483e+00
-3.059876433076614277e-01 1.762886903393152238e+00 4.110492100329112691e-02 7.376108154502999392e-01 -1.396777573564438990e+00 -8.857883460700997080e-01 -1.052090336821636996e+00
-1.838503813345265525e-01 1.907431519724138491e+00 -2.918062624824704354e-01 9.630857613302654663e-01 -1.969098771383061663e+00 -8.284935072226010666e-01 -1.184899453115150658e+00
6.790325680157721644e-02 1.793340343449234986e+00 -5.530084982197993604e-01 1.118023082845370331e+00 -2.367364157258933677e+00 -6.788385505074746584e-01 -1.229221734464565952e+00
3.464805346895747373e-01 1.308011868143850842e+00 -8.177734635923812334e-01 1.138885575813210149e+00 -2.270329045392870615e+00 -4.749906796581068735e-01 -9.814182234909072378e-01
5.012860170540467397e-01 6.010796108080672662e-01 -1.113807070341978234e+00 1.158662528612321774e+00 -1.728782564876132577e+00 -2.857245577927953750e-01 -5.832694858711415797e-01
6.353434904348848056e-01 -9.733466366212543963e-02 -1.291944365930335570e+00 1.181361338368100755e+00 -1.082624455607765324e+00 -2.039587224262893461e-01 -2.314775836722170466e-01
8.683593804148461714e-01 -5.080246003991218950e-01 -1.256319967941146087e+00 9.898122462762969365e-01 -6.744085189208643971e-01 -2.931558587931946125e-01 1.243940215371676095e-01
1.006643142983228323e+00 -5.013589537341474056e-01 -1.100689067658119136e+00 5.417542622064269731e-01 -5.406332241271328831e-01 -5.107760092693681697e-01 5.310132815685729701e-01
9.757888986281981758e-01 -3.442236126724785295e-01 -9.733538531544990713e-01 -7.092951678581535524e-02 -4.057342550312079132e-01 -7.081172481610639169e-01 9.989375256875597797e-01
9.311879965191613984e-01 -3.369679397139023203e-01 -8.623386450565331263e-01 -7.147064749457657795e-01 -2.530513033566478276e-01 -7.385783284939558824e-01 1.512752794322116845e+00
8.254190428285722581e-01 -4.170104928714639114e-01 -6.637749149697254047e-01 -1.156247222957824672e+00 -2.562887991136195698e-01 -6.259798950856205746e-01 1.907204990574818515e+00
6.630058682219628352e-01 -5.303745073053692805e-01 -1.784358848917297069e-01 -1.337072779034398584e+00 -2.493531090249254678e-01 -4.326602222471534476e-01 1.975295062022255799e+00
5.137276077705457134e-01 -7.419627730073141691e-01 5.258827665447448618e-01 -1.353143620521349844e+00 3.211951025969430468e-02 -9.921741136936199079e-02 1.691902569874606188e+00
2.728835789715595150e-01 -8.713419706556106981e-01 1.025020136802428095e+00 -1.194085609814238280e+00 2.235708232670123585e-01 3.619145126921336497e-01 1.174290361020683182e+00
3.610459124476350125e-03 -7.996997190286672108e-01 1.136886061309851703e+00 -8.333309974238787277e-01 1.714330687782696094e-01 7.147029803208623244e-01 5.556368657457182447e-01
1.810613038071225492e-02 -6.261452947348268294e-01 9.750390484538626890e-01 -3.706275025543834256e-01 1.199134192223435119e-01 6.899387135609093002e-01 1.782237039606298160e-02
3.355553839809318761e-01 -3.791885932006462956e-01 7.576166380095316066e-01 3.627952818047874839e-02 -1.593336270733341498e-01 2.597547392456868165e-01 -2.553916584622261121e-01
7.320207070649425996e-01 -8.222836487702776809e-02 6.535745039827723923e-01 2.368728608774512134e-01 -5.384362670057443179e-01 -3.542242936720084168e-01 -2.843112168334624990e-01
1.038529459436473790e+00 1.364023415562940211e-01 6.184429541709612899e-01 1.934292393579102598e-01 -4.972521247777230147e-01 -8.441514296601507761e-01 -2.261149499525680340e-01
1.036536075995286632e+00 1.708711480072759026e-01 4.897356622788735514e-01 -5.202058967396088439e-03 -1.169568421957255799e-01 -1.033062235073460622e+00 -4.618443816808198710e-02
6.720701445218335568e-01 1.067347127189053335e-01 1.773969239714784374e-01 -2.761463873793448265e-01 6.419636964071279150e-02 -9.634363180735601162e-01 3.538024647895733343e-01
2.287999230382018467e-01 1.123125511997211251e-01 -1.612420778191592519e-01 -5.486618565921971280e-01 -8.174901963843199393e-02 -8.004514378246079254e-01 8.004417627844533367e-01
6.319973504214064508e-02 2.682674676124062185e-01 -3.344747791866929387e-01 -7.384633519963232917e-01 -1.270821384278063293e-01 -7.658878917302996969e-01 9.924022821663617266e-01
1.693920150564807992e-01 5.461728054480572414e-01 -3.729754230660586312e-01 -7.982348798201946982e-01 -8.892760327204189685e-02 -9.103309389967355614e-01 8.915757150546735899e-01
2.979380503523672008e-01 7.985463632359947050e-01 -3.048833649472222906e-01 -7.494515399091071783e-01 -4.458214311461782264e-01 -1.033069126075346622e+00 6.808093767752696479e-01
2.664593225095458484e-01 8.347703764101456203e-01 -2.707178939455641142e-01 -7.103619375176759565e-01 -1.057213793112332212e+00 -9.148927392857797436e-01 5.914301484280565235e-01
2.021591617087416942e-02 6.110034779748875211e-01 -4.909685316843179215e-01 -7.787537464912628327e-01 -1.415081104532762923e+00 -4.965754148891666220e-01 7.601142274057069992e-01
-2.204706989492785651e-01 3.235780031893673026e-01 -7.536892926804057424e-01 -8.511999253984412483e-01 -1.393991095064238239e+00 5.086077523806245559e-02 9.078199657395835676e-01
-1.995021741992760722e-01 1.269855874467592238e-01 -7.641485069423920029e-01 -8.346440621723379971e-01 -1.072998166324365288e+00 5.113989511181972203e-01 7.334020824255179649e-01
-2.544489851841049907e-02 -4.359558496522628057e-02 -6.238757704230883938e-01 -8.201685824480289266e-01 -6.663277619732895785e-01 8.506819897161086441e-01 4.117809725916395380e-01
3.027337446765093060e-02 -2.493577887781776303e-01 -4.033149446631136281e-01 -8.558525122255686846e-01 -1.899989548460638278e-01 1.127029680809201517e+00 1.401147083996535925e-01
-6.302879662428742535e-02 -4.594602325466350945e-01 5.023233841260955207e-02 -8.049266633341670696e-01 4.295323264958109122e-01 1.298601058356493310e+00 -1.433821512437803980e-01
-2.618122188016439034e-01 -6.162379764066867605e-01 6.313012213254310945e-01 -5.700463620641799123e-01 8.975085905210556936e-01 1.332359698594198782e+00 -4.374088114731071730e-01
-5.477622136440684075e-01 -6.260513659089418370e-01 1.216191600901974423e+00 -1.649815309043108635e-01 9.190460397113141555e-01 1.242878303448116117e+00 -7.650537334481756213e-01
-7.811352972186752508e-01 -4.027247049670528711e-01 1.859926276694769065e+00 3.948347409275971831e-01 5.745408254861240627e-01 9.781483832570383452e-01 -1.251740143288861518e+00
-8.936758499343555595e-01 -1.305802732354094942e-01 2.363206866681884399e+00 9.380895032422981172e-01 4.020263773929088624e-01 6.079782331143470664e-01 -1.736459881443448650e+00
-9.565031507372618869e-01 -5.250482359164817397e-02 2.537466992476602012e+00 1.192729465862562233e+00 8.092714475801601193e-01 3.040588659846681918e-01 -1.930181724859345138e+00
-1.055209531283727742e+00 -1.603349566496593548e-01 2.429169145365401405e+00 1.105385966168435097e+00 1.470864562154557964e+00 2.436911394311682966e-01 -1.791495414639560524e+00
-1.266746575651193973e+00 -4.454317200055961101e-01 2.112642550264357766e+00 8.457398579441769426e-01 1.826356847205722111e+00 5.159774400571700559e-01 -1.391106523649110471e+00
-1.611564448759578605e+00 -7.861676641057890880e-01 1.664878893652732783e+00 5.973669064073313661e-01 1.724842330354888986e+00 8.873144605496740001e-01 -8.400001790726618900e-01
-1.965508136868828526e+00 -9.023770980015681786e-01 1.226441370419431687e+00 4.717251998698159809e-01 1.234807161159197531e+00 1.057013224087061554e+00 -3.712094053083501710e-01
-2.091965614384629024e+00 -7.152655827642424580e-01 8.292035059354712079e-01 4.983731891468767272e-01 6.786218831742300006e-01 9.448581421642606726e-01 -1.674437929061689256e-01
-1.880855993847639684e+00 -4.099818718208558255e-01 3.492740371040943814e-01 5.814401722550772700e-01 3.221857648914390748e-01 6.288280335224271100e-01 -7.206694295983022414e-02
-1.412858107926170836e+00 -2.651476551127800452e-01 -2.158442322351017684e-01 5.329891217947340110e-01 -3.295430305669037191e-02 3.072422889005401725e-01 2.373764175684573985e-01
-8.387178025248335222e-01 -4.039483964817879302e-01 -6.844013706025916521e-01 3.330395858293402900e-01 -2.241836969789894884e-01 1.761509354873016797e-01 6.877759108361418683e-01
-3.798966054089775168e-01 -7.289690942546259711e-01 -9.298636616260812504e-01 1.614012106813966785e-01 -3.684935846222352207e-02 2.862235164860205683e-01 9.906060308974848905e-01
-1.736113700780770874e-01 -1.009066905125262981e+00 -9.781971584218716043e-01 1.762655414367023110e-01 8.822183368529240566e-02 5.252612196337108630e-01 1.018986032800051067e+00
-2.549835835631413666e-02 -1.077614039381626476e+00 -9.182955396306053952e-01 3.175960944634994565e-01 -8.816543945147611860e-02 6.576456463117678064e-01 8.275763355610469274e-01
2.167546051795646855e-01 -1.019537523015797253e+00 -9.575827184894750710e-01 3.763512489987659859e-01 -2.860363362891901184e-01 5.512145079168027095e-01 7.461447712180589997e-01
3.975807807419361461e-01 -8.500704701093073634e-01 -1.153024119943701020e+00 2.868040769842158388e-01 -4.198711345036073017e-01 1.992365056200630091e-01 9.621924369946716071e-01
5.804240778301962278e-01 -5.086907912753499961e-01 -1.291630588373050115e+00 7.526465092197713591e-02 -6.885834287926414499e-01 -4.079808669269359700e-01 1.337585280342626248e+00
8.651051492169228307e-01 -1.922703155298845779e-01 -1.351307528662739621e+00 -2.399397809804108550e-01 -1.025676309478337878e+00 -1.051787703114342110e+00 1.764235629672766814e+00
1.175692907828391531e+00 -3.668391136080668274e-02 -1.384602258645627915e+00 -5.698543175527284177e-01 -1.294787641234392828e+00 -1.446764377526153389e+00 2.056787797891975966e+00
1.470961080162403345e+00 8.255662420483300679e-02 -1.287775251680036703e+00 -7.506896728957607179e-01 -1.565253542664577058e+00 -1.493317423380132736e+00 1.940004920368342267e+00
1.469088048383855094e+00 1.989643513510537531e-01 -1.008275187195852407e+00 -7.227477223423698360e-01 -1.643910120618697679e+00 -1.109302013114848329e+00 1.419591304816474775e+00
1.049738200551035838e+00 1.792077903902394853e-01 -5.217918402248447052e-01 -6.530762461566418375e-01 -1.336284125876602502e+00 -3.571613587142006274e-01 7.675289904842852451e-01
4.596463645020443800e-01 2.234498962972933725e-02 1.160199673924716124e-01 -6.060480759183526356e-01 -8.412418120099740548e-01 4.397910133390371956e-01 1.699252825500508490e-01
-7.481557191163434872e-02 -1.422657778366139270e-01 7.276881106598412918e-01 -4.117960716386245279e-01 -3.279499670268747891e-01 9.658420671106260347e-01 -3.735701095626148271e-01
-3.744580397581982467e-01 -2.106444237670807851e-01 1.256110555243208582e+00 -1.032855512105411988e-01 1.191474558956936020e-01 1.155086702821226385e+00 -8.935809607408227162e-01
-4.969450183168226953e-01 -1.132971743074361187e-01 1.646275271875636603e+00 6.246854876197605738e-02 3.914685587290729907e-01 1.140704640474117904e+00 -1.304724234682801187e+00
-4.814413346352389711e-01 1.336677203761926780e-01 1.872581852665373470e+00 -4.156780938093868061e-02 4.943092692398652899e-01 1.046148280584530577e+00 -1.568353657964793868e+00
-3.103826850503265677e-01 4.827642549728626831e-01 2.034856390563957618e+00 -3.397402355089282899e-01 5.448170086980979043e-01 8.992239958900625219e-01 -1.756162898789992211e+00
-5.349349857698543903e-02 7.913289641070483382e-01 2.079178960269416621e+00 -7.043029527591285754e-01 8.556311838912018519e-01 7.174921904143169993e-01 -1.845522577289754995e+00
2.963119152732774375e-01 9.054319512919698498e-01 1.865308483179470622e+00 -1.032024301491853979e+00 1.548217465525891123e+00 5.708109431922890886e-01 -1.798740373154573247e+00
3.731362999693263460e-01 8.655866195030518240e-01 1.329283831538285110e+00 -1.247617779398131121e+00 2.225069319906561649e+00 5.402122844948686886e-01 -1.502290978193905557e+00
6.573316493048579623e-02 7.496675592128829724e-01 6.062341769736274699e-01 -1.386859527640778023e+00 2.540111139971231058e+00 5.250351915677117232e-01 -8.872730747899434389e-01
-1.596240176993682369e-01 6.311382905685597455e-01 -8.202956818466032585e-02 -1.423607013232951468e+00 2.576712912324302440e+00 2.941052135738212447e-01 -1.765743222122494738e-01
-1.541891017007482600e-01 5.016807741053032066e-01 -6.922713041092060093e-01 -1.289656126800503122e+00 2.562547921860951039e+00 -1.814306752823726387e-01 4.752637472828990517e-01
7.537964078455400285e-02 2.848339454136016857e-01 -1.183718366443649916e+00 -1.101282285941189709e+00 2.451679601866528557e+00 -7.170256702784950642e-01 1.036766741870270625e+00
3.682618217797633542e-01 7.041421222934424184e-02 -1.410158118665189697e+00 -8.724207645102446396e-01 2.225631072498664764e+00 -1.119717936717049556e+00 1.332813317523443342e+00
3.654699715456835585e-01 -6.863821994484375910e-02 -1.320795201121843565e+00 -5.100767826254551940e-01 2.033689264924913420e+00 -1.287473448952440647e+00 1.285250306109688267e+00
8.038589203634398384e-02 -1.476946220476383909e-01 -1.136913958820917836e+00 -1.715112623272053993e-01 1.846737070159630623e+00 -1.220566040749155201e+00 1.114696349069547177e+00
-1.967923207904157812e-01 -1.420384879421566771e-01 -9.836949013925745389e-01 -5.463004650210215134e-03 1.619465349612787541e+00 -1.025368040667159253e+00 9.288906671865864162e-01
-2.825611302200054520e-01 -1.000362096765224779e-01 -5.560970386615367023e-01 1.342677238182463650e-01 1.234404616604871663e+00 -8.406927313892798015e-01 5.658771609749084774e-01
-1.396801044215713328e-01 -1.475844749968602543e-01 2.614376523101760719e-01 3.477478035783578281e-01 5.664971218270886677e-01 -6.756601363822448691e-01 6.424441192728187755e-02
1.107053916021219220e-01 -3.072468990703159375e-01 1.065194978809873572e+00 5.572260889323458199e-01 -1.601290640076949434e-01 -4.503860801378376522e-01 -3.766188454237365812e-01
2.307268088302127929e-01 -4.266330170488343287e-01 1.415773397768647968e+00 7.673275439151691080e-01 -7.772731552690197443e-01 -1.704425034144353424e-01 -6.848085072795425665e-01
1.478588627582740900e-01 -4.511707852972574040e-01 1.270669210362610713e+00 1.093676351109085010e+00 -1.272941351280766575e+00 2.698025725305745054e-02 -8.652093147808599394e-01
-4.785090786663138973e-02 -4.875293222074755795e-01 8.474084959385579374e-01 1.602909589334519547e+00 -1.415957670338369168e+00 -1.699956789810960420e-02 -9.541074409034235870e-01
-3.034846589887080781e-01 -5.000770422624373213e-01 3.502948321171635571e-01 2.210148632564373106e+00 -1.436823259932508812e+00 -2.605345556368474091e-01 -9.834745104274181804e-01
-4.641510190831893423e-01 -4.240742102744507469e-01 2.472517825370381186e-02 2.720342040939765837e+00 -1.820994669595603632e+00 -4.696877913470630661e-01 -1.030213867935851679e+00
-3.891258677896114460e-01 -3.260581039734797848e-01 -8.082771263980881304e-02 2.911511927236988484e+00 -2.137084770564590119e+00 -4.526772265251240435e-01 -1.144736544922979160e+00
-1.807070964852759143e-01 -1.831303883834619617e-01 -1.093422341248016239e-01 2.622149337466097130e+00 -2.070885159769767281e+00 -2.004143787433103341e-01 -1.241036159716950138e+00
5.414316764242912278e-02 3.884364603075196598e-02 -9.932095450125429104e-02 1.905933434543361837e+00 -1.874444878730811892e+00 1.647849599678440913e-01 -1.234540746733338690e+00
3.364634117763185550e-01 2.437948432565504864e-01 -1.323745527535825361e-01 1.033752438852655331e+00 -1.512161583514517460e+00 4.685916202436212763e-01 -1.109487606492693290e+00
5.577269147523465920e-01 4.059385505210235667e-01 -2.593964684224461803e-01 2.405199754376394217e-01 -9.555691126967390536e-01 5.774043401960645694e-01 -8.867836508055939593e-01
6.336844635134822878e-01 4.874783863261030747e-01 -3.448225634803975814e-01 -4.254547943170161606e-01 -2.747297168785282628e-01 5.746563242218059031e-01 -6.341836846758189816e-01
6.058011494660969776e-01 4.748688595970743664e-01 -2.517786765803529114e-01 -9.547362823053814340e-01 2.721836494574642051e-01 5.948791921509134495e-01 -4.470481693895318465e-01
4.893054586994022848e-01 4.851577907615928775e-01 -8.241222825713619138e-02 -1.265263248135494401e+00 4.862245970515986504e-01 5.902101403146930991e-01 -3.464442744739371638e-01
3.511222321282269077e-01 5.535296459583333162e-01 -1.000221165492687359e-01 -1.306001854672214746e+00 4.202864805181955044e-01 4.908817538989020957e-01 -2.345720558624186103e-01
1.698289624797575947e-01 5.907315224795856023e-01 -3.843440154085254745e-01 -1.236297609765625527e+00 3.289628947965179129e-01 3.610794838276605301e-01 2.124740631582242717e-02
1.004364291753740519e-03 4.629983989794719257e-01 -8.327018071174483449e-01 -1.242422816809020780e+00 5.148894391675573612e-01 2.672292878944790284e-01 4.715425249249514117e-01
3.451817646706931142e-02 1.838878687321494065e-01 -1.242068574555592608e+00 -1.286047487254138089e+00 7.297541030610131818e-01 1.731857398251208935e-01 9.921436598133597240e-01
2.403601932104114380e-01 -1.475058856429645460e-01 -1.455151302451797912e+00 -1.298131484143560499e+00 7.642162638517351336e-01 7.455698318536486957e-02 1.422442672433528177e+00
4.621408822083463153e-01 -4.629212881697015169e-01 -1.510708895787979289e+00 -1.213216119668446780e+00 7.108012430046017904e-01 -1.170106243653960126e-02 1.682613741228212945e+00
6.129838507087891353e-01 -6.332140345675079107e-01 -1.514387744442065253e+00 -1.032236703207376483e+00 5.839955369587054301e-01 -1.249197477011025348e-01 1.763046615625781799e+00
6.062589150966728457e-01 -6.353654896639332472e-01 -1.536232545475096023e+00 -8.600578216057034320e-01 4.177735154529513828e-01 -2.328919261032759147e-01 1.740917940035328737e+00
4.553701445536084136e-01 -5.814316129297161240e-01 -1.552501434650356726e+00 -7.139744354091991374e-01 2.926932566204633046e-01 -2.784694008090606854e-01 1.668848085572682383e+00
3.170835476031264033e-01 -4.971795243179562007e-01 -1.520587853522510358e+00 -5.822277677272637009e-01 3.412752636794758043e-01 -3.298083927219545575e-01 1.534687821142542319e+00
2.738275498946045050e-01 -3.113710097688515699e-01 -1.340698475676115553e+00 -4.274884555112541951e-01 4.212647571818499137e-01 -4.228031035121252446e-01 1.248272437626254394e+00
3.130787034584050499e-01 -5.082444459775457141e-02 -1.008487657025634698e+00 -2.031094337081944534e-01 2.341212975434995014e-01 -4.849411973253724972e-01 7.975730563555751829e-01
3.666024355086610065e-01 1.746009174869037339e-01 -7.246282155505334721e-01 4.423432009717717661e-02 -5.335531775092575840e-02 -5.536336146484495124e-01 4.182238424812464994e-01
4.266448257447349457e-01 4.013231496566833090e-01 -5.239812227245762566e-01 2.865505853251905655e-01 -2.681433276275576594e-01 -7.679190883809754453e-01 2.158054537190618183e-01
5.751271854157782304e-01 7.140390445003597097e-01 -3.712772132155124361e-01 5.806802241944463150e-01 -6.674465020968984863e-01 -1.128730715780545513e+00 5.259042162409732074e-02
8.314378640375806873e-01 1.048125003532510258e+00 -3.705873773413154160e-01 9.061598563434696274e-01 -1.281780265678713837e+00 -1.460837779091626931e+00 -1.606696521194937721e-01
1.111868215167398866e+00 1.282561435138446670e+00 -5.015233124994773473e-01 1.114912709956237702e+00 -1.751496923551319140e+00 -1.607517785296261881e+00 -4.142294090608713009e-01
1.376059759681648620e+00 1.374948945818825319e+00 -6.060827623818511034e-01 1.091024907347172501e+00 -1.780233608872047180e+00 -1.583645454616407378e+00 -6.437228582071403693e-01
1.551835733557774599e+00 1.362424902586880426e+00 -6.438119703872542399e-01 8.371336149098717039e-01 -1.377187956523746593e+00 -1.500484014411735734e+00 -7.098272658977052840e-01
1.405690310227983186e+00 1.295204352453370733e+00 -6.296865790122839757e-01 4.995098374189861357e-01 -9.303033521438756059e-01 -1.422473874925161308e+00 -5.288946099133590151e-01
8.960984863972816239e-01 1.094656837410570294e+00 -4.993589194771574924e-01 3.287661718910145359e-01 -6.685468040900744979e-01 -1.328954636519670940e+00 -2.032897977904164488e-01
2.235679691109972167e-01 6.952649809290696314e-01 -1.622876436459941007e-01 4.053576786896603834e-01 -5.162584027583184687e-01 -1.173337272784897634e+00 1.025576635462535358e-01
-4.502557793726034152e-01 2.951341306661051656e-01 4.393268857383983428e-01 5.797494283185535835e-01 -6.249276522978325366e-01 -9.565267823272451952e-01 2.401318156177237317e-01
-9.022602044931925525e-01 2.709261279298426361e-02 1.204769383929457982e+00 6.898276280639815683e-01 -1.010945636991543717e+00 -7.072487736476626985e-01 1.827862766688332918e-01
-1.087142549538711700e+00 -2.064019464097882339e-01 1.756563964382474863e+00 6.150849036771951495e-01 -1.111832196099139303e+00 -3.744959542524244900e-01 1.067855865912182844e-01
-1.170619302638909343e+00 -4.549188121535827634e-01 1.888293388987421828e+00 2.550515794990740881e-01 -6.034498878143803591e-01 1.042698841243072938e-01 1.609677010348698756e-01
-1.105664891293130392e+00 -6.700693055335162907e-01 1.782927137533941941e+00 -3.754423369135327926e-01 1.828247590154238877e-01 6.315514920905094254e-01 3.136328480317585599e-01
-8.899922219453493266e-01 -7.844259169060335823e-01 1.660882434509722172e+00 -9.985911230150497087e-01 7.349530091773415208e-01 1.031023211621881375e+00 4.559064608993373957e-01
-6.797327831915647156e-01 -7.398815209821263394e-01 1.681992195743567065e+00 -1.317536617774802910e+00 8.382535442249440250e-01 1.166916269948275797e+00 4.651675252231418645e-01
-6.408354436422807332e-01 -5.928567154413056928e-01 1.881909967430512864e+00 -1.344666347440403031e+00 8.965930993971829022e-01 1.035220674610971114e+00 3.367208937919212719e-01
-7.712668810786600382e-01 -5.057002275993547347e-01 2.126058799186242965e+00 -1.266765919419017727e+00 1.055390012390452936e+00 8.402960863761632648e-01 2.250676288512928891e-01
-9.366839164583498079e-01 -4.480778943002236558e-01 2.201278216374895624e+00 -1.207569934376889087e+00 1.042376022174922756e+00 7.319279255896307124e-01 1.918150248133201896e-01
-1.037042927649798552e+00 -3.061150954264120760e-01 1.999110836038055838e+00 -1.117758303140822251e+00 9.423732231903995116e-01 5.927265961107726078e-01 1.729518438432870175e-01
-9.320135705057223108e-01 -1.625000132421537957e-01 1.508555496494280890e+00 -8.915165241023663700e-01 8.514442330513665169e-01 2.992821477966577381e-01 1.916338610108322960e-01
-6.448519637866511056e-01 -1.300308645530557916e-01 7.213294052508822940e-01 -5.145588243157396269e-01 7.924384519150919903e-01 -1.708226474657295602e-02 2.757417936035565509e-01
-4.235383816891313824e-01 -1.837456141614726146e-01 -1.109967772901391120e-01 2.583365871992546886e-02 8.975318574096957658e-01 -1.877698529268065353e-01 2.623679768269139845e-01
-4.663779132511089998e-01 -1.833127138338520312e-01 -5.575547841755907896e-01 6.891853882443730317e-01 1.014047918976627605e+00 -1.962387015503961885e-01 -6.588182281856738709e-02
-6.776880213641692796e-01 -9.335969786104779400e-02 -5.374987382595349805e-01 1.302520177325076967e+00 9.931119960297555282e-01 -8.458005029891144111e-02 -6.871436910751822502e-01
-7.920144458578093349e-01 -5.225234795719155279e-02 -2.498946246221498413e-01 1.691891583812127564e+00 1.038350642565758264e+00 1.109029623973413342e-01 -1.356210725200512446e+00
-7.903949003249981509e-01 -1.549626362679092928e-01 1.585003629461193553e-01 1.798507210291786063e+00 1.145602658728956058e+00 4.228534040282636575e-01 -1.817000648183104916e+00
-8.426208624167381700e-01 -3.934250228294326468e-01 5.052606991928666469e-01 1.676243202195158100e+00 1.252347511637103006e+00 8.166366699879250568e-01 -1.902348441775579380e+00
-8.833491663674228889e-01 -7.196796881313547445e-01 6.306325121075423423e-01 1.392590736120609130e+00 1.328573941135259950e+00 1.164289363866052973e+00 -1.643126136765934664e+00
-7.477277887002417023e-01 -9.993045840959150494e-01 5.537728737061278217e-01 1.003368612248475733e+00 1.145230315004310606e+00 1.416049770166599497e+00 -1.243377554953147390e+00
-4.970436489648855094e-01 -1.042199471355131468e+00 3.898857152572108853e-01 6.575249994690716138e-01 7.838212705982426920e-01 1.550787601755319045e+00 -9.917097822551428354e-01
-2.530869429305167562e-01 -7.913703530748786852e-01 2.541889668641833522e-01 4.780250312716932126e-01 4.165542291432386413e-01 1.479675622197422991e+00 -1.008240747591387487e+00
-2.302326228847290449e-02 -4.142081646369581427e-01 2.100775221031171980e-01 4.346043233917400439e-01 4.589141547402304094e-02 1.194566024287001982e+00 -1.144611158690897357e+00
2.946903635280846423e-01 -8.905542986297786123e-02 3.003448893643710371e-01 5.055607482454794743e-01 -4.619003342247405830e-01 8.503137872626731486e-01 -1.355853503968647455e+00
6.364371104516722832e-01 1.643418739907144266e-01 4.603358852458236949e-01 6.215614547190638772e-01 -1.150007340616413076e+00 5.551431254248190283e-01 -1.552243926003030960e+00
8.095901833712766393e-01 2.925648114863163562e-01 4.644876287214849131e-01 6.026733855807000495e-01 -1.575619616328190364e+00 4.024356003714657515e-01 -1.485047206072838355e+00
9.285599560268447128e-01 1.799207285559819292e-01 2.424645481967892813e-01 3.680843931448783968e-01 -1.504884472232421500e+00 4.876943758952635433e-01 -1.151125662951627548e+00
1.093781193122436823e+00 -1.292304155077053374e-01 -1.810960873108538871e-01 3.165820216759707845e-02 -1.073805147557560513e+00 6.838126710167601319e-01 -6.599050509637515161e-01
1.158588173407451460e+00 -4.634812340529731456e-01 -7.657142466379547319e-01 -2.295426058874906472e-01 -6.261232372073636254e-01 7.956577761535363891e-01 -3.453417951052913798e-02
1.091562373520470031e+00 -6.795153616418039277e-01 -1.292512298198827958e+00 -3.293257212101973197e-01 -4.969628046093682583e-01 7.550559559788537767e-01 5.854236641394852114e-01
9.379126918429365745e-01 -7.011241502508116508e-01 -1.647468984528974723e+00 -2.919027255872103654e-01 -4.134474672251200467e-01 5.369300308117355147e-01 1.009008890207921283e+00
7.213607308481208014e-01 -5.353077382612300150e-01 -1.802190206626092195e+00 -2.231921861434051912e-01 -2.737490387529186719e-01 2.237953665694796257e-01 1.188433035173870778e+00
5.486497219789924218e-01 -2.546415439857326324e-01 -1.607766262346186359e+00 -1.685058263266271117e-01 -4.209464629933260538e-01 6.098925924566038579e-04 1.086172801101451979e+00
4.990112265870510488e-01 -7.347639058011494473e-03 -1.053663981077273881e+00 -1.577820613802734251e-01 -5.838769589689283279e-01 -6.504681329734110506e-02 7.153058079967969940e-01
3.742518639603163999e-01 1.970353027912993132e-02 -5.094436063325671338e-01 -2.724284808837139638e-01 -1.467285802898008751e-01 8.901916008150316528e-03 3.750687195530019169e-01
7.007120511429988999e-03 -1.293781876613757653e-01 -3.430693308031623201e-01 -4.429098690723606291e-01 6.579835054904059621e-01 2.029851427095669958e-01 2.800391548090263028e-01
-4.596711718303218563e-01 -2.596845608858248666e-01 -5.357739873730698044e-01 -5.354073836770992800e-01 9.629292810272191971e-01 4.554550519715075962e-01 3.773550986439645483e-01
-9.213252326209996346e-01 -3.127846625837802375e-01 -9.042773935909685923e-01 -5.672484375234190246e-01 5.480901758397445089e-01 6.928114314293716269e-01 6.500325057362341674e-01
-1.292444495584840203e+00 -3.095158407777089948e-01 -1.249173975160178474e+00 -6.716336726209209962e-01 -2.930497598329464062e-02 8.239252127091326594e-01 1.069858827405475665e+00
-1.423055707493334543e+00 -3.042715684888874783e-01 -1.351885958677092603e+00 -9.012333958470711837e-01 -4.010100093009988376e-01 7.858661315910482337e-01 1.518025534142066979e+00
-1.218706055633395513e+00 -3.077629996026307602e-01 -1.176854139699368806e+00 -1.228249186303138174e+00 -5.985030975248730734e-01 6.085332020586241564e-01 1.889206672794794706e+00
-6.764982702014800120e-01 -2.940462504266142529e-01 -8.613204655628549089e-01 -1.593903178079703720e+00 -6.005685946529912833e-01 3.286501959170164411e-01 2.127900126186749397e+00
8.052361621026027372e-02 -2.693235487767496883e-01 -3.468044914634462739e-01 -1.837701468990514231e+00 -3.448178387898938602e-01 -5.915110679251968373e-02 2.091209576953008575e+00
8.134758479360485461e-01 -2.371791160241863428e-01 3.802981087792728920e-01 -1.797791082886218472e+00 -6.324682090157524028e-02 -4.960605010373066448e-01 1.725074482509497908e+00
1.243027278941434277e+00 -1.826235854116159962e-01 9.608909822449724913e-01 -1.505973923931245739e+00 7.911687948933789766e-03 -8.030119561768398473e-01 1.243413703169434559e+00
1.312786469529701794e+00 -9.139456065628828729e-02 1.163739627245692354e+00 -1.128499685758037385e+00 -1.503762935227146158e-01 -8.235510693926932912e-01 7.805122808976662219e-01
1.255144508372035839e+00 3.399246013238043512e-02 1.059152806751849196e+00 -7.731845040286503545e-01 -4.496980619429991055e-01 -6.310452079011812376e-01 3.315101792684227999e-01
1.101135455264867113e+00 2.568126255435659866e-01 7.826743765946673204e-01 -4.953815784662660149e-01 -6.326220879244419670e-01 -4.510975607188656977e-01 -1.927732505535158930e-02
7.214041957889529844e-01 6.159911713612596929e-01 5.248408307849645738e-01 -3.164479703769845775e-01 -6.415210603167555981e-01 -4.173902840095620181e-01 -2.162945223791433447e-01
3.387677794079962390e-01 9.980786302997972648e-01 3.668168623094784642e-01 -2.366592799249350176e-01 -5.849945381439106695e-01 -5.270215202007100253e-01 -3.271221804980318226e-01
1.672780277014707939e-01 1.324921074918196995e+00 1.916994124242189790e-01 -1.736190543784457696e-01 -4.575477011190896004e-01 -7.595036173994341722e-01 -4.198279225262838144e-01
6.879013051033402992e-02 1.579336633198310080e+00 -7.143980472381779301e-02 -1.062543510179726064e-01 -2.777159734918288603e-01 -1.032056592729355460e+00 -4.431664893895170820e-01
-2.938402435640496968e-02 1.700609073535627402e+00 -3.659696997811900387e-01 -1.566849044983752437e-01 -1.101877265439602793e-01 -1.186497010803528429e+00 -3.211954084209401872e-01
-3.612270349604604358e-02 1.686330562334311445e+00 -6.378175129375478480e-01 -2.533623908616746689e-01 2.355198511988016927e-02 -1.221822788746534050e+00 -1.537152946006224707e-01
-3.185712314599160183e-02 1.554421617724547344e+00 -8.803070740425604779e-01 -2.995310215625738848e-01 3.280044173181255185e-01 -1.210077694888103572e+00 9.581967948860938000e-03
-6.509096053526139403e-02 1.330924217034237245e+00 -1.056918672467792364e+00 -4.287994473322482847e-01 8.230447344938117693e-01 -1.181698288395311547e+00 2.760172272509306413e-01
-2.827240214584770747e-02 1.087937945708002063e+00 -1.040133885936527003e+00 -6.572654937123179053e-01 1.098801128555602080e+00 -1.161852311668835736e+00 6.298086649622226529e-01
5.642076624547522068e-02 8.716120747670762503e-01 -8.009998423952097157e-01 -7.420218691202620231e-01 1.008907270156467861e+00 -1.130512957693051268e+00 8.595930514442976511e-01
1.033160858353030648e-01 6.650639544053262853e-01 -5.077260652850588141e-01 -5.441298388479689496e-01 6.406070112569430819e-01 -1.112068745103954148e+00 8.982629402055142265e-01
3.058189397622615088e-02 4.366263049466667656e-01 -4.019690318347291513e-01 -2.372062811318521869e-01 5.031212953474005489e-02 -1.122061819108846947e+00 1.014982989113176082e+00
-1.762144608941316193e-01 2.354936202321455119e-01 -5.612293748656154158e-01 -9.391084978926590721e-02 -4.463871665047351445e-01 -1.095431246768102662e+00 1.304330647456353631e+00
-3.643246160282989088e-01 9.002577157392856189e-02 -8.186698116214571330e-01 -1.791270482834954880e-01 -4.384596418671808382e-01 -9.937648316633169721e-01 1.527650915064822312e+00
-3.566800984167081134e-01 -5.034353198360663750e-02 -1.055743705813577238e+00 -3.123384448908151922e-01 1.686210579478181759e-01 -8.870908280736184981e-01 1.527388099773926866e+00
-1.301202426403703372e-01 -1.024867883179333694e-01 -1.276194612892658675e+00 -2.949476297601819064e-01 8.471557960435628365e-01 -8.741002084288972407e-01 1.309764828655830105e+00
2.309503577646856987e-01 5.068808572025457898e-02 -1.322477776330528210e+00 -5.761714319934767292e-03 8.876260376147625530e-01 -9.760683992084538962e-01 8.513452414833743154e-01
5.989332408632129789e-01 2.486286756494167915e-01 -1.018489127092278901e+00 6.179875129461068761e-01 3.320538296408529488e-01 -1.053172926801942078e+00 5.708365316308092879e-02
6.290025611100562575e-01 2.240795359889183047e-01 -6.564156662491880123e-01 1.453272163778263515e+00 -1.261318519275083372e-01 -8.351033930026142693e-01 -8.566066289170161108e-01
4.443348741122227219e-02 -8.527797326546597556e-02 -4.801356567100018569e-01 2.225352331741245582e+00 -1.332568933532372046e-01 -3.021581896200877249e-01 -1.444638851903807808e+00
-9.092393792166091337e-01 -6.379932312426199736e-01 -2.781554828948666902e-01 2.746630045571773149e+00 4.044875454697421241e-02 3.316385835330762921e-01 -1.552325836319219610e+00
-1.873010752501116150e+00 -1.314930355198558054e+00 1.227381578367543399e-02 2.929244425902731486e+00 2.659976715782287893e-01 9.473788866632474326e-01 -1.288393111294878768e+00
-2.624482362027924065e+00 -1.793831639875406170e+00 3.655520793611185537e-01 2.758061863788250356e+00 3.264636851444996379e-01 1.443847717861969748e+00 -9.262393450766276404e-01
-2.850595032601376921e+00 -1.900142027180197424e+00 8.367520212413003255e-01 2.386225078164165847e+00 4.921482232420687497e-02 1.690068230097186763e+00 -7.736133291314905014e-01
-2.550134188124948853e+00 -1.718399195280946534e+00 1.311502708155365404e+00 2.069732079234877897e+00 -1.311281744579579356e-01 1.639545750231126808e+00 -8.974867433451948484e-01
-2.056331492256457505e+00 -1.400022081564560539e+00 1.642655198882803980e+00 1.853013625016268984e+00 -1.103183893349423935e-03 1.370718284206909443e+00 -1.117146145404882107e+00
-1.534467122396003580e+00 -1.112117579627710739e+00 1.763587563055944107e+00 1.626248953677551956e+00 2.306652567641262752e-01 1.011426540101086902e+00 -1.244278614476196365e+00
-1.047835845273775934e+00 -8.651068230895549993e-01 1.747974133579739187e+00 1.479949879561043957e+00 2.747235348741990379e-01 6.205468376198872704e-01 -1.290961324923076026e+00
-6.778094753861859667e-01 -5.890138586993236558e-01 1.718019707476649671e+00 1.484085707309139801e+00 1.706650527192177524e-01 1.873234627559265120e-01 -1.326046706525008556e+00
-3.662296109446147585e-01 -2.172512604999299879e-01 1.840212435241944888e+00 1.466427449698518570e+00 2.331876900722213430e-01 -3.153998710361208269e-01 -1.462934577149464843e+00
1.123289837952176073e-01 2.685281075870641909e-01 2.172506610139183447e+00 1.251964544892236519e+00 5.065312218380455533e-01 -8.744982880643101808e-01 -1.748435873762148818e+00
5.818622454317027293e-01 8.022775976186814484e-01 2.270183068749494826e+00 7.613159066045611656e-01 8.787319005170074471e-01 -1.365090662374482511e+00 -1.794651354929345910e+00
6.305641217125871334e-01 1.305720918830500787e+00 1.784706846843375772e+00 3.002078330047813770e-02 1.008241784912850880e+00 -1.573313044985201525e+00 -1.286743974089137765e+00
3.784475240697616760e-01 1.687471813263903275e+00 9.788897998413299550e-01 -6.668321698068923054e-01 6.598067298649441526e-01 -1.432556250430127243e+00 -5.735301974062415598e-01
-7.859085135162742139e-03 1.944429932233143310e+00 2.153965480890909778e-01 -1.051649004551097111e+00 -3.407812443435072336e-02 -1.042350121034662180e+00 -1.238124787237924879e-01
-4.431113742986564352e-01 2.045920034880681637e+00 -3.776672490349644029e-01 -1.233629082842622848e+00 -8.679967319350166965e-01 -4.733685085502461476e-01 8.290060792956811808e-02
-6.542394411939765897e-01 1.913984062875866199e+00 -6.469878884565507526e-01 -1.426503808961903763e+00 -1.416774721337114018e+00 1.617280003525243259e-01 1.798482694814208527e-01
-6.793633774360111621e-01 1.630366843437920377e+00 -5.437929991253236395e-01 -1.608416078180551878e+00 -1.408324712638253651e+00 7.069294660430973654e-01 1.776822711683818112e-01
-7.843502039827812133e-01 1.309558901671126208e+00 -3.532987560499413759e-01 -1.796925159774526159e+00 -9.545076598013234603e-01 1.162436693387419506e+00 2.007020136824156087e-01
-1.000701896500148846e+00 9.550718541839572362e-01 -2.673755454779079832e-01 -1.920568321330950790e+00 -5.416443765909876307e-01 1.638719862298476659e+00 2.771727044632742998e-01
-1.182767780926769152e+00 5.262563228015536554e-01 -2.589519752807301622e-01 -1.743252004396747656e+00 -5.586796565186576968e-01 2.113334943645384101e+00 2.733534046049087562e-01
-1.196838057456895976e+00 -6.089689552911745074e-02 -2.717521710395875978e-01 -1.329434684162512426e+00 -7.209222544680320421e-01 2.535310358808357201e+00 1.827508281363816878e-01
-1.123773902939971148e+00 -7.478763880562701027e-01 -1.760173963860964808e-01 -9.651105220739892854e-01 -7.588313870567118258e-01 2.907839520215283358e+00 8.693490790858328376e-02
-1.216507469278325537e+00 -1.247191401405124633e+00 -2.176660754956386001e-02 -7.332572970083436337e-01 -6.371619311845785338e-01 3.171519910652775387e+00 9.529357165259983234e-03
-1.488143165058880335e+00 -1.474486715095484568e+00 2.435929344802551313e-02 -4.902239374009343398e-01 -5.281170764568227094e-01 3.263783771125559507e+00 -2.540224737389602458e-02
-1.693368800125085061e+00 -1.514606899864702205e+00 3.626397671853519994e-02 -1.498159736032282363e-01 -6.509422483403599635e-01 3.072931798623267596e+00 -2.464216068572309265e-02
-1.552700201711168848e+00 -1.404720179201861541e+00 4.955455622489991080e-02 2.035341537015655511e-01 -6.967470727565598931e-01 2.501076349697499257e+00 -4.339661271458739034e-02
-8.945175398699545255e-01 -1.269616441085229530e+00 8.295143761938318649e-02 3.839932588311953943e-01 -4.273750753607737374e-01 1.690199745680927013e+00 -7.637738620695701253e-02
9.478293899830417257e-02 -1.253320621042340877e+00 1.751057964793732713e-01 2.676589581206659241e-01 -1.774708631873328779e-01 9.689596336902607243e-01 -2.690697038735449104e-02
1.007622938216151898e+00 -1.372298459270683502e+00 1.835918058993901147e-01 -1.512915398314857995e-01 -1.113546547318634561e-01 5.391722488028217741e-01 1.903575005295175260e-01
1.569345568062976426e+00 -1.407908472473540229e+00 1.034717066283198234e-01 -6.611389481493321618e-01 6.018594054233973589e-02 2.711697413789403432e-01 4.361218913832636823e-01
1.813382341518433805e+00 -1.185383519816205267e+00 1.140544605631499953e-01 -8.498963914912619488e-01 3.929014640856885454e-01 -5.249469768427330457e-02 4.475541373442791793e-01
1.913368998710301527e+00 -8.327404691443784923e-01 2.761965105321247393e-01 -6.677931283991783706e-01 7.677036260703704595e-01 -4.453965060145232413e-01 2.238676056881858945e-01
2.088805679823465322e+00 -5.123843707403312742e-01 6.854321670697560709e-01 -5.087728587057313012e-01 1.187370767167722274e+00 -7.881830464612361586e-01 -1.090080330827420119e-01
2.516163783251978536e+00 -3.090304649503424761e-01 1.439407938219632532e+00 -5.535382644803398255e-01 1.536549035010195352e+00 -1.017593117433129857e+00 -5.266240453447148528e-01
2.901076739767449730e+00 -1.402018495347661098e-01 2.192888673811105971e+00 -5.759721143717826397e-01 1.601940684038723139e+00 -1.234685910325297620e+00 -8.966447326723180344e-01
2.996909078514272018e+00 1.403594134479619893e-01 2.521192086123581255e+00 -5.210434257140750258e-01 1.184008313429473436e+00 -1.512504900002783259e+00 -1.024628392597231263e+00
2.987588006885170788e+00 3.594819812226273115e-01 2.326962775689141782e+00 -4.955204462301168178e-01 4.353100703329398358e-01 -1.712032666820275884e+00 -8.553224920577419121e-01
2.965845863844565500e+00 3.084038098967011865e-01 1.561411777266795919e+00 -4.041074072890746272e-01 -5.933389162008664147e-02 -1.749928678222466338e+00 -4.388886402649216367e-01
2.936343313511114328e+00 8.008952478910576211e-02 3.855231329437798782e-01 -2.061501094171270809e-01 -1.617784980393975336e-01 -1.673193422466266345e+00 7.415391141061811187e-02
2.880259356040280494e+00 -1.933254289202069598e-01 -7.020178495416082853e-01 2.827992386894872048e-02 -2.957738405619964595e-01 -1.483925175715770539e+00 5.129681796684747441e-01
2.633561743396921173e+00 -5.224584357819852531e-01 -1.495260209025213172e+00 1.481371600129995636e-01 -3.863326325780778170e-01 -1.129054212812094393e+00 9.158841473793397636e-01
2.028318437544761821e+00 -8.661486899004312567e-01 -2.167017220138713007e+00 6.285747166515340267e-02 -2.662807153544350380e-01 -6.029308142367753032e-01 1.364512252494791023e+00
1.150190444111717669e+00 -1.044317727209076008e+00 -2.660015853070857972e+00 -8.378456977959658492e-02 -1.553293714016254212e-01 -7.049140425072472627e-02 1.706572074908531800e+00
3.741559035916364184e-01 -1.030890021061735773e+00 -2.790758274827112473e+00 -1.408347203675229531e-01 -1.185054838358603202e-01 2.818649173590567769e-01 1.766062639960318981e+00
-1.099491068421863949e-01 -8.351658975620596115e-01 -2.608506642855436208e+00 -4.930216494133943250e-02 -1.789849338512604360e-01 3.376509839967894444e-01 1.554406429020252167e+00
-4.117265157977881285e-01 -4.036389858747908010e-01 -2.255042908908748700e+00 2.261325352383889431e-01 -4.194775527358255429e-01 8.942583386325018979e-02 1.179955798161580915e+00
-5.308183179525056694e-01 1.047302598581708044e-01 -1.941681159382574462e+00 5.959464506423395314e-01 -8.416726986996723170e-01 -3.036625793235607773e-01 8.204395792530927434e-01
-5.550911219977192612e-01 5.007922196574119411e-01 -1.900754400797804111e+00 1.006132523900464371e+00 -1.243298261329575105e+00 -7.285724794805720217e-01 6.114379117859203294e-01
-6.905316410328242727e-01 7.740413151643431577e-01 -2.028380385800136132e+00 1.621261443838163840e+00 -1.310308985192215170e+00 -1.173163734227347987e+00 3.497920408448520480e-01
-8.626509400374448022e-01 9.835572032065205139e-01 -2.067500820521175786e+00 2.316503801531071716e+00 -8.749075108854302840e-01 -1.588242452794060844e+00 -1.414117167459096602e-01
-9.330897808722240505e-01 1.134772697007547126e+00 -1.809116095144931657e+00 2.653696532609730152e+00 -2.114944281229987899e-01 -1.872583455593569868e+00 -6.230544015704057026e-01
-8.382946971481792797e-01 1.162020296207546766e+00 -1.032904548082139273e+00 2.471631410133604323e+00 1.427038438911493179e-01 -2.001653910213607279e+00 -8.585094818621107349e-01
-6.288791726075048105e-01 9.589928601172404976e-01 1.661421430899654994e-01 1.878089293780900393e+00 3.252184175125520937e-01 -2.011711490362345423e+00 -7.883844383186247029e-01
-4.422599297280899733e-01 5.390383331047237103e-01 1.494408837909555476e+00 1.058228900516539506e+00 8.175477871201171087e-01 -1.923834302128484275e+00 -5.122326786318845970e-01
-3.244563258535548833e-01 6.702525235775309842e-02 2.756358930950891573e+00 3.888240509178762516e-01 1.549569695973664452e+00 -1.776630252538696331e+00 -3.382599593783245373e-01
-3.151146962458048484e-01 -3.562229205988863834e-01 3.688293385722493767e+00 1.563799072817144142e-01 2.053987688574101078e+00 -1.589187759587789905e+00 -3.687004655949294718e-01
-2.745636637162763849e-01 -7.221788787305609691e-01 4.004169011664870048e+00 1.091004661897439221e-01 2.121365300332534343e+00 -1.357698365665825246e+00 -3.688268954014398693e-01
-4.734281827319605784e-02 -1.052106937602911296e+00 3.688824705540197257e+00 -9.344742070078454477e-02 2.027160890241849867e+00 -1.075784397474911280e+00 -1.541283886137662373e-01
1.986180733729011605e-01 -1.264668113235812630e+00 2.952314552291766425e+00 -3.460951146977583326e-01 1.738447719784689038e+00 -7.485566120772377818e-01 2.292957218205516901e-01
2.569130629299898883e-01 -1.094412361135749912e+00 2.114328235491901076e+00 -4.648077752106090088e-01 9.308986119236705159e-01 -4.454590993554526923e-01 5.180707272234693628e-01
1.340895997271465134e-01 -4.631855270640453104e-01 1.424397045581970112e+00 -4.885043851613933841e-01 -1.703746309006095028e-01 -2.567319008738305208e-01 5.300868960121960516e-01
8.334470106867747797e-04 3.624325830219305433e-01 8.979681381593129785e-01 -5.050412052600214974e-01 -9.574547036859935023e-01 -1.923208955811732401e-01 2.981463366637102097e-01
-2.191224176536393231e-01 1.198972221183460363e+00 4.820962458035820686e-01 -5.042322568788882853e-01 -1.228404096341155549e+00 -2.067839470153487458e-01 -6.190993603266152501e-02
-8.057514934987918265e-01 1.965703415442608071e+00 9.868903507018357557e-02 -4.441297606670406295e-01 -1.035394506003044057e+00 -2.567998825368759674e-01 -3.576808364650917449e-01
-1.510030074930980737e+00 2.481454806261354396e+00 -2.343952967894554484e-01 -4.035259626214628970e-01 -5.310103660517955237e-01 -2.701727950837166659e-01 -5.481188158568547353e-01
-1.831839014492258944e+00 2.608328388083465565e+00 -4.770220489346281845e-01 -4.452092154220298470e-01 -9.369392322461858602e-02 -1.653405304203565407e-01 -6.769814076147069315e-01
-1.700254397304999943e+00 2.377709013480399314e+00 -6.825799494995129502e-01 -4.910555497536280289e-01 1.133519248371102350e-01 5.148804670775249809e-02 -6.999384795505620982e-01
-1.283757887154616029e+00 1.855519015982589615e+00 -8.988374258510911652e-01 -5.128975249440700379e-01 9.569965129755743372e-02 3.532811065604066769e-01 -5.621181555500900373e-01
-8.201147533169740322e-01 1.078392934571808182e+00 -1.282215284703363878e+00 -5.985760167486292582e-01 1.093763894975957190e-01 7.875233410719970628e-01 -1.872590456673551562e-01
-5.010182331563542979e-01 2.132118132681222189e-01 -1.834040843606278504e+00 -7.415304425198843141e-01 3.531471641763676561e-01 1.357818317178827172e+00 3.141403179190344619e-01
-2.719051003113802101e-01 -5.436647778434298139e-01 -2.292211206946182855e+00 -8.578143956614203702e-01 4.746495327261415209e-01 1.965614041539332613e+00 6.786980620970424205e-01
-1.349415630450125636e-01 -1.044142687009056880e+00 -2.481020471762298119e+00 -8.977333977210010252e-01 2.239081189087483992e-01 2.430781359326973590e+00 8.141738122727860683e-01
-1.771811645051720729e-01 -1.211258650427033956e+00 -2.387464477492244885e+00 -7.784887974374947728e-01 -2.168189718799484467e-01 2.551950239630845552e+00 7.954777389386245012e-01
-2.872582905131572661e-01 -1.118899133174141580e+00 -2.102423181380509210e+00 -5.226848705093621872e-01 -5.223706235109037976e-01 2.334783307214710835e+00 6.791120043549816465e-01
-2.912831987541955048e-01 -8.690491523280160502e-01 -1.694463786849458753e+00 -3.179292449833491241e-01 -7.675460937827682795e-01 2.003236038162297561e+00 4.802747599625780128e-01
-1.195819692595421757e-01 -6.224860418419243535e-01 -1.193793285234655110e+00 -3.405558180881122499e-01 -1.281513091856784525e+00 1.782982609970678256e+00 3.390748391541816287e-01
8.488907606341958290e-02 -5.313459455711881940e-01 -7.277090553443067433e-01 -6.346323981141260839e-01 -1.887378222417542828e+00 1.758514071501263487e+00 4.247479226234973648e-01
1.759179091871093947e-01 -4.925326899093347977e-01 -3.415508551614731547e-01 -1.111118356763126203e+00 -2.165694405089370722e+00 1.771789659433792297e+00 6.658974846149310345e-01
1.945358372509859990e-01 -3.771039499114865468e-01 4.677408707385241615e-02 -1.614695223044407379e+00 -1.926150116161289061e+00 1.646532625143795281e+00 8.699237849781960019e-01
1.396609739235861736e-01 -2.418203517729576590e-01 3.251014393181231310e-01 -2.026646451539943161e+00 -1.422771717355558518e+00 1.463831857104368028e+00 1.026022607321130264e+00
7.457393331766907878e-03 -1.652249151815422257e-01 3.714159370594821707e-01 -2.262923818679028809e+00 -1.029070659025399070e+00 1.314927630988930840e+00 1.190919484340415391e+00
-2.160047244701055746e-01 -2.011783599384602272e-01 2.521132435672244210e-01 -2.252161691929979614e+00 -5.751411517762883285e-01 1.166743182528586997e+00 1.347607826949401622e+00
-5.301569534031291830e-01 -2.754100897483627297e-01 1.134989610589484527e-01 -1.965033114869184860e+00 -1.349150676127240378e-01 9.508773429542984879e-01 1.437361564436865358e+00
-7.794336171000422198e-01 -1.744752321743412160e-01 1.142839606333753422e-01 -1.375113638471346933e+00 -2.200528903099162603e-01 5.619422110413609950e-01 1.277254112324039514e+00
-7.787423005185507563e-01 1.544368763178841919e-01 2.255474427849898378e-01 -5.960237378084237703e-01 -6.885743039507319363e-01 4.671691810665772743e-02 7.515263440720231225e-01
-4.112438745382361871e-01 5.707128408909384332e-01 2.677129563936130330e-01 1.753495167827607282e-01 -1.241531029071682113e+00 -4.378720072362088933e-01 2.012173491844897188e-02
2.864450161904902870e-01 8.848324365387373325e-01 1.910629067098864320e-01 8.760682638964238933e-01 -1.895526640809725327e+00 -8.636069960420972302e-01 -6.848575427201102350e-01
1.094309345569858483e+00 9.635458831470272711e-01 2.071792669926471320e-01 1.482187689927978447e+00 -2.230079868223767026e+00 -1.268485221796870066e+00 -1.281683375602623576e+00
1.841787979064001934e+00 7.714928437412800211e-01 4.636921749223714695e-01 1.855668746504157474e+00 -1.951883008762364202e+00 -1.601068916047972968e+00 -1.663959013925450980e+00
2.362026680423436442e+00 3.620489012663615780e-01 6.627883672562711048e-01 1.823111274893911338e+00 -1.590761949142752707e+00 -1.682896537780947943e+00 -1.587808794190049611e+00
2.322283813428754673e+00 -6.534060179823567016e-02 5.491868788241484056e-01 1.423263568046069683e+00 -1.391475182502307284e+00 -1.440029349573445527e+00 -1.077742719682368566e+00
1.683433828118558573e+00 -2.595520498557175593e-01 3.028494348411664983e-01 9.505507288318183479e-01 -1.141921143509957215e+00 -1.038404606781398343e+00 -5.410983851746079543e-01
8.049009977907801705e-01 -1.409198614869240362e-01 -2.266719028130041724e-02 5.995127519163886420e-01 -9.247790090575453981e-01 -6.396376037419044813e-01 -1.805752844463774376e-01
1.691292980984144823e-01 8.213461505882414804e-02 -3.955812243484383428e-01 2.993826084319237690e-01 -7.440302791544608496e-01 -2.789683165319128411e-01 1.861848415479568780e-02
2.124587777867302865e-02 2.008967005664747119e-01 -5.287010862190749672e-01 -1.407159042971107762e-02 -3.203946684384598731e-01 6.484075326807511863e-02 -4.776828478147523288e-02
1.172594000600123143e-01 1.834613662095840037e-01 -3.528363406991251172e-01 -3.117908721971574537e-01 3.147246700940171671e-01 4.115851979072840949e-01 -2.967920231888160343e-01
1.400903449620427843e-01 -3.293055194689303855e-02 -3.143281892498234892e-02 -4.634462727331384868e-01 8.670496963127701795e-01 7.983022179113082872e-01 -5.534343658955436229e-01
-7.152337765145377890e-02 -4.598582665581543161e-01 1.886535229056995056e-01 -3.126256615929253746e-01 1.287366909067239273e+00 1.226453833193099641e+00 -7.404157819820305075e-01
-4.067165517599371505e-01 -8.967580302336111142e-01 1.834320585701704753e-01 3.240671895534221955e-03 1.570780636944916209e+00 1.535764610786936046e+00 -7.377756014019520858e-01
-5.653835347019612323e-01 -1.056225564921997373e+00 1.339778321275520434e-01 2.506827281929849272e-01 1.638053409011677841e+00 1.470586343225912085e+00 -6.103156672327512133e-01
-4.788819443488556704e-01 -9.130085557218530212e-01 1.278933506746705584e-01 4.803084369398174513e-01 1.449491646535068901e+00 1.007668089838539283e+00 -5.192968039296599336e-01
-1.690299510832612429e-01 -7.359502171637105628e-01 1.090765275018660413e-01 7.383782738584349081e-01 9.612971433719167402e-01 4.278305775165934799e-01 -4.273465155543832439e-01
3.787060303583965060e-01 -6.497731122981690310e-01 1.098627952529522833e-01 8.665823361051264717e-01 3.370517236628136626e-01 -6.465904344018626182e-02 -2.782974017382643384e-01
1.043822906560256003e+00 -5.846789669844493220e-01 2.052955860713455427e-01 8.497637081026482297e-01 -5.547191667077143451e-02 -4.433054254504357194e-01 -2.419124817186217857e-01
1.556568131994523485e+00 -4.821513640920186972e-01 3.977368323150092810e-01 8.161605791955366396e-01 -1.386295233975704533e-01 -6.745465275793920412e-01 -4.171727720375808524e-01
1.758336112901807580e+00 -3.466053451937343710e-01 5.208187589982585797e-01 7.159363560019474937e-01 -7.496055990098932087e-02 -7.610711207205947959e-01 -5.694943404252883479e-01
1.690227834958462294e+00 -2.389562456422955339e-01 4.522853161822457113e-01 5.431503811367793810e-01 5.929201263805838201e-02 -7.740581134016325526e-01 -5.396625324425828873e-01
1.391183767657942161e+00 -2.291519362996597142e-01 3.073545516861271309e-01 3.770332155041279942e-01 3.674487674739493892e-01 -6.995390298293071574e-01 -4.081903608901443770e-01
9.639703340291583267e-01 -3.393408915424771521e-01 3.074184259074091985e-01 7.592841270498092154e-02 1.038301567398639547e+00 -5.119752484807396087e-01 -2.388573811317940276e-01
4.139754427528354874e-01 -4.252404938235969101e-01 6.075164694342681804e-01 -3.644203900623355641e-01 1.927787014436353363e+00 -3.310624610984365113e-01 -8.427953039249208578e-02
-2.402584934433964481e-01 -3.429781492763055994e-01 1.114446938501133966e+00 -6.690216095997035817e-01 2.799179263517174387e+00 -3.565634191804268882e-01 -5.178148082128153362e-02
-8.443378203550993000e-01 -2.200468956813395049e-01 1.498662211556893054e+00 -7.413462234003722617e-01 3.483266288955949808e+00 -5.454720980140228548e-01 -5.756665670275906699e-02
-1.324186478117305388e+00 -1.887979908613787450e-01 1.564877797757618261e+00 -7.330553711449201426e-01 3.743526463913605440e+00 -6.403579224589148744e-01 7.115961157697067718e-02
-1.465717533669957273e+00 -1.578097008603527585e-01 1.490486575363042965e+00 -7.485289480590365807e-01 3.702342863264982409e+00 -6.716496385938967029e-01 2.293145533886484233e-01
-1.254563373864470366e+00 2.074047707676432881e-05 1.471427354986356351e+00 -6.860878000844600200e-01 3.499226485837091172e+00 -8.622799642784532148e-01 2.779761100187308487e-01
-1.080780212599124601e+00 2.541687056209359086e-01 1.386677789199615374e+00 -4.295898135167555143e-01 2.973452189771357723e+00 -1.154070540236412867e+00 2.343739175434327582e-01
-1.124417565615540182e+00 4.410365731297665737e-01 1.053161266606608804e+00 2.593977753694729632e-02 2.220295537465321711e+00 -1.274049858124359780e+00 1.008044158202076601e-01
-1.252614113884325864e+00 4.878782621769648942e-01 4.387136167766150785e-01 5.760336510797917642e-01 1.533999983163619074e+00 -1.055956498528544119e+00 -1.248837557979732837e-01
-1.345364691722265027e+00 4.303242060255275669e-01 -2.938516354011341258e-01 1.028033076704009785e+00 1.084970909038748044e+00 -5.410700938638967061e-01 -4.011928970378481618e-01
-1.389769193293008298e+00 2.996362692923882909e-01 -8.304442181553920443e-01 1.304783222569015466e+00 9.201382364888557319e-01 3.518117014901592926e-02 -6.746512995468373353e-01
-1.440577872300870421e+00 1.580105383262493113e-01 -1.103186828344676407e+00 1.437681841264468297e+00 8.982765959691627611e-01 4.934301447570776378e-01 -8.340267301902068997e-01
-1.490723760022630184e+00 1.279854666258933849e-01 -1.336680399668850550e+00 1.446800881198665234e+00 7.525168827228994051e-01 7.957269883414472833e-01 -8.211153897143267377e-01
-1.345783044498795489e+00 2.504671328327490731e-01 -1.599192538451703616e+00 1.353841090634551492e+00 3.523634639532562951e-01 8.177115831159852410e-01 -6.809068882075000051e-01
-9.447458093075535857e-01 5.072439180502322786e-01 -1.677335451881299289e+00 1.185858500544353822e+00 -3.440906432171192963e-01 5.002725664103263581e-01 -4.489402009325454412e-01
-4.024832955082927599e-01 8.200755814432345581e-01 -1.447740725006823048e+00 9.182192599782121878e-01 -1.138547352013595804e+00 -2.029107118557501449e-02 -1.914593126120269218e-01
1.084722043712555289e-01 1.001617338480762953e+00 -1.126930459936844819e+00 5.375810686292388230e-01 -1.609752347613484735e+00 -5.276128095830600051e-01 8.331385895745213599e-02
3.285841499376045971e-01 1.039948254621564150e+00 -9.733967338861212459e-01 2.113730191976770090e-01 -1.692119311330266829e+00 -8.502442736531263812e-01 3.664651282846482228e-01
1.374880215756825452e-01 1.006332204663917151e+00 -1.065584522944171608e+00 1.212167110958955046e-01 -1.431375377305332819e+00 -9.938092710516231998e-01 6.067535280608448156e-01
-1.902898641606843022e-01 9.109226800967574755e-01 -1.069911387700440919e+00 3.211013485514080390e-01 -1.112569336819667187e+00 -1.040391302938639573e+00 5.966386491680085724e-01
-3.379695054389111886e-01 6.175872084920349669e-01 -6.047827206493745500e-01 6.585871712266631040e-01 -1.180945714663745427e+00 -8.323519637734414500e-01 2.445754966032837319e-01
-4.241035396813697123e-01 -9.579972326729252474e-02 3.321151150983169681e-02 8.001133741884486339e-01 -1.333203768842854187e+00 -1.459354631808798541e-01 -2.278542125919658101e-02
-4.561142731241961124e-01 -1.028491307636179242e+00 4.700182631019788615e-01 7.259029330153030646e-01 -1.211532174997876243e+00 7.667972202158979123e-01 -4.791328989380363307e-02
-2.964561733752240635e-01 -1.721890372354072607e+00 6.725409127032994094e-01 6.714899402028523534e-01 -9.753217408767174135e-01 1.429043005095061103e+00 -8.525486411124598429e-02
-1.922151793896498956e-02 -1.983452604231596972e+00 7.400974008097488399e-01 6.097964470078203192e-01 -7.708961797763644874e-01 1.693104270539362632e+00 -1.898123700656429991e-01
2.138985851341899946e-01 -1.810751353048485113e+00 7.871148696717198412e-01 3.492381048126504961e-01 -6.134482366565895406e-01 1.694206088027064183e+00 -2.796072124455654118e-01
3.376195697622897951e-01 -1.290189706195056685e+00 8.128526226939590815e-01 -1.233857864449891262e-01 -4.977825136058601774e-01 1.563632976630314975e+00 -3.534927467649423005e-01
4.022215248655272024e-01 -6.821335514618611651e-01 7.810556347894611617e-01 -6.154512785562327171e-01 -3.222954350892630049e-01 1.331448509776575806e+00 -4.244200175538577202e-01
4.430627255779757134e-01 -1.773034757903706182e-01 6.747185902179143602e-01 -8.742141903324198715e-01 6.927428064420593223e-03 9.540386479900794248e-01 -5.000440841100790568e-01
5.283256549049218931e-01 2.017082133149566414e-01 5.273809356030654261e-01 -7.702714950362834490e-01 3.638973027748078626e-01 4.882178645513788884e-01 -6.347406978622194273e-01
6.205609773892409864e-01 3.736868246583825992e-01 4.022674448389715329e-01 -4.819984654099494503e-01 4.742900757849430882e-01 1.291067394588161499e-01 -7.038758482035988306e-01
6.136852431810488895e-01 3.514582181275200390e-01 3.631795448024939255e-01 -3.270383889849521331e-01 2.233270187684257557e-01 -8.190378156103458873e-02 -5.161601146199636947e-01
4.436321993500616512e-01 2.576403303181123983e-01 3.626039457582960202e-01 -4.037531608783647696e-01 4.033684106765577509e-02 -2.133955215395945404e-01 -6.464544166605086517e-02
1.255696246870420529e-01 1.070783537329662444e-01 2.700172931475165461e-01 -5.664966502170732943e-01 1.356926265723400193e-01 -3.141055772109295208e-01 5.586449792525951530e-01
-1.224394752776997580e-01 1.530768922268171961e-02 3.403429138024013229e-02 -6.697175502084449228e-01 1.663165053464161491e-01 -5.343444999597480871e-01 1.178215545137881071e+00
-3.751046878181290428e-02 1.092869595652644354e-01 -2.527368756193873467e-01 -6.696616321866867283e-01 3.420277498962535218e-02 -9.667184792119944969e-01 1.560740524931729656e+00
2.788255253043862569e-01 2.975367967659319213e-01 -4.876097749503103262e-01 -5.703599510779229220e-01 -1.323864515625613504e-02 -1.459501400891974887e+00 1.650303800649516317e+00
5.103387452499419386e-01 4.946127903937417858e-01 -6.704181887578222199e-01 -5.671158474469775168e-01 1.018975200145665477e-01 -1.737115403070172981e+00 1.631950008222259330e+00
4.697037072493004395e-01 7.609511586128999694e-01 -7.234691993293557166e-01 -8.548353168852074191e-01 2.184903107828527202e-01 -1.690920593258492977e+00 1.624351338488229768e+00
1.289252766405498962e-01 1.108791559802437598e+00 -6.495172771383403987e-01 -1.242318580779213866e+00 2.633901858264911522e-01 -1.469717705648149408e+00 1.556499298346300186e+00
-3.127067639020761902e-01 1.490987671517836732e+00 -6.421331442950976021e-01 -1.409089341714511612e+00 1.651300412898301373e-01 -1.298536602914682092e+00 1.359178894616360100e+00
-5.439960616124503989e-01 1.945808196983330962e+00 -6.929506795308384426e-01 -1.295472327098338816e+00 -8.959219027740368199e-03 -1.335107184945037773e+00 9.880279148231654318e-01
-3.218136692492828410e-01 2.403625818182723251e+00 -6.564183520778782421e-01 -9.973697409520693169e-01 -1.702416510891009149e-01 -1.541779577250639077e+00 4.015244969453323765e-01
2.566526500299494140e-01 2.705943018093179386e+00 -4.611741956257270902e-01 -5.857050490991946301e-01 -3.861207818966901351e-01 -1.782542701426282239e+00 -3.000014895073742083e-01
9.634038753803799704e-01 2.740439876913557171e+00 -1.413442027516431387e-01 -2.856844955209431047e-01 -6.224331137866229158e-01 -1.865499386142016602e+00 -9.009459940650426102e-01
1.528877536552459171e+00 2.425461206821426074e+00 1.631583777798171694e-02 -2.943186618442993341e-01 -8.049568610371166111e-01 -1.575512848979782055e+00 -1.182637507703661273e+00
1.492670597073433303e+00 1.873271315817177873e+00 -2.327620032216781987e-01 -4.748115039933191173e-01 -7.662421490394167867e-01 -9.598580467990672771e-01 -1.024181179563461219e+00
8.462865311895528819e-01 1.316647858476017507e+00 -6.572720201917678917e-01 -5.977107243903675426e-01 -4.902522105627881710e-01 -2.928915881009713784e-01 -6.184057898155206345e-01
1.212482040042607845e-01 9.181374510175981385e-01 -8.643431192511074057e-01 -5.697168997287009873e-01 -3.839549093042039507e-01 1.568421473787114939e-01 -2.932117929325963601e-01
-2.061405285623078842e-01 6.778344916974179402e-01 -8.354938338408217646e-01 -5.462753410853882219e-01 -5.345760065245066528e-01 3.422238381777549243e-01 -8.229411059723676369e-02
-7.380398836905857629e-02 4.912309612926369362e-01 -6.733445079686589674e-01 -6.301304094106011666e-01 -5.470667551174290821e-01 3.654560366863192078e-01 6.773267557427556373e-02
2.020344334381162510e-01 2.554501680470803726e-01 -4.512751685740739038e-01 -5.998076796350525486e-01 -3.828288414295462627e-01 3.240369322448174993e-01 1.338827470346625192e-01
3.316101993694209882e-01 -2.140074928362186435e-01 -3.172374815935039005e-01 -2.840808582852006881e-01 -3.925919202610971825e-01 3.491782197183814218e-01 2.505165577897823792e-01
3.053544725572250873e-01 -9.904252403798076143e-01 -2.569202280007967798e-01 2.952415211387428018e-01 -7.476375451294999808e-01 4.775449008776678217e-01 4.565982386193794818e-01
2.757979893639183611e-01 -1.858088175800124864e+00 -1.700526426536577984e-01 9.701533968745738035e-01 -1.037037070917017800e+00 6.695651021859508889e-01 5.134741242216327439e-01
2.100208621448635127e-01 -2.656828262112125749e+00 -5.901918710200066559e-02 1.509868909075851251e+00 -6.228372114268773130e-01 9.418246230596488688e-01 4.049431344029288948e-01
2.426632132881263726e-02 -3.437774317619057829e+00 1.910878134064410844e-02 1.808582109913361213e+00 3.530325359196775370e-01 1.314491979516846376e+00 3.880415749385990876e-01
-7.800336884999453657e-02 -4.057473143638858915e+00 8.278148385546561794e-02 1.799781355253170734e+00 1.076345852118157698e+00 1.703384520490992315e+00 4.786387510620355168e-01
7.846187706933564765e-02 -4.299932338432336465e+00 2.489893639485455945e-01 1.464920472584880784e+00 1.127870161659469073e+00 2.056982839331413349e+00 5.259586680351976407e-01
3.171341987613390812e-01 -4.229840235401350235e+00 4.714447286197036013e-01 9.085469508259479410e-01 1.094534625285057849e+00 2.405203552442169102e+00 5.107913278145640446e-01
3.919259529038490175e-01 -3.915367616621563851e+00 5.953575193244934338e-01 3.405563999884622661e-01 1.220858633403825610e+00 2.664171543662965824e+00 4.905042933524704774e-01
2.896656105422024674e-01 -3.374519624746436186e+00 5.847173320716478884e-01 -3.330142812094206289e-02 1.046144969230381916e+00 2.719879817944586886e+00 4.574189941483223776e-01
1.500825030163262241e-01 -2.737153256374071919e+00 4.604423020404100897e-01 -2.548831893564951767e-01 7.386649992431825185e-01 2.556101267682489020e+00 4.173624634050386306e-01
-1.218689345400681724e-02 -2.117006818155014347e+00 3.562460464679389482e-01 -5.021156550580606615e-01 5.466152985387956464e-01 2.256120077243219502e+00 4.578548197175336676e-01
-4.395753338852508851e-01 -1.567490426682150328e+00 3.760245608955908869e-01 -7.884105617444797653e-01 4.569211743586923391e-01 2.002744379507170436e+00 6.024586999515174623e-01
-1.183993522614909866e+00 -1.092891931520493909e+00 4.143966676537608196e-01 -9.457772023041148834e-01 3.781380363235756215e-01 1.856226279723887540e+00 7.378440665001387844e-01
-1.750212352781036484e+00 -5.938375997569114162e-01 3.892447097416055213e-01 -8.252112474741524206e-01 1.287340895003566410e-01 1.578350724943435424e+00 6.462332075221784988e-01
-1.727487177332963864e+00 2.968123364227532104e-02 3.820460603329475791e-01 -4.935796875570673814e-01 -2.574524142535346560e-01 1.010476972868570522e+00 2.307495794184213633e-01
-1.265538490616807232e+00 7.141628298107235429e-01 4.476188192589707349e-01 -2.281331772200149988e-01 -5.952748708146925471e-01 3.032114888749210535e-01 -2.349020689623177449e-01
-5.848012168618015316e-01 1.314484407891588713e+00 5.131421649374161564e-01 -1.954135972301692670e-01 -8.692591133175232576e-01 -4.404154946981034824e-01 -4.528016200492212540e-01
1.643181717332643788e-01 1.752646747889668344e+00 5.485333834762780025e-01 -2.911915493165128099e-01 -1.202080353103633925e+00 -1.145918815049634887e+00 -4.973128147725451309e-01
6.737700843747491675e-01 1.975934568302241789e+00 6.363926152981916884e-01 -3.461142223029193277e-01 -1.429492260082240174e+00 -1.601082776325114754e+00 -5.795382661469962171e-01
7.416441725241725846e-01 1.988921361093179963e+00 8.135220925659810698e-01 -2.291880014360661022e-01 -1.414217930641174625e+00 -1.711071407416029810e+00 -7.781316821173135390e-01
4.486701593411901445e-01 1.857732383820325683e+00 9.880812839749162357e-01 1.266343419146193361e-01 -1.115687621331932444e+00 -1.557894851337902287e+00 -1.092779632593923855e+00
-1.101241054020773297e-01 1.702484666414687986e+00 1.051126901568824268e+00 6.769516560984090159e-01 -5.113204255061312153e-01 -1.258470188360594877e+00 -1.534003017044133665e+00
-8.146943537076265507e-01 1.624605918007561156e+00 9.500786751766812088e-01 1.242967675111287029e+00 3.594633779315296873e-02 -8.955831763336684626e-01 -1.985240076954074340e+00
-1.319168579623161808e+00 1.658097906078080275e+00 7.945527325097414550e-01 1.621443865394337491e+00 1.636823627813900062e-01 -5.298737522285156265e-01 -2.367642194258134047e+00
-1.331903990645846747e+00 1.805753551333899143e+00 7.056674133008465910e-01 1.720692580041727648e+00 3.086102752722666778e-02 -2.625682139687705585e-01 -2.721249227941706206e+00
-9.029718230166776660e-01 1.966514036823003408e+00 6.542790165577693218e-01 1.506748072225641666e+00 -6.829717520066200254e-02 -1.605112773678878391e-01 -2.924779020039506072e+00
-3.196581840959256127e-01 2.020240487257872530e+00 6.171398831630584558e-01 9.911888437087105208e-01 -1.247925982564571240e-01 -1.494509473303795855e-01 -2.809306344334190353e+00
2.649209487166556687e-02 1.894927902311326351e+00 5.340201098531139889e-01 3.586097802578260274e-01 -1.943997590483887983e-01 -7.706444043847314462e-02 -2.305218142161668204e+00
-8.694133455483761541e-02 1.632838885825182773e+00 3.228704744937739290e-01 -2.211278014146400850e-01 -3.865334331724667449e-01 1.253767080759363717e-01 -1.477117314481965371e+00
-5.063821661088826476e-01 1.325052797244366865e+00 4.123128360577827528e-02 -7.437387787047791132e-01 -5.417751309468544774e-01 3.899515935691794111e-01 -5.617614257980945158e-01
-7.847998056485440133e-01 1.020186156408616318e+00 -1.100495225040817870e-01 -1.116288974613315776e+00 -4.542221859735847134e-01 5.439599966270666220e-01 9.784204586648850843e-02
-5.670659428020916604e-01 7.825546633002712360e-01 -5.729882957043169051e-03 -1.216024420332504796e+00 -4.167282771430986799e-01 5.061463353615179850e-01 2.746434634061497571e-01
1.192699281862332492e-03 5.241539195512660010e-01 1.603440655901566814e-01 -1.165511465486986920e+00 -4.609088136404519975e-01 4.955669590599075525e-01 1.644964936318599469e-01
7.085940259635621352e-01 1.659719956316610956e-01 1.593464436390543970e-01 -1.210897739933895600e+00 -3.155364251802430520e-01 6.646637180359534769e-01 3.171509384898562461e-02
1.501380782571123174e+00 -1.188271019074644691e-01 1.356837321802284446e-02 -1.355113656453608151e+00 -3.760570501805750310e-02 7.717840373362341300e-01 -9.500714801247207852e-02
2.214482430207935781e+00 -2.177063293036377856e-01 -1.783298581617759337e-01 -1.410119337839164322e+00 2.291343669813452888e-01 5.865033597667250742e-01 -1.590839872959285972e-01
2.757077093227666253e+00 -2.589722324645000184e-01 -3.872930329913281122e-01 -1.331979101455738057e+00 4.029480823320202298e-01 2.164055551095207808e-01 -9.640055502462907544e-02
3.003613803169399521e+00 -3.701588200067132961e-01 -6.701047059355064173e-01 -1.198535047494394989e+00 4.851384311882164235e-01 -1.704197089433668877e-01 1.839169284791986603e-01
2.765181312516580281e+00 -5.409053487544061012e-01 -9.920559457425136562e-01 -9.927196901499023562e-01 5.093575138136278158e-01 -5.453787715606264186e-01 7.039491791207822535e-01
2.220518808182851078e+00 -7.397030535477544522e-01 -1.191392920750619089e+00 -6.953924743973581846e-01 1.670985571834306127e-01 -8.394757817903394370e-01 1.294662034869741074e+00
1.682176757738300221e+00 -9.146979120845338818e-01 -1.230356900354424132e+00 -3.911064466535549289e-01 -6.503215607537879972e-01 -9.738581885261619053e-01 1.793587550761139182e+00
1.252058966079740987e+00 -1.007018864522437163e+00 -1.172684780966636531e+00 -1.385933085212776861e-01 -1.407162853460807161e+00 -1.025192443618318183e+00 2.112220338167241973e+00
8.974467223201858523e-01 -1.019120915108949532e+00 -1.057812500179741599e+00 7.850731022233616019e-02 -1.669833688080738510e+00 -1.100590505992843582e+00 2.225382939514913616e+00
5.592004458402187739e-01 -9.274097011017884418e-01 -9.928098437461662096e-01 2.404379732140900228e-01 -1.404933128201869108e+00 -1.223337711706749431e+00 2.201816743338732785e+00
1.763330512702355191e-01 -7.626904600164020609e-01 -1.077970395658236491e+00 3.124670201699155658e-01 -8.057924540956472592e-01 -1.308403041484031970e+00 2.184667499587255257e+00
-2.925857544193795623e-01 -7.087665346319764748e-01 -1.290571654253881206e+00 3.803242624311385378e-01 -1.640409134087038312e-01 -1.212542666618589005e+00 2.226842262850707854e+00
-8.420014567592187804e-01 -8.003472900747412577e-01 -1.453272031613046078e+00 4.926362258365997726e-01 3.884957360653867320e-01 -9.431624093505975859e-01 2.189851918578274770e+00
-1.406916851090481035e+00 -8.314151495637223110e-01 -1.347200858466191420e+00 5.441031581688400287e-01 8.682361492355165078e-01 -6.185343171207210444e-01 1.911611220998174598e+00
-1.835509260042390789e+00 -7.019426567551410034e-01 -9.889432107109265013e-01 5.196831442983660398e-01 1.307546934899831204e+00 -3.120925196045389871e-01 1.385409284001133168e+00
-2.003385382681960536e+00 -5.073225146289180865e-01 -5.560072980352679384e-01 6.343583464700894847e-01 1.801056826644492848e+00 -1.373838149594248104e-01 6.852683829393336756e-01
-1.901383044916814313e+00 -3.034693888257525285e-01 -2.229800093742535516e-01 1.013912901634978381e+00 2.172324091140283020e+00 -1.598697663363418675e-01 -5.837041114065778802e-02
-1.720393367506001692e+00 -1.056101583051389931e-01 -6.711411624808100163e-02 1.551164103830328322e+00 1.998929779801009943e+00 -2.721858303020049386e-01 -6.331746485643298117e-01
-1.670341918836771411e+00 2.628786990720649239e-02 -5.481136595701215086e-02 2.095351089237259767e+00 1.396126914447866296e+00 -3.779345878587833107e-01 -9.216500419332684935e-01
-1.712872466282292949e+00 1.137459329322014073e-01 -4.456641408302462748e-02 2.549485791424786818e+00 7.798456460217618735e-01 -4.693208771051613493e-01 -1.059308172266789860e+00
-1.625981411984930070e+00 1.653897675975732340e-01 1.403684777084733548e-01 2.826422322996213765e+00 3.126556259590308473e-01 -5.473791150120580484e-01 -1.255283053607977317e+00
-1.413283823508805881e+00 1.958464290252829032e-01 3.814881687027024681e-01 2.837394077721757224e+00 4.328934034972677786e-02 -5.971013832754890061e-01 -1.453915734995961273e+00
-1.258874064072732724e+00 3.462736814521351625e-01 4.628945623101459739e-01 2.645896319972394384e+00 -2.324855776065686344e-02 -6.729139582680216947e-01 -1.534441993246848046e+00
-9.771404287764633434e-01 6.381998521721505835e-01 4.552489487810933433e-01 2.367914442974255351e+00 -3.242051381069394750e-02 -8.260909256143894597e-01 -1.616949189152854682e+00
-2.944280140127517043e-01 8.770802779785773495e-01 4.338626068586874385e-01 1.946672102638060231e+00 -3.003963021765419517e-01 -9.241254632281390435e-01 -1.708515477127370730e+00
5.186063310339186216e-01 9.465941456793089959e-01 3.571282489620720701e-01 1.407988114997602125e+00 -7.928486931374494340e-01 -8.645236667303387579e-01 -1.643373158187669159e+00
9.962210276742531345e-01 8.725737924540177826e-01 2.839661057628110052e-01 9.473990105964145148e-01 -1.174294005321963708e+00 -6.845661157263561725e-01 -1.433329517507822226e+00
9.832833440256298907e-01 7.120408186084776769e-01 2.048522732643997257e-01 5.667700740483228028e-01 -1.339077952463475718e+00 -3.635738221327863839e-01 -1.150693389090596819e+00
5.566230346011291630e-01 6.197114426601543213e-01 6.599232363445561855e-02 1.736757460491197835e-01 -1.332935716251207436e+00 9.474797383917298033e-02 -8.541673370421785094e-01
3.115855585647298726e-02 6.772061748253523916e-01 -2.864547597968232842e-02 -2.092174656207627936e-01 -1.276007023879937030e+00 5.722174081578513816e-01 -6.650574546902734419e-01
-2.399032485694925776e-01 7.427022891520694836e-01 7.636591996185741749e-02 -5.609735868217644583e-01 -1.132171162783855323e+00 1.017697190275689501e+00 -7.030992828995795696e-01
-2.493685678641701098e-01 6.855078914922057010e-01 3.683490207929991378e-01 -8.476331495647357883e-01 -8.411564436918002041e-01 1.401236704314984927e+00 -8.831343122259037726e-01
-2.282149252194658473e-01 5.980020518944079155e-01 6.348134368156160834e-01 -1.021849155687663213e+00 -4.421193907970724091e-01 1.565242016923996449e+00 -9.713840453966817723e-01
-2.381987491852883554e-01 6.167237256394174638e-01 7.174831036056625866e-01 -1.128618496368514190e+00 7.983472582448146448e-02 1.413730939189110414e+00 -8.814764043200556953e-01
-1.268297000554008958e-01 7.207630665623726562e-01 6.751941856592631463e-01 -1.194785861058155207e+00 2.979941399451893624e-01 1.047296147973785896e+00 -6.831146845336105722e-01
2.003291526150417223e-01 8.253607337401371868e-01 5.840559401924060312e-01 -1.250877623852245435e+00 -9.823486593685214208e-02 6.398504770768652650e-01 -4.161148218170541702e-01
7.298055895217349098e-01 7.790285725479756396e-01 5.229215225032063374e-01 -1.351143332082220816e+00 -6.013759093676327439e-01 3.058580471574350867e-01 -1.109257916050391396e-01
1.353031338635195757e+00 4.915927066901559783e-01 6.603804771429631071e-01 -1.386288412089323518e+00 -8.272544845467946217e-01 5.342223394482048526e-02 9.611868816745831878e-02
1.784762119703124927e+00 1.535215487277614421e-01 8.202876559211418339e-01 -1.254154270833159002e+00 -7.676149018460589613e-01 -2.036904592648433598e-01 2.211776678997371681e-01
1.748722413377073348e+00 -2.743498343921469892e-02 6.062339832540583062e-01 -1.152044142072854882e+00 -2.697969013447529818e-01 -4.794328542244054581e-01 5.077167928937510455e-01
1.388616868351173483e+00 -1.455162659982958987e-03 4.079057674617064116e-02 -1.305771183495316290e+00 4.709582617790024073e-01 -7.089428752476109041e-01 1.021250002718630867e+00
1.151292251721244053e+00 2.077270644644538256e-01 -5.167991379685890063e-01 -1.578345401149887417e+00 8.384419888492018469e-01 -9.210119886344316775e-01 1.491746515731764644e+00
1.291657018980519878e+00 4.054910577435832941e-01 -7.437781138930488201e-01 -1.758254012955027923e+00 7.775419225445205917e-01 -1.105584756435289862e+00 1.673661931905245037e+00
1.726049618504471805e+00 4.167677354594669925e-01 -5.126954844872751993e-01 -1.758745372612366520e+00 4.221237845535992239e-01 -1.200944394697301743e+00 1.540258832596097527e+00
2.000184242182135641e+00 2.533481305990142873e-01 -8.806388305838035169e-02 -1.534306793210334252e+00 -9.006331741409863423e-02 -1.167102637705826673e+00 1.261812922974442586e+00
1.680266562547802600e+00 2.903939264671736263e-03 1.042118789289055020e-01 -1.221914715225866255e+00 -3.400278169829316632e-01 -1.002166588616091536e+00 1.150227593436403684e+00
9.484354187206247566e-01 -1.970953355315297473e-01 2.696536942378447658e-03 -1.010568964016962168e+00 -4.150538824552485462e-01 -7.612647627827638930e-01 1.275970293371301301e+00
2.665334508103071043e-01 -2.872455662567566237e-01 -2.379073347784993464e-01 -8.564032888431247770e-01 -5.441512971071376104e-01 -4.906710894363949804e-01 1.403729421468396410e+00
-2.513399307580959641e-01 -3.207343872624178194e-01 -5.271441229859403776e-01 -6.479753697752924646e-01 -4.283730604725310975e-01 -2.617003042748054509e-01 1.398008512157705496e+00
-6.392638747754858519e-01 -4.528396487137835713e-01 -6.950544323917925427e-01 -4.047547606478148485e-01 5.874029923285029042e-02 -7.843488182254278185e-02 1.308686911101442085e+00
-9.012666990799749200e-01 -7.149126034546702257e-01 -6.177362344613632761e-01 -6.261240371640698632e-02 4.876703310125454216e-01 7.071635369373661939e-02 1.144550355215101289e+00
-1.102172630297107991e+00 -1.000784755603238985e+00 -5.211537606698039005e-01 4.025037468561514786e-01 6.780332888083265841e-01 2.344759632834966245e-01 9.175814407679343532e-01
-1.238528815864423205e+00 -1.232329376616785988e+00 -5.625143044083575905e-01 7.413117202012263762e-01 6.042572711330665980e-01 5.672654988898805373e-01 6.914356440285001071e-01
-1.236423843571042624e+00 -1.263746084856847807e+00 -4.913410490853052925e-01 8.242669702312421798e-01 1.631078857625438694e-01 9.891061362424551362e-01 3.780447190930222301e-01
-1.095056224659035182e+00 -1.124412865186560362e+00 -1.420485379080361488e-01 7.512181384079835711e-01 -3.370502696007727228e-01 1.291225077306049407e+00 -3.114698094584967755e-02
-1.042575055284807872e+00 -9.668327274128064586e-01 3.216292787983988655e-01 5.711823400988540467e-01 -7.827588695511239480e-01 1.503401207514550419e+00 -2.957455192826738410e-01
-1.272862826803280001e+00 -8.318961249863248142e-01 6.783505249684044225e-01 4.169680437465270173e-01 -1.105667827844966977e+00 1.667729587085210463e+00 -3.762881210570958035e-01
-1.685132768720739360e+00 -6.524173511645849910e-01 8.550089999629191251e-01 5.072787139346864871e-01 -9.843945457192300186e-01 1.635821367026404127e+00 -5.127990008849625525e-01
-1.962286975145481005e+00 -3.787531293968002255e-01 8.264386902862574935e-01 7.279823917751508944e-01 -5.951374540248239864e-01 1.364670529102224972e+00 -7.371695412266338066e-01
-1.734820077362624557e+00 -1.528433697747122733e-01 5.556782330165852546e-01 7.709452509082752591e-01 -1.811615942666435497e-01 9.841011801428514172e-01 -8.526089359203435913e-01
-9.686104012298868415e-01 -4.497713282078037028e-02 1.939657788072646216e-01 5.914563326367635598e-01 2.450902743036840470e-01 5.731879340409394841e-01 -8.124450076444293956e-01
-1.371904937391178227e-02 6.328369741335486409e-03 -3.369127540283221867e-02 3.068769616414203094e-01 5.867738642588437026e-01 2.104519344616742893e-01 -7.031102032327651852e-01
6.817589310010879755e-01 -1.227271916250132107e-02 -1.962415726199281951e-01 6.534304673069778191e-02 8.092570297842842653e-01 -5.375056084063918604e-04 -5.354354093284078298e-01
8.121712244871733821e-01 -1.396047686464385040e-01 -5.459620637666742216e-01 -2.639975490037744718e-02 1.086399099643362121e+00 -7.306799272704185555e-02 -1.907570892025863274e-01
4.603281876497345437e-01 -3.667181239883424704e-01 -1.104806461187606059e+00 -1.935211772278331091e-02 1.430189220672032802e+00 -5.656263864779290107e-02 3.569558444685113074e-01
-2.311234145689537028e-02 -6.383635042063408038e-01 -1.581542351600540908e+00 -4.476525748342402578e-02 1.406068246008540079e+00 7.487795938844196697e-02 9.426092870806849211e-01
-4.005463614407044903e-01 -9.117263428117179380e-01 -1.692367764900418070e+00 -1.658903980316548954e-01 1.043673648235710072e+00 2.932721631857064248e-01 1.386135127153357516e+00
-5.518164401117183759e-01 -1.123307397109498007e+00 -1.407764915684334595e+00 -3.194369841248089759e-01 7.769069967345463290e-01 4.953759209366927485e-01 1.510585919748937744e+00
-5.044166427761573868e-01 -1.161240459937370018e+00 -9.262219398078741506e-01 -4.095468358178263046e-01 6.384258614413079735e-01 6.356612507751039365e-01 1.267606720608106530e+00
-4.663521066270340243e-01 -9.663395596639444696e-01 -4.738872314552053933e-01 -2.832003370195881886e-01 6.746239980500832178e-01 6.501482678998929954e-01 7.766717008440771064e-01
-4.812305585790901397e-01 -6.031503347134929971e-01 -1.452138952054307097e-01 1.112148244898930882e-01 6.538784435106393955e-01 4.685071131873551065e-01 2.464838965262952653e-01
-4.212137818376928133e-01 -2.286109060418848871e-01 1.001900414538099138e-01 4.769972715150925247e-01 2.769273444446405663e-01 1.865573189384103214e-01 -1.103746950735650240e-01
-2.758780410917221482e-01 2.879932301127351851e-02 3.297369177857545908e-01 5.540749698660257794e-01 2.969418135467806821e-02 -4.555892131668817790e-02 -2.774488646410172010e-01
4.792645882927247525e-02 1.304945971078258216e-01 4.809540852559039958e-01 4.097409594753778084e-01 1.077938924012869226e-01 -1.959959267424806195e-01 -3.453327788321099989e-01
6.003826111116553621e-01 1.588399554126502244e-01 5.548313889098432927e-01 2.118958582445294170e-01 1.515942788394394058e-01 -3.441576000854428274e-01 -4.228036148037109254e-01
1.031515507766715967e+00 1.796044209153971616e-01 5.341165919998660527e-01 9.517785942047922443e-02 1.764283738028430970e-01 -5.208125630696408548e-01 -4.979481655883689073e-01
1.016847814052539878e+00 1.358273046094477798e-01 2.694290746534455661e-01 6.037606358901985437e-02 2.740565767802595754e-01 -6.001203752814258108e-01 -3.957189885967434817e-01
6.202388405602385912e-01 9.123243063465930058e-02 -1.144461058467392822e-01 5.373761793624598493e-02 2.206924370162881843e-01 -5.444730296375822620e-01 -1.548313066238254099e-01
2.221589173475654044e-01 1.843412943729695885e-01 -3.430183857840564676e-01 8.519026476606478271e-02 -1.537320500905647036e-01 -5.021673330303237925e-01 1.597510499401801759e-02
9.965810315972531419e-02 4.113035546495126815e-01 -3.891823668982171691e-01 1.865722211543947850e-01 -5.709451795475697367e-01 -5.858436443701765528e-01 -2.693853441085758155e-03
2.920942412292145685e-01 7.365154127399750061e-01 -3.197669279926771968e-01 3.393915750545286047e-01 -9.217674018526177404e-01 -7.836275093985531903e-01 -2.338823809222755068e-01
7.152989277436714310e-01 1.037136099925514365e+00 -1.709967058261804840e-01 4.233523299648340177e-01 -1.264492764414644421e+00 -9.470735632709644802e-01 -5.401798786055311830e-01
1.018006091661638690e+00 1.142471960579197532e+00 -8.485221740499786225e-02 4.159984134725770999e-01 -1.276491356316029835e+00 -9.247734282791920668e-01 -7.485430396195997815e-01
8.518682237016511616e-01 1.158317713303972818e+00 -1.275817641320491080e-01 4.226687264156840929e-01 -1.038835313317699738e+00 -7.395711336191713725e-01 -8.590586618706398392e-01
2.989694418392499498e-01 1.239415174078900117e+00 -1.824784156580624150e-01 4.848497708570450593e-01 -6.583987006799820740e-01 -5.260182100799370986e-01 -9.834621952629851727e-01
-2.467537256435680115e-01 1.350644276231745877e+00 -1.224948561129552554e-01 5.669186627386524346e-01 -3.520923197044096425e-02 -3.777134800618603960e-01 -1.201140040388196883e+00
-5.096048662051683165e-01 1.446629117142205212e+00 1.156251649107399165e-01 5.710468137304158809e-01 4.133106703834508733e-01 -3.249574384294401375e-01 -1.447797341172817998e+00
-5.366246677991898251e-01 1.461881392606895202e+00 4.792495495946127448e-01 4.723296824488345536e-01 4.673338796584596833e-01 -3.222434425469916097e-01 -1.592320708008432506e+00
-5.706273152643278612e-01 1.309382032873320778e+00 7.007107933003772215e-01 3.993397540882881458e-01 3.861317203324261538e-01 -2.544322740658313542e-01 -1.524451543752758376e+00
-7.121983640461940768e-01 9.439619404250607637e-01 5.974742355412274719e-01 3.372249092413108218e-01 3.478397867950788758e-01 -9.987894811117903338e-02 -1.107625288788911533e+00
-7.798649782778800388e-01 3.604774592260450161e-01 3.723259219309572599e-01 1.688865574712380413e-01 1.768513410755851722e-01 9.820702070090706060e-02 -3.726996943030879139e-01
-6.818407846036849129e-01 -3.189128023699790426e-01 1.884804230001966008e-01 -3.892727780979855084e-02 -6.798484571547369626e-02 2.449854666320417929e-01 4.420153594953437626e-01
-6.203833398786158249e-01 -8.812451771949481039e-01 7.688399236388455960e-02 -2.179598909826263864e-01 -1.607904220281361485e-01 3.273694410083950457e-01 1.100259597159925606e+00
-6.793285862054808666e-01 -1.179516275645035916e+00 1.935006375920851618e-01 -4.260340743330913726e-01 -4.069843970872007444e-01 4.860754234365932680e-01 1.425529312740905219e+00
-6.728543113594830372e-01 -1.177463276613008425e+00 5.124739569628165015e-01 -6.614096868189659473e-01 -7.225121535394075645e-01 6.562359891305133974e-01 1.375639706728723599e+00
-6.048773893057494133e-01 -9.331043463517859626e-01 7.420176398769964266e-01 -8.397712021815136874e-01 -6.405442987419135425e-01 6.786001825778763541e-01 1.107405522571619727e+00
-6.211092979302164085e-01 -4.931733238848511336e-01 7.441904819156316409e-01 -9.009116749791262757e-01 -2.565316313490146327e-01 5.303248021003261758e-01 7.820327113819832698e-01
-5.369166781039045322e-01 1.050774863161447054e-01 5.655736838370986064e-01 -7.407103744071052986e-01 2.025549845224451084e-01 1.609067114234379314e-01 3.459205185927051174e-01
-1.452262430671056870e-01 7.274778152733082370e-01 3.058211113157742744e-01 -3.147573925232005077e-01 6.654373720698877337e-01 -3.925677666555170142e-01 -2.370608005544240782e-01
4.915506918708376083e-01 1.171915761246926424e+00 1.535686682380492940e-01 1.182401367287588129e-01 8.619572447058365672e-01 -8.373059767965741473e-01 -8.121953029326838269e-01
1.169721646241514534e+00 1.271142631739065720e+00 1.335388371022345477e-01 2.207853783115169832e-01 5.955014619359967343e-01 -8.588699920743756433e-01 -1.151055680386740443e+00
1.615035128603045544e+00 1.031194705817483959e+00 5.111443514899714768e-02 -5.502928366854770853e-02 1.714737371043582870e-01 -4.775883834947065032e-01 -1.062153728115726725e+00
1.636117006722366707e+00 6.544467700932052878e-01 -1.884654915818337051e-01 -5.043155786676065677e-01 6.439591792823275151e-02 -2.959506213137046843e-02 -5.954009531190198601e-01
1.085913998925071011e+00 3.467233735032302366e-01 -4.933048230379281085e-01 -9.435125272543768427e-01 2.745830180477509819e-01 3.367690228929546836e-01 3.384717798800045141e-02
1.290665433550778340e-01 8.853020564242948531e-02 -7.578886365242304413e-01 -1.274636072539379050e+00 4.712069686573284177e-01 6.971459105781194765e-01 6.954440207121872497e-01
-6.798290766638270810e-01 -1.907722084273678065e-01 -9.291470363423659506e-01 -1.438556113847651474e+00 7.099342239852179937e-01 9.679767484565530156e-01 1.245787976374773898e+00
-1.027255432860032069e+00 -4.029308913985026885e-01 -9.304971406956462632e-01 -1.447646652758044494e+00 8.508450765485467970e-01 1.033932354286423605e+00 1.538524930481876218e+00
-9.297955809444253816e-01 -4.657224270185487125e-01 -6.990203423394307780e-01 -1.398816093828499918e+00 2.368841994012881313e-01 9.586011647427955529e-01 1.584953887299188846e+00
-4.422184760417123828e-01 -3.373156468938964814e-01 -2.460662824930556769e-01 -1.290076072145981412e+00 -1.011067992131539972e+00 7.627518775046260302e-01 1.349729836914612457e+00
2.363784698183744593e-01 -9.600750021749994423e-02 2.200131296363374289e-01 -9.568628692527247903e-01 -1.896613436336541669e+00 3.992747706084939230e-01 8.091763131627001115e-01
8.178581082464938534e-01 5.259553394933423609e-02 4.479597487668582345e-01 -3.674847318587864398e-01 -1.931347273832978662e+00 -4.197008930254635117e-02 1.308881667687526174e-01
1.143274579925632528e+00 5.528456063399404818e-03 4.202945330527387835e-01 3.987860636198403697e-01 -1.359383161233069348e+00 -4.322722814281481640e-01 -5.041408123662763918e-01
1.068755965194743141e+00 -2.685069322337680364e-01 2.345330592195871422e-01 1.218579228178066742e+00 -3.797717916884565392e-01 -6.343938971082908607e-01 -9.475450392942993405e-01
6.555242241823252547e-01 -6.344707797190026755e-01 1.234192177375969535e-01 1.865020902929320323e+00 4.667888797163728398e-01 -5.425373700810397493e-01 -1.220967018723552400e+00
2.502516372994825766e-01 -8.392799509287806048e-01 2.286173930503352103e-01 2.253133646165337289e+00 4.342261527282188505e-01 -2.537722871360406640e-01 -1.476558136860969705e+00
5.161425965497611762e-02 -8.198696308214643569e-01 3.673682507376903605e-01 2.438114111451084920e+00 -2.859613564865645108e-01 3.296042405076408943e-02 -1.707248056525130675e+00
7.473628307511200920e-03 -6.981735764819652079e-01 4.199799045732412472e-01 2.472591779193176631e+00 -9.001671696171628101e-01 1.907175255086857868e-01 -1.829138180552983162e+00
