-3.149780808666999971e-02 1.508471651272678571e+00 7.052915166784738954e-01 1.814183408521322871e+00 6.379149455459536266e-01 -9.513155422510692905e-01 -1.989902399301782365e+00
-1.434996062090620472e-01 1.118780850206807509e+00 1.849415996746749113e-01 1.389841827294723942e+00 7.099886502607153371e-01 -6.445838275296964515e-01 -1.365312122212099410e+00
-1.998606215007539821e-01 4.195956695282888615e-01 -4.714150856352977148e-01 7.386110874596429898e-01 7.911932156734134969e-01 -2.531062533318224061e-01 -3.631940810306024114e-01
-1.749296376187998714e-01 -3.581723254447563565e-01 -1.009826340300955749e+00 9.575580508391665080e-02 6.483625466408945437e-01 7.143101422575214021e-02 7.268034469109069251e-01
-6.655092507168813842e-02 -1.004817474580155912e+00 -1.278743135829056854e+00 -5.239701437192204603e-01 3.765262382106582262e-01 3.180634989936618751e-01 1.644044457175496188e+00
2.715223928428319722e-01 -1.558378320902055636e+00 -1.268328663638428555e+00 -1.135280305421816571e+00 1.006044577491945202e-01 4.920451209511311208e-01 2.269813156730204895e+00
7.493595005326493252e-01 -1.969976768834232894e+00 -1.158274496670322673e+00 -1.581412572154202945e+00 -2.442012239802483498e-01 5.514870475001889538e-01 2.594888484344366031e+00
1.012038902262693885e+00 -2.074169483079768561e+00 -1.116884935103443333e+00 -1.843245357080490088e+00 -3.283588454578747484e-01 5.264035015280046359e-01 2.669192140995294338e+00
9.927668382011721748e-01 -1.928520071598144314e+00 -1.178559039809480069e+00 -2.084670299560841933e+00 -2.779844416128551821e-02 4.962648251925779186e-01 2.644776420525114080e+00
8.378512142270834184e-01 -1.679066332809840079e+00 -1.308303981481675038e+00 -2.326402732965694220e+00 2.916177351449425470e-01 5.112539091150959392e-01 2.626280906615885868e+00
6.631249305002830940e-01 -1.430084976735224389e+00 -1.443157081090218341e+00 -2.498852105385760858e+00 5.379398789729312735e-01 6.128615661584545515e-01 2.554913584150645178e+00
5.800254020176586200e-01 -1.132440095858899820e+00 -1.397895779331620236e+00 -2.578215627736496263e+00 5.705273800183910948e-01 7.499005086548176102e-01 2.317396685914629550e+00
6.055563114990173412e-01 -6.563122790479373192e-01 -1.110775504153427962e+00 -2.550571564264792812e+00 1.575769380481088777e-01 8.251370491437719501e-01 1.872245117646063273e+00
6.857955666822099783e-01 -1.479360982857493567e-01 -6.902791237422234438e-01 -2.439459311920311624e+00 -3.769294749926073718e-01 8.427591239108199739e-01 1.288368919530900492e+00
7.674782174283384384e-01 1.643897621200840486e-01 -1.925216850125738566e-01 -2.267271859105734588e+00 -6.492383094092960549e-01 8.510133238213101192e-01 7.021152185216394948e-01
7.866647162359412526e-01 2.503948124607230374e-01 2.703759140240273307e-01 -2.035589250584813659e+00 -5.861145779080926266e-01 8.556073160446664438e-01 2.125034625065766181e-01
6.882392022036765145e-01 1.133099363062690934e-01 6.033262899981854943e-01 -1.745642633151274881e+00 -3.667148681035692914e-01 9.006042402236691391e-01 -1.188601628366204865e-01
4.131391555524026593e-01 -2.402174642865939347e-01 7.652435640728451061e-01 -1.322954843115262014e+00 -3.384692496150823460e-01 1.034879990531220706e+00 -2.341641597896823024e-01
-4.490229109290892057e-02 -6.333535633678872845e-01 7.538145465491058461e-01 -7.013805063782269089e-01 -5.239619737307156244e-01 1.189367320604273193e+00 -2.400491126585826140e-01
-6.369456782292199915e-01 -7.957103062227772750e-01 6.837680877870553342e-01 5.638681229031090175e-02 -8.111960701515610328e-01 1.287794120276441356e+00 -3.485870119817491286e-01
-1.290894313404578719e+00 -6.640640022866066694e-01 6.511863813834291026e-01 8.415554365853823438e-01 -1.078231200169673665e+00 1.310366393823319431e+00 -6.194836978964670671e-01
-1.887986982741338693e+00 -4.322963784126813147e-01 5.806562727952880865e-01 1.555793733104976262e+00 -1.075791253164674055e+00 1.231567288017329176e+00 -8.933402942932809898e-01
-2.331310210037255359e+00 -3.124081243613985315e-01 3.730932376589808919e-01 2.080861775935949343e+00 -8.417269347421646453e-01 1.076471844222299579e+00 -9.487117804388166542e-01
-2.482660422029520308e+00 -2.980546120192286152e-01 1.256423364187041758e-01 2.385192439388046370e+00 -7.744340926165492744e-01 8.834090065830166871e-01 -8.131680057214458746e-01
-2.328847155446686745e+00 -2.157234007315997626e-01 -3.240586054025154650e-02 2.586275992481694708e+00 -9.672511178638260043e-01 6.676382837593296538e-01 -7.468551315637437238e-01
-2.098631122425818063e+00 -1.558492451727374120e-02 -7.666222272465533782e-02 2.693934621990301093e+00 -1.020070802150180977e+00 5.010382126505116274e-01 -8.789915937989543071e-01
-1.937336659262794303e+00 2.079049637378500293e-01 -7.464389486618838200e-03 2.661731491857206588e+00 -6.595272365495573608e-01 4.329320239489877209e-01 -1.170057535799608361e+00
-1.780607918061556827e+00 4.213265849850373890e-01 2.298522000910172003e-01 2.576286746626296864e+00 -4.696268658373149718e-02 3.725568059034071733e-01 -1.573528809385054350e+00
-1.561975485656154294e+00 6.092128078915562961e-01 6.126011772668767952e-01 2.498478836835913874e+00 3.664738486349659041e-01 2.188937343581169315e-01 -1.918723895350156194e+00
-1.302417054377981165e+00 7.298239100729760898e-01 9.807781174488058307e-01 2.431885684943828174e+00 5.097362513611581880e-01 -3.002880397739031773e-02 -2.089452946596233485e+00
-9.500907513444623032e-01 7.954868257094667161e-01 1.289592938339263251e+00 2.341564460002823811e+00 6.321168747254852782e-01 -3.517013345871509711e-01 -2.182521705191363459e+00
-3.874280438654150727e-01 8.981196135854553342e-01 1.611618613218906537e+00 2.153969284437089016e+00 6.395955918851352617e-01 -7.504736261789713980e-01 -2.269869846695523385e+00
2.779111019852792963e-01 1.084282009442984807e+00 1.895690841345893496e+00 1.877111513227957884e+00 3.581011450456646483e-01 -1.170500259456690673e+00 -2.302426350372094976e+00
7.534593818801921250e-01 1.204990462210545843e+00 1.976150232951356278e+00 1.597296675160241541e+00 -8.497382736441445872e-02 -1.458006283614720955e+00 -2.172246745071495955e+00
9.148342409542010722e-01 1.034366575352367423e+00 1.794891284947279564e+00 1.360707127017448670e+00 -3.360857066719919461e-01 -1.536979048147756544e+00 -1.801457018263326937e+00
8.235398302349087318e-01 6.237149482574261272e-01 1.436776278475195845e+00 1.157961876043916094e+00 -2.150682755901524579e-01 -1.447343699055791744e+00 -1.261764623131550911e+00
6.031242842627957401e-01 2.681785776064084525e-01 1.070983839976472618e+00 9.363386287189376933e-01 1.243261834160021423e-01 -1.292227483499043039e+00 -7.304213989561083586e-01
3.737093663634326601e-01 7.145476729431925189e-02 7.902138513332676029e-01 6.536319949128039930e-01 3.965365001666418254e-01 -1.142898331752664864e+00 -2.584573635069601361e-01
2.780095893492613990e-01 1.727819308287111694e-02 5.691632425339164802e-01 2.640668425954697529e-01 4.729188380119521140e-01 -1.009068765376712529e+00 1.484429667771510475e-01
4.215581194652119335e-01 1.177765398255395113e-01 3.786528121479541542e-01 -2.271626141018472655e-01 4.259303959316442789e-01 -9.533564699729190073e-01 4.611485676111923837e-01
6.813367511892323147e-01 2.928471325916713885e-01 1.243225334378436353e-01 -6.428781820678491910e-01 2.813345269126500958e-01 -1.003407547002977962e+00 7.277128583669414397e-01
9.122942515014454967e-01 4.686234392126141235e-01 -1.666836431639695804e-01 -8.633436486624531669e-01 2.005763448354285286e-02 -1.122620976753558653e+00 9.213977872990252171e-01
1.093070521423727293e+00 6.429088625758936359e-01 -3.958174970951075511e-01 -9.473809135607682563e-01 -1.188177934933999647e-01 -1.253365773203987787e+00 9.400885667752213459e-01
1.188808326592050602e+00 8.279656836334742254e-01 -6.221290653428162010e-01 -1.039927682144766941e+00 1.099391820978787293e-01 -1.317593620555967959e+00 8.182742559789487613e-01
1.231433370244697789e+00 1.022156332698739067e+00 -8.143527081473501683e-01 -1.249961490267202269e+00 3.672851358613963835e-01 -1.266491192276019584e+00 6.443156233784249620e-01
1.287076105663855108e+00 1.166471007793835390e+00 -9.035799879793858791e-01 -1.538065142018793185e+00 3.247153304403401219e-01 -1.121662108533413527e+00 4.988962179524862872e-01
1.266551843766799745e+00 1.206307904087603022e+00 -9.773547652663026053e-01 -1.810940246258778918e+00 2.364800869980306364e-01 -9.611262509072147076e-01 5.250253750084084015e-01
1.061738563748670261e+00 1.134214294673973278e+00 -1.056198660181792315e+00 -2.024675757853520608e+00 2.236035787674436059e-01 -8.450880387882556688e-01 8.061898952736410440e-01
7.262190417469445158e-01 9.257560432165665709e-01 -1.115957177030334702e+00 -2.163067695993980077e+00 1.417784164105580502e-01 -7.751734547787786367e-01 1.259979016046529621e+00
3.763032738300853830e-01 6.391819159157926533e-01 -1.181636835621547421e+00 -2.190654873341977282e+00 1.274277313242731524e-01 -7.270981352001616438e-01 1.659706546642985447e+00
6.764152407600426686e-02 3.348364347077164016e-01 -1.237532065907092527e+00 -2.072911520118996265e+00 3.953230739931007931e-01 -6.619467689568628854e-01 1.853877028075477051e+00
-7.396154146064928825e-02 3.641499104141840415e-02 -1.226017189633930027e+00 -1.826449771650826115e+00 8.358525031248861259e-01 -5.614490512220318141e-01 1.781833904948286085e+00
-2.619379602554284744e-02 -1.635567970781229286e-01 -1.185541605564546019e+00 -1.573000414597323759e+00 1.090304099859758402e+00 -4.138582177011201346e-01 1.531662847036859620e+00
-8.335983500671627355e-03 -3.890697859613689857e-01 -1.225676175243859634e+00 -1.414908595705869354e+00 1.066616398165872726e+00 -1.275810649200258828e-01 1.364916732576473057e+00
1.953649127227197885e-02 -7.846585496125546566e-01 -1.209875431896330289e+00 -1.312640560732847295e+00 9.216455032548498405e-01 2.925778727562740045e-01 1.280155623325036851e+00
2.602785238358122366e-01 -1.118341935838954360e+00 -9.227191735955783125e-01 -1.243828451504278565e+00 6.789223627541036699e-01 6.970291558736849691e-01 1.058115178577295756e+00
6.762245804710991237e-01 -1.161045574882332510e+00 -4.000099414547105825e-01 -1.179818793918889774e+00 4.460412178313659104e-01 9.954767115319935744e-01 5.773413301092438221e-01
1.138805547129387641e+00 -1.001485180366158190e+00 2.037451932759599960e-01 -1.032248337126980386e+00 3.133388425449827319e-01 1.176144767636722266e+00 -9.487915351807921227e-02
1.531112412962896130e+00 -7.590814635200938687e-01 7.893845723240878742e-01 -7.508397763330695307e-01 9.634859651669541725e-02 1.232547532252723954e+00 -8.110531514127677921e-01
1.648475066888564378e+00 -4.843822016554842347e-01 1.236337314829995870e+00 -3.524035400582531952e-01 -7.429479447418194105e-02 1.187481879952950736e+00 -1.464425029170127068e+00
1.429289564666930801e+00 -2.835027251553265404e-01 1.434658874015773744e+00 6.275688749297074487e-02 6.511359813415892872e-02 1.098437823363162646e+00 -1.934346265731086589e+00
1.088935345518397435e+00 -2.344051185218164468e-01 1.360330130609057830e+00 4.597023762612807429e-01 2.587293239016337232e-01 1.005313256838914704e+00 -2.158879601884712507e+00
7.812190452692887588e-01 -3.837332118908265977e-01 1.104484580737488120e+00 8.029383335140920508e-01 3.932862515072335641e-01 9.421309612412268608e-01 -2.149582878919372497e+00
5.226093324900121795e-01 -6.053412969856530879e-01 8.511653685777920142e-01 9.557436869382193168e-01 6.172238683445900875e-01 9.145554990222379832e-01 -1.986833994001440562e+00
3.768185078368696539e-01 -6.767856856620750872e-01 7.711180032443176735e-01 9.004471098131711093e-01 7.618574208480055621e-01 8.425489689524585657e-01 -1.780656988991204948e+00
3.338088898435310203e-01 -6.665063352246106687e-01 9.201949943370361096e-01 6.866544213312943956e-01 6.362249423816975780e-01 7.427688168595346641e-01 -1.476876890231089146e+00
2.447094885308135070e-01 -7.182506204354861534e-01 1.144276148114758085e+00 3.387377474332078364e-01 3.800680746568723678e-01 7.348210541130963946e-01 -1.010065201808012958e+00
7.217863398184867774e-02 -7.951996250734717497e-01 1.311578404576327905e+00 -3.462306814928223231e-02 1.831173549781056897e-01 7.696857316352867517e-01 -5.127696022884198346e-01
-1.361466600871047705e-01 -7.763951853424998495e-01 1.332375337515073976e+00 -3.067706657734324271e-01 3.125344116110566339e-02 7.238536675500221174e-01 -1.033822410669508474e-01
-3.443175786832475826e-01 -5.713798475443693237e-01 1.085619389408124302e+00 -4.457618072981401336e-01 -1.092942923493707003e-01 5.341749325920983615e-01 2.781094805676389559e-01
-5.549912032468879985e-01 -2.405701970796007838e-01 6.671148703989078221e-01 -4.332145553728672382e-01 -2.665799327620527182e-01 2.485810937753106520e-01 6.643431830082271450e-01
-7.561465602154039400e-01 1.767162107554074435e-01 2.968823475955905122e-01 -2.685573280865146129e-01 -3.981005525744854001e-01 -6.470300235423208368e-02 9.049321504155346529e-01
-9.116919357768163978e-01 6.491902500273927235e-01 5.390670471951789638e-02 -7.075951219739078091e-02 -5.040034321181963151e-01 -3.498530791604576584e-01 9.462272434602134741e-01
-1.012372723491452575e+00 1.026996370462222696e+00 -1.077837298398892640e-01 8.932772781552413000e-02 -8.133530851350561086e-01 -5.091012226627397164e-01 9.182140950414711122e-01
-1.017048208071486437e+00 1.188078442329332240e+00 -2.188629442678669823e-01 2.672048164305214635e-01 -1.268881378842896979e+00 -5.397125493775165594e-01 8.668129209948930436e-01
-9.227072647598689725e-01 1.128688452312005097e+00 -1.875310283453793525e-01 4.707320439878915352e-01 -1.547995251202481937e+00 -5.440814411949519425e-01 7.379716266205179620e-01
-8.393346251812175973e-01 9.490439156973600188e-01 -5.667263692243301038e-02 6.942076684739683090e-01 -1.446005911048650061e+00 -6.046103856643587626e-01 5.527098223004889288e-01
-8.093232700762601484e-01 6.864396200281948079e-01 -1.002088055421414096e-02 8.923218893169310162e-01 -1.047274043632261398e+00 -6.833036798338950613e-01 4.445709386319178225e-01
-7.942963810268098834e-01 4.006611495016639268e-01 -1.287569663878385950e-01 9.907161313779064837e-01 -6.914799245997681476e-01 -7.372368767353876251e-01 4.937611367498905279e-01
-8.028989358376413810e-01 2.569362824807644441e-01 -4.040570853570547016e-01 1.007702730164982574e+00 -5.817713552388522613e-01 -7.873706738611664369e-01 6.263852680583961163e-01
-7.010927346933404358e-01 3.469110401868687465e-01 -7.370785873220272455e-01 9.589432709741000371e-01 -6.444738206561371197e-01 -9.162547256698346798e-01 7.472479788137439405e-01
-4.869284691706897705e-01 5.923517964908725508e-01 -1.068840602650283467e+00 8.170375927331720023e-01 -6.167604443766429023e-01 -1.167107852643799903e+00 8.828498540136783257e-01
-3.682115920859663216e-01 8.647369327699118147e-01 -1.345894162434579266e+00 5.791254112825490186e-01 -2.767793731694058734e-01 -1.495359177695668063e+00 1.042435099499019024e+00
-3.383674506674693161e-01 1.149256667360129436e+00 -1.463831059254347755e+00 3.117505949751641081e-01 2.428362265897310857e-01 -1.848283034695596516e+00 1.113669126271072729e+00
-1.942043594420453934e-01 1.383625565112184486e+00 -1.404586803486088664e+00 1.324356057838254330e-01 5.871307857626660853e-01 -2.157415158421345680e+00 1.004380062249641270e+00
1.086432846855934359e-01 1.386885962519121218e+00 -1.292084359400760052e+00 1.189967597499938523e-01 6.746542708074946271e-01 -2.303618420124432742e+00 7.559373774652980993e-01
3.639945343553855350e-01 1.200727919223596007e+00 -1.217245773611882909e+00 2.134189511534116401e-01 6.976300785678928307e-01 -2.210577497676174286e+00 4.628223927463929743e-01
4.769976775371185251e-01 1.024278901275418541e+00 -1.202110921022034207e+00 3.141178285674391391e-01 7.975750207054028706e-01 -1.981868293636409373e+00 1.762827012678528371e-01
4.534709209194413004e-01 8.558266078344239913e-01 -1.290873650718643795e+00 3.234574155677844010e-01 1.090533417974331565e+00 -1.739524298280743286e+00 1.488490174924673656e-02
3.477677351362998270e-01 7.070152698730567398e-01 -1.433637673093637543e+00 2.513344808916044837e-01 1.534751036146879022e+00 -1.509965026815424549e+00 -3.327644699884992757e-02
3.724249007720522586e-01 5.736259898657209977e-01 -1.501445057411969541e+00 2.911955548534291283e-01 1.814076966772702582e+00 -1.303037687375356857e+00 -1.560089795065909279e-01
4.564535009792891063e-01 3.066692316097955340e-01 -1.511127767240758146e+00 4.588058391983987350e-01 1.851915538897427549e+00 -1.073021366984471259e+00 -2.571805838964368873e-01
3.054321443585304441e-01 -8.728160682406937987e-02 -1.579333619510916220e+00 5.848045281304898868e-01 1.793403977920605907e+00 -6.916319324175050909e-01 -1.427713240944580297e-01
-9.514958466749197374e-02 -5.411524795788038578e-01 -1.711560000219417343e+00 6.293625958190929293e-01 1.645351338225349069e+00 -1.189910944155696676e-01 1.543160666363974365e-01
-4.988760453419050500e-01 -1.028111763389536026e+00 -1.806737039333931705e+00 5.861862475040010567e-01 1.245754087257408438e+00 5.514369681037717408e-01 5.067531436555712254e-01
-5.897994929522762941e-01 -1.430375435248195437e+00 -1.711452476127640177e+00 4.753721561375825466e-01 3.620014980025705875e-01 1.167532174403415945e+00 7.245273872760077394e-01
-3.708235325760946277e-01 -1.739022824354826691e+00 -1.355101418152624193e+00 3.638644466878478423e-01 -7.923231198816507170e-01 1.659802891073260733e+00 7.456970050840223685e-01
-1.156522347532922407e-01 -2.034378480054257476e+00 -7.782228543586189318e-01 2.099250958007002343e-01 -1.634312420970284618e+00 2.086885414372753100e+00 6.484089346766940265e-01
5.327662238821510854e-02 -2.281849626020319377e+00 -9.000841369344778076e-02 -1.861870971831691354e-02 -2.099637339641537981e+00 2.468667570740675554e+00 5.119184289916095532e-01
1.773141668884989364e-01 -2.492608695857854606e+00 5.313892059817131308e-01 -2.695106427686397299e-01 -2.279308629552954546e+00 2.726413592940469588e+00 4.278602926649208715e-01
2.712266268464147978e-01 -2.699089244994437475e+00 1.019899846780200958e+00 -4.378679182474947695e-01 -2.143293163295707071e+00 2.810518214738402243e+00 3.540445610850655456e-01
3.534602452947215867e-01 -2.731561526383693206e+00 1.404678811507505065e+00 -4.659998757438478800e-01 -2.051462599384890950e+00 2.691082454779710975e+00 2.299539295806164729e-01
3.676949630283750658e-01 -2.515860630873809178e+00 1.592326028795875370e+00 -4.139390938803907405e-01 -1.998340185561444216e+00 2.407431227700447707e+00 1.308181428032908766e-01
1.676526058911486927e-01 -2.216318955215782260e+00 1.517595153087092585e+00 -3.212104079959313685e-01 -1.800580691476274309e+00 2.154832251936439125e+00 1.148599589249084535e-01
-1.110363444390487370e-01 -1.903279852926265558e+00 1.192153612466349877e+00 -1.762095284153418762e-01 -1.578452017199375002e+00 1.960976428133214489e+00 1.680315355045302605e-01
-1.363937861143060537e-01 -1.515319934363290155e+00 7.334016790116630879e-01 1.436550991497826876e-02 -1.343427862123803385e+00 1.653395170965039185e+00 1.604621710887460806e-01
1.436239519946669041e-01 -9.877371890781161401e-01 3.714256576358652140e-01 1.931382274585043690e-01 -1.138953222542404609e+00 1.155934016552289112e+00 -2.464376287707768440e-02
4.191659189062931778e-01 -4.296606906866879960e-01 1.287145228369922789e-01 3.050829661996104503e-01 -9.777964069440397976e-01 6.187741315017191157e-01 -2.346291076996920855e-01
5.497051387354607854e-01 -1.194284591437025020e-02 -5.030064922107459202e-02 2.748279267178398988e-01 -7.442709995299701120e-01 1.933891712713992073e-01 -2.896617154042551712e-01
6.097719012611459988e-01 3.239350884001446773e-01 -9.190916791592379509e-02 7.942469186945756709e-02 -5.306935501868547123e-01 -1.581599550763027606e-01 -2.277313865620506639e-01
6.401134792391930395e-01 7.163602670755935264e-01 6.035097565641818484e-02 -1.611845445297916679e-01 -5.523489987262465428e-01 -4.911162193859359704e-01 -1.946780810264822359e-01
7.346997464609444917e-01 1.167784199223111052e+00 3.755931387524906739e-01 -3.842596524508261613e-01 -7.134261024925432348e-01 -8.358832750196419914e-01 -2.570143527972904018e-01
9.008823269957316748e-01 1.582226091938703449e+00 7.851066697819474305e-01 -5.129974891746120758e-01 -9.659965250819083638e-01 -1.171320357872898343e+00 -4.066284975646045630e-01
1.003475860530734121e+00 1.904645604914487977e+00 1.156573581485913271e+00 -4.392087226618984208e-01 -1.110224739561486373e+00 -1.409191846937520420e+00 -6.677432116090302738e-01
9.615759386179627555e-01 2.168979649948885591e+00 1.451006190651241701e+00 -2.425104397193894312e-01 -7.472888112440180253e-01 -1.517922010565180724e+00 -1.049585539559556135e+00
7.378033391634778448e-01 2.293636753767677838e+00 1.635896360378203740e+00 -5.084482192616852220e-02 -1.654688672402020444e-01 -1.418978616694035244e+00 -1.372756723857637917e+00
2.748346886810829615e-01 2.138439509786924209e+00 1.592045675141817940e+00 9.671093017458509689e-02 2.104726664944144010e-01 -1.055408320178522041e+00 -1.387034081563738974e+00
-3.262047940871527496e-01 1.751261023550224838e+00 1.319543162942897530e+00 2.021300545288129968e-01 4.389091989393327231e-01 -5.903467641481913164e-01 -1.114176797602399738e+00
-7.622420850532750647e-01 1.291840942141231130e+00 9.966583218411069200e-01 2.299828359901109620e-01 6.218910384827622817e-01 -2.647117273225843559e-01 -7.695609368975855347e-01
-7.832301795165144132e-01 9.322379836666232489e-01 8.480981994505082389e-01 1.572064098881668370e-01 6.700110579470724970e-01 -1.907915285422911722e-01 -5.416010394588197663e-01
-5.124937822926534103e-01 6.124977746937566581e-01 7.358973217822726287e-01 5.322260019995102287e-02 4.382565170443171176e-01 -1.769047184091406821e-01 -3.759899440604456133e-01
-2.355426848550418450e-01 1.183761421544948095e-01 4.555959278484476016e-01 -5.104727882351765139e-02 1.547755673175486013e-01 -7.164302475329986306e-03 -1.433621335190058965e-01
-2.434110428753264235e-02 -4.750672889872721294e-01 1.215899110687163887e-01 -1.808592378295140468e-01 3.938634131990050025e-02 2.069263251174446594e-01 1.369959235278067622e-01
1.715064372361428391e-01 -9.421401826533162271e-01 -1.274112072683870611e-01 -3.673725305727255641e-01 -1.381528504701192428e-01 3.202180560880895088e-01 4.669877140396524462e-01
3.940639795475075480e-01 -1.191733467861987528e+00 -2.856201104466402629e-01 -6.217017566623496139e-01 -3.707447771987568141e-01 3.284215492399285008e-01 8.131321365220387509e-01
6.130851586988453894e-01 -1.285733850347250629e+00 -4.053492261727837942e-01 -8.374029419642431415e-01 -3.823110355298364182e-01 2.683902628383286193e-01 1.074376544060050342e+00
7.883946113016430113e-01 -1.228531693750720244e+00 -4.769326226613446740e-01 -9.166174320107686180e-01 -6.370073454990272943e-02 1.687608761103693011e-01 1.097103067739339632e+00
8.450530218986658237e-01 -9.219501848268525368e-01 -5.100762576968849160e-01 -9.053734943930324963e-01 3.935482575813547546e-01 7.723554042483143922e-02 8.262247514837270934e-01
5.689153685102450453e-01 -4.828984032965887296e-01 -6.662789203421732864e-01 -8.801650431894720850e-01 7.647286255594215598e-01 1.522902437265022113e-01 5.180311377719546417e-01
1.417521221746614705e-02 -1.185429429565132003e-01 -1.009395998808053863e+00 -8.951869493900166397e-01 1.081923257903781188e+00 4.370813993478668280e-01 3.820958379411824035e-01
-4.933212915236983021e-01 2.209788055104365823e-01 -1.376527137051990923e+00 -9.549994092818978597e-01 1.307966119724452758e+00 7.495039543450405795e-01 3.243897089249975774e-01
-7.403101345146211321e-01 6.136644476562831407e-01 -1.604059077642801645e+00 -1.028191207496234938e+00 1.411240481589378204e+00 8.852813998539502682e-01 2.129664127071672353e-01
-7.149877909575397261e-01 9.493754301228175541e-01 -1.592442913480832445e+00 -1.097937883218757849e+00 1.494746438997090809e+00 7.732923345868145670e-01 5.603171826862679561e-02
-5.002941344444437055e-01 1.138626574841895112e+00 -1.350014662488101758e+00 -1.107954028043328654e+00 1.450640886358592230e+00 5.215521100526592235e-01 -9.562509886040887475e-02
-2.089136652499530844e-01 1.121111131028597496e+00 -1.097991816845360402e+00 -1.041375878121637566e+00 1.161979271844196138e+00 3.074078631688093033e-01 -1.414852174027636245e-01
-6.036815561948270098e-02 8.626743886013215068e-01 -9.983387918642617764e-01 -9.296070311518549456e-01 7.165631711055515662e-01 2.027113338116525720e-01 4.506411077685661126e-02
-1.135264661526570878e-01 4.868693900792224749e-01 -8.926236704134568045e-01 -7.782112597609573967e-01 2.089785431894929657e-01 1.484830935748362446e-01 3.851996704192229837e-01
-2.404879412622071833e-01 1.281217611289755531e-01 -6.453183728499340965e-01 -6.348126588607552190e-01 -1.365911370620679077e-01 1.187734892721257624e-01 6.471709474997394684e-01
-3.480247560488180514e-01 -2.318507496891316355e-01 -3.419757980771793160e-01 -5.168286540428524978e-01 -1.554262733073915326e-01 1.344802679957803893e-01 7.313314462533850868e-01
-4.712015637572311566e-01 -5.329694534253176519e-01 -2.373106375154959008e-02 -3.405148742191955180e-01 -9.414879439887157211e-03 1.844549696605456979e-01 6.392712532221351829e-01
-6.528663385837297772e-01 -6.155085842611428548e-01 3.972388555435419910e-01 -5.772639657088592807e-02 1.535776309670689177e-01 2.312339146763234543e-01 3.267276395262905253e-01
-8.442056358212416400e-01 -5.861019420549821168e-01 9.249549477968601607e-01 2.457594178565961074e-01 3.054374644199512323e-01 2.801985745898906144e-01 -5.787946488414521390e-02
-1.083503304902960762e+00 -6.451792817374115696e-01 1.415266231011089726e+00 4.598410577547614730e-01 4.316996135950229574e-01 3.483013426446479044e-01 -2.544539756599356051e-01
-1.347169609994681494e+00 -7.211227737309177099e-01 1.767271082629179979e+00 5.565349986777172742e-01 5.057475376762857744e-01 3.983352097556961402e-01 -2.726834485012053499e-01
-1.487921172648881241e+00 -6.633294136480676340e-01 1.963054098717897267e+00 5.372007876838804652e-01 5.404953285140046138e-01 3.504570486010184505e-01 -2.358516680387898468e-01
-1.476148275422302758e+00 -5.478540299054707186e-01 1.921697252866696237e+00 4.274863522272844274e-01 5.597945749013748529e-01 1.877479233042167739e-01 -7.926644770731643141e-02
-1.347332754593160820e+00 -5.566220066815684708e-01 1.576903945467395207e+00 3.263694714616977022e-01 6.161138785543327501e-01 -9.721826719047518828e-03 2.503392700072837318e-01
-1.204962489162094252e+00 -6.691822509076206238e-01 9.780361874763034979e-01 3.071984195645411364e-01 7.887106717534002609e-01 -1.851314527502790908e-01 6.287641272611084187e-01
-1.133038685713653404e+00 -7.848645520184917013e-01 2.238210317045972175e-01 3.207365286113926239e-01 9.503433040768308748e-01 -2.620082502394899260e-01 9.783887891854228247e-01
-1.039791751818783361e+00 -8.980867462554240621e-01 -5.177806961554001219e-01 3.393870697833177297e-01 8.582165957798935096e-01 -2.037933287887204736e-01 1.260019963851451541e+00
-8.397796473530811934e-01 -9.378974712200591757e-01 -1.154195404732997199e+00 3.946402591630848167e-01 3.972602955777362332e-01 -9.839046257416743380e-02 1.399262816819979438e+00
-5.639738686408516388e-01 -8.880448766003227190e-01 -1.652094916613962239e+00 4.287087386654974130e-01 -1.054541434326155269e-01 -2.417626470537315164e-02 1.367882514124621363e+00
-3.055096331147514332e-01 -8.455216788125042848e-01 -1.883406102637046109e+00 4.468264486157514925e-01 -3.215416417173854180e-01 7.941960521902259595e-02 1.140004469124606734e+00
-7.244610411300018982e-02 -8.176151157399546010e-01 -1.792549209758245610e+00 5.323823929250580678e-01 -5.422148626536920091e-01 2.991872958577990738e-01 7.214485335851928971e-01
1.650655383827369926e-01 -8.033829188983903080e-01 -1.480231768432803685e+00 6.389591455928989028e-01 -1.048748417057444593e+00 5.875637299180264117e-01 2.655004924718040171e-01
3.835745113891395608e-01 -7.671346800674369026e-01 -1.074820331772760040e+00 7.334650231158645894e-01 -1.743216869838924765e+00 8.481037442878539556e-01 -1.203191546796569256e-01
5.961190470313934009e-01 -7.135959330654679800e-01 -6.554414705166667909e-01 7.757681825716776780e-01 -2.308473511435412462e+00 1.060110631782359647e+00 -4.406834240527904845e-01
8.483414817453859280e-01 -7.685196229757460529e-01 -2.455626050708175079e-01 7.065413120684645998e-01 -2.438535539229511606e+00 1.226804619494191950e+00 -6.918853252212093796e-01
1.134399384010719825e+00 -8.769233907830589203e-01 1.799084766489941756e-01 5.850072033164894769e-01 -2.234572353618326623e+00 1.291056243455051655e+00 -9.072207790059886312e-01
1.336375501904655927e+00 -9.562797230366747447e-01 6.295121244274205496e-01 4.694868228983582470e-01 -1.934404180706343235e+00 1.287662975034410184e+00 -1.097794060196562116e+00
1.414823315270668846e+00 -1.000465033970020290e+00 1.059463290845945593e+00 3.492681291102707197e-01 -1.684654801292193360e+00 1.246029439503319125e+00 -1.198554113431758550e+00
1.439701206863071015e+00 -9.123854612346429249e-01 1.375096789666121699e+00 1.708104442469455531e-01 -1.557940761282098574e+00 1.099667315260065115e+00 -1.166092453767820336e+00
1.361250364644882804e+00 -6.962400970989662818e-01 1.440847162602598708e+00 -7.567620662154544986e-02 -1.473952620710565542e+00 9.226675634377801138e-01 -1.007753763740288244e+00
1.173271601743189896e+00 -4.618880024474044665e-01 1.253461461392601395e+00 -3.304913194796352816e-01 -1.240899590742594594e+00 7.868567342846373158e-01 -7.940988309212082541e-01
9.877099811903411464e-01 -2.726457733052299881e-01 9.923547565997027364e-01 -5.020840336668386250e-01 -7.130637697696061705e-01 6.440215420140409375e-01 -6.634737324822121973e-01
8.662462005256338360e-01 -8.647137060968099198e-02 8.897430757257047684e-01 -5.555114867128428946e-01 1.885730438598328881e-02 4.370517967886087818e-01 -7.105307327628630487e-01
8.328015959985130001e-01 1.679829791236617520e-01 1.110366198816865380e+00 -5.444099918906383229e-01 6.990430109095734368e-01 1.684130148023842699e-01 -9.340063412626928852e-01
8.728015393470414107e-01 4.323222864393737042e-01 1.573705355396492589e+00 -5.098481254007758423e-01 1.065088537207752539e+00 -8.587890844723594652e-02 -1.222124249836632925e+00
8.217937446293382964e-01 6.195632192558889750e-01 1.966138680351438905e+00 -4.148038907615278492e-01 1.289271828492534633e+00 -3.173910206156175806e-01 -1.401415154881996195e+00
5.949306730148358202e-01 6.939044619664638258e-01 2.099437849791049526e+00 -1.898176231933681180e-01 1.662270816153706976e+00 -5.754681032369317606e-01 -1.422113786401659752e+00
3.936153238247144248e-01 7.123191006373406076e-01 2.022993498752862163e+00 1.890587124180000411e-01 1.817429048213817566e+00 -8.366903485159049580e-01 -1.415339657889910452e+00
3.275461815547759392e-01 7.092690467234703533e-01 1.820256786235842084e+00 7.350653190483725785e-01 1.489282592590265075e+00 -1.043827762154488026e+00 -1.480086379151891673e+00
3.120971972304985020e-01 5.224423529263921839e-01 1.616240096711067498e+00 1.363082874383303444e+00 9.203385511495900673e-01 -1.161159584652074805e+00 -1.526716967640915579e+00
2.735608100451931701e-01 1.125245042827967695e-01 1.446213993457616365e+00 1.838709181755643796e+00 3.112922767029014381e-01 -1.167275494330958674e+00 -1.417420456898705439e+00
1.882797393544672626e-01 -3.345091697494529948e-01 1.229139569440575563e+00 2.009294077297173686e+00 -1.519590825396625045e-01 -1.063559693642176063e+00 -1.143365908100410167e+00
1.556616062804380696e-01 -6.397957076149876077e-01 1.027971657916642245e+00 1.881847111062888045e+00 -3.467145209902798841e-01 -9.452534970755124277e-01 -7.948564120803951472e-01
2.492229589765183051e-01 -7.073978954757491611e-01 9.466656954411923897e-01 1.488011503837990857e+00 -3.080917251231595766e-01 -9.076779006424899876e-01 -4.507457057735984596e-01
3.281656804818617323e-01 -5.750276521727170076e-01 8.782882541786781738e-01 9.340947752194367348e-01 -1.944728775035731161e-01 -8.385610083712757845e-01 -1.163336003976709193e-01
2.981831392646442369e-01 -3.605459921002960311e-01 7.035599622518784457e-01 4.187319837788043841e-01 2.469631428194850667e-02 -6.787501590974546195e-01 1.626490501553271295e-01
2.489635999797953358e-01 -1.423765343251913174e-01 4.774448404384457612e-01 3.625493303314573229e-02 4.489567772707086513e-01 -5.663646947145261068e-01 3.096740366512311105e-01
1.955933916387078697e-01 1.011185654068387368e-01 2.400919308532240282e-01 -2.471589127151894993e-01 8.118893486971452411e-01 -5.326883562380161363e-01 3.667236394603160532e-01
1.445148595220173415e-01 3.702982015292365370e-01 1.982409816832829061e-02 -5.020966933785845354e-01 1.043508288265093453e+00 -5.292985014280441325e-01 3.788579780860591995e-01
2.067767069587033990e-01 5.955558354976669966e-01 -1.194996020591154451e-01 -7.861630187570534112e-01 1.130969106202001973e+00 -5.774498900774551746e-01 4.305125924441373653e-01
3.873220809756379723e-01 7.699324446397344257e-01 -2.463614658438905702e-01 -1.083047875349577804e+00 1.027242025566387884e+00 -7.146637427961796130e-01 5.947059095759742453e-01
5.341513638318126089e-01 9.179513746795818774e-01 -5.267064596290670364e-01 -1.388925062850484560e+00 1.144636618420484586e+00 -8.979845117858865633e-01 8.014511792939853496e-01
5.221857745603658563e-01 9.942495633491454932e-01 -9.565771340519363397e-01 -1.602708374254850465e+00 1.468848140304570338e+00 -9.883173974151681085e-01 9.874518367097835370e-01
3.470640276025919180e-01 9.694515762374011913e-01 -1.392013888942250643e+00 -1.507521118684756800e+00 1.522279319093999828e+00 -8.934863374520347623e-01 1.065438716919948181e+00
3.449186149351794045e-02 8.917042652249244084e-01 -1.862099248689021103e+00 -1.171097613856036723e+00 1.306486991217592486e+00 -6.190006298947562380e-01 1.055156873447535837e+00
-2.810348967193923575e-01 6.652381762355361605e-01 -2.463827673519903172e+00 -8.578576699587142640e-01 9.104435989545209829e-01 -2.037573471553283389e-01 1.185768887607845601e+00
-5.195545105129403263e-01 2.012369773127859751e-01 -3.128057679251214029e+00 -6.519444112690642168e-01 4.473766512142032248e-01 3.109537797783680779e-01 1.493200389058792155e+00
-7.756949675287169166e-01 -3.865441769289423291e-01 -3.636029128443945879e+00 -5.253875663515725769e-01 2.771466267266300965e-01 8.404181849721973352e-01 1.797910951674474456e+00
-9.751267756179761159e-01 -8.467915553158764652e-01 -3.738727731179340985e+00 -5.373775604681209073e-01 3.503569594152742828e-01 1.225894048669121661e+00 1.954457247605842385e+00
-9.073409161789803834e-01 -9.397832836025170611e-01 -3.315952044876106619e+00 -7.868635287232728093e-01 3.793907241877818581e-01 1.374778995766545053e+00 1.847497446655336883e+00
-5.345145334250748226e-01 -6.909079130204838215e-01 -2.462297007175473507e+00 -1.228614933833582334e+00 3.711365596527496091e-01 1.318547116421515009e+00 1.459559366598339292e+00
-5.561096331565128226e-02 -2.707712960267821267e-01 -1.429236527994151018e+00 -1.563688592544524303e+00 2.296968666906583634e-01 1.158423609693110645e+00 8.802081217204242858e-01
2.723719450252348739e-01 6.356192350548582615e-02 -5.232351183564278863e-01 -1.541976014783309257e+00 -1.709848190183718697e-01 1.004307355292309856e+00 3.428834284220462214e-01
3.396945538311393897e-01 1.455226660626809387e-01 2.571982898426250497e-02 -1.306236906519420149e+00 -6.275619380551861193e-01 8.638282999848775345e-01 1.072618632659208121e-01
1.919207236032167696e-01 6.265303768575118670e-02 2.068199404392883078e-01 -1.099448051744440491e+00 -1.049886561517787475e+00 7.604091008583928613e-01 1.982124424728134715e-01
-1.385865526296445882e-01 -3.912279980111176697e-02 1.159955266493590820e-01 -9.525159572947924369e-01 -1.543398032696470690e+00 7.812192336928984737e-01 4.968080561852083465e-01
-5.610704197478414423e-01 -4.571637385246998114e-02 -5.630108238590208342e-02 -8.279032321939767680e-01 -2.101992645029941098e+00 8.645572021693685993e-01 8.298849412645020740e-01
-8.548826887798686158e-01 8.198559567888508148e-02 -6.486428503941613077e-02 -7.207419979306340929e-01 -2.440364889185720365e+00 7.792069989816783337e-01 1.009752544135180896e+00
-9.053030023071592103e-01 2.922037926612307546e-01 1.532428454677119412e-01 -6.067839849675543684e-01 -2.356235687323152028e+00 3.814182396589214652e-01 1.012555165491016984e+00
-7.203330254055414494e-01 5.123789700404841607e-01 3.906599852851737054e-01 -4.257016568989173133e-01 -2.057931245375884899e+00 -2.595388948636770388e-01 9.319282889296445216e-01
-4.013811246605477612e-01 7.079764772520501515e-01 4.021422225369258308e-01 -1.194681815986661372e-01 -1.703701717029778795e+00 -9.343265097184187962e-01 7.888990978931880171e-01
-1.641059992577957316e-01 8.336887553886334068e-01 1.712055911890515980e-01 2.463072302401886626e-01 -1.144421323761027010e+00 -1.427037191019081330e+00 5.866010797311952407e-01
-1.228018410662554821e-01 8.898748067469565148e-01 -1.153529624975681983e-01 5.525036655681646591e-01 -3.578322474630531991e-01 -1.717618015849577073e+00 3.797535235167640022e-01
-1.461998361452845341e-01 9.345193955590542778e-01 -2.897093698712094878e-01 7.190867930580100431e-01 2.472037908558870900e-01 -1.875050214581228891e+00 2.413535275299558414e-01
-7.203022745186923870e-02 1.000893853956149160e+00 -3.927132487520914039e-01 6.908001573463895539e-01 5.644926009588294713e-01 -1.938140126516245010e+00 1.751925592182752289e-01
8.392492411036835132e-02 1.149600747952205460e+00 -4.599082752962259102e-01 5.825825557540093014e-01 7.819710037114852019e-01 -1.991651744707336968e+00 9.265874462222774277e-02
2.882501564121153215e-01 1.374219209633859240e+00 -3.934859203296029451e-01 5.535276061005827142e-01 8.818415101681285062e-01 -2.091432281583156083e+00 -7.749321463819562605e-02
5.483205027181424773e-01 1.518587696970005174e+00 -1.615322345928443259e-01 5.263640064400119112e-01 8.957926389973837056e-01 -2.195363764785108529e+00 -2.815631970435018006e-01
8.263727281543462588e-01 1.462195696816678714e+00 1.227448187255979206e-01 4.208037460903376603e-01 8.599279621015125663e-01 -2.192883743128267948e+00 -4.388331745719604160e-01
1.043148985945656415e+00 1.229501730646438418e+00 3.727022305475377606e-01 2.835687690274929507e-01 8.649220419582465125e-01 -2.002515272382344502e+00 -5.691600750404672837e-01
1.152702881232218202e+00 8.849166982784023583e-01 6.320375417801153972e-01 1.307942010964181778e-01 1.088268441819643106e+00 -1.671505705379285223e+00 -7.214673799738360316e-01
1.149138055206287312e+00 4.657070643783151609e-01 8.403505441369202300e-01 3.604908427336721288e-02 1.454002129767023366e+00 -1.263819333118877397e+00 -8.938146357002180187e-01
1.000857140459189720e+00 3.656758919072910195e-03 8.552803041987769861e-01 -1.388364282336526992e-02 1.710955641496458624e+00 -7.817217902858381029e-01 -9.237859155563885594e-01
7.617810165506974096e-01 -3.700996630928368170e-01 7.897088335330928466e-01 -1.126507310280281532e-01 1.653237754508456892e+00 -2.962331380431028061e-01 -7.880382469513351751e-01
4.998471677745173758e-01 -4.998581844610577307e-01 8.424928403113856046e-01 -2.028875498457811122e-01 1.317825761116843575e+00 9.665717243049665175e-02 -7.187427764488272253e-01
2.606805230654350436e-01 -3.922489426189464390e-01 1.066716914969943142e+00 -2.366743377607449239e-01 9.172093774564838986e-01 3.815006100777362241e-01 -8.461637620446291752e-01
7.929017526255340009e-02 -1.160789098728522151e-01 1.458317341447905813e+00 -2.540765703770420103e-01 5.658091254534702852e-01 6.014157504045299918e-01 -1.142928018245827237e+00
-1.626691569204592736e-01 1.823627960933570658e-01 1.839499076128788158e+00 -2.652015655903597890e-01 3.617825376954221794e-01 8.213180132209222384e-01 -1.416390556389536259e+00
-5.761368087656989490e-01 3.580227621334305943e-01 1.978826948519529116e+00 -2.660647345816324894e-01 2.516635858009759752e-01 1.044461327153415553e+00 -1.449543153778193982e+00
-1.090275461021879444e+00 4.524578706423774688e-01 1.817849723706761900e+00 -1.778994306953842197e-01 1.071532179099766169e-01 1.217532597716588727e+00 -1.294563010282709259e+00
-1.549444106383811359e+00 5.651070628057719425e-01 1.403046583752989740e+00 1.002404697768498193e-01 -6.024222546489219066e-02 1.252127194874218752e+00 -1.128165508948019369e+00
-1.826709937889621660e+00 7.690924722819214576e-01 7.582763712781227516e-01 4.182316443908838943e-01 -1.000693819191327688e-01 1.084744450932206172e+00 -9.715329247077092445e-01
-1.805947847425113162e+00 1.007923308315298305e+00 3.366248541568041264e-02 6.587925860981038717e-01 -1.021021632400124224e-01 8.112887486725580688e-01 -8.423401351970686290e-01
-1.470282642922351668e+00 1.040790143223312203e+00 -5.388934159535314627e-01 9.142939811403794081e-01 -4.057000350925507037e-01 6.108532593823206014e-01 -7.479256139039742735e-01
-1.024692969486040273e+00 8.348271581570421151e-01 -1.008541584619690346e+00 1.146048492337090163e+00 -8.801171254678418210e-01 5.448756161939454223e-01 -5.798096636475399412e-01
-7.269346320393837990e-01 5.274804722094449394e-01 -1.476784020920319129e+00 1.256005309245661783e+00 -1.142528758357606478e+00 5.673478833266262233e-01 -2.951035479835955044e-01
-6.367552543620915717e-01 1.283437964455395597e-01 -1.864997884309224974e+00 1.253753886296097741e+00 -1.216399369615315695e+00 6.646884026056489869e-01 7.936548881176051784e-02
-5.707654370613256534e-01 -2.301776201147632539e-01 -1.999168271933339680e+00 1.164173334016769479e+00 -1.172874170937040272e+00 7.084897745996662222e-01 4.243219819562922268e-01
-4.255877664232292634e-01 -5.031081268007624452e-01 -1.827768983222499921e+00 1.073212022203253735e+00 -8.574594090661313839e-01 5.711079163366309386e-01 6.130544848533040492e-01
-2.338806916708912331e-01 -8.009011132476342443e-01 -1.453161932532573086e+00 1.060740242311724923e+00 -4.342465207045993481e-01 3.385999955870371281e-01 6.474336390855275347e-01
-4.674085010746389240e-02 -1.003153551787537179e+00 -1.006229100972163781e+00 1.180215596443003223e+00 -5.707387785717042694e-02 7.610040666799804121e-02 5.012794332680390319e-01
4.472039667589234463e-02 -1.049074553806844001e+00 -6.742490078463965197e-01 1.453284417286086150e+00 3.944713734782943071e-01 -1.961106162175651757e-01 2.345442132338043106e-01
1.656618779354012694e-01 -1.074719868854739246e+00 -5.387993057605834357e-01 1.714855013559600572e+00 7.195984327143331027e-01 -4.671500731754885116e-01 4.818773342783528452e-02
5.233108011517372260e-01 -1.031532990246348591e+00 -4.846886869756369398e-01 1.749960065082045935e+00 7.701653020200120991e-01 -7.969085481774528246e-01 -3.409840710620797022e-02
9.992636456318892968e-01 -7.940774803064470921e-01 -4.109479871701819942e-01 1.467278532930571533e+00 7.007377169032096287e-01 -1.097321072578026468e+00 -9.324214264347820136e-02
1.332270518448498864e+00 -4.242371768696839296e-01 -2.061763214651815834e-01 9.524763270272015303e-01 4.716507333904181865e-01 -1.123257525373267507e+00 -1.984989932342680063e-01
1.362976804271058606e+00 -1.491245775708731347e-02 2.012289862562590403e-01 3.979653498550419499e-01 1.732533765109343232e-02 -8.053722433301727657e-01 -4.008154635207167860e-01
1.114430557462405158e+00 2.728385103785480048e-01 5.647931859223032092e-01 -7.833189519954129876e-02 -5.244495397514125079e-01 -3.112728743775887152e-01 -5.238092603141658588e-01
7.976690883163071177e-01 1.705102878687152768e-01 6.320574561009485448e-01 -5.130112319572337487e-01 -8.889448857902816359e-01 1.545785471449516169e-01 -2.944425933681412699e-01
4.492370310463141836e-01 -2.930633918160017726e-01 4.832657028406678879e-01 -9.234208791343331280e-01 -7.700705104357611352e-01 5.338201913163247436e-01 2.411514188175288564e-01
-3.477445811847300339e-02 -8.139486973162063377e-01 3.486783839240436556e-01 -1.227996743098361820e+00 -1.392512525843042359e-01 8.490169445862513209e-01 7.559875767165855631e-01
-5.787752000601786850e-01 -1.175189829107933237e+00 3.381015027117291738e-01 -1.413310664257785065e+00 6.132456895492995885e-01 1.066500456559450472e+00 1.081261490337131814e+00
-9.579643053373737560e-01 -1.278014809210349156e+00 4.199966327238255359e-01 -1.540672033786410156e+00 1.215402232195085475e+00 1.114429069172800713e+00 1.225637499545204623e+00
-9.557173074603453333e-01 -1.136305754950438285e+00 5.499361019797643912e-01 -1.599543645612988785e+00 1.482284984049518028e+00 9.656384241025476323e-01 1.168164365560829809e+00
-5.837779161194084354e-01 -8.175232806676324682e-01 6.813128312021271560e-01 -1.557568504365568485e+00 1.226452098990475470e+00 7.049494292605061885e-01 9.078257772073891063e-01
-1.203376393637411584e-01 -4.345150890591990556e-01 7.670101573230670988e-01 -1.435308416856284186e+00 7.153092258054131181e-01 4.106895802906602166e-01 5.844030693248470909e-01
2.857609367108623344e-01 -1.353574298598361758e-01 7.777343646960335199e-01 -1.247599924969944540e+00 1.575787660233970988e-01 8.572441412731557353e-02 3.600239035521404785e-01
6.335050326154214595e-01 4.729523961479186606e-02 6.663316229121774015e-01 -1.052556396613260947e+00 -3.710658945563110045e-01 -2.436675164836321350e-01 2.720995840838074109e-01
8.776949037583052782e-01 1.112898238673649814e-01 4.721883768460143349e-01 -8.943633229272447416e-01 -6.147653350026668351e-01 -5.665786097075363736e-01 3.002638698215638335e-01
1.098421720281852920e+00 1.211368744555500754e-01 3.343162496781852955e-01 -7.272675929962267860e-01 -6.148051015243706230e-01 -8.816954623476812580e-01 2.957800445921045518e-01
1.307348518166868256e+00 2.026566462735144847e-01 3.172430544488616388e-01 -5.638001546783003581e-01 -5.233546443838419382e-01 -1.073727809087797747e+00 9.824400747230113695e-02
1.406151267788746884e+00 4.120711116115639561e-01 3.796369581809089788e-01 -4.502981282794271678e-01 -3.338541169476265669e-01 -1.105407272054305112e+00 -2.447576665421457576e-01
1.399890059794294483e+00 7.644154551097738226e-01 4.383029427762120123e-01 -3.430954202198494563e-01 -2.671172672450577990e-01 -1.109250629292341639e+00 -5.739287869507063711e-01
1.290646124749925905e+00 1.080524164456033498e+00 3.364395764753841389e-01 -1.687952958392340552e-01 -4.742992171451941852e-01 -1.090217870326715133e+00 -7.324360342900474441e-01
1.065968352041300582e+00 1.200683566624023424e+00 -1.983700544871433782e-02 7.134125868558434391e-02 -7.442085986325226443e-01 -1.014869217420268255e+00 -6.537481723496050279e-01
8.756758181689839882e-01 1.144573339732146033e+00 -4.602666499364476693e-01 2.399518994750840239e-01 -8.878232238313127356e-01 -9.630949032762058382e-01 -3.951636097992031749e-01
8.738384249873726306e-01 8.996656772789386469e-01 -6.865914729474621447e-01 2.655256626705143619e-01 -8.587288493418074875e-01 -9.573837848759146896e-01 -1.180238473876499550e-01
8.534091609183273031e-01 5.499829637074235000e-01 -7.063419405293044351e-01 3.108244689330647015e-01 -6.645766618125683589e-01 -9.073917883025809372e-01 4.116669100262986686e-02
5.312506045836653534e-01 1.994272877362497920e-01 -7.606580182052080641e-01 5.099953542230099002e-01 -3.643956938624214881e-01 -6.615087858898308637e-01 8.825260871189771761e-02
-9.528026819077235060e-03 -1.795759118508973295e-01 -9.077982007256921726e-01 7.929825820684947013e-01 -1.055782512684281943e-01 -1.976290467232068859e-01 1.266948469416726841e-01
-6.092291437728729608e-01 -5.382688417298723271e-01 -1.075333837670291004e+00 1.009988698752527725e+00 5.349211424481966487e-02 3.114122057259173237e-01 2.388598775016315678e-01
-1.259920185643780943e+00 -7.279754256913667509e-01 -1.121736329584836378e+00 1.069319680943663364e+00 2.440588028326129977e-01 6.941992245300036002e-01 3.913532474048189713e-01
-1.930420446798317036e+00 -7.312763836520764782e-01 -9.355605011067141819e-01 1.016829070919861966e+00 5.429962226407412107e-01 9.637736804618884934e-01 4.840174119355842852e-01
-2.458097941214699045e+00 -6.910704229221722450e-01 -5.759335267748741938e-01 9.127474337936694049e-01 8.563913030096721446e-01 1.228732818373020175e+00 4.554175303967633037e-01
-2.643503647973351356e+00 -5.769465686595676157e-01 -2.220610936961527337e-01 7.641889386714990628e-01 9.736060684745176941e-01 1.445196098979429911e+00 2.902558044896291767e-01
-2.504544291169091608e+00 -2.535376507654331646e-01 1.163723023155077002e-02 5.894685712920215703e-01 7.380479616131286891e-01 1.496321017781093055e+00 6.767583488937228831e-02
-2.175316750509779684e+00 1.788528909618295748e-01 8.005306361458350284e-02 3.902767738191817437e-01 2.427269385510377464e-01 1.360841385753115862e+00 -6.024174597659573416e-02
-1.739497114085694296e+00 4.990718144059730910e-01 3.497592321755451511e-02 2.239235888177896483e-01 -2.487904186946430785e-01 1.170030417591999772e+00 -1.306392035489812309e-01
-1.236163998215918713e+00 6.004900054501384199e-01 4.750218394574988456e-02 1.497437290706197799e-01 -5.504303151286642493e-01 1.053438482324146941e+00 -2.900521214002093617e-01
-7.234046118579562368e-01 6.078405416116343662e-01 1.802402158330423942e-01 1.317912063217074603e-01 -7.294149697133479604e-01 9.693419794294315661e-01 -5.459101564824915265e-01
-2.993784313714048517e-01 6.478467218486934076e-01 3.758344843032389027e-01 1.393374634031545600e-01 -1.081169417624882279e+00 8.971142505693705527e-01 -7.782012878497477359e-01
5.825585613117711947e-02 5.810297712431763406e-01 5.367925141686843427e-01 1.971394479458047841e-02 -1.466193170298813575e+00 8.207755312784420498e-01 -7.791574569992743005e-01
3.588557466980260013e-01 3.211584686261421129e-01 5.845306861146747357e-01 -3.361535505283333447e-01 -1.462702648031665165e+00 6.976308586109528642e-01 -4.967758175110097429e-01
5.667454634383871648e-01 -1.147480045047654523e-01 4.631487614847791257e-01 -7.230311463634526703e-01 -1.201761752447130016e+00 6.406103787272456884e-01 -6.685588986974985715e-02
6.714220913684879610e-01 -7.358266206032213486e-01 1.312623471145618337e-01 -9.882502663804059173e-01 -7.908302947251680814e-01 6.893176478357311288e-01 4.513548156489697871e-01
5.945528790506895422e-01 -1.330383491026293052e+00 -4.242490091549233622e-01 -1.140363065915170004e+00 -7.708637449434932454e-02 6.815995956726105254e-01 1.045181598387592725e+00
3.065215272149154346e-01 -1.690883941526400092e+00 -1.122058799706118659e+00 -1.175068156623604976e+00 6.311856330927373415e-01 5.932309570688033551e-01 1.682590343721317883e+00
-2.268210366096917729e-02 -1.843517461656141831e+00 -1.757465134727552947e+00 -1.130935657543334694e+00 8.751099238868813579e-01 5.249339938845735132e-01 2.271718349298075257e+00
-2.392230713492682070e-01 -1.928587639309882418e+00 -2.116553439240371759e+00 -1.071283786297456020e+00 7.846883980345716880e-01 5.129997398325352176e-01 2.672748052663283413e+00
-4.368960966905549581e-01 -1.983515280210320642e+00 -2.086841934977487156e+00 -9.855455295641118996e-01 6.070266188022473974e-01 5.359874097666114112e-01 2.818649962227697259e+00
-6.357452434857604473e-01 -1.936707436592629561e+00 -1.768136466877995527e+00 -8.687075841575221391e-01 4.253563623554038053e-01 5.373322526892441164e-01 2.730532325902980784e+00
-6.788370655141263699e-01 -1.791275387045723866e+00 -1.356079917264631840e+00 -7.835984443453296588e-01 1.663824957271490268e-01 5.171827424014657781e-01 2.490243009357625326e+00
-5.705268914777539280e-01 -1.514438168624819170e+00 -9.297906274051530584e-01 -7.972877524594774723e-01 -2.107313168221279787e-01 4.645053146640921171e-01 2.162397692930352555e+00
-4.776332747988993876e-01 -1.091386016711918483e+00 -4.830555072969063835e-01 -9.187505325935406697e-01 -3.723884296071438560e-01 3.593108329499964393e-01 1.768007160330327121e+00
-4.157677276212421447e-01 -5.921686389325526712e-01 -2.112689420146427952e-02 -1.076583175705096540e+00 -2.822905121076256241e-01 2.670813484648713043e-01 1.282534750969261506e+00
-2.566553375009755777e-01 -2.191249762450767427e-02 4.835506486830025152e-01 -1.222055713547202549e+00 -1.964190780053303165e-01 2.045204513076767927e-01 6.372405864797203723e-01
4.740597695767659672e-03 4.965503559248087839e-01 9.713671886476102912e-01 -1.328729765308049870e+00 -3.109540008427220670e-01 1.689625190944347988e-01 2.107596918925126739e-03
1.653925520866869614e-01 7.707374422325639074e-01 1.230810879454943496e+00 -1.323566617204397167e+00 -5.510053912769726780e-01 2.236090725405123492e-01 -3.682476393150110883e-01
7.488877720517114756e-02 8.281679244094607428e-01 1.255727739131428766e+00 -1.144712252686727938e+00 -6.010686414235915098e-01 3.469449380969484853e-01 -5.513508282166416086e-01
-1.661169080739997028e-01 7.771960357144784837e-01 1.346158801052993237e+00 -7.987949493435957393e-01 -4.681190195979069713e-01 4.644115947403258393e-01 -7.728020546996866580e-01
-4.190833030648074553e-01 6.529253717259188017e-01 1.636753025789250859e+00 -3.861119304644868855e-01 -4.090469488279458998e-01 5.979023993164962469e-01 -1.054241428484857579e+00
-5.417372386283385577e-01 4.412708462664695630e-01 1.842150348745275945e+00 3.421537630551437642e-02 -4.659022276582333033e-01 7.461849394439222793e-01 -1.316393010315627832e+00
-4.341539996789038347e-01 2.022953396401425963e-01 1.729362524803780721e+00 5.122038452159811683e-01 -6.683477434033108233e-01 8.481438032956840622e-01 -1.562837476107253876e+00
-2.404371565824326429e-01 3.210868207082903658e-02 1.343745770383385052e+00 1.022062360775733092e+00 -1.015243371242763537e+00 8.529955846971873923e-01 -1.710756975086453080e+00
-2.050768941614828367e-01 -3.438344202640242209e-02 8.179078733710452020e-01 1.489247560393353265e+00 -9.695895552101169157e-01 7.050772610686911746e-01 -1.748486854738265484e+00
-3.472678010275771499e-01 6.410137687762759717e-03 3.837981861852268195e-01 1.903018827335638763e+00 -3.735776781270591096e-01 4.015172570904118610e-01 -1.794614483164200802e+00
-5.026941708118259911e-01 1.088198965534529772e-01 1.361945866366640889e-01 2.229792093101545802e+00 3.098342955112812214e-01 7.066630916878363124e-04 -1.827796255125859526e+00
-5.513439731525817677e-01 2.148453881984369873e-01 1.455704556373254438e-02 2.417230860295839889e+00 8.278242421054149425e-01 -4.161737158738460507e-01 -1.802619303141028029e+00
-4.395970721473516640e-01 3.045941661820096846e-01 9.433930489413364096e-02 2.497980409457516870e+00 1.062279553372964092e+00 -7.909526553900366741e-01 -1.778878414051466184e+00
-1.948743732662271133e-01 2.931827162062808356e-01 3.850611863573771276e-01 2.466703278097911678e+00 1.133208318834754369e+00 -1.079583555319611143e+00 -1.778353614606355437e+00
1.503674098738606857e-01 1.343494278851242174e-01 7.263196402561067355e-01 2.239270616031625583e+00 1.183107746694219031e+00 -1.258638392796469718e+00 -1.729227554397356759e+00
6.028891742433721834e-01 2.535052459607752343e-02 1.012580271242611740e+00 1.812614547911253871e+00 1.196346400956010081e+00 -1.411169350737452088e+00 -1.603375005226618022e+00
1.198570032366312432e+00 1.700500693316827627e-01 1.215631905307916982e+00 1.257665744026491339e+00 1.280156677887730243e+00 -1.676674118390965473e+00 -1.483945328348945436e+00
1.930194709157223798e+00 4.572479650482139113e-01 1.241832957326194142e+00 6.558106976562159129e-01 1.416109371264662631e+00 -2.052436783598310832e+00 -1.342002970129035688e+00
2.578173102141956274e+00 6.061257415856026176e-01 1.071625242524632649e+00 1.859551847946059600e-01 1.404606007893620223e+00 -2.305060612494944206e+00 -1.104953339166514503e+00
2.903101779776954494e+00 5.313571968872766726e-01 8.939864610168821724e-01 -4.131148778479480643e-02 1.180059474974974210e+00 -2.253631679808789201e+00 -8.589825689429575473e-01
2.769059719631203009e+00 3.391130131843275719e-01 7.504363491357657345e-01 -1.532965627445958545e-01 1.064842106734777083e+00 -1.958687781134222261e+00 -6.111257888515423398e-01
2.180842891291809416e+00 1.321410545508465428e-01 4.885145908476372090e-01 -1.907343718149816236e-01 1.165003896765364644e+00 -1.523864922977109293e+00 -2.974701256345586020e-01
1.410397935998076946e+00 9.736060886248685056e-03 1.264778339663488183e-01 -7.421559225333729248e-02 1.003663117060411114e+00 -1.052993390156787834e+00 1.089371677811580563e-02
7.499562563894709433e-01 1.024472098429029809e-01 -2.100685210535698511e-01 1.398884969847993820e-01 4.091349268468487677e-01 -6.902341051372213876e-01 1.960256112346657198e-01
3.080478284695839508e-01 4.406366291042676520e-01 -4.692851821443709825e-01 3.027943698648161153e-01 -2.983503745730767820e-01 -5.157702944479461982e-01 2.383826869538226978e-01
9.582747594597958163e-02 8.879128407974887782e-01 -6.256856082887930492e-01 3.317395579626840618e-01 -8.372887884301816186e-01 -4.658352122222961800e-01 1.610019136646054505e-01
8.673321903075167927e-02 1.306873322274779925e+00 -6.460701136028643710e-01 1.895741669287740738e-01 -1.141898883578465584e+00 -4.196138366634893369e-01 4.733340761671105471e-03
1.745621678044281810e-01 1.602302852748814566e+00 -5.701411549652392052e-01 -9.622195635585838180e-02 -1.174540763934105225e+00 -3.253124367078715773e-01 -1.567492840161544276e-01
1.663108419080364664e-01 1.681692765875680617e+00 -5.369892968930861654e-01 -4.225380505059385672e-01 -8.997922528863316893e-01 -1.382160001630660662e-01 -2.313168134237321705e-01
-4.236229048440802447e-02 1.502149882695489991e+00 -6.301207284554763977e-01 -6.699939790482182245e-01 -3.390131424997803733e-01 1.293951247563209228e-01 -1.664452451870659933e-01
-3.127224541185893436e-01 1.136758760656321643e+00 -7.975852375057554955e-01 -6.880896313794003794e-01 2.468780480411206513e-01 3.851138053144124718e-01 -6.725634070025089672e-02
-4.760534163939491581e-01 7.074565649647329701e-01 -8.909967563316726347e-01 -4.714746491110929361e-01 5.753690121811070313e-01 5.391274769080210971e-01 -1.673209271278915805e-02
-5.727745149103790068e-01 2.989230806558265674e-01 -8.566345667612196291e-01 -1.655216497326548186e-01 6.551661709156184621e-01 5.641804077860899103e-01 4.060329681820624287e-02
-7.195453023061169073e-01 -4.469110181719228997e-02 -7.511720474755847476e-01 1.464903790543609918e-01 3.429977648231837262e-01 6.225797182509688055e-01 1.067395297991924480e-01
-8.869410905639132370e-01 -3.991721069776045794e-01 -5.593092808246120651e-01 4.195947873488405366e-01 -4.003717701393683659e-01 8.551673805266185591e-01 1.622047920319501513e-01
-9.485040954128359791e-01 -8.121708301872740954e-01 -3.324453655854334166e-01 5.866031793494832502e-01 -1.158910261066461000e+00 1.182684229875585524e+00 2.228117719359189453e-01
-8.456689772950242157e-01 -1.245683627184031250e+00 -1.526141654088644939e-01 6.400055824727309828e-01 -1.536524961299730707e+00 1.463746144063101218e+00 2.682643120485184163e-01
-6.697322535113786612e-01 -1.627351665926379809e+00 -5.372149491653392585e-04 6.526958646049736412e-01 -1.539445076163235449e+00 1.594087377576361764e+00 2.949550730629819095e-01
-4.695611893962836070e-01 -1.795881388784374533e+00 1.411414986165721586e-01 6.578327437703400671e-01 -1.435419195050443131e+00 1.554433741077758668e+00 2.371643337156590925e-01
-1.925029850903960671e-01 -1.659146462956790025e+00 3.047897328351007462e-01 5.656009095069838288e-01 -1.253036321993843183e+00 1.338705264717682031e+00 5.861278396160488763e-02
7.650118388590262941e-02 -1.355656560660125853e+00 4.116590911702045497e-01 2.704216070191582943e-01 -6.196837291781197576e-01 9.800673300239598484e-01 -8.826497594069811214e-02
1.246337615144339495e-01 -1.126292196299892190e+00 3.574910642687713080e-01 -1.037474446483332841e-01 3.127078377904297657e-01 6.855315379371640372e-01 -5.911345301787115231e-02
-1.259900248115624899e-01 -1.107300690232101426e+00 2.587459338133878406e-01 -2.852459850731521862e-01 8.846283592313437527e-01 6.657352356731636167e-01 7.271368275934698977e-02
-4.646454151135454014e-01 -1.227194603105617121e+00 1.845665349416058254e-01 -3.099890645405301015e-01 1.071214960121224635e+00 8.467220772385124494e-01 2.076783270007247217e-01
-6.671291323191267386e-01 -1.242368156388314437e+00 2.546912647071719257e-02 -3.821807278914228778e-01 1.195175596456036882e+00 9.345161586271768517e-01 3.776048452558701807e-01
-6.663856594119788035e-01 -1.032943452369274651e+00 -2.142023320838360445e-01 -5.379469929003897199e-01 1.272000350064051322e+00 7.934316952006431611e-01 5.653204260958062388e-01
-5.589141577395743132e-01 -5.804239720141711745e-01 -3.813168734815455818e-01 -7.587966550501750174e-01 9.859005344194283760e-01 4.906102480338249694e-01 7.718563240566003181e-01
-4.509557820515194826e-01 1.163672275759767283e-01 -4.156999227371356298e-01 -9.608356522447876191e-01 1.858794554875050908e-01 1.149346825545444206e-01 9.637503547015308092e-01
-3.435042135005694774e-01 8.041151259784522498e-01 -2.766638300759471369e-01 -1.112751308319417820e+00 -8.428202340603762055e-01 -1.907456245019978625e-01 1.061740959432929232e+00
-2.567224222316299986e-01 1.279716632681976662e+00 7.098197122345083210e-02 -1.253259734800883596e+00 -1.795677602408563889e+00 -3.632252550654058720e-01 1.077040245942853858e+00
-1.319765923716768596e-01 1.675077667621590161e+00 4.712272252102165382e-01 -1.346264623729658938e+00 -2.529250644553759919e+00 -5.504856980031370695e-01 1.000484125039017735e+00
4.024053435361887171e-02 1.972594253286656718e+00 6.563307216439909775e-01 -1.459778228997012484e+00 -2.832474799543059252e+00 -7.631052296101681343e-01 9.390179783364116517e-01
1.230347289289586837e-01 2.012948123625855068e+00 5.618500601398129790e-01 -1.645185185717640497e+00 -2.511083581257690600e+00 -8.698313384945842719e-01 1.008271661681108267e+00
1.125866073340300172e-01 1.848044902884436791e+00 3.912924516412756293e-01 -1.732502426248829330e+00 -1.756824566201888205e+00 -8.902497175389608719e-01 1.044429238602697874e+00
1.387756274261124356e-01 1.475164713053057630e+00 2.802943478885498996e-01 -1.631915368584053505e+00 -8.147451242635301849e-01 -8.477286568833217739e-01 9.101825920605614018e-01
2.801518043165249217e-01 1.010025395864269759e+00 2.348067072592267268e-01 -1.339671917938831447e+00 2.391454226219959234e-01 -7.829866514055991988e-01 5.359150350156736131e-01
5.244455488281619671e-01 7.197060939297199589e-01 1.809130378509558879e-01 -8.878546177889354851e-01 1.127873493977985087e+00 -7.585590204450752827e-01 -5.663962501448520370e-02
7.824672555765170845e-01 4.927475561427774320e-01 -3.892740849868649156e-02 -4.849882112238096399e-01 1.603556069542622753e+00 -6.957654020220280788e-01 -5.188440142912772446e-01
9.142537510725753380e-01 1.471991160340831439e-01 -5.003092393859439602e-01 -2.171156735867027787e-01 1.864488668103830626e+00 -5.673377217961935726e-01 -6.011050433467705068e-01
8.646534719154053139e-01 -2.637286383431017289e-01 -1.024385001016150820e+00 -4.292725836995345268e-03 2.045287471193413253e+00 -3.877160988983190948e-01 -4.561948832446039992e-01
7.180720418138563099e-01 -6.772775581820714708e-01 -1.336432185736490252e+00 2.371698985089480682e-01 2.142399503884327761e+00 -1.497098870778931778e-01 -3.654253113156115673e-01
6.336244840665972156e-01 -1.032284208594166808e+00 -1.279718984824390171e+00 5.324226046795538236e-01 2.208998432780050258e+00 -2.216478568697658976e-04 -4.480943506217994754e-01
7.442232578209024840e-01 -1.283107389239025675e+00 -8.937695476602489641e-01 7.557414240096316238e-01 2.137328800553659480e+00 -4.186569628503952062e-02 -5.858293206514101348e-01
1.001254131827559180e+00 -1.415736898612643069e+00 -3.403309236388371573e-01 8.102228613655259037e-01 1.909394235440798671e+00 -2.031277002409769827e-01 -6.501711941882292178e-01
1.295716122257581038e+00 -1.250167729697243768e+00 2.867693936621532047e-01 7.338975926555211249e-01 1.545149407586894563e+00 -4.603037527857577471e-01 -7.640126692047005674e-01
1.622242313726382390e+00 -6.088035192077261293e-01 8.443887888726078206e-01 5.083694442098724009e-01 1.025833665388649951e+00 -8.274582692370235915e-01 -1.021117242322108210e+00
1.891412729269752235e+00 1.994725040632606416e-01 1.095718390658456887e+00 9.803709753415094930e-02 4.929929061812222679e-01 -1.140795548982744156e+00 -1.167600700550335935e+00
1.877360994350913748e+00 6.450187314215977130e-01 9.813575100006047824e-01 -2.791929113792328554e-01 -1.115915074358038266e-02 -1.169317848375234004e+00 -9.762327136069519629e-01
1.522154456504124065e+00 6.891548450072824128e-01 7.212328276250576931e-01 -4.264696047244360133e-01 -5.811913736578072642e-01 -9.585302641755207853e-01 -5.363598010742088862e-01
9.732741909445741246e-01 6.280991450207799032e-01 4.590625412928581728e-01 -4.997606066440184458e-01 -1.097431161150449030e+00 -6.894918974863596395e-01 -5.518681854026423472e-03
3.668127647523852786e-01 6.294571253890395290e-01 1.464004990654514948e-01 -6.621844536808428883e-01 -1.465846034869338954e+00 -4.131738105901040514e-01 5.181417677231053842e-01
-2.405610329695085647e-01 6.595262473588759944e-01 -2.272855496554365695e-01 -8.090508120800619096e-01 -1.778613122678370129e+00 -1.390986455141489109e-01 9.820169376922195381e-01
-7.318867733404121889e-01 5.966108688788857028e-01 -4.697623741884631721e-01 -8.156007642120952639e-01 -1.898236176178240253e+00 4.868847077148849567e-02 1.267197115773338822e+00
-9.263833751377509307e-01 6.362966783548361649e-01 -3.690917139792097013e-01 -6.734784971561029732e-01 -1.741216166738675852e+00 -1.361259084208869645e-02 1.171485728879846810e+00
-7.844965578685846319e-01 1.009485468490771698e+00 -4.843121612410316440e-02 -4.255809108384402406e-01 -1.508325489861719104e+00 -3.845274474579720714e-01 7.426406153145796996e-01
-5.004497198058428520e-01 1.537392235470027346e+00 2.415723744816749841e-01 -1.490282422093242021e-01 -1.230901303553122661e+00 -8.904958835859141386e-01 2.292073870660185919e-01
-2.817361279306793143e-01 2.001490103594283365e+00 3.952755131559638202e-01 1.395537057041399409e-01 -9.499760765457959666e-01 -1.299678166052941286e+00 -2.121126452107802152e-01
-1.656492980855849007e-01 2.288551403148643359e+00 4.744545513341952292e-01 4.682569297744675341e-01 -9.105347819296046863e-01 -1.505315694996626874e+00 -5.353824221744318823e-01
-1.928296935179112659e-01 2.248346856130990279e+00 5.936717742312116464e-01 8.400815267273812337e-01 -1.056058741526396894e+00 -1.481366878130547793e+00 -7.381740240372931527e-01
-3.490546454466117443e-01 1.754720936122065478e+00 7.324471898787890956e-01 1.234446948089153562e+00 -1.087149898969774320e+00 -1.204615682896861051e+00 -8.080087259820361023e-01
-5.652025880098506816e-01 9.176974265781782103e-01 7.916665137862990420e-01 1.637362028746556897e+00 -9.849100104343954110e-01 -6.479213845625482193e-01 -8.219583042912440574e-01
-8.339005329571834713e-01 -3.185585678722614028e-02 7.068388598987335181e-01 1.968405655790988362e+00 -8.303233880823663871e-01 1.324037597040893521e-01 -7.877328305456690050e-01
-1.123668595742811638e+00 -9.162020635474951158e-01 5.047138780793347657e-01 2.118048730433130800e+00 -6.808596525347819783e-01 9.012592252988410602e-01 -5.818995174813766935e-01
-1.340553299843588064e+00 -1.561680480821319161e+00 2.600525888308244382e-01 2.091747512547833310e+00 -5.814604665025649988e-01 1.450985406879256701e+00 -3.031207900470958561e-01
-1.429709913817721834e+00 -1.977778053656149559e+00 6.090080960933161314e-02 1.970105208234881777e+00 -3.956345469064730391e-01 1.722903152291230144e+00 -1.141772626119082618e-01
-1.502831466243153891e+00 -2.248955665316804797e+00 6.032018265189795572e-03 1.841689736405517142e+00 -2.454931731511567766e-02 1.771690892635226833e+00 -3.811476075988673440e-02
-1.679855491000130208e+00 -2.311511814637316586e+00 9.729459091589107156e-02 1.735111627944059709e+00 3.885366489713232840e-01 1.751290191927352691e+00 -6.217513394201214932e-02
-1.969441298845556965e+00 -2.225175157853784391e+00 2.903350399533596859e-01 1.648842546257478725e+00 6.571750764066894845e-01 1.784358567654198868e+00 -1.297918215599289660e-01
-2.231450542978697715e+00 -2.103466496048987722e+00 5.115334631304205848e-01 1.499499215846701761e+00 6.819560064268868071e-01 1.859082095175003779e+00 -1.466298960431799692e-01
-2.347737057699896823e+00 -1.802311080398265375e+00 6.217082879511991456e-01 1.171105834000912838e+00 5.699647331227070124e-01 1.861632605052994105e+00 -7.917772867260461367e-02
-2.315961229177554870e+00 -1.333122581109950300e+00 6.273694505960426548e-01 7.200641226322793687e-01 6.314666862088766930e-01 1.762676615081500531e+00 -2.338876403816010988e-02
-2.023579646178078395e+00 -8.634525054547275147e-01 5.775478073577960947e-01 2.903117251182769643e-01 8.473063677945574801e-01 1.563421595887428239e+00 -9.462173906113752198e-02
-1.459811824759840615e+00 -3.846559612101472792e-01 4.663452429532646826e-01 -7.792181708567776088e-02 9.738679771477500857e-01 1.262628924665742725e+00 -2.762293946723987648e-01
-8.087479828769248424e-01 6.227804343045322683e-02 3.530180697788332655e-01 -4.162412836477699662e-01 9.700441027308406294e-01 9.263091062581820800e-01 -4.502020875081499951e-01
-1.945270522002906788e-01 3.406019750818886638e-01 1.818861688767716978e-01 -6.719858596636545389e-01 7.727410582477971523e-01 5.865887378955509934e-01 -4.775565265720216890e-01
4.068353218860738529e-01 4.306630373391577282e-01 1.070157148015475970e-02 -7.349819636691650171e-01 3.934226810552674536e-01 2.144022274358885760e-01 -4.216608743388686187e-01
1.102788304212029002e+00 4.705849911900680804e-01 3.312999098630778350e-02 -5.760635034098535723e-01 3.898472305888232327e-03 -2.471091279863270318e-01 -5.281944921014062322e-01
1.859476439563236161e+00 5.075979758402322517e-01 1.607064816286552789e-01 -2.433619564751328401e-01 -1.931661222763967900e-01 -7.561941702990498948e-01 -8.444658037704831921e-01
2.520851658233670634e+00 4.920221848220647232e-01 2.847085381639871127e-01 1.596592310966643835e-01 7.428914028332750386e-02 -1.215565588865660018e+00 -1.265493226333719079e+00
3.019386110884460628e+00 4.317563875460579403e-01 4.134006281671083194e-01 5.516018328080881661e-01 6.517728612465173432e-01 -1.589966063866497192e+00 -1.697035675469707794e+00
3.272627056976418203e+00 2.517949274099743340e-01 3.627986417998300683e-01 8.550851356776101309e-01 1.168658849958632562e+00 -1.784596379920699194e+00 -1.928984300727843548e+00
3.169567168349584296e+00 -1.021515697712222781e-01 -8.429514588176927059e-02 8.764658163975244110e-01 1.733474571765190042e+00 -1.706949925312511107e+00 -1.726869775569807697e+00
2.802775279539746478e+00 -5.292500221914498981e-01 -8.453938837430418074e-01 5.809097948423088686e-01 2.255097305585123113e+00 -1.448973250322038497e+00 -1.083922626547369816e+00
2.279049518426300658e+00 -9.090498709298497904e-01 -1.681198170037176087e+00 1.971325574395103586e-01 2.358273156721141461e+00 -1.141406943524943873e+00 -1.857694955349033228e-01
1.578996888727357550e+00 -1.161336092545144139e+00 -2.394363196976425190e+00 -4.595188080728317831e-02 2.146200416345300344e+00 -8.316525794709570540e-01 6.869114460382249598e-01
8.269782360330981685e-01 -1.317405394811331787e+00 -2.801194570572151488e+00 -2.607901143560875656e-02 1.828628202146403536e+00 -5.192880017736932752e-01 1.274783998943129326e+00
1.981951159794324013e-01 -1.332992524687774516e+00 -2.877613058218750908e+00 1.920560555107266032e-01 1.510265042258903234e+00 -2.391053834831650127e-01 1.490080250695639874e+00
-3.235479765374182359e-01 -1.124886273180025098e+00 -2.718830966686621498e+00 4.005392801646566192e-01 1.151017839366483386e+00 -1.202326526320973525e-02 1.459899414386929051e+00
-7.009834392874669806e-01 -7.388980028972783609e-01 -2.298576830004088301e+00 4.587480453449545581e-01 4.995294561347528028e-01 2.076667396904802732e-01 1.292038012105971134e+00
-8.091818041545414397e-01 -1.445569802749124277e-01 -1.661988289812583064e+00 3.518344635745582760e-01 -3.263812785900271907e-01 3.563200051098563970e-01 9.495727048927844471e-01
-7.476256933749908518e-01 5.431947696064851616e-01 -1.049416981729837994e+00 1.191728064743023813e-01 -9.010698188818995202e-01 3.980838898489214017e-01 5.359273066200956892e-01
-6.268667591363223934e-01 1.061658425148601648e+00 -5.726353133578497845e-01 -2.071294110244275843e-01 -1.101735941194259327e+00 3.837060226518627659e-01 2.406238393017823829e-01
-5.082047179007239679e-01 1.388595013166842085e+00 -1.595320730193759695e-01 -5.836618534640309885e-01 -1.201618823603787245e+00 3.525944208105338817e-01 1.111174218137232494e-01
-4.852832290692050687e-01 1.611650795687021853e+00 2.435461070954381135e-01 -9.737597176420798029e-01 -1.386543009387287473e+00 3.615260833915110994e-01 8.655128271432475928e-02
-5.101071512022887777e-01 1.708441190315483027e+00 6.325255981711599418e-01 -1.364953013609016219e+00 -1.614622768003320274e+00 4.368601463569851684e-01 1.048725712179526259e-01
-5.500690094224393034e-01 1.633279420155067774e+00 9.425651109270689609e-01 -1.706669655556009246e+00 -1.700542789933720655e+00 5.775895005268916194e-01 1.247609583001358102e-01
-6.778412462620846402e-01 1.372157884448516274e+00 1.047917296911034857e+00 -1.881575507611529474e+00 -1.327057760465030212e+00 7.675394364621447307e-01 1.065997419812918651e-01
-8.958039375386264158e-01 8.933496329770910238e-01 9.217010274934732683e-01 -1.821374936566376723e+00 -5.265580906456276411e-01 9.844315965216144937e-01 9.956489314941602276e-02
-1.099818510554262385e+00 3.004796972394602750e-01 7.019562339616594038e-01 -1.571131634220862550e+00 2.516261720495014398e-01 1.142702203911071246e+00 1.530182618414082096e-01
-1.212305266929677217e+00 -1.494096177223858957e-01 5.768016862690773516e-01 -1.165000684333320269e+00 6.010156160520245816e-01 1.132734584416999146e+00 1.634240996038122673e-01
-1.242593564723961652e+00 -3.512196654200503976e-01 6.797540621567266239e-01 -7.127148757822845404e-01 4.730931622429477845e-01 9.339047187996687427e-01 1.239702680863215556e-01
-1.199330964063561433e+00 -3.710633889392985774e-01 9.364717504647870339e-01 -4.078548838866021820e-01 3.380337685551743077e-01 5.587410727521173737e-01 1.281293399879810668e-01
-1.039487703550622477e+00 -2.086327751639824313e-01 1.148948418654845760e+00 -2.559464759463777050e-01 5.101942578366918113e-01 4.690630605490039851e-02 8.694017100383820418e-02
-7.128884915640493203e-01 9.247158660795838647e-02 1.073727846776108885e+00 -1.745235150024980197e-01 8.708355759767768545e-01 -5.162153461231263618e-01 1.151165921161147708e-02
-2.928192179522778882e-01 3.841663175803091690e-01 5.430371868142594982e-01 -2.200139905559642950e-01 1.421766899190805011e+00 -1.099603473879938065e+00 1.341745361052581742e-01
1.006202486048375089e-01 6.777468402811361869e-01 -2.927416810950295156e-01 -3.974969541188397848e-01 1.826792351508745638e+00 -1.669380966991785842e+00 4.806409651702561736e-01
3.415882793238610993e-01 9.842020991911824002e-01 -1.150569548743316517e+00 -5.145630681388628780e-01 1.683606988525489401e+00 -2.087425550739204549e+00 8.699855561521847580e-01
2.537584159148186802e-01 1.078671611566062838e+00 -1.782637695612816486e+00 -4.629138300382722448e-01 1.327257282423708107e+00 -2.205175253504426447e+00 1.206175666084010834e+00
-1.009435662156181607e-01 8.188965619046034705e-01 -2.033037281447449551e+00 -3.564518311863474342e-01 9.806579491373312862e-01 -1.943365190408814502e+00 1.470645469544435313e+00
-4.810491135485509551e-01 3.818852212150993242e-01 -1.905617117984442110e+00 -3.322801777310717686e-01 5.245692943106068373e-01 -1.405585169646855759e+00 1.661876280315874643e+00
-7.603898631252945517e-01 5.589454437070501963e-02 -1.493715156748531614e+00 -4.258018253065739001e-01 4.925397103564329443e-02 -8.657256165172029228e-01 1.753095951344274095e+00
-9.962611584969119916e-01 -5.698522378738501981e-02 -1.069123186110918722e+00 -5.866991636037581781e-01 -3.216018655548309457e-01 -4.414446659832709785e-01 1.791769356935112301e+00
-1.217483159408391691e+00 1.729328742027066296e-02 -8.447121795269421085e-01 -7.744136872044576902e-01 -6.316822087663984675e-01 -1.192251751362720380e-01 1.852276014670794613e+00
-1.285193254458886436e+00 1.915064180551671602e-01 -7.122481798758946159e-01 -8.999330598475705489e-01 -8.598424349372491005e-01 3.587770316960631894e-02 1.841605942070223989e+00
-1.134356770223131194e+00 2.967551917635343206e-01 -5.518270571765897525e-01 -8.336025015992533094e-01 -8.437373195233831558e-01 2.043416160703438733e-02 1.629380512277696980e+00
-8.446736304000314055e-01 3.734672775917510235e-01 -3.709010797990445196e-01 -6.201913522202652240e-01 -6.596326346931818962e-01 -2.036545606066431785e-02 1.166265345917740337e+00
-4.639957608821001500e-01 5.854940713746245029e-01 -9.898005920794698820e-02 -4.128465077451747289e-01 -4.798330953208528871e-01 -2.940423993946908107e-02 4.960162100676595021e-01
6.436049269872845535e-02 8.990007075365976652e-01 3.328115064013503210e-01 -2.178982949364884902e-01 -3.737311709680070093e-01 -1.020832731090746265e-01 -2.835222471378034403e-01
6.874430077566001662e-01 1.152076915012318903e+00 8.957691381682152398e-01 5.559325998262175383e-02 -3.598590731064153503e-01 -2.669224112460283904e-01 -1.065648647650994096e+00
1.158257354727888488e+00 1.246121488966624113e+00 1.496235702503665665e+00 3.948472638847361216e-01 -2.930454706750483251e-01 -4.463233646078928474e-01 -1.734082362590269710e+00
1.365574343504711630e+00 1.203468429060699174e+00 1.905632342820200886e+00 6.863385395377641363e-01 -1.524879887490492303e-01 -5.185780314581621697e-01 -2.197959572702359754e+00
1.428907626119078067e+00 1.097005918077974318e+00 1.983882043471113077e+00 8.142796047960869643e-01 -1.039210405584540808e-01 -4.687155735134723167e-01 -2.372354065010491730e+00
1.500016687898645840e+00 1.018506373853556246e+00 1.780449098433336097e+00 8.160426438729750931e-01 -1.959855240308575330e-01 -4.105154270623163071e-01 -2.322088536549277382e+00
1.654388133055123111e+00 9.711103084111992745e-01 1.350321230701525321e+00 7.857271497165438934e-01 -2.647745716686656370e-01 -3.977971920984055276e-01 -2.193057593153165730e+00
1.779045165536302209e+00 8.740099119579748388e-01 8.087602109759812752e-01 6.855975352028441661e-01 -3.023097288636834856e-02 -3.895067805514047521e-01 -2.003073934703954340e+00
1.762957064778008176e+00 6.905331137469599145e-01 2.929941216563856643e-01 5.429565186029678969e-01 3.736040510752658972e-01 -3.464390071146863370e-01 -1.762087729782064516e+00
1.541257265597406390e+00 4.427244520737632083e-01 -1.016043499398993910e-01 4.536240964351560545e-01 4.846107504886891237e-01 -2.197519924129462954e-01 -1.470977068267096621e+00
1.067136474037119420e+00 1.599888861935835904e-01 -2.483714321543514236e-01 3.925044086404447241e-01 3.040253125303255533e-01 9.134665800011997766e-03 -1.127361627517584397e+00
5.415866568360796496e-01 -1.433237196121466273e-01 -1.633998449287692167e-01 3.194346176357316103e-01 1.740518070026668696e-01 2.321383218135691928e-01 -8.130032748564141043e-01
2.774556513455057605e-01 -3.859762868494130417e-01 4.145097605904111970e-02 3.001699601129222961e-01 7.638917338895055698e-02 3.122506042746541755e-01 -6.400671975733959185e-01
2.804445367358804342e-01 -5.954954123368755292e-01 2.677083070351798932e-01 3.814478140577251541e-01 -1.153968055411780241e-01 2.697367302107588904e-01 -5.649764059038435704e-01
3.080029328403561806e-01 -8.890815758877186337e-01 4.516287849067752713e-01 5.214707637189410772e-01 -3.521797297877528043e-01 2.365844582148719510e-01 -4.668387791269785758e-01
2.275647334790465992e-01 -1.077805791707610261e+00 5.460120636079555112e-01 6.785407604103710355e-01 -5.919963322893559976e-01 2.553308314291194980e-01 -3.712529690380196312e-01
-7.303961626958464792e-02 -1.036519590237727551e+00 4.573196991069445883e-01 8.032552661175583752e-01 -7.480350709364050887e-01 4.184281754307883627e-01 -2.889059739210350641e-01
-5.907425356184975440e-01 -1.014060951008962874e+00 2.314775249851447614e-01 8.777033947809328440e-01 -8.974532168210711536e-01 8.076468662226323758e-01 -1.710725575041649460e-01
-1.062068739381071936e+00 -1.168187415999671019e+00 -3.852636166276127844e-02 9.498100679707991434e-01 -1.172934777344123658e+00 1.291967458430371751e+00 -1.463649343358025719e-02
-1.309812766819947072e+00 -1.412242320204382562e+00 -3.114326878826915723e-01 9.717578264425825729e-01 -1.404551465586937109e+00 1.689674797780699400e+00 2.084487276485263718e-01
-1.462127544506675925e+00 -1.549599775788211620e+00 -5.045401704583755143e-01 8.797867426296528404e-01 -1.439549278843498481e+00 1.909859458400877896e+00 4.796231391908081232e-01
-1.650550606463176306e+00 -1.505344591078102923e+00 -5.555195183480506893e-01 7.021921881895976103e-01 -1.392672595096509980e+00 2.000813688214301500e+00 7.081399675139846694e-01
-1.845290621973391554e+00 -1.453098262499296078e+00 -4.748716001512416351e-01 4.515940603358797323e-01 -1.201087614388300473e+00 2.067433193564805816e+00 8.739683790594882096e-01
-2.050196006198846010e+00 -1.496388959605478242e+00 -3.182067122762400890e-01 2.082764579809901484e-01 -8.552115048778331508e-01 2.148400335588161347e+00 1.000111646161119250e+00
-2.291013289700571942e+00 -1.535420921469853095e+00 -1.455150142341808117e-01 1.215407625931879954e-01 -5.189779339554502213e-01 2.186392937639527023e+00 1.063583011577378556e+00
-2.468625884231066880e+00 -1.489364774320136808e+00 -4.350337474534177878e-02 2.164365899592807507e-01 -1.779737815250688748e-01 2.088597729860467211e+00 1.031076538580526503e+00
-2.454357387890585329e+00 -1.338052202380837885e+00 -6.596730822625687662e-02 3.702391740570688539e-01 7.915672854453542628e-02 1.811864553111155685e+00 9.285259032894057629e-01
-2.256304576606070977e+00 -1.040873144124032423e+00 -1.110335833106469994e-01 4.970689120786160320e-01 2.035102827931332126e-01 1.392203122458957942e+00 7.578364078631387724e-01
-1.884799375136118060e+00 -6.125981298904232819e-01 -4.542626140903531506e-02 5.577210896808411089e-01 2.182970713736524793e-01 9.146878486601245362e-01 4.852335148057535519e-01
-1.367323967650705852e+00 -2.073772805447721967e-01 5.419826052727480525e-02 5.281214062384699259e-01 2.009918734140897847e-02 4.685890713337088620e-01 2.225147543431201802e-01
-8.907628989559518429e-01 2.953779073933038637e-02 5.221231386426613413e-02 3.936728036434974376e-01 -2.815404006004365023e-01 1.361032585552153229e-01 1.626607332716189791e-01
-5.474916867870824877e-01 8.719875501953358587e-02 4.016629888472041110e-02 2.042730206193066889e-01 -5.416478990836125496e-01 -3.692219527333744783e-02 2.506475831697366208e-01
-2.801317668638295122e-01 3.414170819128075490e-02 7.160504639844184060e-02 5.088282386483265057e-02 -6.891700734284077479e-01 -9.539074860069558792e-02 2.927778056208607538e-01
-6.995139348981850580e-02 -6.971221462779970957e-02 6.486314022893102660e-02 -1.266930485025632436e-01 -5.931335619877866616e-01 -1.428699798133722665e-01 3.007183145053648476e-01
9.166378634070253273e-02 -9.905446121725192121e-02 7.608512475501626182e-02 -3.413461911370483937e-01 -4.640127250308586637e-01 -2.179728901654964246e-01 3.039706183283531482e-01
2.692947355978142499e-01 4.171119292930642458e-02 1.441510031756390031e-01 -5.249264126787795970e-01 -3.628690733792279688e-01 -3.358740132802475742e-01 2.215194017996318376e-01
5.484204994731958216e-01 2.960463530297666179e-01 2.344074441487102867e-01 -6.670989126001118930e-01 -1.484874708249849795e-01 -5.095993623749018875e-01 2.183466205763842996e-02
8.932594102911569633e-01 6.708100508828277464e-01 4.270314023085139410e-01 -7.878831198253217760e-01 -2.638933463600804871e-02 -6.898695336831941471e-01 -2.749658238376883612e-01
1.238820330782644863e+00 1.177605485536102670e+00 7.573616216664819101e-01 -9.666917822050791198e-01 1.103443868307893150e-01 -9.079633882808813006e-01 -6.199069231822844639e-01
1.629347513543685677e+00 1.759525893059183721e+00 1.048498254656508921e+00 -1.147054768043413997e+00 4.545630343804070717e-01 -1.248981174775863456e+00 -9.853623647414543330e-01
2.085392043656030037e+00 2.375601353042294583e+00 1.123120118627276565e+00 -1.213380854899951400e+00 7.569017685667266404e-01 -1.695202355371203229e+00 -1.328881487709302700e+00
2.492444367331631216e+00 2.892380033064748890e+00 1.028461945901988139e+00 -1.257170246904041555e+00 9.927318425063861307e-01 -2.134173567233314639e+00 -1.533802870014061348e+00
2.701189253030820137e+00 3.043509872995329157e+00 9.271818492623108421e-01 -1.295809161180235369e+00 1.364476937356777553e+00 -2.420407941916988381e+00 -1.543443628510882792e+00
2.592249967395124255e+00 2.757934125731564823e+00 8.441703206662743986e-01 -1.169639121101206936e+00 1.707400528611795698e+00 -2.492068887918124531e+00 -1.385421551020613595e+00
2.148194074963898359e+00 2.207006588977082018e+00 7.669973801653533485e-01 -7.862626105603284232e-01 1.686773584146960436e+00 -2.338988559152021196e+00 -1.165205265490240283e+00
1.448513815808213812e+00 1.396519303227862663e+00 7.438839315566210253e-01 -2.271778880900345576e-01 1.461376657326979966e+00 -1.900825224415609638e+00 -9.635783783096375510e-01
6.445061720350254708e-01 4.239848694524361861e-01 7.013900389278741043e-01 3.548409479359204699e-01 1.324627372300167805e+00 -1.281785433958581688e+00 -7.550237241286348322e-01
1.835893977743339664e-02 -3.729190806222357768e-01 5.640428132383329407e-01 8.921253312855937923e-01 1.188867331489025236e+00 -7.403380012936507937e-01 -5.910185741809885762e-01
-3.368974619831247574e-01 -9.013591314347214611e-01 3.146792522092000666e-01 1.287407395237095242e+00 1.093848287590155399e+00 -3.414539765200830246e-01 -4.862703479459775102e-01
-5.682085225695635566e-01 -1.224552265634092585e+00 -9.032608850425007108e-02 1.467780301414524757e+00 1.147255828440769454e+00 -3.002556738813844453e-02 -3.259340699019326881e-01
-7.943396435804761513e-01 -1.360145025550861808e+00 -5.508098864724256805e-01 1.482047935091292956e+00 1.173778414581345242e+00 2.179061443304750878e-01 -4.972776955590924725e-02
-9.946679441786783205e-01 -1.392002782994349097e+00 -9.576449589047111299e-01 1.394739310362657747e+00 9.995729537992169567e-01 4.177379310988126315e-01 3.074689569497288666e-01
-1.037701514453643892e+00 -1.364846257824553044e+00 -1.276729168052964658e+00 1.298791343878534787e+00 6.913782660028664484e-01 5.428058669437568762e-01 5.761251311251246454e-01
-8.446524619296047476e-01 -1.271468772559497529e+00 -1.383349300721980146e+00 1.205208960153268283e+00 4.237718518198027584e-01 5.739749027962327554e-01 5.941483998374645914e-01
-4.310780847987525366e-01 -1.104534134123051237e+00 -1.214488807511072910e+00 1.090554666516158067e+00 1.569322629855638696e-01 5.108977948080011267e-01 3.802370490732407959e-01
5.826311823226992814e-02 -7.998123873559612740e-01 -8.858866121136943494e-01 9.863318603131605578e-01 -2.635011446339027286e-01 3.440434735092490759e-01 6.810291208405117036e-02
4.623711176149447599e-01 -3.130155859203504476e-01 -5.101501453905163963e-01 9.227575978558647529e-01 -7.555982958679361428e-01 6.045870790869124767e-02 -2.629293603800044732e-01
7.567205902170220932e-01 3.490540410065311461e-01 -1.746911660105330555e-01 8.774515691489257474e-01 -1.159649567471689124e+00 -3.334405409820436761e-01 -5.780944762563169359e-01
9.434418732222632498e-01 1.081750631269741580e+00 2.627670003783144984e-02 8.288219591320981072e-01 -1.567341506987169897e+00 -6.988210129947178828e-01 -8.165352868183722856e-01
9.780044154762556063e-01 1.529616328672903425e+00 1.242175153639257373e-01 8.146625661819402175e-01 -1.916706651284975749e+00 -8.276846860362083724e-01 -9.460860443712879597e-01
7.826270058587564415e-01 1.430871346907501840e+00 1.430998450458733917e-01 7.916627334717003528e-01 -1.909097127762068746e+00 -6.835516834142648657e-01 -8.781170009038034019e-01
3.696930436920334850e-01 9.131886469923916616e-01 1.205485786229830159e-01 6.892406533868529195e-01 -1.476251840819537753e+00 -3.767098069134922622e-01 -5.933002822448800728e-01
-1.362873790417595543e-01 1.967051239646681604e-01 1.607877203829506940e-01 4.313021493998228095e-01 -7.620144265998659572e-01 -1.198905385709898592e-03 -1.683941733304462618e-01
-5.883331462308798443e-01 -4.673900988506443088e-01 3.555707583930683979e-01 -1.580027705274382466e-02 -1.429701064651359155e-01 3.445503694422232810e-01 3.071531657952683569e-01
-8.133803660007828951e-01 -8.778171306625626169e-01 7.158807095285987243e-01 -5.678417388909771102e-01 2.275608238172623088e-02 6.396680933562675087e-01 6.773123587511937771e-01
-7.482767943838783964e-01 -1.071580659213482001e+00 1.086123295640053499e+00 -1.088675537207919097e+00 -1.499351677143867523e-01 8.886682888268007119e-01 9.091755791173161683e-01
-5.046579944163215314e-01 -1.157861143236867285e+00 1.262184783945677680e+00 -1.496058210989112069e+00 -1.973518807559938582e-01 9.750623090285366334e-01 1.090633245883193991e+00
-3.079836192747224533e-01 -1.187458622299355282e+00 1.140170055530742355e+00 -1.780985912649642788e+00 -7.233773295190228103e-02 9.280532324406800537e-01 1.281101996272055343e+00
-3.329772357942442085e-01 -1.182026096415491612e+00 8.041013894863918710e-01 -1.867443665319888035e+00 -6.607623999404314830e-02 9.214801110157381236e-01 1.470759789641252091e+00
-4.352978246589800926e-01 -1.101483418430877270e+00 4.502564994897132467e-01 -1.656433975444323359e+00 -1.833670285914625331e-01 9.340820485703351661e-01 1.483869799154122981e+00
-3.967144449559465436e-01 -9.021625440984392119e-01 2.128011245800156270e-01 -1.169052871365392043e+00 -3.749209453006007720e-01 8.509346317333289500e-01 1.178263393794883207e+00
-2.249761517763351482e-01 -5.884052104683982209e-01 1.220779764378483317e-01 -5.171375066095104112e-01 -5.559564170381215975e-01 6.618715466054138075e-01 5.744543395484322801e-01
7.932874947713631011e-03 -1.957882351669379406e-01 1.190530989454668398e-01 1.350567493395833651e-01 -5.878896984310209017e-01 3.682949551320157666e-01 -1.504451321099618266e-01
2.771245547512136698e-01 1.627973065131471664e-01 1.257248576773178639e-01 6.387890708912923321e-01 -5.225583944645680878e-01 8.125778856508576037e-03 -7.287620474716623997e-01
5.275061877726531234e-01 3.617862343540321768e-01 2.298873175310527650e-01 9.651295922635501068e-01 -5.506535514406506460e-01 -2.546750046566811365e-01 -1.085779249068580476e+00
6.397424762320648162e-01 4.102837876933591033e-01 4.634408394725836322e-01 1.110421631966442613e+00 -5.936906310623335514e-01 -3.257411974857463699e-01 -1.299699740973959239e+00
6.250788863004844709e-01 3.131025307711154393e-01 6.043905745383577610e-01 1.057318830177677915e+00 -3.316035545262581152e-01 -2.587645976766947409e-01 -1.389017446509043907e+00
5.867316504119926002e-01 8.707205428337978781e-02 5.789870524375154703e-01 8.461807385196292719e-01 1.023992184038024639e-01 -1.038200184204289139e-01 -1.309568975075176001e+00
5.534189909978550759e-01 1.113530103656695368e-03 5.162657121788709613e-01 5.625775523062194194e-01 3.465580870098110555e-01 5.933206383377700316e-02 -1.155584815374868679e+00
5.359520837893398948e-01 1.638411179615378299e-01 4.639805884961439864e-01 2.423440049477845748e-01 6.228066095672886160e-01 1.527103598734205203e-01 -1.100849690503894251e+00
5.109518270051626176e-01 3.961456238343579184e-01 4.173484565765111509e-01 -1.137408577721815278e-01 1.197562380719943809e+00 1.524745626405716870e-01 -1.128720590799243473e+00
3.686482496688393562e-01 6.018856139765318414e-01 3.133191741307943534e-01 -4.898710579783909780e-01 1.825260107086545958e+00 9.260259974273978012e-02 -1.060876851754656069e+00
1.443100438799886642e-01 7.744982934107421668e-01 6.309104574945838262e-02 -8.568161331031189931e-01 2.300962245212038404e+00 -2.902045161085971270e-02 -7.870545662662545849e-01
-1.607705822824168421e-02 9.053579830368621018e-01 -3.006780453928075136e-01 -1.031642773082598996e+00 2.435813101141454329e+00 -2.287574251144475490e-01 -4.125825734239524922e-01
-2.179532871995722501e-02 1.028598633843853527e+00 -5.464586629058681977e-01 -8.232375328203332954e-01 1.970695798788084652e+00 -4.516977047962209002e-01 -2.335821550291601878e-01
8.914526292805548258e-02 1.138264024673891761e+00 -5.893407841723848906e-01 -4.011224728689796182e-01 1.051679640299688634e+00 -6.666260759926970758e-01 -2.430261594920972434e-01
2.912963073666870531e-02 1.092593859726300076e+00 -6.536556658785004359e-01 -3.553615720566286051e-02 1.698580817578400626e-01 -7.798356420521594945e-01 -1.050514810728507831e-01
-3.661014122629399625e-01 8.296586205262187486e-01 -8.348446362282589961e-01 2.220213637593252132e-01 -4.686294550494623512e-01 -6.521363838059545115e-01 2.735512378815018741e-01
-9.267836302481439192e-01 4.454774839633926509e-01 -1.015007318982166895e+00 4.187060995148834119e-01 -9.841884938736737976e-01 -3.266197796886052274e-01 7.354499265531934116e-01
-1.376105918930167649e+00 8.524584823349570795e-02 -1.120073855538044061e+00 6.825905759296281294e-01 -1.456047248412593698e+00 -3.210850911853663225e-02 1.066320881497793804e+00
-1.567072606686366498e+00 -1.952205474036358968e-01 -1.154497492663839830e+00 1.029295481852883887e+00 -1.842890333530141200e+00 1.210664636422343621e-01 1.199331024853465877e+00
-1.572895525906021552e+00 -3.742100698064970143e-01 -1.121277814869142464e+00 1.271213067538033092e+00 -2.014722678960986446e+00 1.757269748951166832e-01 1.213300590266543022e+00
