1.120694713372059059e+00
1.277565733672604065e+00
1.187434951272589689e+00
1.149425287356321768e+00
5.427759110881364979e-01
1.153376954641233354e+00
1.209223847019122777e+00
1.160552536231884257e+00
9.824296240317399453e-01
1.213434452871072766e+00
8.546344495377206085e-01
1.354279523293608012e+00
1.291491351098644325e+00
1.322261596234199033e+00
7.932653391614051808e-01
1.366153105440539139e+00
5.174463324243059326e-01
1.102835036664934432e+00
8.021251106828480859e-01
1.179369829255412894e+00
1.151916764724097320e+00
1.293103448275862100e+00
7.086416656214723497e-01
1.300223214285714413e+00
1.177666188426589988e+00
1.129696969696969644e+00
1.089902203369859990e+00
9.178926191374322530e-01
4.930025445292620656e-01
1.095811818703384954e+00
1.199001736111111160e+00
1.060450341025880538e+00
4.553285749446221442e-01
1.275362318840579823e+00
3.593481121571008852e-01
1.300505050505050386e+00
8.090332343868226195e-01
1.396825396825396748e+00
5.928853754940711651e-01
1.187319189971070221e+00
9.300075260724653958e-01
1.265700483091787509e+00
8.219850325113482459e-01
5.647438483259378250e-01
1.264332514332514368e+00
1.364168618266978994e+00
1.072105315647751134e+00
1.308760683760683774e+00
7.110536522301228457e-01
8.721560130010834744e-01
1.114827201783723742e+00
1.081232492997198813e+00
1.146927441748158749e+00
7.213533354612192694e-01
4.683694498220195568e-01
5.882035508067563478e-01
9.222661396574440840e-01
1.179883945841392556e+00
5.543045210462498318e-01
6.782644713679196746e-01
