1.339393939393939359e+00
9.405749565888481545e-01
1.004566210045662045e+00
1.267454350161117071e+00
1.307158016592706806e+00
1.310784414516295016e+00
1.286189358372457070e+00
6.125502665295052829e-01
1.309655937846836871e+00
6.724251038705444383e-01
1.394901394901394864e+00
9.992006394884093146e-01
8.941798941798941858e-01
1.361011036770171989e+00
1.031949626865671599e+00
7.881222352163522737e-01
8.973318696004963790e-01
1.348501664816870171e+00
5.396825396825396526e-01
5.711796311534924619e-01
1.251097453906935941e+00
8.212560386473430896e-01
1.255358236374770398e+00
7.016830223216555806e-01
1.280968468468468346e+00
7.912517780938832512e-01
1.130063965884861465e+00
1.157709551103796475e+00
5.721354569352096187e-01
1.199999999999999956e+00
1.204379562043795815e+00
1.015422933231152403e+00
1.140873015873015817e+00
9.278150199164481027e-01
1.280474166853052820e+00
1.033634126333059955e+00
1.185617103984450749e+00
1.188738269030239936e+00
1.335877862595419741e+00
1.207477781182960452e+00
1.302168464639860579e+00
9.406620226775818105e-01
1.134751773049645474e+00
1.310086682427108018e+00
1.095461658841940578e+00
1.061997703788748471e+00
4.537502733435381241e-01
1.264483065953654117e+00
3.244646333549643380e-01
7.471351405926599520e-01
1.113995241185377516e+00
6.634424603174602364e-01
7.242063492063492980e-01
1.072558323448003170e+00
1.344086021505376483e+00
1.218950064020486668e+00
1.230448383733055318e+00
1.064420584968530203e+00
4.463237021376556535e-01
4.387372926698769326e-01
9.065300896286813126e-01
9.848948765054093002e-01
1.320754716981132004e+00
1.235360179688753446e+00
1.259920634920634885e+00
