1.524999999999999967e-01
1.724999999999999867e-01
2.049999999999999878e-01
1.799999999999999933e-01
1.049999999999999961e-01
1.824999999999999956e-01
1.824999999999999956e-01
1.724999999999999867e-01
1.774999999999999911e-01
1.625000000000000056e-01
1.600000000000000033e-01
1.925000000000000044e-01
1.499999999999999944e-01
1.774999999999999911e-01
1.799999999999999933e-01
1.875000000000000000e-01
7.249999999999999500e-02
2.025000000000000133e-01
2.250000000000000056e-01
1.875000000000000000e-01
1.724999999999999867e-01
1.400000000000000133e-01
1.400000000000000133e-01
1.024999999999999939e-01
1.799999999999999933e-01
2.349999999999999867e-01
1.925000000000000044e-01
1.549999999999999989e-01
1.724999999999999867e-01
1.600000000000000033e-01
1.875000000000000000e-01
1.824999999999999956e-01
1.700000000000000122e-01
1.250000000000000000e-01
1.824999999999999956e-01
1.774999999999999911e-01
1.524999999999999967e-01
1.650000000000000078e-01
1.424999999999999878e-01
1.824999999999999956e-01
1.875000000000000000e-01
1.049999999999999961e-01
1.400000000000000133e-01
1.275000000000000022e-01
2.124999999999999944e-01
1.950000000000000067e-01
1.900000000000000022e-01
1.950000000000000067e-01
1.499999999999999944e-01
2.124999999999999944e-01
2.025000000000000133e-01
2.275000000000000078e-01
1.975000000000000089e-01
1.199999999999999956e-01
1.925000000000000044e-01
1.224999999999999978e-01
1.549999999999999989e-01
1.350000000000000089e-01
1.824999999999999956e-01
1.400000000000000133e-01
