8.670212765957446832e-01
8.723404255319149314e-01
8.776595744680850686e-01
8.776595744680850686e-01
8.670212765957446832e-01
8.723404255319149314e-01
8.882978723404255650e-01
8.776595744680850686e-01
8.829787234042553168e-01
8.723404255319149314e-01
8.617021276595744350e-01
8.882978723404255650e-01
8.723404255319149314e-01
8.776595744680850686e-01
8.776595744680850686e-01
8.882978723404255650e-01
8.563829787234042978e-01
8.723404255319149314e-01
8.829787234042553168e-01
8.776595744680850686e-01
8.989361702127659504e-01
8.882978723404255650e-01
8.670212765957446832e-01
8.776595744680850686e-01
8.776595744680850686e-01
8.829787234042553168e-01
8.723404255319149314e-01
8.776595744680850686e-01
8.829787234042553168e-01
8.670212765957446832e-01
8.670212765957446832e-01
8.829787234042553168e-01
8.829787234042553168e-01
8.723404255319149314e-01
8.776595744680850686e-01
8.617021276595744350e-01
8.723404255319149314e-01
8.776595744680850686e-01
8.776595744680850686e-01
8.723404255319149314e-01
8.829787234042553168e-01
8.670212765957446832e-01
8.723404255319149314e-01
8.723404255319149314e-01
8.829787234042553168e-01
8.829787234042553168e-01
8.829787234042553168e-01
8.670212765957446832e-01
8.723404255319149314e-01
8.776595744680850686e-01
8.723404255319149314e-01
8.776595744680850686e-01
8.723404255319149314e-01
8.563829787234042978e-01
8.617021276595744350e-01
8.670212765957446832e-01
8.670212765957446832e-01
8.723404255319149314e-01
8.670212765957446832e-01
8.776595744680850686e-01
8.829787234042553168e-01
8.829787234042553168e-01
8.936170212765957022e-01
8.776595744680850686e-01
8.776595744680850686e-01
8.776595744680850686e-01
8.829787234042553168e-01
8.776595744680850686e-01
8.829787234042553168e-01
8.776595744680850686e-01
8.723404255319149314e-01
8.776595744680850686e-01
8.617021276595744350e-01
8.882978723404255650e-01
8.723404255319149314e-01
8.882978723404255650e-01
8.776595744680850686e-01
8.670212765957446832e-01
8.723404255319149314e-01
8.776595744680850686e-01
8.882978723404255650e-01
8.776595744680850686e-01
8.882978723404255650e-01
8.882978723404255650e-01
8.882978723404255650e-01
8.723404255319149314e-01
8.670212765957446832e-01
8.829787234042553168e-01
8.563829787234042978e-01
8.776595744680850686e-01
8.776595744680850686e-01
8.670212765957446832e-01
8.563829787234042978e-01
8.829787234042553168e-01
8.723404255319149314e-01
8.670212765957446832e-01
8.723404255319149314e-01
8.723404255319149314e-01
8.829787234042553168e-01
8.829787234042553168e-01
