4.308510720729827881e-01
4.468085169792175293e-01
4.893617033958435059e-01
3.936170339584350586e-01
4.521276652812957764e-01
4.574468135833740234e-01
4.042553305625915527e-01
4.255319237709045410e-01
4.627659618854522705e-01
4.521276652812957764e-01
4.095744788646697998e-01
4.521276652812957764e-01
4.308510720729827881e-01
4.308510720729827881e-01
4.521276652812957764e-01
4.042553305625915527e-01
4.095744788646697998e-01
3.776595890522003174e-01
4.521276652812957764e-01
4.148936271667480469e-01
4.148936271667480469e-01
3.989361822605133057e-01
4.734042584896087646e-01
4.095744788646697998e-01
3.776595890522003174e-01
4.202127754688262939e-01
4.734042584896087646e-01
4.148936271667480469e-01
4.574468135833740234e-01
4.787234067916870117e-01
4.095744788646697998e-01
4.255319237709045410e-01
4.840425550937652588e-01
3.989361822605133057e-01
4.255319237709045410e-01
3.936170339584350586e-01
3.989361822605133057e-01
4.148936271667480469e-01
3.723404109477996826e-01
4.521276652812957764e-01
3.936170339584350586e-01
4.042553305625915527e-01
4.255319237709045410e-01
4.946808516979217529e-01
4.095744788646697998e-01
3.936170339584350586e-01
4.095744788646697998e-01
4.574468135833740234e-01
4.308510720729827881e-01
4.308510720729827881e-01
4.946808516979217529e-01
4.414893686771392822e-01
4.414893686771392822e-01
4.627659618854522705e-01
4.574468135833740234e-01
5.000000000000000000e-01
4.574468135833740234e-01
4.308510720729827881e-01
4.734042584896087646e-01
4.095744788646697998e-01
4.574468135833740234e-01
4.468085169792175293e-01
4.574468135833740234e-01
4.255319237709045410e-01
4.095744788646697998e-01
4.574468135833740234e-01
4.574468135833740234e-01
4.361702203750610352e-01
4.308510720729827881e-01
4.308510720729827881e-01
4.255319237709045410e-01
4.095744788646697998e-01
4.202127754688262939e-01
4.308510720729827881e-01
4.361702203750610352e-01
4.308510720729827881e-01
4.095744788646697998e-01
4.680851101875305176e-01
3.989361822605133057e-01
4.574468135833740234e-01
4.361702203750610352e-01
4.787234067916870117e-01
4.202127754688262939e-01
4.574468135833740234e-01
4.255319237709045410e-01
4.574468135833740234e-01
4.308510720729827881e-01
4.308510720729827881e-01
4.521276652812957764e-01
4.627659618854522705e-01
4.042553305625915527e-01
4.308510720729827881e-01
4.202127754688262939e-01
4.095744788646697998e-01
4.255319237709045410e-01
4.202127754688262939e-01
4.255319237709045410e-01
4.680851101875305176e-01
3.989361822605133057e-01
4.680851101875305176e-01
4.787234067916870117e-01
