9.946808510638297518e-01
9.893617021276596146e-01
9.893617021276596146e-01
9.840425531914893664e-01
9.893617021276596146e-01
9.893617021276596146e-01
9.893617021276596146e-01
9.893617021276596146e-01
9.893617021276596146e-01
9.893617021276596146e-01
9.840425531914893664e-01
9.893617021276596146e-01
9.893617021276596146e-01
9.840425531914893664e-01
9.946808510638297518e-01
9.840425531914893664e-01
9.840425531914893664e-01
9.840425531914893664e-01
9.946808510638297518e-01
9.946808510638297518e-01
9.893617021276596146e-01
9.893617021276596146e-01
9.893617021276596146e-01
9.893617021276596146e-01
9.840425531914893664e-01
9.893617021276596146e-01
9.840425531914893664e-01
9.893617021276596146e-01
9.893617021276596146e-01
9.946808510638297518e-01
9.840425531914893664e-01
9.893617021276596146e-01
9.893617021276596146e-01
9.893617021276596146e-01
9.893617021276596146e-01
9.893617021276596146e-01
9.893617021276596146e-01
9.946808510638297518e-01
9.893617021276596146e-01
9.893617021276596146e-01
9.946808510638297518e-01
9.893617021276596146e-01
9.946808510638297518e-01
9.946808510638297518e-01
9.946808510638297518e-01
9.946808510638297518e-01
9.893617021276596146e-01
9.893617021276596146e-01
9.893617021276596146e-01
9.946808510638297518e-01
9.946808510638297518e-01
9.840425531914893664e-01
9.946808510638297518e-01
9.893617021276596146e-01
9.893617021276596146e-01
9.946808510638297518e-01
9.840425531914893664e-01
9.946808510638297518e-01
9.893617021276596146e-01
9.946808510638297518e-01
9.893617021276596146e-01
9.893617021276596146e-01
9.840425531914893664e-01
9.893617021276596146e-01
9.840425531914893664e-01
9.840425531914893664e-01
9.946808510638297518e-01
9.893617021276596146e-01
9.946808510638297518e-01
9.893617021276596146e-01
9.893617021276596146e-01
9.946808510638297518e-01
9.946808510638297518e-01
9.946808510638297518e-01
9.893617021276596146e-01
9.893617021276596146e-01
9.840425531914893664e-01
9.946808510638297518e-01
9.946808510638297518e-01
9.893617021276596146e-01
9.893617021276596146e-01
9.893617021276596146e-01
9.893617021276596146e-01
9.893617021276596146e-01
9.893617021276596146e-01
9.893617021276596146e-01
9.893617021276596146e-01
9.893617021276596146e-01
9.946808510638297518e-01
9.946808510638297518e-01
9.946808510638297518e-01
9.893617021276596146e-01
9.893617021276596146e-01
9.946808510638297518e-01
9.893617021276596146e-01
9.893617021276596146e-01
9.893617021276596146e-01
9.893617021276596146e-01
9.893617021276596146e-01
9.893617021276596146e-01
