5.926224353123714650e-01 1.520995304102416901e+00 -1.267886551724421995e+00 7.098379142207085213e-01 1.660607052049438481e+00 -1.545397347120716525e+00 -5.519270575770410803e-01
6.012238193861076940e-01 1.425070345649126935e+00 -1.248601717276034639e+00 8.048417387254714894e-01 1.946085691876194623e+00 -1.399782484466616905e+00 -5.579668881219264076e-01
6.489733400543523656e-01 1.207352525891190353e+00 -1.290133346075595711e+00 7.855174521094987483e-01 2.074730634354192471e+00 -1.101574147615320243e+00 -5.820501206315806808e-01
6.608642927740784323e-01 9.253768719249819696e-01 -1.466144220813561772e+00 7.653466254948410041e-01 1.844428715211475778e+00 -7.181067554802985642e-01 -4.564077960766629860e-01
5.940831353112161484e-01 6.584179813164188211e-01 -1.796785266147995941e+00 8.316604900518244081e-01 1.368402835475044155e+00 -3.250949933166810135e-01 -1.221189263288641330e-01
5.212973806665530674e-01 5.145466928837522103e-01 -2.112823688268424593e+00 8.623815266144988501e-01 8.178367895015812294e-01 7.997112896304325869e-02 2.834430033698464024e-01
5.592240352826954863e-01 5.597753934831734002e-01 -2.153971226628386582e+00 7.356236116634927713e-01 3.047637079845703090e-01 4.301131464027906359e-01 6.164757662269283456e-01
6.657489195850864183e-01 7.104986482262416470e-01 -1.850802627575787174e+00 4.426902693985378945e-01 -7.174821882602271106e-02 6.212028736870900403e-01 8.226434414623398084e-01
6.454496430205733937e-01 8.735776835404988061e-01 -1.248697833724753847e+00 1.458350589566125288e-01 -3.299553362959951053e-01 6.479769138178411714e-01 9.278298610602986329e-01
4.485934824605504745e-01 9.649096836678497935e-01 -4.277994693014234850e-01 -5.985066942984188648e-02 -5.660479744892022991e-01 5.964562853374728579e-01 9.171157436369250515e-01
1.799124133022791117e-01 8.529182203054005429e-01 4.061201321361064820e-01 -2.842550131150962667e-01 -8.617305094670092425e-01 5.778192446727704601e-01 7.265147339462502130e-01
-1.230434955866315239e-01 5.125813028929100401e-01 1.100920105504161750e+00 -6.375852659148609769e-01 -1.261897932313570170e+00 6.361056955650831179e-01 3.824121108006927061e-01
-4.924137479545118157e-01 1.073717964448005491e-01 1.667107265060644883e+00 -1.003392824930377625e+00 -1.646750508178661310e+00 7.276365385087288917e-01 7.272651534371732396e-02
-8.957903594441229966e-01 -1.669483462183598277e-01 2.089907434075594317e+00 -1.132798004884409737e+00 -1.897580678718361558e+00 7.315918908484738692e-01 1.968836761814264993e-02
-1.197129479393790774e+00 -2.455280296629636649e-01 2.308560329617459495e+00 -1.000228458600297188e+00 -2.062165964749838043e+00 6.289270030937430533e-01 2.171738692233959878e-01
-1.310215059056553777e+00 -2.252314870803032443e-01 2.389288113031625027e+00 -7.948694083345875239e-01 -2.162745397058480901e+00 5.321542214294066042e-01 4.262593207906092418e-01
-1.274874391996570600e+00 -1.908993491514135721e-01 2.453221678462883748e+00 -5.811634247005067477e-01 -2.156837195586415401e+00 4.709980971562486851e-01 5.385966856739634601e-01
-1.201421597393136365e+00 -1.815471925427914468e-01 2.508312392462165530e+00 -3.427116248698734990e-01 -1.856795771373484616e+00 4.644574362439450321e-01 6.137699499504853939e-01
-1.152876744233789719e+00 -2.817406767200118511e-01 2.503484760097378192e+00 -1.518943163078750602e-01 -1.114062005407422173e+00 5.601415456827336659e-01 6.478044527397848196e-01
-1.043119784098210046e+00 -4.817468009728948508e-01 2.346063957948468559e+00 -1.033265150923200898e-01 -1.628782043512264632e-01 7.017511920795805880e-01 5.901877134680492132e-01
-8.364408486407246546e-01 -6.618347064565323068e-01 1.985273474240082381e+00 -1.215649128802349516e-01 7.722235987512587885e-01 7.252542195764919430e-01 4.855195684912098630e-01
-6.153200717804747644e-01 -7.751321392404567634e-01 1.486336496635373816e+00 -8.074433453216789403e-02 1.539984737420873273e+00 5.523711284871974936e-01 3.948827647780627781e-01
-3.722335593368678586e-01 -7.995253511804500945e-01 9.773665564526329286e-01 -8.193223715429857890e-02 1.723234028650682648e+00 3.525664667655207252e-01 2.100139152735330528e-01
-1.341663121235790734e-01 -7.625730502325857030e-01 5.767053079241570845e-01 -2.483192895196095484e-01 1.365335167093224555e+00 3.451665984782992802e-01 -7.560981774930501664e-02
-5.032144674723735417e-02 -7.336372279341927261e-01 3.056684231933654572e-01 -5.466041598682455094e-01 1.052732338734307493e+00 4.976578448684551015e-01 -2.456483188219842628e-01
-7.834302349299590573e-02 -6.731408560364982030e-01 1.490581730124882209e-01 -8.952621174962661632e-01 8.526352085738180264e-01 6.614264187784444360e-01 -2.612530026900979352e-01
-2.375906223761907118e-02 -5.161546554083126237e-01 6.760381646225274710e-02 -1.177368269927990374e+00 5.495948503470819979e-01 7.217858118722363381e-01 -2.740637211849220600e-01
2.704192477873948453e-01 -2.759315030185282569e-01 -4.448538048816189777e-02 -1.250915458137344283e+00 7.983024488391227136e-02 6.268569080230180779e-01 -4.080088084980308949e-01
8.253040909800303249e-01 -1.066107193026466504e-01 -3.178097536106743726e-01 -1.064842900513110369e+00 -5.239144345149009396e-01 4.434906764826679892e-01 -6.716574449011454284e-01
1.472919357932792384e+00 -1.027221028250766555e-01 -7.649000383893393984e-01 -6.997679135799603767e-01 -1.037855644132088306e+00 2.196874957015468866e-01 -9.732309439161170861e-01
2.070836730568335948e+00 -1.755823412051092103e-01 -1.219998963896581801e+00 -2.581246182844395554e-01 -1.147193864342319847e+00 1.793775733860434110e-02 -1.297891908783631365e+00
2.536555670253040962e+00 -3.252197405624811521e-01 -1.594079723322689990e+00 1.563222670749019605e-01 -8.856044354335065316e-01 -1.356694820645584498e-01 -1.700089697361779173e+00
2.816370515985340273e+00 -6.100606804679075124e-01 -1.888643525548167723e+00 3.783084675482875636e-01 -6.447929720664339337e-01 -2.467868653127661682e-01 -2.116362768003905881e+00
2.868717990302160903e+00 -9.626953653168112135e-01 -2.024891900896074848e+00 3.770088345559008403e-01 -5.414748571795574561e-01 -2.919129216718833186e-01 -2.386172511563422471e+00
2.614979457694768694e+00 -1.275931354318281752e+00 -1.991561239054469468e+00 3.525240268019652623e-01 -6.339298900401332260e-01 -2.931142180571765787e-01 -2.372888386541995409e+00
2.071578626374347198e+00 -1.475299306672056998e+00 -1.824281117480653691e+00 4.878893926024313044e-01 -9.625251833010376457e-01 -2.959213221966824348e-01 -2.039238141419579708e+00
1.385506299300964139e+00 -1.550696174483751966e+00 -1.571691003887067950e+00 7.541373377857752969e-01 -1.378336234954465889e+00 -3.456874223375941968e-01 -1.519942045718202905e+00
6.984727191179329608e-01 -1.523279161714446106e+00 -1.376333341639788266e+00 1.043744190263870442e+00 -1.654879166147916969e+00 -4.552878065112368478e-01 -9.766557781476237210e-01
1.067981654639629380e-01 -1.375086714073864735e+00 -1.276023951721928951e+00 1.297249013516798666e+00 -1.411146869765569356e+00 -6.616722796414773455e-01 -5.511680863219818871e-01
-3.025576768057238741e-01 -1.136641628122758707e+00 -1.151765489291681099e+00 1.367612049323482015e+00 -8.482947398219734536e-01 -9.066310495750402598e-01 -3.776144527962834174e-01
-5.618844083976569648e-01 -8.916286645259814403e-01 -9.418843320964955801e-01 1.135067662859828630e+00 -4.521072018406969706e-01 -9.829270371274950735e-01 -3.398169487622564877e-01
-8.573291164996316160e-01 -6.906706133680934334e-01 -6.869082817515039796e-01 8.170896563982550376e-01 -7.812964897810038833e-02 -8.293682790820716688e-01 -1.165867099795233897e-01
-1.304925494987328571e+00 -5.648830340846663356e-01 -4.398214206480941524e-01 6.680786830151121958e-01 2.862488676507966012e-01 -5.917155150193906810e-01 3.768997969069313170e-01
-1.696614401930535587e+00 -4.587328973477766692e-01 -2.207982549783149562e-01 6.719900735158509386e-01 5.029385884166451826e-01 -3.600591406978133069e-01 9.976383912450484948e-01
-1.795566273941006541e+00 -3.088914058385206496e-01 -1.724253476736363824e-02 7.587629342249492259e-01 7.475055672285004782e-01 -1.615380788585468463e-01 1.622146581298403500e+00
-1.658434653457153685e+00 -9.577269838905931587e-02 1.871832198359421329e-01 8.536605186218312324e-01 9.112111897677882544e-01 -5.454369442691656827e-02 2.048014657606878064e+00
-1.391991922099464984e+00 1.686103571069332840e-01 4.018861297740936589e-01 8.378508824571354596e-01 8.069063499661214278e-01 -6.794052240540000842e-02 2.063714651239336284e+00
-1.079469958728016321e+00 3.993376335103222541e-01 6.062759850141290485e-01 6.470984291068174743e-01 5.931321927775279335e-01 -1.581295680826381167e-01 1.718600943606565234e+00
-8.147897091463164321e-01 5.879726867730135087e-01 8.020159467387576457e-01 3.179881504560692629e-01 4.073349020228234640e-01 -1.866736098467970950e-01 1.242947827913406078e+00
-6.472872817642185694e-01 7.674903497082361525e-01 1.006071858671039321e+00 -4.938494732304295892e-02 2.580300331755573939e-01 -6.381499155689648872e-02 8.330435370892578240e-01
-6.093071831753518186e-01 9.653574910857758429e-01 1.172721293211501425e+00 -3.427147424493113270e-01 2.280121121647496751e-01 1.161791806934821952e-01 6.337229993033238751e-01
-7.670939946483114058e-01 1.198523849411447406e+00 1.300883386274246822e+00 -5.207983116545601421e-01 3.760343453948472581e-01 2.208708238364233134e-01 6.231065977843951442e-01
-1.189626979345867586e+00 1.431063934947333971e+00 1.453292349147956131e+00 -5.897125522267329112e-01 6.192250878526229796e-01 2.223917094033401043e-01 6.978515747190398022e-01
-1.805835688352841251e+00 1.644935676943487524e+00 1.664662536449711627e+00 -5.616771564782109261e-01 8.050902661370281654e-01 1.475921800344207613e-01 8.338658254498817479e-01
-2.368671506712299202e+00 1.793582930765885042e+00 1.913772719493591401e+00 -5.227378432621622162e-01 8.550906584587113501e-01 1.296077242755721282e-01 1.033816448040977054e+00
-2.708008618786410082e+00 1.793370327352521221e+00 2.094079782361987441e+00 -5.171580062408365208e-01 8.748268151074886090e-01 2.561079232654620008e-01 1.334413882471042756e+00
-2.820013913107903836e+00 1.640969874429406561e+00 2.086439134215538616e+00 -5.333448424669093857e-01 9.561474422559884667e-01 4.745701999655725922e-01 1.701377178310878868e+00
-2.682969044909875311e+00 1.451102271478844408e+00 1.890704985123017545e+00 -5.334327598489500000e-01 1.015247570421043077e+00 7.458656115463759839e-01 2.017287100118103638e+00
-2.304621741332688600e+00 1.325547439800063287e+00 1.601924054534602515e+00 -4.302319736533865568e-01 8.345730704375338149e-01 9.572251112169267717e-01 2.190559256093324247e+00
-1.796342542072518977e+00 1.244240095629562060e+00 1.283763788477284340e+00 -2.225651805698348473e-01 4.381854406065686658e-01 9.581628169707938625e-01 2.224194913289100128e+00
-1.293109008116642311e+00 1.156331860341679674e+00 9.658891385367457394e-01 2.859189395323623317e-02 1.035109618700464085e-01 7.329859569379449935e-01 2.147701040629652169e+00
-9.274114406660539656e-01 1.015100940093083937e+00 6.830252573050357157e-01 2.409953044407551759e-01 -1.231997166988564735e-01 4.030500974428361527e-01 1.939582651476051023e+00
-7.724845452328100714e-01 8.213352962143058988e-01 4.763089211467421147e-01 3.822004843040829880e-01 -3.491194582384560263e-01 1.005166809732895017e-01 1.734745329559298943e+00
-7.811433646489140958e-01 6.817846719582694170e-01 3.370957164372038184e-01 4.379881581676710600e-01 -5.387901005787779640e-01 -1.550864992743594684e-01 1.666995027804377916e+00
-7.806835068333274341e-01 6.551007405455586685e-01 1.875344701706440909e-01 2.841347359931618022e-01 -5.782724159259453600e-01 -4.216641159504195824e-01 1.570660302840771738e+00
-5.518947900145254604e-01 7.121389139109461919e-01 -4.539682986908209761e-02 -1.078967887403984305e-01 -4.764139382448149829e-01 -7.280631361545647495e-01 1.225630147515569535e+00
-9.635727233049733165e-02 8.618891312775804892e-01 -3.518312991853074223e-01 -4.644517542124599885e-01 -2.580768229221351850e-01 -1.063368336011651927e+00 7.197962374868990265e-01
4.477545853011242749e-01 1.071560564390150683e+00 -6.306895976623767552e-01 -5.251008016347278318e-01 1.165295537912588164e-01 -1.390274170919407970e+00 2.294911357313789424e-01
1.045183342240753266e+00 1.201114514977405623e+00 -8.184153436623532452e-01 -3.572012259678901680e-01 5.630124779362349896e-01 -1.664381783274281101e+00 -2.619017913807455411e-01
1.594871801221391827e+00 1.159908999500767868e+00 -9.389223486790045925e-01 -1.185182724319178149e-01 9.194719806093417658e-01 -1.809992435937775923e+00 -6.996140584816280539e-01
1.981860069456310658e+00 1.015568379327050019e+00 -1.046283377323971031e+00 8.433921979427101701e-02 1.098792004009461643e+00 -1.763057752621354890e+00 -9.807345506226402554e-01
2.252861400670255865e+00 8.798595451301426396e-01 -1.204212384803833968e+00 1.340087249270091874e-01 1.033283765112558816e+00 -1.566567889431435656e+00 -1.145597763306499761e+00
2.469127726866390038e+00 7.817330619373625833e-01 -1.458510353251404990e+00 2.091515280926714224e-02 6.313660496979918157e-01 -1.322825333894392497e+00 -1.266995938615814277e+00
2.629165315054309726e+00 6.952604541330178467e-01 -1.791760733839435460e+00 -1.474023176836489202e-01 1.665798077024666368e-01 -1.109198811150450714e+00 -1.395338665359880714e+00
2.709224331776879602e+00 5.245554416941510256e-01 -2.122242533330982006e+00 -3.318530864506921696e-01 -4.408634708895697862e-02 -9.156161350288615219e-01 -1.615248541834690466e+00
2.653682389081995385e+00 2.012733843250251731e-01 -2.334345853624587352e+00 -4.811977428765371045e-01 -1.090294968250022228e-01 -6.458201783288675113e-01 -1.910660616060567918e+00
2.520757291195024230e+00 -1.905872632450071325e-01 -2.342529450957055559e+00 -4.733945245361435572e-01 -8.382508663641578817e-02 -2.273174543718640694e-01 -2.122474626080314675e+00
2.414219240155528912e+00 -5.596894977868241972e-01 -2.159707682518992478e+00 -4.071551523911796644e-01 1.264731345910586890e-01 2.831774840919112912e-01 -2.220772891958766149e+00
2.296532713744412924e+00 -8.957507949152375692e-01 -1.879777053236813211e+00 -4.939094955620746408e-01 5.971625946157098630e-01 7.609931344522550267e-01 -2.284997168794350664e+00
2.154808573852849740e+00 -1.172358778382821987e+00 -1.572714577504941369e+00 -6.665422560260660934e-01 1.055531871396212518e+00 1.122550531362137116e+00 -2.296600354010872369e+00
2.053140260980338194e+00 -1.391902018180575240e+00 -1.248468900035016649e+00 -7.526164816239462318e-01 1.080402830782117185e+00 1.386959516955244442e+00 -2.219353022675376153e+00
1.972140464776044988e+00 -1.704314134921958601e+00 -9.426304095962343421e-01 -7.224898948504455687e-01 6.126896337131557679e-01 1.590939357404600241e+00 -2.143307257761116968e+00
1.873473211915827719e+00 -2.170836579893443474e+00 -7.176530942754444364e-01 -6.084337649160247441e-01 -5.135471869609012363e-02 1.687527538016296180e+00 -2.159509234157436453e+00
1.816666904160542773e+00 -2.609079440087729740e+00 -5.615271606776857105e-01 -4.742715913088861868e-01 -5.945098936991624061e-01 1.656748151168546235e+00 -2.182096193820519670e+00
1.768065015824004771e+00 -2.854822935970302566e+00 -3.885138610011094062e-01 -3.973204187254217312e-01 -1.028174509841565776e+00 1.536302011713116089e+00 -2.033985956752375035e+00
1.593654108666816338e+00 -2.834328505819246669e+00 -1.340238870561408224e-01 -3.757484140328813949e-01 -1.248825078270465960e+00 1.377479881191813416e+00 -1.657903251273408207e+00
1.247771104715850177e+00 -2.547240519981519125e+00 1.943122962287620603e-01 -3.603284682971116815e-01 -1.147126014223844859e+00 1.156720244398610875e+00 -1.213026347827530493e+00
7.243414043890800125e-01 -2.114727706644626171e+00 5.497954254565220467e-01 -3.623874714952550202e-01 -1.004971091010170126e+00 8.753331667453781995e-01 -8.584690252378913700e-01
-2.596686767300742174e-02 -1.695062645231553811e+00 9.095693634633534863e-01 -4.117037661184587694e-01 -1.037940153765109841e+00 6.836460852400474408e-01 -5.139193273285386221e-01
-9.073491769045670674e-01 -1.389261513699429296e+00 1.198959951276515001e+00 -3.843578205536805625e-01 -1.191933131863322393e+00 6.198196947102030396e-01 -8.853575899089619408e-03
-1.629818996319212454e+00 -1.161521774946545404e+00 1.308256130133968798e+00 -6.819569210787550240e-02 -1.281689305049349414e+00 5.765957144786887367e-01 6.631198490573442239e-01
-2.038115911605806740e+00 -8.707454255771557294e-01 1.269752518969536004e+00 4.616216757124730896e-01 -1.213645610361290483e+00 4.320767491762015355e-01 1.306964007979016351e+00
-2.184355751309367211e+00 -4.188216526223606517e-01 1.143106304294633446e+00 9.495416738592059591e-01 -1.014937085079381962e+00 1.213739423899800607e-01 1.755948050651861880e+00
-2.081197299427454350e+00 2.097781102782110552e-01 8.860226134054673963e-01 1.269918471985608921e+00 -5.743171231746295735e-01 -2.727564479123014141e-01 1.955889578753124747e+00
-1.746528230617229172e+00 9.363126736294228314e-01 5.053339414827813236e-01 1.400582285080722356e+00 2.433504346689747411e-01 -6.478990606790191453e-01 1.838114827631970982e+00
-1.362935658515902038e+00 1.564239029869107123e+00 1.115799211225435711e-01 1.419163442436596645e+00 1.104931934591866893e+00 -9.416609069657277953e-01 1.530594863422910290e+00
-1.042658071302634770e+00 1.917237492824512834e+00 -2.150162964818229661e-01 1.383255519584780435e+00 1.493813519089836728e+00 -1.084844153947113643e+00 1.280647882376783731e+00
-7.684484612902009459e-01 2.021814177261395340e+00 -4.926164461591218680e-01 1.365406355127765536e+00 1.587989383805517685e+00 -1.161713679054789283e+00 1.105415556976682145e+00
-5.544034708235103803e-01 2.068081406913353071e+00 -7.109327474711268913e-01 1.454778105633648178e+00 1.708986043063193350e+00 -1.376737368620603919e+00 9.390855529587101014e-01
-3.750933044634691127e-01 2.149802940155775222e+00 -7.755618562487717194e-01 1.557015341358155336e+00 1.727484917068040415e+00 -1.768607739053521755e+00 7.573153331547843869e-01
-2.239117209991674518e-01 2.202423279884180740e+00 -6.548289605053848605e-01 1.633108981543998750e+00 1.572919834288317276e+00 -2.261127930688607623e+00 5.402140649396706129e-01
-1.402264972208338289e-01 2.130304218906879488e+00 -4.389697343493924042e-01 1.777757171936809266e+00 1.270512664777263989e+00 -2.726656196391843867e+00 3.341947443244201454e-01
-9.730486326525912555e-02 1.887027965192563883e+00 -2.409189095312658235e-01 1.932604670744646924e+00 8.809889988167146635e-01 -2.907322681937453801e+00 2.018160764736453561e-01
-6.078484290738050966e-02 1.553781304518378592e+00 -7.414420213809257143e-02 1.904865689212473567e+00 5.552444094537613006e-01 -2.607797144549415247e+00 1.310371838018554447e-01
-6.196722816225865016e-02 1.252623852443311536e+00 9.047222138793223345e-02 1.700526787191213973e+00 3.634709184852020214e-01 -1.981191690110283732e+00 1.385899505590854341e-01
-9.874663489371988956e-02 9.959666267857705257e-01 1.790261232133719127e-01 1.480576650886595624e+00 2.142669891749882372e-01 -1.389837747663929868e+00 1.766020060118303203e-01
-8.410550635222883986e-02 7.747893408153354589e-01 1.478935992590934279e-01 1.183000809177059187e+00 1.157659548034997016e-01 -8.833382670792806479e-01 1.075649854848195058e-01
-3.546535357553145390e-02 5.980364291561794943e-01 1.025167582250180315e-01 7.111116647876385422e-01 2.014559623097472371e-02 -3.109012649158217623e-01 -5.623140684943201545e-02
-5.565053231944814410e-02 4.004329008225473996e-01 1.252352625471302161e-01 1.786778344212299474e-01 -2.446220585270963699e-01 2.935600065031327977e-01 -2.042026468624018321e-01
-1.191665973405162254e-01 1.773960913865466615e-01 2.179126469984779546e-01 -3.373713808670697478e-01 -5.460540175094256155e-01 8.767550285999922144e-01 -3.220610751027241370e-01
-1.468083161458383079e-01 -2.500052508022600553e-02 3.095094873030560523e-01 -8.410142329849756848e-01 -7.971906913137042361e-01 1.384760900010413964e+00 -4.233026886962806268e-01
-2.298282685223013433e-01 -2.070275602632685452e-01 2.964765370813795542e-01 -1.229463966972324407e+00 -9.636417331360918048e-01 1.708821617845723395e+00 -3.676824050287950119e-01
-4.347166938979948880e-01 -3.537872018736777369e-01 1.907516603085657181e-01 -1.515860034181401472e+00 -8.702315573112386904e-01 1.883084438773769964e+00 -1.860421001260608165e-01
-5.647767558558923762e-01 -5.007161872925104396e-01 7.403786134663715990e-02 -1.826806476293810988e+00 -7.009934341211409015e-01 2.023450086803049164e+00 -1.198972367190774546e-01
-4.472450916362202822e-01 -6.828381108595547033e-01 5.585061923548056495e-04 -2.093058658122223914e+00 -6.772786307178428888e-01 2.127993286724322974e+00 -2.174701286805241218e-01
-1.150187745918295756e-01 -8.622350096533202279e-01 -1.178893634320242120e-02 -2.225503592933248509e+00 -5.931785606438479963e-01 2.131759421990309100e+00 -3.738190572990072180e-01
2.510439866549692978e-01 -9.957600510859785370e-01 -2.404602864008712620e-02 -2.162529532019168865e+00 -3.601580622675536469e-01 2.005068855702148323e+00 -4.243581467382476768e-01
4.306002421500387811e-01 -1.119869582670108388e+00 -1.431010929750838601e-01 -1.966978128413125582e+00 -2.640625771949873246e-01 1.786673680969171230e+00 -3.379924403488331897e-01
3.920528862589112706e-01 -1.224559095851124546e+00 -3.540119266036064194e-01 -1.769340914394089914e+00 -4.074529330188853549e-01 1.595321115817265989e+00 -2.192035546153296433e-01
3.077153909662420639e-01 -1.160526584305366482e+00 -5.155256068020328541e-01 -1.516620354748003274e+00 -5.500185984886758472e-01 1.510376076672508949e+00 -1.552526773113793168e-01
3.180102412457654903e-01 -9.180728116033938235e-01 -5.680891746789447083e-01 -1.212420428543887985e+00 -5.336771750702017370e-01 1.400266260209297453e+00 -1.843565868355066528e-01
3.823318240780501642e-01 -6.493133496872124377e-01 -6.055442013615834895e-01 -8.160641230839260629e-01 -3.355551949776788279e-01 1.047480773252472686e+00 -1.611226935432631402e-01
3.847515271502930378e-01 -4.079194804531402485e-01 -6.892323697172774155e-01 -1.811129180250181936e-01 6.784990949777325309e-02 3.813455492715390194e-01 1.097794843035700303e-02
2.713533827081715533e-01 -1.571079700424104220e-01 -7.172755910529575729e-01 6.509692391612810214e-01 5.496681686339779382e-01 -4.256853548835224932e-01 3.116108929061062738e-01
8.226155416193570158e-02 8.021619490742114278e-02 -5.377252446776334960e-01 1.437139058366962319e+00 8.703753325612755276e-01 -1.018529919081351043e+00 6.827666251061422775e-01
-6.840635328382657643e-02 2.099916285978307429e-01 -1.808297948511539410e-01 1.895430615979389000e+00 8.855577923304774890e-01 -1.213120468946476072e+00 8.892942320754819718e-01
-1.835667934742471197e-01 1.862180846439758508e-01 1.679958142873510807e-01 1.930073211802095789e+00 5.693560700262689789e-01 -1.165426813075430834e+00 7.949813477044171961e-01
-3.444219108460294665e-01 1.421465700854344649e-01 4.848562472820515667e-01 1.740206563364880665e+00 6.174384460982521722e-02 -1.111021435045422390e+00 5.705140817146913124e-01
-5.328801054471201670e-01 2.130735855598030470e-01 8.356368732563347335e-01 1.567720249330194493e+00 -3.966939075357052702e-01 -1.166146216509024613e+00 3.319683429267839547e-01
-6.967755514297692132e-01 3.870400620056143048e-01 1.126528389454103163e+00 1.415794408271184635e+00 -6.657325183812603520e-01 -1.279592249745494792e+00 6.336055649333477424e-02
-7.599225067345686258e-01 6.374612765368488088e-01 1.270064955286187347e+00 1.229226218892085054e+00 -7.305395872158547688e-01 -1.302508890916343143e+00 -1.251499897273561368e-01
-7.148979606740324400e-01 8.759352243003202254e-01 1.227149646154802598e+00 1.064582052176993310e+00 -7.892922332269188823e-01 -1.268262334122132184e+00 -1.830291936726695934e-01
-5.910491403407780453e-01 9.789391857356879445e-01 9.477881374514289803e-01 9.274835788747788357e-01 -9.810464680178061503e-01 -1.338152672925816855e+00 -2.580323360283090506e-01
-3.068063953043160264e-01 8.941403436497845636e-01 5.259370053244526444e-01 7.839292765976679789e-01 -1.023826366050920367e+00 -1.508249133761542904e+00 -3.893355459422328524e-01
1.249341900862652871e-01 6.595664402170101637e-01 1.050730282150970918e-01 6.734238941622593400e-01 -8.446708618572303928e-01 -1.632057364040272240e+00 -4.593526712854096861e-01
5.501602742990227002e-01 4.749917764211726845e-01 -1.817416489888937781e-01 6.381066792455726278e-01 -5.454534786409903635e-01 -1.640018307208961357e+00 -4.579409709088758107e-01
8.640179406751336000e-01 4.912562132434319939e-01 -2.640297802241028946e-01 6.020120979322939325e-01 -3.313962380687963255e-02 -1.609184730985806278e+00 -3.809896436389810792e-01
1.025145816241358920e+00 6.803503642552678476e-01 -2.041221583819553265e-01 4.352721766579221163e-01 4.457567436221687163e-01 -1.578864199053473083e+00 -1.437000005158561300e-01
1.013434792509390059e+00 9.681719167109563706e-01 4.344387618750884111e-02 1.438175585384726951e-01 7.336182887688347254e-01 -1.502713200240244129e+00 2.363315927350324308e-01
8.340392383563450807e-01 1.192616081817089668e+00 5.238048756255543337e-01 -2.255030942065288369e-01 9.194601551746516277e-01 -1.312052376576781310e+00 6.205139535065079537e-01
5.452502768117249987e-01 1.176374695538813020e+00 1.067774586844701723e+00 -6.624101168806298956e-01 9.523636808605187021e-01 -9.466009432684187042e-01 8.728736146879481073e-01
2.460253388313674294e-01 8.647281079191999620e-01 1.465871580634111382e+00 -1.079165070072988897e+00 1.029187038596852899e+00 -3.885164939958425379e-01 1.002211505310318662e+00
7.327419234054867447e-02 4.096598671827559324e-01 1.632195715718332663e+00 -1.384845377958235035e+00 1.350332276076518179e+00 3.645469275594271918e-01 1.092248806390066385e+00
8.400388711935843911e-02 1.977181343373691710e-02 1.607592641107059794e+00 -1.613320032967301643e+00 1.687188629029006126e+00 1.172446645689853462e+00 1.032435240000914023e+00
1.697418913254643558e-01 -2.555119734517459773e-01 1.500039314591921080e+00 -1.801972425972948155e+00 1.751212758389046886e+00 1.711300033247532104e+00 7.098029968210212148e-01
2.408322074489538112e-01 -4.270312343213210071e-01 1.345988546889509196e+00 -1.881459411101575441e+00 1.699792444252061774e+00 1.810418075312759667e+00 2.798446214219269534e-01
2.505793967777063536e-01 -4.883788028734423192e-01 1.078308845535361771e+00 -1.760429467570776785e+00 1.751236673144952016e+00 1.561896217862063674e+00 -1.168626154742568729e-01
2.256429076367686970e-01 -3.706612726210766207e-01 6.730331160032587690e-01 -1.410053780326329997e+00 1.853162514281583739e+00 1.080630347281991366e+00 -4.567586458019186613e-01
2.564774087337954867e-01 -1.327239585278591205e-01 1.664060570117056603e-01 -9.749515657125851220e-01 1.801027402360058316e+00 5.303671491172030628e-01 -6.902232476970042718e-01
2.793542399236513818e-01 3.791058926537336365e-02 -3.398523255036322577e-01 -6.129486980568061849e-01 1.420672768467259761e+00 1.293428048543577014e-01 -6.878688893202495880e-01
2.352748752391147502e-01 4.918698526585239816e-02 -7.434936546139890856e-01 -3.967914963977220988e-01 9.685678188910837871e-01 -5.059885412231950041e-02 -5.085967444004071414e-01
2.390341206030619225e-01 -1.201123708838214704e-01 -1.016062512367777559e+00 -3.592221492360084811e-01 7.861482113733534449e-01 -4.131557730259083350e-02 -4.424796395941248406e-01
3.656198329109801026e-01 -3.832531273199363264e-01 -1.156992001561559569e+00 -3.925191649187094178e-01 6.273306323249431271e-01 1.525312135977203443e-01 -5.417175682463687414e-01
5.639551205842461279e-01 -6.337692759343500626e-01 -1.195843397793969531e+00 -3.873597973537098449e-01 1.014659726221060071e-01 4.844504291842299248e-01 -6.058041254365564843e-01
7.493363834420904146e-01 -8.448775156478146586e-01 -1.167645728086403878e+00 -3.639720968383856059e-01 -6.007038750828773699e-01 8.651934508508406507e-01 -5.139697901254431933e-01
7.741590167098830744e-01 -1.008396939717903784e+00 -1.094648257857737672e+00 -3.420234878676341461e-01 -1.158136908783452768e+00 1.217118029250389144e+00 -2.822064359693168267e-01
4.622142625447129838e-01 -1.142087742494160896e+00 -9.383879325623073475e-01 -3.275304917193749832e-01 -1.439720859303249556e+00 1.442961212319554543e+00 1.844730835803177690e-02
-1.628735022780202213e-01 -1.223376962560006387e+00 -6.606323748533846629e-01 -3.073436525692540555e-01 -1.581300592924091086e+00 1.552150755857251374e+00 3.485234453791400400e-01
-8.006341023623803066e-01 -1.193084638333129499e+00 -3.678816698191964552e-01 -2.446533968746139598e-01 -2.009884034514170192e+00 1.637721661608759760e+00 7.206507414945781953e-01
-1.171651069478270912e+00 -1.157179983940883394e+00 -1.936322816059751484e-01 -2.200623885403608371e-01 -2.660620251634012501e+00 1.724130313378754886e+00 1.038622621826933434e+00
-1.213228485099244303e+00 -1.249887344266792821e+00 -1.617244542105308325e-01 -3.039707158857535285e-01 -3.022724166974870563e+00 1.817821252305010571e+00 1.173363494205692747e+00
-1.065119662646474952e+00 -1.423885883726718760e+00 -1.940580609397391243e-01 -4.785648116148682463e-01 -3.033935917224867662e+00 1.926683841886010606e+00 1.155027801456459891e+00
-9.831831484438209312e-01 -1.599743293302536840e+00 -2.415380028020591985e-01 -6.683624648529710166e-01 -2.949904970166913110e+00 1.984880853338764073e+00 1.099087918101207428e+00
-1.055929315403141722e+00 -1.701381900140558123e+00 -2.724244913549495051e-01 -7.346846111380068711e-01 -2.862867900401390830e+00 1.892576814541068631e+00 1.092522767233812475e+00
-1.189696581078481641e+00 -1.581643106334326809e+00 -1.925395460129153691e-01 -5.610738984605523338e-01 -2.715672575505904351e+00 1.589161277485070523e+00 1.138158891307311071e+00
-1.239275883662467548e+00 -1.195247918838568957e+00 -3.318580574863986415e-02 -2.041402391837504604e-01 -2.376173363942854611e+00 1.053338761682182545e+00 1.113874802558219246e+00
-1.073680940438674014e+00 -7.084914926639594990e-01 1.084388554332717525e-01 1.256814740828970656e-01 -1.893827345401306816e+00 3.419078165998676311e-01 8.016191599310810156e-01
-7.442617464546481543e-01 -2.755661525101349429e-01 1.772202782926432518e-01 3.960570049549302363e-01 -1.263297306566426581e+00 -3.979850904663466138e-01 1.574628958300252068e-01
-4.177754884008836878e-01 6.368649392044878343e-02 1.142197825713072573e-01 7.409454872442973183e-01 -5.219869833333294906e-01 -9.811267347781759129e-01 -5.036407326979285282e-01
-2.289686693285270802e-01 3.035351787127413825e-01 -7.473214435370363617e-02 1.137162113136391151e+00 -9.274282297695966848e-02 -1.299994703202133284e+00 -9.106913259665890825e-01
-2.179722586567812703e-01 4.809510229283507354e-01 -3.204337425440962894e-01 1.440619214571884799e+00 -1.394102405256530432e-02 -1.417949125478354278e+00 -1.113097507945430165e+00
-2.972032269188298881e-01 6.964155579033011190e-01 -5.056071839238255317e-01 1.529416572105243066e+00 -8.868098315807293464e-02 -1.443182525822481965e+00 -1.212994318549206030e+00
-3.733271038857974289e-01 1.004176336328437058e+00 -5.701421264966779479e-01 1.384930041734926398e+00 -3.521904857336869976e-01 -1.421592117866531835e+00 -1.215969791987961068e+00
-3.336024891032257078e-01 1.298410960710836504e+00 -5.851628395542964878e-01 1.126394141136455529e+00 -5.324362337704801051e-01 -1.388715586030499605e+00 -1.181371670589720591e+00
-7.878288639120462067e-02 1.453885573599839942e+00 -5.988476271546522289e-01 8.404009602016910829e-01 -3.327782232323542866e-01 -1.295396502199256172e+00 -1.197887536736335301e+00
2.287655926869640588e-01 1.468121503482006540e+00 -6.162986532254832728e-01 6.056812403944373813e-01 1.559802600383536908e-01 -1.100873428775517526e+00 -1.173340141901998201e+00
3.381407449022242884e-01 1.418757240484969984e+00 -6.735824895508771837e-01 5.037763317372464522e-01 7.733736789324635597e-01 -9.178536622793626032e-01 -9.959540634815152726e-01
2.746415154606123843e-01 1.311989610915001103e+00 -7.780991795846637915e-01 5.626605595845797225e-01 1.173250604357656490e+00 -7.818019495874078961e-01 -6.759911063127183040e-01
2.142725373790810850e-01 1.102647277214627630e+00 -8.651786506079206518e-01 7.928686356244798450e-01 1.153193776651223690e+00 -6.361196955561552180e-01 -1.992295068778982547e-01
2.323528179629701096e-01 8.586801915524703288e-01 -8.672325384804787651e-01 1.029280133664757457e+00 1.054146451466993817e+00 -5.079897418959097299e-01 3.471329278916379102e-01
3.079689318481191873e-01 6.685999233904283967e-01 -7.608410508412157824e-01 1.091594101704982167e+00 1.016259746643330963e+00 -4.556641746415925343e-01 7.566391042149449575e-01
4.122863572603797655e-01 5.296676620282043668e-01 -5.623214413181192306e-01 9.772822458677711266e-01 8.674436913725503961e-01 -4.631084652866615525e-01 8.997591782036465924e-01
4.279616776965987635e-01 4.555552958919912854e-01 -3.121235932790852319e-01 8.226655216285709837e-01 6.557212663825365828e-01 -4.837169466711386256e-01 8.769160900420993610e-01
2.466209635079076035e-01 5.397287849441647634e-01 -4.652142855098570506e-02 8.441252202198782362e-01 6.259749582652991418e-01 -5.197125375048241569e-01 8.766570504606921999e-01
-3.853736410171258037e-02 7.771030547710074954e-01 2.344953148991172909e-01 9.818226513741430406e-01 7.906802675394122293e-01 -5.294314274545810495e-01 9.166972744417342112e-01
-3.676533489956385625e-01 1.017976205951155233e+00 5.243979639831497508e-01 1.036815779569758345e+00 8.479285091918271622e-01 -4.953681695261741291e-01 1.018826468044486511e+00
-6.860111828788165722e-01 1.114624638259921419e+00 7.169083851140711783e-01 1.038428167179712647e+00 7.633320711510933609e-01 -4.886667378904431258e-01 1.142070507087640685e+00
-8.384194437160845670e-01 1.020702706052042164e+00 7.356509091222327434e-01 9.997797729167948733e-01 6.620108220333665860e-01 -4.761505838865436879e-01 1.100598866895190486e+00
-7.960315515638023420e-01 8.125556367641509903e-01 6.496506700278232849e-01 8.141258046373024415e-01 5.665860895234045014e-01 -3.453016580417788139e-01 8.581925026576919802e-01
-7.190929722313182948e-01 6.172127916955133520e-01 6.100031348648539131e-01 5.447281910908423619e-01 5.382612808831355178e-01 -1.233089007288861449e-01 6.613828361261941957e-01
-7.555847176808375698e-01 5.726612060023107409e-01 7.356057028560977207e-01 3.407835030660515407e-01 5.634964216914060131e-01 8.234829276883615101e-02 7.135514916311642697e-01
-8.497583413004473618e-01 6.423752248309012591e-01 9.173921363069404977e-01 1.595041920401777114e-01 5.860072580874926551e-01 2.076023172751016443e-01 8.775549079956085352e-01
-9.185723127478875316e-01 6.761815487371095612e-01 9.650888736341709517e-01 -2.283417338113037307e-02 3.646012176712418174e-01 1.844783627655703362e-01 9.997559106726483513e-01
-9.479749103853354342e-01 6.425265876254971920e-01 9.060304568882232568e-01 -1.461572703094690118e-01 -3.025798076962233352e-01 2.949442915948008448e-02 9.922259668171281577e-01
-8.874389186421327569e-01 5.327234051763541922e-01 8.266514751816241846e-01 -2.625055312601225488e-01 -1.143057318473826633e+00 -1.295415456838151513e-01 7.225856466029915159e-01
-6.750239292966981886e-01 3.881591846780297894e-01 7.250205149330184451e-01 -3.873365527438434874e-01 -1.787182850086880492e+00 -1.646462353216310015e-01 2.675774798136609234e-01
-3.461525689698669583e-01 2.511578350879637433e-01 5.738327637616937871e-01 -4.302670113133767460e-01 -1.935758964821543193e+00 -1.071277026079741346e-01 -2.460075063099384229e-01
-3.650376037889063036e-02 1.310101327874564070e-01 3.623869308927509247e-01 -3.074436469632150781e-01 -1.517739537675011352e+00 -1.398823694947305685e-01 -7.306613514731009618e-01
2.281537646518031481e-01 1.450903264105278707e-02 9.831745386323730018e-02 -2.757283731801289314e-02 -8.493033894409355300e-01 -2.525270351624034348e-01 -9.919712091075906235e-01
5.457618134550595856e-01 -1.677149982988661303e-01 -1.896457650139695139e-01 1.973163430142956809e-01 -2.517261240837161962e-01 -2.561513418380143015e-01 -9.950862423667320433e-01
9.462229105214493563e-01 -3.356830970487623134e-01 -3.820508738259851822e-01 1.340594634542738028e-01 1.561679612338515155e-01 -1.191875738315139044e-01 -8.986913241878395908e-01
1.358096940903944061e+00 -4.529494565079891788e-01 -4.154170967007000392e-01 -2.367982515137910249e-01 4.094253650273056988e-01 1.518533782488073330e-02 -8.718981433030226214e-01
1.727815812764341485e+00 -6.414150215016677370e-01 -3.932231141122816687e-01 -7.551637677316941355e-01 5.106472661561872739e-01 1.767405570552104885e-02 -9.730859088022154602e-01
2.031263313576383567e+00 -8.880482763244933464e-01 -4.055067576896161929e-01 -1.184095535846241720e+00 5.783074116199601322e-01 -8.934576561030586894e-02 -1.138143726282851542e+00
2.214364347411172051e+00 -1.119973602635742083e+00 -4.732039629968456951e-01 -1.459104160856354193e+00 8.031193870222602671e-01 -1.867831567331417753e-01 -1.347818109052241642e+00
2.227340357252531877e+00 -1.351933443262336443e+00 -5.888382794388260510e-01 -1.647318148696676809e+00 1.099045831493785208e+00 -2.358987066929241205e-01 -1.577706144085321061e+00
2.073240295723028481e+00 -1.540129741968596200e+00 -6.827535006679775753e-01 -1.697776722025263973e+00 1.290265968695601506e+00 -2.458852990821180917e-01 -1.684656748582062713e+00
1.794390416164014956e+00 -1.537399800013473650e+00 -6.737541451046125118e-01 -1.613371375896488269e+00 1.318928160974239816e+00 -2.127364169330348276e-01 -1.571861750821616166e+00
1.371461494463770636e+00 -1.311600463434334785e+00 -5.338185939537355429e-01 -1.510441289983586399e+00 1.171604948027808568e+00 -1.783930822680122597e-01 -1.308391007092599923e+00
8.129891954784730368e-01 -9.894216808491206328e-01 -2.940335966475324248e-01 -1.434451692603597728e+00 7.653623832320454179e-01 -1.113847690221523162e-01 -9.881764529217952342e-01
2.973191804026813490e-01 -6.927528167809262616e-01 -5.868096912519039227e-02 -1.324714499133540446e+00 2.738378313938968911e-01 8.820540470675702904e-02 -6.616088963083195384e-01
-9.001286527604467763e-03 -5.032530985378963484e-01 5.542575540382232990e-02 -1.119958745347974904e+00 1.011312187850368083e-01 3.709735103799813860e-01 -4.036964486092727289e-01
-1.608804115614046459e-01 -4.891642218290937483e-01 1.486837926685821189e-02 -8.820959825758442063e-01 1.258949172852139031e-01 6.103061435665356749e-01 -2.176053468225838117e-01
-3.110381390379828304e-01 -5.863514280739138274e-01 -8.938002643870779362e-02 -7.178222955687049156e-01 1.245694688329640823e-02 7.724504760536213821e-01 -4.020947172721484747e-02
-4.659818933791523565e-01 -6.368408443112839601e-01 -1.345838671717384805e-01 -6.691452358940161993e-01 -1.354381602906517545e-01 8.765242997529328894e-01 7.822092126786793498e-02
-5.546371099936694415e-01 -6.184403073973683274e-01 -7.676379111312767178e-02 -7.613596848708136244e-01 -1.556619880080929996e-01 9.404077420587880765e-01 7.421214605671082321e-02
-5.683395207644703628e-01 -6.180728493065837936e-01 1.431971619657976778e-02 -9.951066491392680513e-01 -1.789341956908559461e-01 1.013663321585873467e+00 -3.730637318238123890e-02
-4.635411170901830302e-01 -6.793535403258982308e-01 1.465741078813882596e-02 -1.244023547252059991e+00 -1.700476215024913085e-01 1.139416231166518800e+00 -1.906600322792787461e-01
-2.984583148701213662e-01 -7.994480450326408860e-01 -1.378518442437102753e-01 -1.355559099207809037e+00 6.900410471347146260e-03 1.233725627191607499e+00 -3.227837464791294964e-01
-2.584449606272301581e-01 -9.502194681115673225e-01 -4.367706487114202951e-01 -1.285863817297038691e+00 8.401896064271410780e-02 1.220422948386933326e+00 -3.768693354278678798e-01
-3.450016531615178739e-01 -1.062863926219461908e+00 -7.757872785337892596e-01 -1.003665228444108104e+00 -1.295663184432555015e-01 1.213632013329156489e+00 -2.383718458234252990e-01
-4.395258908314644830e-01 -1.030833518144633532e+00 -9.730685315279637981e-01 -5.630356668702158895e-01 -4.426065140961286115e-01 1.334307366393609806e+00 8.267706370249305881e-02
-4.602919429969664078e-01 -8.258123962368364435e-01 -9.814613684327120335e-01 -1.758665463968404896e-01 -6.770163722510522675e-01 1.540159244869526711e+00 4.104316995369649002e-01
-3.529617146588108212e-01 -5.877158621520556236e-01 -9.384109917301963755e-01 1.682531317409961466e-02 -8.216664619377863632e-01 1.714880238556340863e+00 6.139041550842513351e-01
-9.392658950173683741e-02 -4.380051189591451788e-01 -9.274920616171618004e-01 1.132495001140426394e-01 -7.560762316342353184e-01 1.812959095605642279e+00 7.315583902483995260e-01
2.633122152818402895e-01 -4.066877572982618982e-01 -9.520081036297909360e-01 2.116069527281778939e-01 -3.980355957152370006e-01 1.855298748949801402e+00 7.634509244181884036e-01
5.749516411421252693e-01 -4.700104820906124137e-01 -1.039655949182574757e+00 2.801923552729523870e-01 6.846327898275103574e-02 1.809347986589591839e+00 6.071131935984217520e-01
7.726202289355326158e-01 -5.173738601335232667e-01 -1.142173277212391147e+00 4.269397420665613785e-01 4.186766148889365935e-01 1.604955313768273939e+00 3.701278869673348404e-01
8.549430135244000528e-01 -4.244625439986643989e-01 -1.072733186052743148e+00 7.635984566430085163e-01 3.952925414072430144e-01 1.246565184486907452e+00 2.494351770118093115e-01
7.020886448694592108e-01 -1.448783669234489091e-01 -6.167579966087189947e-01 1.090588245673416168e+00 2.715596533853766384e-02 7.338194801802285783e-01 2.730232942816996355e-01
3.564935564343684749e-01 1.518281435214616226e-01 6.636228050217091168e-02 1.201110236701504741e+00 -3.472591856579562708e-01 2.703587466261112571e-01 3.883981094934192413e-01
2.029770864687869061e-02 2.573979480153459343e-01 6.059852102309382094e-01 1.097919181275190059e+00 -4.785632847178543092e-01 1.102648504914069544e-01 4.849466987472292878e-01
-2.746936016311476436e-01 2.552336039964873127e-01 1.008367454505758154e+00 8.016796616755307303e-01 -3.459047333108416500e-01 -1.096599623906103702e-02 3.874081698957180242e-01
-4.682713509528579898e-01 2.471188638150013661e-01 1.341336273224897679e+00 3.792653465972842808e-01 -1.657837440662223993e-01 -2.809004662385423123e-01 1.287952117521033446e-01
-4.760223780543533789e-01 1.088569288548502517e-01 1.433170153182874662e+00 -6.164980575765467014e-02 -1.722122435283756359e-01 -4.963575700891154630e-01 -1.235128327589284924e-01
-3.679635725459237117e-01 -1.948509362519629806e-01 1.227145782586783529e+00 -3.762175668539106121e-01 -4.781305332610380487e-01 -5.472580815280855271e-01 -2.794727353066870923e-01
-2.677513454577661323e-01 -4.571443749215250429e-01 9.268438951343661580e-01 -4.282494639719633955e-01 -7.156013993959623454e-01 -4.506016762627841343e-01 -2.511747091330946424e-01
-2.247778250984530102e-01 -5.028285823445634017e-01 7.129708552875012595e-01 -2.081199515160722935e-01 -5.319103014455415224e-01 -2.820947661649739202e-01 -3.119742408347243520e-02
-2.443240944035761364e-01 -3.141815935210811594e-01 6.106191407826263573e-01 2.194544036917030483e-01 -1.439474639327686378e-01 -1.996601680230371822e-01 3.047236336594260075e-01
-2.711420882916171782e-01 2.861169396214916991e-02 5.682714299412665593e-01 7.300757277590487204e-01 3.164678368648031759e-01 -2.838847557752381401e-01 6.300050963512129343e-01
-2.208067666026713449e-01 3.790753872312919159e-01 5.168459099137857615e-01 1.215245377115631520e+00 7.822277628384454173e-01 -4.049613744017150352e-01 9.048255813220520416e-01
-8.462434904228680055e-02 6.528822147430641820e-01 4.513329534230896001e-01 1.510022640626004220e+00 1.030851383271019328e+00 -4.508533323609205112e-01 1.203782131174109038e+00
1.409239742546826712e-01 8.057703431489734447e-01 3.348813437917917968e-01 1.394976292978483690e+00 1.050557076931281975e+00 -4.534314895376878596e-01 1.377088369883006314e+00
4.092120963052779392e-01 8.302899087373718512e-01 8.310879778774149518e-02 9.409212223225755789e-01 9.627468812509479834e-01 -4.462692998642418529e-01 1.212341143719380732e+00
5.385796950486199108e-01 8.666862362827936206e-01 -2.395155648910321511e-01 4.822646157494405728e-01 8.448888017967154385e-01 -5.104189452303810048e-01 8.078415482171924511e-01
4.500934490806920429e-01 1.085639847751597609e+00 -4.413002507379719108e-01 2.273387472381851182e-01 7.154781809150105865e-01 -7.253972755240756243e-01 4.115234664544098475e-01
3.395308399600326932e-01 1.465499063815772107e+00 -4.597201301236141791e-01 9.624708750573643390e-02 6.325362691978093643e-01 -1.033603251923346011e+00 1.520096180333160296e-01
3.441487366931892389e-01 1.757154322020961112e+00 -4.030995979109081029e-01 -5.703595830309012016e-02 6.034674471247597483e-01 -1.329533773565922061e+00 -2.276941004647023425e-02
3.147698834053595518e-01 1.816932406700339619e+00 -3.223841705068386521e-01 -1.258946321573399529e-01 4.483732559409301932e-01 -1.494077819933000706e+00 -1.167796966698071287e-01
1.318881961135840719e-01 1.760192612667990764e+00 -2.027346231439344781e-01 7.896080864542327771e-02 2.418828484514804200e-01 -1.506719655855046192e+00 -8.273759969598035169e-02
-1.366384252404410082e-01 1.696466023113765376e+00 -4.200234140559424428e-02 5.344974041176607793e-01 1.025402195873041378e-01 -1.456446492645963708e+00 -1.972264046381992306e-02
-4.551732787853837725e-01 1.630734789234464355e+00 1.592423325738743789e-01 1.098324726768375781e+00 1.037980471939149996e-01 -1.392205659387252936e+00 1.157100047904040252e-02
-7.892682334240033182e-01 1.581158590359907246e+00 4.034021957488153620e-01 1.638031138672057185e+00 3.022744564657787736e-01 -1.353614449260435393e+00 1.008709546755367920e-01
-1.053113972067419857e+00 1.529978157863310262e+00 7.031086981395635593e-01 2.037739908468807482e+00 4.205696821072850144e-01 -1.369890476670283075e+00 2.778778936019422607e-01
-1.200683053056398997e+00 1.344511048417717625e+00 9.696701320350729070e-01 2.066695734341906121e+00 2.697364411286145569e-01 -1.339266748161523690e+00 4.125589889658795584e-01
-1.212772215974090573e+00 1.016684008942563278e+00 1.119742546222344926e+00 1.599897610216171717e+00 9.751227631204711921e-02 -1.182392993178585261e+00 4.510944549180554985e-01
-1.067151856940187438e+00 7.230628771790226228e-01 1.180156108026037876e+00 8.473724764628274286e-01 1.822646241688801461e-01 -1.026766118153213059e+00 3.998426880581537612e-01
-8.459169646230798589e-01 5.792818708268010486e-01 1.206808559372688050e+00 8.109978921291734200e-02 3.887715060542423773e-01 -1.008866426212764011e+00 2.685969412874034679e-01
-7.503146924798375084e-01 6.135031368257441997e-01 1.261654297908330058e+00 -4.578742646555959417e-01 4.039042907581162911e-01 -1.115959613668184192e+00 2.688120241370343666e-01
-7.796374101951445423e-01 7.846414615134675863e-01 1.364562230163602008e+00 -6.855399742004070207e-01 1.949331802148617232e-01 -1.192066754264698103e+00 4.955499812901260626e-01
-7.284393359545683344e-01 8.661043637764640479e-01 1.434192010482266966e+00 -7.869969080736558542e-01 -9.053190884085444978e-02 -1.087435180064237450e+00 6.804753279387092402e-01
-5.941629498329903392e-01 7.473003848079954325e-01 1.323761080562239734e+00 -7.756451681015529287e-01 -3.681172393261099018e-01 -8.972391384646933865e-01 7.291737264310388378e-01
-5.788997019076367323e-01 6.250996446202289336e-01 9.992651268617452898e-01 -4.228655647507327253e-01 -4.443840027156364392e-01 -8.858337699730749470e-01 8.406840785069888966e-01
-7.394524530558722608e-01 6.163513071290100953e-01 6.237400777383258488e-01 2.059426164714526220e-01 -3.009863071411684743e-01 -1.125321942529751817e+00 1.015924252135937955e+00
-8.732149047029716948e-01 7.435505334945787803e-01 4.148894323891822444e-01 7.562575679219678548e-01 -2.979653270375033913e-01 -1.341201934063956269e+00 1.111577902031661402e+00
-8.035957063707312997e-01 9.126219006945399670e-01 3.983500109567912895e-01 1.023565580017515630e+00 -6.831067131270185389e-01 -1.286876392338397013e+00 1.024451485752633451e+00
-5.476043152607883435e-01 8.681629159995403189e-01 4.022209291718348845e-01 1.071115913865678282e+00 -1.212688971173454089e+00 -1.036397802875375529e+00 6.587972729974900243e-01
-1.309260193269333183e-01 5.809429294338043226e-01 3.264346520110185113e-01 1.067820456711137567e+00 -1.496206335403347909e+00 -7.693169873531714442e-01 4.292306280250138967e-02
4.048714702492194895e-01 1.744791439769040609e-01 1.376778393749804874e-01 1.035993479677161933e+00 -1.407460648801424297e+00 -6.325681903645611337e-01 -7.756602377104209189e-01
9.914180964473950919e-01 -3.104989243282574307e-01 -2.208800341977421311e-01 8.330794009832046543e-01 -1.100734423995593847e+00 -6.493479103543662312e-01 -1.711475762071861695e+00
1.569412803833971637e+00 -7.391150862369489927e-01 -6.607262300893507190e-01 4.893729154838000750e-01 -8.637776498625197030e-01 -6.830589072800865580e-01 -2.440215404394550092e+00
2.002385847643361583e+00 -9.760312587457995459e-01 -1.070767391298326654e+00 1.268331058161978053e-01 -5.423759074574523442e-01 -6.432429148016978182e-01 -2.748148954564273438e+00
2.158843153294719652e+00 -1.022176416595677484e+00 -1.429660672014811507e+00 -2.419795347679305486e-01 1.253828315628340850e-01 -5.172953775595449111e-01 -2.671016038504835599e+00
2.009248803258985916e+00 -8.995380354619754160e-01 -1.646583156160950301e+00 -5.216873281851219790e-01 6.597993030321119834e-01 -2.612112445715111253e-01 -2.177903220617401381e+00
1.636642519182328837e+00 -6.494759975602488744e-01 -1.635420893187426783e+00 -5.726137089328235952e-01 7.634200729071132230e-01 1.175958874503394425e-01 -1.321877799200665837e+00
1.141465222627340514e+00 -3.700547618104566561e-01 -1.478498943172511959e+00 -4.335293097697069942e-01 8.624330709671144124e-01 4.906937209426766033e-01 -4.295727608630884875e-01
5.613022460830587868e-01 -1.444452371641961608e-01 -1.334836693153757414e+00 -2.209672173393869010e-01 1.097936488688223466e+00 7.813877477785279302e-01 3.285180530185444758e-01
-2.096294763598180802e-02 -1.643354395026072612e-02 -1.271683397276989869e+00 -5.663601385237282404e-02 1.284965721511147185e+00 1.023141257412901517e+00 9.374369947675177395e-01
-4.687234921082005790e-01 -4.999032109285742043e-02 -1.255261774545629372e+00 -8.000633184855623914e-02 1.268341113681655807e+00 1.309103562166299417e+00 1.290568504368836855e+00
-7.275234961266794365e-01 -2.945085012102207633e-01 -1.207838230451901085e+00 -3.320678910845970000e-01 9.753689128098405048e-01 1.738876513575521310e+00 1.357624818145741985e+00
-8.393039275361833251e-01 -7.263855273814330271e-01 -1.115297174087319432e+00 -7.650647738511644480e-01 4.314913427922461020e-01 2.241604293741285669e+00 1.161369342558726814e+00
-8.383055149457259159e-01 -1.165658119972726725e+00 -1.011559993235517929e+00 -1.235279814230541229e+00 -1.657337374606429881e-01 2.643736620209435895e+00 8.279924706210061158e-01
-8.110809603223010367e-01 -1.410320595649388498e+00 -8.315936044872728194e-01 -1.677899993657632205e+00 -3.850780507762880389e-01 2.886969783186826177e+00 5.117381865953082309e-01
-8.339659493340018104e-01 -1.395478866021411246e+00 -4.911016877890682086e-01 -2.104079583776152340e+00 -1.502338880879031668e-01 3.012906130674129379e+00 3.480453701056770988e-01
-8.761901898233910302e-01 -1.216741711362068434e+00 -5.065000398469198667e-02 -2.394102993602236662e+00 1.539283382649066501e-01 3.029161136148154743e+00 3.917772841201931922e-01
-8.859483474886868937e-01 -1.082190287647066596e+00 3.404504701112468501e-01 -2.502377169873382545e+00 4.517527737933941800e-01 2.899608313633946999e+00 4.368907626329307514e-01
-7.331272825147773231e-01 -1.102837815164219082e+00 5.487682551770676209e-01 -2.532722217197389547e+00 8.293377907697119245e-01 2.702978593604700386e+00 2.904971646949306985e-01
-3.850705957913804212e-01 -1.279089997323159755e+00 5.095920622343591555e-01 -2.500276059612981161e+00 1.175499853847830289e+00 2.481965719386293401e+00 -3.687907761505791748e-02
2.806240953647809108e-02 -1.555413523620032157e+00 2.561533066128757197e-01 -2.289535756713566350e+00 1.495248160002993654e+00 2.064559473977718884e+00 -4.216525960072177726e-01
4.122037248471164261e-01 -1.814399096064928552e+00 -1.131348437203076318e-01 -1.787830375918274317e+00 1.828820243430996584e+00 1.372451906705773661e+00 -7.707294180870302158e-01
7.060043454620736902e-01 -1.876865092660535028e+00 -4.722469639817236664e-01 -1.013490450065781312e+00 2.119752975183327504e+00 5.708905158407923119e-01 -1.045396179022270999e+00
8.959976347012451603e-01 -1.657502099299654974e+00 -6.810998873771744178e-01 -1.707131577400969602e-01 2.264044145318924173e+00 -1.415390243637017487e-01 -1.246797837623970118e+00
1.028352736362911246e+00 -1.313658536633339979e+00 -6.932406931796482041e-01 4.726624187428371537e-01 2.212455284875512351e+00 -6.357263935015347034e-01 -1.476133309984543951e+00
1.086580792947972940e+00 -1.036525489302678293e+00 -5.360875192790861554e-01 8.290380039719303928e-01 1.809441541740248738e+00 -8.403276686172730381e-01 -1.746069765073764213e+00
1.011277005839235299e+00 -8.979211878054133011e-01 -2.561460478270481955e-01 9.482599473673039014e-01 8.752647799030992548e-01 -7.277280634445841834e-01 -1.938996238066565514e+00
8.376758035994286145e-01 -9.202606110527460359e-01 6.315084846972099375e-02 8.131913423524309570e-01 -2.433673161065789403e-01 -3.744015837524941603e-01 -1.940310245848465120e+00
6.142090229191387030e-01 -1.093135077559183488e+00 2.865791788560047570e-01 5.090596632317603287e-01 -1.075790440050230945e+00 -1.806098586360481342e-03 -1.738341599760340195e+00
4.069154678446472162e-01 -1.311344576313539845e+00 2.455374374921363012e-01 2.696159358008192730e-01 -1.617653228422184952e+00 2.715202070490215780e-01 -1.454492438883054684e+00
2.902467001424788307e-01 -1.399449676390442709e+00 5.394295220982506939e-02 1.688937625827486300e-01 -1.955721512259486872e+00 4.729397310516996744e-01 -1.141827439420539214e+00
2.196531286196516664e-01 -1.217278328468026194e+00 4.082772499534041005e-02 9.661864165374220437e-02 -2.109223588607797240e+00 5.871283616197349176e-01 -7.827537605702240553e-01
1.022221594570292685e-01 -7.997523352185492707e-01 2.847709051856199824e-01 2.252072005053193035e-02 -2.122106980904980844e+00 5.610196303103286430e-01 -4.325137987226525538e-01
-4.976410338728202293e-02 -3.256635265288179704e-01 5.955799094969941310e-01 8.660239156754508810e-03 -2.110173268758179344e+00 3.616916545773078973e-01 -2.279671660367905694e-01
-1.301252658468971812e-01 8.785980869380734595e-03 7.873436848135914046e-01 3.697149611379364764e-02 -2.096527464645553174e+00 1.050314544921201049e-01 -2.146939149825451698e-01
-1.175543718857748471e-01 1.241561340100152261e-01 8.345620620156162239e-01 -9.778232813215628066e-03 -1.898212919408230670e+00 -9.026303971865174552e-03 -2.528772036338937657e-01
-1.104212492239539795e-01 1.623775417539172761e-01 8.072345094995756476e-01 -1.303616721977029769e-01 -1.636494470998449247e+00 1.380608158198198647e-02 -1.930625642050668167e-01
-2.039925211270260663e-01 2.608098338185687592e-01 7.580345671018737796e-01 -1.814686541148416155e-01 -1.526224658870167117e+00 -2.533191592828466440e-02 -4.123126667084147517e-02
-4.066853148650226846e-01 4.182903825674208487e-01 7.614243480143019216e-01 -1.182233707988477739e-01 -1.447057795787580092e+00 -2.318916790204582634e-01 1.144022565417570358e-01
-6.609691134049097139e-01 6.027831789573706578e-01 8.993569564473979927e-01 3.434279818826750652e-02 -1.347271470922942527e+00 -5.677586404596141056e-01 2.714805098420524088e-01
-8.630710123482460139e-01 8.133463510093758009e-01 1.137306788678345004e+00 2.376380381058514901e-01 -1.184377719001475704e+00 -9.430382505423139383e-01 4.726516580672426304e-01
-9.254975016824629197e-01 1.026949970496924047e+00 1.375280472283511468e+00 3.784366581865279411e-01 -7.938814864853838138e-01 -1.235203600414136016e+00 6.580101104749110918e-01
-8.900636675734924230e-01 1.196411835274522106e+00 1.542186130669120692e+00 3.995803198407679724e-01 -2.879203732412307648e-01 -1.373031958062120195e+00 7.421879214715327855e-01
-8.500980212246905809e-01 1.327907235515430884e+00 1.557101325889242327e+00 3.546037472776942256e-01 8.777002409179593401e-02 -1.356231125639980162e+00 8.378922141392715073e-01
-8.844229943307513331e-01 1.441461992648047641e+00 1.386961738913276454e+00 3.547727276799804152e-01 1.532545064406035662e-01 -1.297589728510611051e+00 1.134299942451293397e+00
-9.595290071855249181e-01 1.569641774902027054e+00 1.072811140870057134e+00 5.425971436632947009e-01 3.620730197675040701e-02 -1.392053278257370241e+00 1.542473538680343648e+00
-9.464105324321980817e-01 1.674850261968598764e+00 7.214599266355959939e-01 8.735668283140042290e-01 8.608499865431451514e-02 -1.639578484558787075e+00 1.860805038255419763e+00
-9.180108431220727061e-01 1.683402959066863991e+00 4.879457150415768552e-01 1.215150735277820360e+00 1.408418159742662323e-01 -1.889509189167365655e+00 2.094279445868590717e+00
-9.628263587413653513e-01 1.658763714760445929e+00 3.868985452698265881e-01 1.617541519528640892e+00 -4.553407520259412922e-02 -2.046361362539844464e+00 2.280915471514684878e+00
-9.394920356353552160e-01 1.601021746591494654e+00 3.203204837073151956e-01 1.998784420812493190e+00 -2.345863397622492963e-01 -1.959582735361177441e+00 2.286189324613397744e+00
-7.424187188011559524e-01 1.391139403631142635e+00 1.940082718348265511e-01 2.011267112678407187e+00 -2.840013503980970411e-01 -1.546567151925252848e+00 1.900709421968709734e+00
-3.818850695996678368e-01 1.061462601093875024e+00 -5.160661424884956799e-02 1.522860070585580150e+00 -2.420849201114790017e-01 -9.477527643442276162e-01 1.192165552938625472e+00
1.081601002676581547e-01 7.483635460223110325e-01 -3.990375088154129446e-01 7.481693627835991345e-01 -7.696312269190133670e-02 -3.901199231280722546e-01 4.151348524756343084e-01
6.150501550479313684e-01 4.853170875351211500e-01 -7.491641311860625096e-01 -8.511150482621923641e-02 9.261829876372345421e-03 -3.230898557822553183e-03 -3.157356913538164056e-01
9.347370973756620183e-01 2.662088774531155000e-01 -9.640601956452501398e-01 -7.840200629147372480e-01 -5.826923087042410604e-02 2.346236534493449655e-01 -8.224531327128391522e-01
9.149981055169275068e-01 1.518079586960532357e-01 -1.041319387729617851e+00 -1.137999971048815118e+00 1.836275643238703334e-02 3.152352625394487240e-01 -9.231181554222006591e-01
6.559324420922001408e-01 1.815481249035517664e-01 -1.057501419658873676e+00 -1.109504821291181997e+00 1.245246263885858851e-01 2.503050580951755033e-01 -7.444253493100938535e-01
4.150232687140830712e-01 3.285998252553717358e-01 -1.016203214785863507e+00 -8.590829995707642830e-01 1.185618545289497255e-01 1.484216006895098527e-01 -4.899180217127470649e-01
2.419397418596878069e-01 5.581513847053813926e-01 -8.749955457850631113e-01 -5.446085382181334866e-01 2.039432589189010547e-01 1.270286652318517728e-01 -1.820859902006186359e-01
4.497929808368281157e-02 7.787640499692046747e-01 -5.857991053759902256e-01 -2.313568889792333994e-01 3.989369938620581091e-01 2.745997354794142420e-01 1.372257052177612568e-01
-1.236783958177721937e-01 7.604379386159174636e-01 -3.105121625754039272e-01 -2.459693757749440921e-02 6.271871603110430460e-01 5.736895470107497008e-01 2.699207077720313652e-01
-1.493371294382813408e-01 3.963310867078073119e-01 -2.463405581049747939e-01 -2.064527761654316729e-02 7.394456668817516176e-01 9.575395380335345319e-01 1.370330528089307998e-01
6.095109448744270852e-02 -1.492603352487275048e-01 -3.335413908917968517e-01 -1.981060517456132430e-01 6.412769092733083820e-01 1.389296951607293273e+00 -1.591021222293530213e-01
3.954466718233546896e-01 -7.390950091320296345e-01 -4.473696225176255203e-01 -5.301935031565611078e-01 4.375791796524695632e-01 1.760116896147344345e+00 -6.003804773788349314e-01
6.243020008592916614e-01 -1.298187063433144495e+00 -4.799217899317602121e-01 -9.424993576442771692e-01 1.368341123613730503e-01 1.938394560781522280e+00 -1.112690490933359921e+00
6.941416275718109707e-01 -1.716143276056336653e+00 -4.602684528743445358e-01 -1.231776732114655104e+00 -1.999047302590745423e-01 1.951367786165415286e+00 -1.383773961998996160e+00
5.815059387707396388e-01 -1.895163234411916475e+00 -5.125316479730033237e-01 -1.233575370835569007e+00 -3.700698466857009206e-01 1.877829138908858830e+00 -1.230446798319438262e+00
3.001481107350175148e-01 -1.787919247456172700e+00 -6.194374675845027989e-01 -9.870036675616112865e-01 -3.281429601025126486e-01 1.695283532264520110e+00 -7.971677474472257385e-01
-5.352281860288198023e-02 -1.436635585568252216e+00 -7.047667320024809667e-01 -5.912019932243325337e-01 -2.448572155906714176e-01 1.391112013111273304e+00 -2.474472067251216878e-01
-3.530173496408819389e-01 -9.414172212033835585e-01 -7.584914516679077678e-01 -1.090810062951007714e-01 -3.208230772147504378e-02 1.050865868891112775e+00 3.325408824687997589e-01
-4.243040195789283819e-01 -4.770700883713940299e-01 -8.135441923794601848e-01 2.535918765622712789e-01 4.810070062866607099e-01 7.659084243837939177e-01 6.872282657267174688e-01
-2.499141052611444924e-01 -1.941348552606491362e-01 -8.559803925746319875e-01 3.881776163250954537e-01 1.056671966870126544e+00 4.984856748350946498e-01 6.065485906720865517e-01
4.617987955561166091e-02 -4.368117950738574506e-02 -8.581134216237978896e-01 4.687937381923124036e-01 1.559320115450766764e+00 2.017527477251351287e-01 2.746092115625378693e-01
3.635601679142067555e-01 1.059716153580503167e-01 -8.124037279363269803e-01 5.564266025480103517e-01 1.877784172409499908e+00 -3.531560785459884194e-02 -5.441672151394459644e-02
6.083671793368831127e-01 3.615528739096488531e-01 -7.120095645805650797e-01 5.864640362573596555e-01 1.897378650176383852e+00 -2.231200356304940957e-01 -2.854586473176491390e-01
7.469750771442809079e-01 6.794866647154860217e-01 -6.347668118916284241e-01 5.058574668186394119e-01 1.820436961297976497e+00 -4.884037795201923715e-01 -4.210234747185462867e-01
8.275223076761609731e-01 9.355837247977565330e-01 -6.387283387569522297e-01 4.064665209020089098e-01 1.594618961558371684e+00 -8.264593806926023856e-01 -4.243356276787387804e-01
9.374085245931790267e-01 1.096980820979937876e+00 -7.432520463444559633e-01 4.086362426701158346e-01 1.223911526980418163e+00 -1.105689051784876975e+00 -3.169068563032511610e-01
1.135496884209369561e+00 1.104446730988976055e+00 -9.561160827979285903e-01 3.125593684497172120e-01 1.081347754771560421e+00 -1.262512589284630282e+00 -3.669287270438948978e-01
1.372626650567127182e+00 9.623982416607077539e-01 -1.122974907476070650e+00 4.470499635423229312e-02 1.045496267753667441e+00 -1.332202411950650589e+00 -6.095935224642188288e-01
1.522500957373064789e+00 7.546525196964460891e-01 -1.129418027388068957e+00 -1.856542262042558122e-01 6.545367651650638718e-01 -1.318519703471736415e+00 -7.781007147895977472e-01
1.503155670957255330e+00 5.111854648170901516e-01 -1.033593062008672625e+00 -2.929679706368959469e-01 -5.891012563977703065e-02 -1.215467206188451499e+00 -7.556076940192351099e-01
1.287237922979717064e+00 2.994292496542873550e-01 -8.693833610107956078e-01 -2.714686165179526767e-01 -6.204134582776238416e-01 -1.056595963519854520e+00 -5.219260045287706928e-01
8.828842029244426959e-01 2.471751842451870851e-01 -6.106907785513718823e-01 -1.316100421297961842e-01 -8.319624375279606188e-01 -8.794953212937096643e-01 -5.505049508312547663e-02
3.752827184444698094e-01 3.588457732061586802e-01 -2.139051093034072815e-01 3.667950695363727392e-02 -9.476090800954073412e-01 -7.061028986419360942e-01 4.705099592287620980e-01
-1.243004281334191413e-01 4.314546097272005110e-01 3.520516755009138188e-01 8.873180194550586708e-02 -1.051506424219500913e+00 -5.386273662662258710e-01 7.263682644933893151e-01
-5.171343746732012248e-01 2.595669127330702541e-01 1.010455151352040781e+00 -7.215947868706013013e-02 -9.769830035689018866e-01 -3.181943807120069523e-01 5.798123923996008067e-01
-7.586158176629842487e-01 -1.410801782563830542e-01 1.604079807541709979e+00 -3.769968817247856263e-01 -6.772877336228257938e-01 -3.524991553508337316e-02 1.740316009690618670e-01
-9.265492194621236521e-01 -5.936948092218558015e-01 2.005549799556287649e+00 -6.666272119954492759e-01 -3.715832628167157203e-01 2.119039940359369600e-01 -2.519698566145937013e-01
-1.024173363002834902e+00 -9.411215538219266374e-01 2.145278797584615038e+00 -8.657352649330041228e-01 -4.692153951477065488e-01 4.309883407359333396e-01 -6.152770233419720958e-01
-9.483794890127877908e-01 -1.121019750064202292e+00 2.082165679489917931e+00 -9.942651837316831553e-01 -9.540228518995075291e-01 6.800816508892861822e-01 -9.595448570847837644e-01
-7.562261609678079255e-01 -1.155829263082497338e+00 1.953740529918805979e+00 -1.118292934388123605e+00 -1.239547176116460259e+00 8.392924555402226927e-01 -1.215842808443480694e+00
-6.240073239330847787e-01 -1.088433529521313892e+00 1.859940346033987169e+00 -1.285584991449516767e+00 -9.913669861115632642e-01 7.688557343154104329e-01 -1.316885759982126425e+00
-5.997998618354819511e-01 -9.580727742391177415e-01 1.842857067616948452e+00 -1.425367578460443152e+00 -5.308025074964126677e-01 5.092971016703742304e-01 -1.267819447726328486e+00
-5.440636519849372243e-01 -7.551276869415614046e-01 1.846832446281097662e+00 -1.438405587285162435e+00 -2.014470059553276904e-01 2.382455268550923988e-01 -1.090823532414265218e+00
-4.372228978450432013e-01 -5.117971003335807234e-01 1.777997115537425010e+00 -1.299656045633589718e+00 1.023980337556272893e-02 6.106771422700106589e-02 -8.482200012949520085e-01
-4.541240045747338971e-01 -3.407909181767549978e-01 1.585932140449192618e+00 -9.074270183993904393e-01 1.620367704822324728e-01 -2.054258360868060906e-01 -5.467960512154457220e-01
-6.250033978081922514e-01 -2.139565570820676221e-01 1.301774862114107645e+00 -2.002902756535036854e-01 1.228964404880128758e-01 -7.053363258434587335e-01 -1.373595279579440387e-01
-8.441047911138322979e-01 -3.960186540444327746e-02 1.032016244461147814e+00 6.023522515293036061e-01 -1.385677561863990770e-01 -1.258371866290471042e+00 3.106988872327738349e-01
-1.054426159801382212e+00 9.706223413372457032e-02 7.961012906367553876e-01 1.221909434638833725e+00 -4.376982112959456606e-01 -1.639324537495210565e+00 6.027635461127540673e-01
-1.124551671634774319e+00 8.889457739423320404e-02 5.378268885598493920e-01 1.474831026203189843e+00 -8.262140422264521167e-01 -1.654941143548193994e+00 6.394891784534475487e-01
-8.418507593663014932e-01 -1.103780265440249542e-01 2.567400424447882079e-01 1.219935770108205420e+00 -1.249991201276336783e+00 -1.235013573347937932e+00 3.770255694666306279e-01
-1.950870773305308503e-01 -5.506229821191679363e-01 -8.756306954518261465e-02 3.680412645651909842e-01 -1.318018668440298136e+00 -5.373360745820491280e-01 -2.511650685577305753e-01
5.716003920646043346e-01 -1.082792014391290580e+00 -5.836997248798796445e-01 -8.709225486231431113e-01 -1.084380533902755905e+00 2.387031254525141810e-01 -9.926720270765643228e-01
1.182170730204183728e+00 -1.402758666637611951e+00 -1.259723688286458865e+00 -1.884051692004764300e+00 -9.033544129987391980e-01 8.726859727795841515e-01 -1.297755360843072969e+00
1.462660348070707661e+00 -1.340758102787859452e+00 -1.939366973121859683e+00 -2.168797310037483328e+00 -8.313182066812819793e-01 1.190190731625144993e+00 -9.175603096507720657e-01
1.339870314622191527e+00 -9.109352348591115422e-01 -2.234712508407480147e+00 -1.665363316716020892e+00 -7.113122211178890542e-01 1.194062282328643532e+00 -9.629962371958612766e-02
9.065917185526791711e-01 -2.677796676033988854e-01 -2.103745535718774651e+00 -5.750861533427591432e-01 -3.392566076607638204e-01 9.596431880226651279e-01 7.838920014262522606e-01
3.744867913804149628e-01 3.628751478860607338e-01 -1.862712479598226389e+00 8.314643601460993683e-01 3.713033913784352658e-01 5.533492908762128737e-01 1.587508528597552093e+00
-6.517626312199643890e-02 7.736315391536757735e-01 -1.624701832877536223e+00 2.217494672962894153e+00 1.179391263965775760e+00 1.185143939612374742e-01 2.304188249942850319e+00
-3.007262029552771887e-01 7.901213226001700951e-01 -1.376591831743761096e+00 3.236098735563475159e+00 1.454999264701474448e+00 -1.690232302079774651e-01 2.684773270759311270e+00
-2.723919727727013851e-01 4.380993134466610317e-01 -1.101680552171181438e+00 3.653949920700068965e+00 1.213925984633591026e+00 -2.655604572873668245e-01 2.469906179914749700e+00
-7.034788722791807461e-04 -1.233813594150036108e-01 -8.109289126242400503e-01 3.380336215733718674e+00 1.027592098650187191e+00 -2.402413671994286515e-01 1.691063795334397435e+00
3.782773542764115704e-01 -7.182612740959719577e-01 -5.201549879734735926e-01 2.579114579384516048e+00 8.679944060204138889e-01 -1.237179335679503556e-01 7.003130044257713793e-01
7.396301275228270855e-01 -1.069124875468946634e+00 -2.022980258823398603e-01 1.591460285174367995e+00 6.743928073535767620e-01 3.265341194722213430e-02 -8.011052035521373793e-02
9.992982952313509415e-01 -1.068220058326069699e+00 8.628117730981779698e-02 7.247446943252960905e-01 6.008812352494321551e-01 1.215864818878868991e-01 -4.885031882110534296e-01
1.093112842315775435e+00 -8.368024096449576676e-01 2.936328990340272282e-01 1.444124903496980528e-01 6.884773906781215258e-01 1.663432175993254658e-01 -5.869799087861873321e-01
1.005259595470314293e+00 -4.736053840624854239e-01 4.820793531041784319e-01 -1.806902855802501595e-01 9.464191010581717300e-01 2.167952680926860387e-01 -5.351391936409617411e-01
7.932763857232567606e-01 -9.723373006566397858e-02 7.329528879085395188e-01 -3.421723554301617232e-01 1.305682524412869805e+00 2.188648378648283821e-01 -4.987565282748468998e-01
5.212891912531057992e-01 1.515328301247004794e-01 1.014684161107935134e+00 -4.097917756432866154e-01 1.485978247893312565e+00 1.566261746255884213e-01 -5.346669684730043226e-01
1.665434595201323031e-01 3.186511394518917739e-01 1.276814181287173167e+00 -4.162714992201040354e-01 1.274641243009418279e+00 9.716970712636267826e-02 -4.827463820209938472e-01
-3.045146769816626797e-01 5.583796731197393504e-01 1.551573841541817877e+00 -3.306533633628487290e-01 8.292614820154627919e-01 5.098603789260956753e-02 -2.386667636694680961e-01
-7.836116680605933471e-01 8.963813970543142995e-01 1.826901952041598332e+00 -1.350821387843579302e-01 4.202924063801044552e-01 -5.813519056136996592e-03 8.537099392014747823e-02
-1.125141724182810776e+00 1.266469480909654166e+00 1.995349594914730629e+00 1.216934137770556423e-01 2.473567206394952367e-01 -2.951434457007865927e-02 4.472047811375891024e-01
-1.322837881207278299e+00 1.573980191935375750e+00 1.983101008510070429e+00 4.373544126327966186e-01 2.989714478804588182e-01 -4.778765108566361552e-02 8.221648450903988881e-01
-1.415612198080168582e+00 1.683409412035243413e+00 1.783412048721932930e+00 8.246180264912398306e-01 3.489725826705337153e-01 -1.703422690363649572e-01 1.035244460393954347e+00
-1.368084610075732677e+00 1.602146013529063051e+00 1.406061388935126777e+00 1.217168755956711035e+00 3.235339677736008279e-01 -3.673202324506686378e-01 1.000825367555232104e+00
-1.108309234171660940e+00 1.480145683838283599e+00 9.436643825672511587e-01 1.539633099807570460e+00 2.728341294764155545e-01 -4.683611611297890387e-01 8.185199243533365365e-01
-5.890004031865609946e-01 1.321909200349061120e+00 5.101280525036721025e-01 1.646805695263024560e+00 1.191104310372178426e-01 -3.874251872547037068e-01 5.151748161954601279e-01
1.052648516398920764e-01 1.097182864069913721e+00 9.564118632739497528e-02 1.551554778566716974e+00 -2.658121308978382211e-02 -2.761562547770682885e-01 1.883641326330769139e-01
7.143000138906054897e-01 8.923790386489477422e-01 -3.608558725878310836e-01 1.460430798371237682e+00 -1.942842365392584425e-01 -3.423718071761899240e-01 1.182687113040437749e-02
1.040588911810927941e+00 7.799008361393405808e-01 -7.865928264863376596e-01 1.447754937199682734e+00 -6.430930421024630972e-01 -5.513754830245772842e-01 1.172034520269469096e-02
1.058707066172016154e+00 7.638649142509503775e-01 -1.030458237487495765e+00 1.468598225147379255e+00 -1.125516120483209814e+00 -7.134408233558667822e-01 1.800305227265829311e-01
7.690543566447338719e-01 8.064115517539580669e-01 -1.044178018437678102e+00 1.419696753625781405e+00 -1.388187568127125404e+00 -7.210054192920059002e-01 5.124521125493501916e-01
2.695398502638131077e-01 8.029067136022953743e-01 -9.879982037154980690e-01 1.274232256185956258e+00 -1.470235832053723213e+00 -6.201991860642775967e-01 9.052702128465253129e-01
-2.926626312357698545e-01 6.619429520538402389e-01 -1.066233972806494235e+00 1.051458670398815576e+00 -1.298642117648416638e+00 -5.150624136988489754e-01 1.175023982343786022e+00
-8.802265077123592185e-01 4.754763035810024574e-01 -1.240951794115002116e+00 7.107108362239384913e-01 -8.830407425759482232e-01 -4.218225114359229200e-01 1.293294362934988673e+00
-1.370439620562381000e+00 3.043088936371248221e-01 -1.376193243459070459e+00 2.349414310401922723e-01 -4.843280650123092390e-01 -2.729435300457275226e-01 1.268846419078020871e+00
-1.573222674939817267e+00 3.567057675490661189e-02 -1.427986566726112461e+00 -3.825367634183688414e-01 -2.803734902092132053e-01 -4.852002779260580767e-02 9.851167838270085131e-01
-1.462619918634729510e+00 -3.612551652728177576e-01 -1.437181384277427920e+00 -1.013844216342661531e+00 -1.082717991057674661e-01 2.134752300960217342e-01 4.843828540274050520e-01
-1.122169712530479924e+00 -7.682635452680743882e-01 -1.475295076248127391e+00 -1.427262599332548954e+00 1.891341466357920331e-01 4.745362560670803309e-01 -4.190043361452887305e-02
-6.531225901209096740e-01 -1.083026857256611741e+00 -1.554420236299281166e+00 -1.595741096125630865e+00 6.126832285027452585e-01 6.882589406534211918e-01 -4.666776736975575268e-01
-1.891539220755052153e-01 -1.239259710580686180e+00 -1.614743224502937613e+00 -1.536834671880038528e+00 1.075198128552273147e+00 7.626283818094514722e-01 -6.696528897546203396e-01
2.329087045535648270e-01 -1.158807095511850349e+00 -1.532298697993579761e+00 -1.212552499919966831e+00 1.334599907113975359e+00 6.158638964686957706e-01 -5.777178503199543735e-01
6.342876584270434881e-01 -8.051327671542080067e-01 -1.203679452459675225e+00 -7.250578469014047345e-01 1.135734962610350118e+00 3.830690359874168172e-01 -2.583373659280866486e-01
9.121915957610855497e-01 -2.194208554483681461e-01 -7.881056942931765619e-01 -1.118218721249801678e-01 5.190346118457752622e-01 1.755632296168876394e-01 2.597468077873920644e-01
9.835491417381581059e-01 4.284096643800159310e-01 -4.805354865992503832e-01 6.290809013107055980e-01 -1.175304869631513954e-02 -9.403567688691669146e-02 8.816104132634253743e-01
8.799484839147827531e-01 9.452685280622606934e-01 -1.686055172527326229e-01 1.302714471527016027e+00 -4.153526908169306864e-02 -4.544092125156568573e-01 1.256675140708774174e+00
6.312855651158491010e-01 1.272512859523728279e+00 2.600302037408588340e-01 1.687467644822867818e+00 2.950199643880145883e-01 -8.318592643573677892e-01 1.150612740847730242e+00
3.094062588853344620e-01 1.311563158134045004e+00 7.818474745756628375e-01 1.610720198060993535e+00 5.357809374139101966e-01 -1.007844780607493274e+00 5.892357580980863707e-01
9.422906718971441054e-02 1.002989404596409173e+00 1.307724039721749332e+00 9.875609868183680140e-01 4.034311141790482558e-01 -8.137227209225038616e-01 -2.863244886613728335e-01
7.136378462163429914e-02 4.542941602042233629e-01 1.713852341376258304e+00 -3.040041066459788291e-02 9.070873717567391054e-03 -3.502749192594703520e-01 -1.221534647397739315e+00
1.696353991987428200e-01 -1.814013665194448843e-01 1.976357458044091242e+00 -1.113196150732946199e+00 -3.120878335892320887e-01 1.962273426753249339e-01 -1.863428032345106677e+00
2.855141183907533575e-01 -7.094191853189363295e-01 2.091932158402513231e+00 -1.963971559330426109e+00 -2.690362855718873014e-01 6.603467306838424200e-01 -2.035361715786031311e+00
2.971065283441627902e-01 -9.955221691609954515e-01 2.029737280741813699e+00 -2.421636196705005517e+00 1.973568915645930177e-01 8.782305684922161459e-01 -1.852381205996763480e+00
1.947028879151330161e-01 -1.049843663226732948e+00 1.811426749860041818e+00 -2.482623973731576061e+00 9.834919254357624707e-01 8.395404452560094599e-01 -1.479671308686338005e+00
5.121121739851213633e-02 -1.063843507892909601e+00 1.498132965225824620e+00 -2.344672773829789669e+00 1.634028167297190581e+00 7.375429467499023950e-01 -1.156554401525386799e+00
-1.697148092127487295e-01 -1.167957244148896789e+00 1.158779189481647043e+00 -2.164357869043711524e+00 1.840102199498372393e+00 6.308558762726823588e-01 -1.012584773536347793e+00
-4.557042869319301581e-01 -1.241579864015063039e+00 8.802215461360606286e-01 -1.950865810916078802e+00 1.689669905341145695e+00 4.073021586407566397e-01 -9.668755702459681522e-01
-6.419029411107313177e-01 -1.216105076788033479e+00 7.104423079866541979e-01 -1.731439644596289851e+00 1.121175652254514654e+00 1.183861078360863434e-01 -9.014262884249276686e-01
-6.601880530183955598e-01 -1.153030304806152984e+00 5.591669179463686357e-01 -1.537741516100088468e+00 3.155878073203309264e-01 -9.974536248503612645e-02 -7.524905249729867407e-01
-6.271228527659297169e-01 -1.068896575638506929e+00 3.432654299608385307e-01 -1.357046695406308068e+00 -2.477175801907479658e-01 -2.665949722951350687e-01 -5.927847142481547094e-01
-6.249768958225109250e-01 -9.455318198251931872e-01 1.731916809661527556e-01 -1.201861958189725410e+00 -5.092625588359394051e-01 -4.559128929958070620e-01 -5.241358551538678467e-01
-6.648935665585140597e-01 -7.870756876609223962e-01 1.678951903489628028e-01 -1.062153219004334570e+00 -6.642708495099588495e-01 -6.211741386288970324e-01 -5.668012305120959660e-01
-8.039980665906394375e-01 -6.325725208333999872e-01 2.713982811534676465e-01 -8.015048441327462525e-01 -8.305676917411739524e-01 -6.467958474045788497e-01 -5.879428818730904061e-01
-1.014766972454271388e+00 -5.206977810025474884e-01 3.862461450179704991e-01 -4.092303261309253593e-01 -1.105834448098685918e+00 -4.598628773049755480e-01 -4.687856670629654277e-01
-1.143099856667881831e+00 -4.671180195276828928e-01 4.509366625059048617e-01 -8.824608567076056009e-02 -1.461670542900404657e+00 -1.469196130326531624e-01 -3.433059156428059921e-01
-1.076966400759618692e+00 -5.178832254160382620e-01 3.873180478416172190e-01 4.853398868867735139e-02 -1.767832575925127436e+00 1.575333044079469669e-01 -3.468322347829984054e-01
-8.092811535319271998e-01 -6.842063210680099372e-01 1.678258553615185611e-01 9.635148546101609743e-03 -2.043451494151144576e+00 4.748720633650799772e-01 -4.047343774076976874e-01
-4.470109180222759382e-01 -8.721339588650105501e-01 -7.352968427657431694e-02 -1.608294314542677850e-01 -2.308004334534071500e+00 8.115154310545018568e-01 -4.549205945415104035e-01
-1.892186689813394607e-01 -9.201292413552973892e-01 -1.707216378712021199e-01 -3.243163651339044939e-01 -2.219035275034662469e+00 1.072765809231053469e+00 -4.635211617919546834e-01
-1.946165654672958323e-01 -7.925611722768618472e-01 -1.354402273698155634e-01 -3.823998138563838300e-01 -1.836515727125241026e+00 1.162343617658156747e+00 -3.983541739583696950e-01
-4.012966530516995367e-01 -5.966922257715283617e-01 -3.595127669210981119e-02 -3.928635749748290995e-01 -1.551150538459735717e+00 1.109703083524634870e+00 -3.061228649590649886e-01
-6.123415146867511316e-01 -3.741454979866318253e-01 1.184874408113485850e-01 -3.950115944116832645e-01 -1.315050794719389682e+00 1.029043689980244203e+00 -2.135081246919023901e-01
-7.794600065659496035e-01 -1.762316197490022274e-01 3.085340337693225354e-01 -3.434590199354417561e-01 -1.012252224819212287e+00 9.199377355265501155e-01 -9.890525910113034946e-02
-9.548457548961098995e-01 -2.085910760703368200e-02 5.046435935683537544e-01 -2.539810383927934567e-01 -6.583727841338286035e-01 7.713642770611709443e-01 9.039580390364988782e-02
-1.119344738092747038e+00 1.454250272811078715e-01 6.553368700781845302e-01 -1.704807427919703411e-01 -2.486276728216905429e-01 6.333416589099096772e-01 3.579477870134407658e-01
-1.255691162764440039e+00 2.890615691155580813e-01 6.964140670621394857e-01 -4.018675133252160026e-02 3.000190013621837348e-01 4.774107885023754494e-01 6.478700859662028799e-01
-1.362142410503897727e+00 4.495966657326647686e-01 6.066085678986186114e-01 2.206764552798088641e-01 7.744252400758496746e-01 2.319568964692810820e-01 9.314721989670716740e-01
-1.434290628247740784e+00 6.481084382639005215e-01 3.969107599904330153e-01 6.381253714506078811e-01 7.413104794306938361e-01 -6.578472679515862120e-02 1.133173101742890543e+00
-1.523739595823842219e+00 7.329683304987761883e-01 1.244752424360326543e-01 1.125183009190123595e+00 2.594414492211679635e-01 -3.019414017009803275e-01 1.145632128479361800e+00
-1.609484895589682774e+00 6.998222810474737932e-01 -6.274165990286012518e-02 1.502929046200468965e+00 -1.455946416101740193e-01 -4.343907320804484828e-01 9.354038945748861522e-01
-1.532400322093621536e+00 6.543743431511926945e-01 -9.782483138409811541e-02 1.636656308303203300e+00 -1.174311838365706406e-01 -4.911249645286532850e-01 5.564591315334757038e-01
-1.123733909537251607e+00 5.341643115496652605e-01 -1.537816252967088293e-01 1.455797141816853379e+00 1.767179588954373159e-01 -4.978389158746534537e-01 2.657341117293984117e-02
-3.721910183662877625e-01 2.476108462828546797e-01 -4.114137348192644650e-01 9.518538882903193610e-01 3.634665385536675064e-01 -4.359202078067673236e-01 -6.107083348218075303e-01
5.321743229083670812e-01 -1.308517801955161874e-01 -8.420930364864862572e-01 2.897800702148196073e-01 2.902010898564187924e-01 -2.929601404619641691e-01 -1.132718794291878606e+00
1.395869155300299314e+00 -4.696306224123830142e-01 -1.336639062146568913e+00 -1.818102552212507717e-01 5.717406558504675718e-02 -1.549670435460533124e-01 -1.323704486963132032e+00
2.093016321936797652e+00 -6.487702308127859530e-01 -1.771841261377344434e+00 -2.804622932611171571e-01 -1.267561939800537218e-01 -1.098546908964028596e-01 -1.135415479483678824e+00
2.530058489734550164e+00 -6.299049622118508829e-01 -1.987545728356533870e+00 -1.291701503203983858e-01 -1.280033979083272100e-01 -1.705194575890752740e-01 -7.216793101673301125e-01
2.698844925402146711e+00 -5.233934212178107392e-01 -1.936905640650707250e+00 1.526759359170081765e-01 3.994174611250152912e-02 -3.169409575125063383e-01 -3.272107236550941267e-01
2.683636232230162122e+00 -4.073199368903477335e-01 -1.713403833424350431e+00 4.573484516560966107e-01 3.623073581376970997e-01 -5.004726310593671235e-01 -1.192005228473691780e-01
2.628139586704956621e+00 -2.566407921514168300e-01 -1.448839625237610118e+00 6.774019550789665001e-01 7.703083935283915329e-01 -6.639667644144969794e-01 -6.766045465569622830e-02
2.575311637283620669e+00 -9.966968582021172585e-02 -1.245183935664760488e+00 7.842625619605394505e-01 1.119397835106676231e+00 -7.856872366907078353e-01 2.694058511928429378e-02
2.332802134825959328e+00 5.945413692621143165e-02 -1.090953059636297517e+00 7.656932232262367855e-01 1.365859387273356873e+00 -8.984985237701283989e-01 2.631951258454860443e-01
1.779949922752231517e+00 3.496238716064142271e-01 -9.165398117808212231e-01 6.524278612853484649e-01 1.424173506076913176e+00 -1.042727924987464361e+00 6.133872896578238532e-01
1.109342400060024048e+00 7.378046251312044834e-01 -7.361860979009582362e-01 3.768088985192647455e-01 1.320051175469030058e+00 -1.170577911687835648e+00 9.867340913654644163e-01
5.111270445105017268e-01 1.044438677796705406e+00 -6.373018798322753753e-01 -8.176150771420827301e-02 1.101347518392710390e+00 -1.280567557143641455e+00 1.306668838067336358e+00
4.841748325920835344e-02 1.237640452410977643e+00 -6.379361861982365545e-01 -4.505384079544828557e-01 6.190581035529210130e-01 -1.440392020879161850e+00 1.592682371756467097e+00
-1.468401793174825276e-01 1.357695760815376351e+00 -6.486895706269768525e-01 -5.803278484773222168e-01 1.591836275731839390e-01 -1.503469910420359046e+00 1.750403249083899881e+00
-6.863085859233998554e-02 1.470281282817782031e+00 -5.630085136074326480e-01 -5.548921839253440069e-01 5.093947956508393382e-02 -1.329099584017525260e+00 1.696728321039981058e+00
8.932535139513801681e-02 1.613670354457783507e+00 -3.628479610533111299e-01 -4.275154108888782334e-01 -4.564340968474726867e-02 -1.015686466995524340e+00 1.583204782796088006e+00
2.579096023483584688e-01 1.735227104012880828e+00 -1.272357368865808802e-01 -2.503723859882895364e-01 -2.943306100015826710e-01 -7.100169655049261008e-01 1.506577135829824332e+00
5.341548172411184625e-01 1.762642853938348741e+00 1.005742077821972363e-01 -1.328905251240679597e-01 -6.576818673434993157e-01 -4.819429393355403324e-01 1.269636060797378008e+00
9.187827950426158408e-01 1.510199357601777814e+00 2.568277077457358781e-01 -1.944196703313568753e-01 -1.180652778866951413e+00 -3.203598896347559233e-01 5.860340987976166982e-01
1.242413347378446442e+00 9.038277986668231678e-01 2.458568643986825397e-01 -4.548623848045452167e-01 -1.604815318343102426e+00 -2.041132616486721063e-01 -4.676705692371032064e-01
1.431786605557642922e+00 1.742931127055438179e-01 1.303223678422821552e-01 -7.829802756302968181e-01 -1.668869174546539158e+00 -1.330110524349141787e-01 -1.497429276548173371e+00
1.532440440411227511e+00 -5.200953102600014422e-01 6.188754845466484106e-02 -1.022757797510754019e+00 -1.431513456922273164e+00 -7.033884631101527951e-02 -2.225122022745433803e+00
1.486681699807205437e+00 -1.206349398376598048e+00 1.824011344643346189e-01 -1.163725941470777681e+00 -1.042810000474738041e+00 5.580873717638187848e-02 -2.573284851379554983e+00
1.132851582818724667e+00 -1.776682941270924188e+00 5.517047131077266187e-01 -1.242097665046545396e+00 -6.131717048770833900e-01 1.649585908513486465e-01 -2.566636442935572582e+00
4.361442087471881779e-01 -2.024428746784747268e+00 1.082217578154884619e+00 -1.178302501184250506e+00 -3.069427014119968655e-01 2.080382932681202890e-01 -2.209723263687389583e+00
-4.307146787866250048e-01 -1.996157107407167564e+00 1.596416949624053672e+00 -9.269186045089438108e-01 -2.509256869986256078e-01 3.378336394266521769e-01 -1.592753223612652036e+00
-1.208513545082959606e+00 -1.911212630791970124e+00 1.922654740471270829e+00 -5.867595619626658765e-01 -3.896983307984543954e-01 6.068251184809939636e-01 -9.442242064832980786e-01
-1.618177450629499248e+00 -1.866997673348107734e+00 1.996686463869777217e+00 -3.107421942457014863e-01 -5.325647989963091522e-01 9.724554826800623220e-01 -4.396133549263533391e-01
-1.593565575548941959e+00 -1.823096029716481103e+00 1.823407327323680382e+00 -2.112294033665214898e-01 -6.072511525715880154e-01 1.395566897963481656e+00 -1.323666983329254976e-01
-1.321024142855556471e+00 -1.686342266203912921e+00 1.456474276361366060e+00 -2.443505691921469825e-01 -6.320920037802802982e-01 1.732659094170781122e+00 9.462257201630261405e-02
-1.026285836031155529e+00 -1.370290254810049291e+00 1.011160779432667578e+00 -2.463015112740444545e-01 -6.724482066998542784e-01 1.789159302834531173e+00 3.384044288918268140e-01
-8.447424515388184396e-01 -9.628650335855252207e-01 5.831650650766962984e-01 -1.305712108112614678e-01 -7.381773591993545658e-01 1.475195318503304209e+00 4.719712734483511585e-01
-6.776500056403622629e-01 -5.844609157165540081e-01 2.126233503470087438e-01 6.558270372355387567e-02 -8.105744047464203961e-01 9.154023387509058196e-01 3.995833999201796050e-01
-3.998599137156644279e-01 -2.295565588268972668e-01 -5.958712761623449761e-02 2.647262358031648999e-01 -8.177994981885541304e-01 3.514186747016389001e-01 2.338714174822694170e-01
-3.854353446708377873e-02 5.296474462643103315e-02 -1.942766944496726877e-01 3.769966771198107747e-01 -6.429878541367984868e-01 -7.163933939713015842e-02 4.123781117728728823e-02
3.032943761228641399e-01 2.029435876871854560e-01 -2.280120016794527638e-01 3.114758782637809253e-01 -4.703106067964208381e-01 -3.143420721119621897e-01 -2.004986486878837515e-01
4.282008177676793759e-01 2.620502239709497361e-01 -2.326688398049030215e-01 1.420649725634854366e-01 -4.332383428051673202e-01 -4.377480344249096711e-01 -3.741083817133497025e-01
2.702038871204746617e-01 3.792746229464508123e-01 -2.328040235124169965e-01 9.095567271680150834e-02 -3.980067172788194219e-01 -5.004099241302251144e-01 -3.012348577550053585e-01
-2.323645769665890273e-02 6.038603386937673179e-01 -2.580356512305907457e-01 2.049908167800799375e-01 -4.277170109621571958e-01 -4.227581402642793251e-01 2.661466057199602872e-02
-2.410999206452716370e-01 8.345473144638170249e-01 -3.136960922269299568e-01 3.601493012411451367e-01 -5.636921793088386368e-01 -1.668773013852106468e-01 4.150624769123602009e-01
-2.550473470117500252e-01 1.000745355224570865e+00 -3.361365643216150390e-01 4.605994618866037227e-01 -4.509506003967833077e-01 8.924145030464769590e-02 6.077715528066955919e-01
-1.302209866235030655e-01 1.092572876827180295e+00 -3.094961676881803347e-01 5.477856073499084433e-01 4.947422101625753577e-02 1.471706423555274590e-01 6.154968996101609635e-01
-2.374850459807724065e-02 1.162967869862314707e+00 -2.596538367844938855e-01 7.229788445840527045e-01 6.390009650772798810e-01 6.474680535185795005e-02 6.965694951387815248e-01
-7.985086426760118483e-02 1.257130517134906533e+00 -1.557797113937023359e-01 9.590779323393436862e-01 1.039324790948116473e+00 2.853566998916635955e-02 9.819494806786219776e-01
-3.085661059341368029e-01 1.350003451657508124e+00 2.946038350900652414e-02 1.173281023182226157e+00 1.137261075977377578e+00 1.095243941175615549e-01 1.369707407206824490e+00
-5.619415308208463022e-01 1.346820616273787019e+00 1.894917675821195802e-01 1.324201302804298264e+00 1.120269778581156395e+00 2.249391190671645446e-01 1.627978885413171373e+00
-6.737760402754227052e-01 1.144694555011992243e+00 1.933318739633725081e-01 1.364048117778712932e+00 1.235409672281948312e+00 2.640786127954806162e-01 1.609707597598284412e+00
-5.832636878813239889e-01 7.656568362376707793e-01 6.243171805991005324e-02 1.276313553627141495e+00 1.402150863062332498e+00 2.032109603756006022e-01 1.345300858398515542e+00
-3.381473773750854339e-01 2.722592465006244966e-01 -1.306029994685665441e-01 1.022812924576514737e+00 1.495189668679464345e+00 8.987867762854080678e-02 9.038200588028548754e-01
-1.978618538275307356e-02 -3.195152618900285457e-01 -3.055991851496826506e-01 5.220160874543062768e-01 1.578078127572576372e+00 1.965539049081288861e-02 2.795584407898060730e-01
2.852179858618733022e-01 -8.001127911186011188e-01 -3.517138580185591445e-01 -1.434332157350976800e-01 1.787218541231619051e+00 6.280798223938435787e-02 -3.826312816174631815e-01
4.682173324538503878e-01 -9.116515941162252057e-01 -2.441869209637312632e-01 -7.914763559751091249e-01 1.978787114443331330e+00 1.614632885098423176e-01 -8.305608599490189592e-01
5.037800310637616796e-01 -6.887382565728775718e-01 -5.986551540342143971e-03 -1.245311585648299690e+00 1.830976674543866922e+00 2.152059126403876588e-01 -9.942642486737127694e-01
4.332734114762485378e-01 -3.520332938059226313e-01 2.434468659340127406e-01 -1.410734245104044993e+00 1.361326414694322917e+00 1.679352996051478863e-01 -9.474997254116878098e-01
2.685488005602271189e-01 -1.857484873359411745e-02 3.516393733394784782e-01 -1.384090020452301228e+00 8.730509165707387442e-01 -2.963848225927183735e-02 -8.464878165152035505e-01
5.570139922011463351e-02 3.514555482065443992e-01 3.699570306897708716e-01 -1.202974788766365544e+00 5.930357067615108502e-01 -3.833633059314655034e-01 -7.544663817041548093e-01
-1.462449192282742061e-01 7.191882762225997316e-01 4.049724502012971294e-01 -7.801704261468718204e-01 3.309328006018255608e-01 -7.815402119972957307e-01 -5.847876219280059296e-01
-3.212397553558544727e-01 9.237082937260945315e-01 5.132768788762950285e-01 -2.259554709746777745e-01 -1.011908974737374539e-01 -9.546197704272133544e-01 -2.594629858711409165e-01
-5.559717180150322013e-01 8.099702852491766913e-01 6.507788252214432578e-01 2.292617623973257912e-01 -5.935453029561780225e-01 -7.534098918212831508e-01 1.669952249568964209e-01
-8.435975922184369979e-01 3.137451990263919188e-01 6.026899904783956652e-01 4.806373475858184419e-01 -9.521557978827158708e-01 -3.335605064052810653e-01 3.874635460324992731e-01
-9.460775877832574565e-01 -4.398494270979664833e-01 2.546164249558706683e-01 5.332542686437001800e-01 -9.724804812966106882e-01 9.101429235615485225e-02 1.922939773222723803e-01
-7.201458882911633275e-01 -1.227820574230136463e+00 -2.533155849554080685e-01 3.808779658557492898e-01 -7.051628325761321037e-01 4.845480886979788848e-01 -2.656827144056710943e-01
-2.473359159027888887e-01 -1.936653543194300386e+00 -7.112796697884815611e-01 -3.498483639957162411e-02 -4.422956620760344348e-01 9.543508822690989213e-01 -7.696707689553182741e-01
2.181258168442695988e-01 -2.526540367087635186e+00 -9.894324249807435745e-01 -5.718244326685780754e-01 -4.827494856673172352e-01 1.456217708638899655e+00 -1.130324337478745944e+00
4.335672492041910409e-01 -2.900280705425313688e+00 -1.094318659056012777e+00 -9.356580057547706497e-01 -7.081864428932557187e-01 1.779650279323840234e+00 -1.280974654900178589e+00
