-4.533080455841132506e-01 2.754837030975008649e-01 -4.332933935978411713e-03 -1.905009078054780591e+00 1.120439428796046188e+00 -2.924973669374320573e-01 -1.047484445267478526e+00
-1.738423833774973559e-01 -1.131390284450484174e-01 -1.221038588551803250e-01 -1.580164632821027704e+00 1.173379764351400789e+00 2.703753341101358242e-03 -8.900625280064575762e-01
3.122807990965658642e-01 -8.125774686261634239e-01 -5.045758442366732321e-01 -1.608818374187817923e+00 1.532670073070518724e+00 4.558972354600207555e-01 -1.030043352687415092e+00
8.099940656249381421e-01 -1.580545591227408009e+00 -1.038049354132740909e+00 -1.783066096424641644e+00 2.179211810700039553e+00 8.207110826490285893e-01 -1.340152206984762229e+00
1.122760557999390008e+00 -2.095737286261387666e+00 -1.410889284282568878e+00 -1.623010969721848884e+00 2.829047471746163112e+00 1.015235210084912687e+00 -1.382352479465646100e+00
1.181708872630476526e+00 -2.240179049053568239e+00 -1.494629950655273154e+00 -1.149937956055644195e+00 3.101242127084724132e+00 1.085095535653914922e+00 -1.098975832609311087e+00
1.033678670032655900e+00 -2.076846112689804347e+00 -1.264782030795424284e+00 -5.996550798459329146e-01 2.689219557744310318e+00 1.029978683395795347e+00 -7.000462159419390540e-01
7.127653646576604940e-01 -1.594931317402700222e+00 -7.354727251129811183e-01 -1.803747776520537860e-01 1.907739796989908809e+00 7.728145818325177219e-01 -3.376714898410222987e-01
2.426212648394978910e-01 -7.865447711820353627e-01 -1.216272297264329172e-01 1.936869909356863373e-01 1.121516323219226674e+00 2.294695834639971788e-01 2.111192030647717974e-02
-3.323626900262878769e-01 1.883843480953071858e-01 4.363941513855993382e-01 7.467424312420202215e-01 2.718230292206803012e-01 -4.897950828630061038e-01 4.542786086747917507e-01
-9.492001290955472959e-01 1.085432810041329521e+00 9.647742452273133651e-01 1.435480101449014834e+00 -4.448439628870239915e-01 -1.187127806521476758e+00 9.085449146271536991e-01
-1.424621025856039447e+00 1.715027028092242167e+00 1.338617669418852740e+00 1.934358424027952106e+00 -8.110939176231625192e-01 -1.763012659629652923e+00 1.157810925197619856e+00
-1.591442898851930465e+00 1.980478701277385012e+00 1.386389709867073883e+00 2.076745250756996786e+00 -1.010150504710767283e+00 -2.156948946419996016e+00 1.020614840582294791e+00
-1.444124448471842959e+00 1.895634620907593604e+00 1.102321360258960103e+00 1.926663274331399389e+00 -1.363781367082881113e+00 -2.240960167739079356e+00 6.405052766426911903e-01
-1.036169236273209560e+00 1.583514067694177019e+00 5.488585356704634988e-01 1.586321818756864399e+00 -1.890374583467249625e+00 -1.937705512069343161e+00 2.680166924730216227e-01
-5.238343839906601795e-01 1.234202367198325989e+00 -5.412968263745157604e-02 1.257823880481037104e+00 -2.338163339735026103e+00 -1.412845666753326901e+00 -9.245284104492009977e-03
-1.626348355875305018e-01 1.010073658821390108e+00 -4.112133131745553949e-01 1.086322862680401125e+00 -2.593557722877666727e+00 -9.058227274414790697e-01 -1.387413828166216279e-01
-3.757715688408852506e-02 9.168976270259342476e-01 -4.224402953675541750e-01 1.022450655636402139e+00 -2.605771564626147008e+00 -4.822662904036550957e-01 -5.688520427953038666e-02
1.710595813611258398e-02 8.375400126024741265e-01 -1.927034634361961540e-01 7.748246288824852668e-01 -2.413698141308338929e+00 -5.942828121355045456e-02 8.038997602023706390e-02
8.047041818671064883e-02 7.052466261002626746e-01 1.314046511427308106e-01 2.875547316867067549e-01 -2.051674894336299904e+00 3.539253046021418880e-01 7.990871270016948469e-02
7.568993667209757137e-02 5.437501151340219385e-01 4.714659431042413362e-01 -1.413328882798538244e-01 -1.465756303064499777e+00 6.171739144425294477e-01 3.535537779519110774e-02
-5.809030365326825485e-02 4.704510501864297423e-01 8.201596483916491209e-01 -2.388536232615481869e-01 -8.762652326129998226e-01 6.387782810245439258e-01 1.340995182088237370e-01
-4.103341377445809401e-01 6.446361653053919172e-01 1.250018278567553098e+00 2.988642103492628599e-01 -7.080815489676436369e-01 3.938799712386370500e-01 5.073267456762433625e-01
-9.740912236335742547e-01 1.047314274792521926e+00 1.725278590462998141e+00 1.340825957907675781e+00 -1.049663235267261685e+00 -3.786509164386946125e-02 1.084393536563460714e+00
-1.471197900038169193e+00 1.533815591505775622e+00 2.058915752267092447e+00 2.252079505419636529e+00 -1.409487020389718959e+00 -4.034914662135241636e-01 1.555818147035214372e+00
-1.605767717161596719e+00 1.938691992590240831e+00 2.175074691171339669e+00 2.492284011045204029e+00 -1.398028047954813724e+00 -4.710043608122961301e-01 1.713994217769306605e+00
-1.381537278935748292e+00 2.119402571700949256e+00 2.228112218269108880e+00 2.025348555809314277e+00 -1.116505412812516473e+00 -2.535775746966458244e-01 1.625488647841752288e+00
-9.912568123446607871e-01 1.994191594700455372e+00 2.304182918039166861e+00 1.169059919553111060e+00 -5.918283958856238591e-01 8.382271384037490169e-02 1.416243475474063596e+00
-6.004925764311608294e-01 1.509350271858209691e+00 2.307873482598020498e+00 2.041096659800827051e-01 2.639765452701229864e-01 3.748851265968086710e-01 1.195088400779418469e+00
-2.420117733550042616e-01 7.317589812145786077e-01 2.138604940906476237e+00 -4.956480403777993593e-01 1.234163119328451907e+00 5.399458579699819571e-01 1.116195107557755195e+00
1.432767950068423446e-01 -1.328003891356434873e-01 1.648432709396214113e+00 -7.678450427300524961e-01 1.950712597090783040e+00 6.048807105453529731e-01 1.117200090473156493e+00
5.193583207483082331e-01 -7.964067120149987966e-01 8.256914074615337995e-01 -7.797768940096073687e-01 2.239214341437014699e+00 5.794491660283170864e-01 9.916362889490014654e-01
7.740623859453037436e-01 -1.109817575249342214e+00 -1.246516336023102967e-01 -6.549787554268837741e-01 2.039047172775827477e+00 5.176142456637456979e-01 7.568591128819314173e-01
8.455673648432697753e-01 -1.210705272535486543e+00 -1.043073127603212136e+00 -5.240642477013787159e-01 1.591472301460586047e+00 4.919812930676889517e-01 5.177074163098061010e-01
7.505307956634892363e-01 -1.249915366964317931e+00 -1.780176673048027736e+00 -4.175791682270640903e-01 1.315406447460577555e+00 4.587796024441221365e-01 2.697749076295338777e-01
5.187084199144372798e-01 -1.152128984323337324e+00 -2.064104763173061130e+00 -2.743832921358214105e-01 1.374240379149296087e+00 2.797295421194044285e-01 6.437384698298237451e-02
2.373031551331428457e-01 -8.063595581334742635e-01 -1.794771463031643144e+00 -9.397323368092522222e-02 1.416179818298298532e+00 -7.573133099471404672e-02 -1.524131503635110449e-02
6.573739818374246813e-02 -3.381425301143078377e-01 -1.299861380699604219e+00 -6.630002997247352869e-02 9.784448897220129338e-01 -4.703711494752531030e-01 -1.625023220525407819e-01
9.010621670214501167e-02 4.257228767640708345e-02 -9.109931072848054256e-01 -3.323641621760014542e-01 2.450515187090874236e-01 -8.149058099888910611e-01 -5.445636703090217523e-01
3.257579098393745820e-01 2.428324891582196166e-01 -6.453259241973379190e-01 -6.430915048888899976e-01 -4.543472483326394529e-01 -1.020621389190725203e+00 -9.984708910547690497e-01
7.022735656302565577e-01 1.895099481374278305e-01 -5.593272911953517390e-01 -9.220420547714687221e-01 -1.001483928297582038e+00 -9.789776606767746081e-01 -1.384946291925853723e+00
1.033018975034450948e+00 -1.818299906826287282e-01 -8.005135772655447290e-01 -1.287890192197584049e+00 -1.327214153571271815e+00 -6.852412272871173382e-01 -1.638019369753156651e+00
1.143291512478449512e+00 -7.436347098142196410e-01 -1.230036238670673354e+00 -1.658251814204241947e+00 -1.393128911866585717e+00 -1.984628974030970272e-01 -1.680967053466703609e+00
9.456233868583158175e-01 -1.281468914259039416e+00 -1.546144463146987391e+00 -1.933255650119662494e+00 -1.090967508098759975e+00 3.305258110461832266e-01 -1.484765895351036979e+00
4.608395449121956977e-01 -1.714879044175821710e+00 -1.606078224771017915e+00 -2.000653711047387873e+00 -4.092965374806183942e-01 7.028612444512120083e-01 -1.087233190701065499e+00
-5.596222272740535020e-02 -1.971512077401228691e+00 -1.436651479873863879e+00 -1.734008129026840539e+00 3.990683167287959465e-01 8.975151145927376950e-01 -5.854372938128704629e-01
-2.693879438595855325e-01 -1.990534563733233009e+00 -1.134705855788594286e+00 -1.141502431746014512e+00 9.465648791257906813e-01 1.046142724333051444e+00 2.269021504115690570e-03
-1.557903299334011393e-01 -1.815362232310290480e+00 -7.880659694371218160e-01 -4.335164034074365236e-01 1.240626184843206747e+00 1.145917957714879032e+00 5.756248545380181492e-01
1.057696934631273261e-01 -1.509442355304027261e+00 -4.821478991864271979e-01 1.409406002441767336e-01 1.468506645148273559e+00 1.122541394826673145e+00 8.516420721968780416e-01
3.719983010195663242e-01 -1.139810530388266629e+00 -3.327370798362214166e-01 4.654743521112754689e-01 1.382860315054369682e+00 1.069774486337401465e+00 8.233357609773021002e-01
5.160340954198747720e-01 -7.628966411705058182e-01 -3.738887943070343667e-01 4.448439734020553926e-01 1.057442898970048617e+00 1.077646884882109690e+00 6.856923396242153856e-01
5.185867259107812544e-01 -3.914261493219136634e-01 -4.752842314691135273e-01 2.222876780442210876e-01 8.844729306801376589e-01 1.124511723936763907e+00 5.774891998653131076e-01
4.053843645220668868e-01 -1.121532980424606585e-01 -5.653034471434903452e-01 1.073692705777225670e-01 7.457564961857616748e-01 1.160454784286592655e+00 5.570185848146020913e-01
2.422645619112262505e-01 -1.525204865160780486e-02 -6.397416795784298671e-01 1.092158677463830711e-02 3.478681633910882809e-01 1.134036348443607789e+00 4.090419098805304632e-01
1.772838754443991638e-01 -5.509428536401179792e-03 -6.168762009620392117e-01 -2.437417954462167136e-01 -1.844533307952547496e-01 1.011489305841279496e+00 -7.179739816239228203e-03
2.728636276517095727e-01 3.647286653805634216e-02 -4.834378463394637948e-01 -5.526673730385647243e-01 -5.077502506239337521e-01 8.190854492039556511e-01 -5.267598615339439405e-01
4.705323188452139038e-01 8.896228359702526567e-02 -3.077691095015764877e-01 -8.756068698272749806e-01 -5.557109786426123188e-01 6.920642949066150296e-01 -9.864836004798314129e-01
5.936404089548986684e-01 4.258345087016265039e-03 -1.895325335069569517e-01 -1.240797957182330213e+00 -3.123636263111054800e-01 7.618610360918043334e-01 -1.287425061176135310e+00
5.318989519386551068e-01 -2.130291482737536324e-01 -1.661034358180596415e-01 -1.499436136269215680e+00 3.706424588911002016e-01 9.902094372205360040e-01 -1.356123559967222780e+00
3.445969866195426334e-01 -3.658399264203101575e-01 -1.577799226701953050e-01 -1.363343901865540886e+00 1.134058197311257121e+00 1.203065991220180431e+00 -1.173608071230439975e+00
1.480560198471901345e-01 -3.924101404442141283e-01 -1.285435270244952577e-01 -9.306623353341234584e-01 1.418805228666575990e+00 1.339746285297295891e+00 -8.919267068138960752e-01
1.028974167996574846e-02 -3.696356298056507339e-01 -5.740235218209590456e-02 -6.701137011303897051e-01 1.347075605130304332e+00 1.374925382446863908e+00 -7.323521901272409540e-01
-1.955993280468232842e-01 -3.318853786602644074e-01 1.625254617473860519e-01 -5.920536289360115445e-01 1.137696884304289613e+00 1.124149140884777909e+00 -6.184408206130819208e-01
-5.630460868143436493e-01 -1.653410821153979138e-01 5.857790038319682369e-01 -3.935160696755854448e-01 7.438594081107487987e-01 4.749406984984803071e-01 -4.058002901849272481e-01
-8.879551589576903936e-01 7.785421880791673632e-02 1.007756779130173364e+00 -3.062900830022271051e-02 1.926141813182782325e-01 -3.748305163324958111e-01 -2.188770345044356302e-01
-8.834139469444229897e-01 8.986324755871570591e-02 1.118872461656093886e+00 3.723586957563516098e-01 -3.220519469223729336e-01 -9.779956572340341436e-01 -1.790118185052776145e-01
-5.004457975462957009e-01 -2.111619141486514861e-01 8.218224180672702994e-01 6.998982099715367333e-01 -6.359759263242115157e-01 -1.130466556974827119e+00 -2.439573090176708481e-01
5.593079913421567483e-03 -5.843342165379856734e-01 3.236781183790833905e-01 8.628741034231504070e-01 -8.457072387836896965e-01 -1.105167330111547885e+00 -3.386102334671637348e-01
3.349779110515185288e-01 -7.135063107377374036e-01 -5.782126528517627512e-02 8.608155026712368540e-01 -1.093076375208259510e+00 -1.189872085221029829e+00 -4.177635379503483737e-01
3.737536037593323646e-01 -5.252165890057250985e-01 -2.474507606471783583e-01 7.609400970317875545e-01 -1.353262458714974636e+00 -1.427924395121796142e+00 -4.855544632488215662e-01
1.565625796157333327e-01 -1.957524561879574465e-01 -3.491286039491398041e-01 5.779185790635785747e-01 -1.425094005589082169e+00 -1.677861114981044954e+00 -4.912658683455097819e-01
-1.903711104173027580e-01 1.054097421938645501e-01 -4.437144629239057059e-01 4.165740093474624151e-01 -1.295080629520426019e+00 -1.720734094528438840e+00 -3.854945079744571124e-01
-5.765409518838819913e-01 2.728272980813547521e-01 -5.513838624361248053e-01 4.358755938458004353e-01 -1.184462776634054970e+00 -1.509715854576914484e+00 -2.817845302174791788e-01
-9.401818015836451714e-01 3.133837668530776166e-01 -5.718037207415331835e-01 5.865372433025026755e-01 -1.188593281715439209e+00 -1.198835973205804040e+00 -3.341109604616414597e-01
-1.140461904732769316e+00 2.211410150744401171e-01 -4.939963898552761079e-01 7.422391499223519595e-01 -1.244583910312301089e+00 -9.027874097832740974e-01 -5.147751290753654896e-01
-1.101794336579264399e+00 9.156204604027521829e-03 -4.470116305621502084e-01 8.380418158672582329e-01 -1.200001383825952006e+00 -6.334944976376074566e-01 -6.153260908588799039e-01
-9.005995278590588349e-01 -1.562007253105445748e-01 -4.688592198368429220e-01 8.410828307293792827e-01 -9.227493665629447062e-01 -4.140696773336755565e-01 -5.488034328561073316e-01
-5.955140164670219560e-01 -2.183768209858841514e-01 -5.677484291624829149e-01 7.578821780197291247e-01 -4.820687385005685277e-01 -2.774568235366211000e-01 -4.643009269819609597e-01
-1.525964928269225585e-01 -1.827937940052188071e-01 -7.577832942322576537e-01 7.038807362152861291e-01 -8.112444164949909886e-02 -1.856694250572490934e-01 -4.872794268331485101e-01
3.386562764487903721e-01 2.505179216822094306e-03 -8.995641370021568717e-01 6.509553731718306091e-01 4.084513569404219502e-01 -9.839710057017134193e-02 -5.687732213751622856e-01
7.131935610899102773e-01 2.948117625833415190e-01 -8.456942665719938690e-01 3.906166854533549282e-01 1.049375570553010784e+00 -1.081554289072098329e-01 -6.136116583186206341e-01
9.761800791743350247e-01 6.896843773024171620e-01 -6.543824255053635186e-01 6.537605228233255017e-02 1.353402280716363038e+00 -3.559020509178686398e-01 -5.983971890129989868e-01
1.201037879718120926e+00 1.199972895763044223e+00 -4.572772934462088767e-01 -6.026099695248694071e-02 1.222612091497252029e+00 -8.458889406205831740e-01 -5.519676022344772726e-01
1.278453154802562608e+00 1.673690607652592588e+00 -2.793949236391731761e-01 7.809714074243037651e-02 9.162051595843101470e-01 -1.447827859313121301e+00 -4.908261810502076994e-01
1.054520641558075456e+00 2.007739514002286008e+00 -5.167579863377102373e-02 4.422001282109066511e-01 3.624679645813503326e-01 -1.875161965493368221e+00 -3.068910886816247352e-01
6.664583409037116990e-01 2.193347763626719349e+00 2.200584294780695838e-01 8.630180530587565624e-01 -3.618324080473883653e-01 -1.828950962408871561e+00 8.592114271258774472e-02
3.583491471750119839e-01 2.136356722006973463e+00 4.109295033268798303e-01 1.097970330850598142e+00 -9.376781112727653467e-01 -1.355101368917962734e+00 5.037831096776947959e-01
2.536092845687239472e-01 1.775675698551141712e+00 4.396911447996105782e-01 1.013694141537047511e+00 -1.111936130177402671e+00 -7.336159369410795161e-01 7.623975242523088891e-01
3.583889414571446164e-01 1.196325487260331277e+00 3.420008846078841369e-01 7.307148340516737006e-01 -8.859419949237643532e-01 -1.466323805224637178e-01 9.058692985025121880e-01
5.097259065910307863e-01 6.472128086961236315e-01 2.290671786968622725e-01 3.805356207263969615e-01 -6.271488490799834725e-01 3.491713515526228551e-01 9.649104550929039625e-01
5.229944665595019915e-01 3.704645498720287033e-01 1.297630912650841462e-01 1.122774149777002184e-01 -4.772678643180734981e-01 6.762354867026098004e-01 9.242912645393360771e-01
4.232557840475413280e-01 3.050807727818549697e-01 -2.091123089089022211e-02 -1.650751301289568249e-02 -4.573256227294545534e-02 7.795338493175882899e-01 7.878978882852175625e-01
2.965981661758308463e-01 1.923203864304435240e-01 -1.921717281721200543e-01 -2.236412277355344924e-01 7.339475153342093217e-01 7.140202509675043219e-01 5.542003013547164292e-01
1.223963955074515442e-01 -7.788853340649144752e-02 -2.997299546649547786e-01 -5.017326832518398394e-01 1.337015907743907217e+00 5.879009814442792692e-01 3.156341986057841775e-01
-1.034818302039041127e-01 -4.631930906669818326e-01 -3.621173029335086890e-01 -6.153200826185610817e-01 1.453689790360969347e+00 5.076251295330088675e-01 1.095839193552919089e-01
-2.727258954065704954e-01 -8.933162173199060696e-01 -4.757704145851786026e-01 -5.232287157373697317e-01 1.233365761685754958e+00 5.193945097044987413e-01 -1.072798819678416754e-01
-2.461065174479284134e-01 -1.205369779110967654e+00 -6.338911578689115922e-01 -3.352382009983371214e-01 7.460313870340208320e-01 7.169948188083012930e-01 -2.336819735739266435e-01
-6.845040789817911919e-02 -1.365839124249800252e+00 -7.698005891545343093e-01 -2.596491528702129514e-01 2.802698395210758905e-02 1.150398951158165151e+00 -1.833097232017993072e-01
1.392270312201074056e-01 -1.489898268620377220e+00 -8.245495281031465229e-01 -4.797441968903040643e-01 -5.296098231016277413e-01 1.672090092420119189e+00 -5.604526214576166510e-02
3.426138805397692111e-01 -1.560182973209190083e+00 -6.794238313694300757e-01 -8.730018138645723180e-01 -7.162375973321654099e-01 2.126188452656998962e+00 8.446425665715000253e-02
4.596945420138093819e-01 -1.481228702459385538e+00 -2.807761596807899496e-01 -1.105321036745503749e+00 -7.462812590270085922e-01 2.330078792419348233e+00 2.421855395939065125e-01
3.017718922934669035e-01 -1.209700601475792281e+00 3.228529847132832198e-01 -9.583246952018299458e-01 -7.254814018252168095e-01 2.083902461734963296e+00 4.599478992849348469e-01
-1.826537739630991475e-01 -8.560050562676376762e-01 9.703073182809014430e-01 -4.376644030876256641e-01 -6.106087476015017446e-01 1.401305173003582816e+00 7.936325614700460163e-01
-6.945118754206753842e-01 -6.391737328311730693e-01 1.339300297731863543e+00 3.024261895756706342e-01 -5.207629810985223706e-01 5.619122157446466703e-01 1.028099345000398568e+00
-8.266236080212091553e-01 -7.446961450230477064e-01 1.247636665822888791e+00 9.791056976017182834e-01 -4.696618647197879359e-01 -1.055277965852525479e-01 8.765624466136118231e-01
-4.991511663814283684e-01 -1.106019427427530122e+00 8.667696752603418764e-01 1.359324346609323442e+00 -2.958424632467904769e-01 -4.700903821624639600e-01 3.681227714403642048e-01
-9.933547558259337232e-03 -1.333539827965831925e+00 5.123212730773613055e-01 1.388759478913038414e+00 -1.900055353568375904e-01 -5.835725969639719013e-01 -2.546840279512570526e-01
3.795923227372050013e-01 -1.192759317370825523e+00 3.372884900597122870e-01 1.205482384327182466e+00 -3.339381777960961917e-01 -5.612973959011107183e-01 -6.948980888173490467e-01
6.267384827007841386e-01 -9.228897012489494234e-01 2.173037522424256240e-01 1.008885632641077112e+00 -4.025680020846329477e-01 -4.916764485876947144e-01 -7.930856494514392230e-01
7.544951249687402717e-01 -8.264295324647973340e-01 2.063158553298374831e-02 7.613932692660253521e-01 -9.332914206361848930e-02 -4.124521611032910262e-01 -6.621468954655069794e-01
8.064480248187742006e-01 -8.948844676069093174e-01 -2.483862215412261376e-01 4.043433414871845932e-01 4.346112802761110117e-01 -3.487526604175422706e-01 -5.627940086076843595e-01
8.085087470383013342e-01 -8.915327783757726055e-01 -5.361662981810785267e-01 8.446491655355470307e-02 7.465099134791446378e-01 -2.603765587705576534e-01 -6.293948171355885357e-01
7.171618505048730219e-01 -6.670594305810400027e-01 -7.133794610145129944e-01 -1.035962231532683159e-01 6.408519954956566345e-01 -8.569531974080245307e-02 -7.295009491398153356e-01
4.765270326781943511e-01 -2.811373800177725535e-01 -6.139894886226021642e-01 -3.440504121266682036e-01 3.196062057069822271e-01 1.945521464814535528e-01 -6.709635415369662459e-01
1.105514012016012432e-01 1.584574787089559900e-01 -2.248022904566310265e-01 -8.549950448197685127e-01 9.548710239743440908e-02 5.736923920987659908e-01 -3.700159022250260055e-01
-3.697137370922483068e-01 5.298665636484630737e-01 3.000678537232554510e-01 -1.482033855884276496e+00 2.039077993841855452e-01 8.649389704663247302e-01 9.761708962337850570e-02
-1.030341243828308162e+00 7.555601658479054183e-01 8.324067339671685772e-01 -1.840873582872741387e+00 4.567414875751484860e-01 8.368602097270498863e-01 5.897755425828896669e-01
-1.813636763974860289e+00 8.740104352173403424e-01 1.299546309853018444e+00 -1.754233653722559350e+00 4.306348080698466640e-01 5.030433678294422561e-01 1.036301039504590626e+00
-2.502208569756080081e+00 9.458294152388614373e-01 1.625935005517445298e+00 -1.496559444146575490e+00 1.902050186577648183e-01 3.099568329355789284e-02 1.343719524878752569e+00
-2.887131209101165830e+00 9.654416776011658374e-01 1.723549145773672020e+00 -1.367643015257554495e+00 -7.833035847152275757e-03 -3.874446003910556602e-01 1.415654134983969081e+00
-2.906906801437200816e+00 9.914922518862540057e-01 1.629381781738928225e+00 -1.371535527493948692e+00 -1.806200178868865858e-01 -6.323712660782003780e-01 1.309513285927399684e+00
-2.618041423468624895e+00 1.099743697597616476e+00 1.555543341611646424e+00 -1.477942062513012189e+00 -3.065680372001076681e-01 -7.084840149592239733e-01 1.117399152992162525e+00
-2.133368426256872841e+00 1.260184433460765030e+00 1.622783671488076118e+00 -1.645628378547606685e+00 -1.243168221967230896e-01 -6.492524873062112123e-01 9.395522350191447547e-01
-1.702968666559990796e+00 1.347877457998173378e+00 1.705797890952270857e+00 -1.816324742635500034e+00 3.724583451251817778e-01 -5.574575588182197894e-01 8.543052170180149840e-01
-1.540474372453178420e+00 1.298345400841846686e+00 1.725694642114197874e+00 -1.911081421140071290e+00 9.085189029800235794e-01 -5.588072589023375114e-01 8.991232763793861604e-01
-1.577781081102944905e+00 1.158320102326834800e+00 1.700733528188291155e+00 -1.794779426199834882e+00 1.153120972099573871e+00 -5.929509195672204580e-01 1.031943320388587937e+00
-1.512065030439159408e+00 8.961660137161259199e-01 1.511995675758158519e+00 -1.479241658846472074e+00 7.854038951411970171e-01 -4.641970357786960322e-01 9.802332471571306716e-01
-1.131751181107225390e+00 5.868373876961835434e-01 1.122147529597077087e+00 -1.045940708650647810e+00 5.637065837463495210e-02 -1.348369029756444626e-01 6.110055242244779583e-01
-5.531987374064004648e-01 4.189029090775114872e-01 6.438686998367931791e-01 -4.946367507125237206e-01 -6.138013570525617801e-01 2.224539225436971412e-01 1.232848152025688565e-01
2.043633406947217152e-02 3.856680007553414113e-01 1.291870541349880719e-01 7.620029979704109890e-02 -8.513920245080378590e-01 5.049469577344063431e-01 -2.692654539185260765e-01
5.425396255983768734e-01 3.658530943717569484e-01 -4.301308750785184931e-01 5.526410591725011701e-01 -2.125369265192071921e-01 6.415655081707580809e-01 -5.235692148281321234e-01
1.064467686388041345e+00 3.064893532786512886e-01 -1.048076815679370721e+00 9.290223811411000288e-01 9.119975365768133724e-01 5.736221791010382987e-01 -6.629206684393640359e-01
1.552680222233671525e+00 1.677764356333584228e-01 -1.699563654705404048e+00 1.292118847444201135e+00 1.666627002533872304e+00 3.956077929294917750e-01 -6.705736063048000073e-01
1.901468807246148751e+00 -8.842837635053890644e-02 -2.244538503911406302e+00 1.682735815902640875e+00 1.922468382679670018e+00 1.538175657536814678e-01 -5.663898344071049973e-01
2.118011894837108056e+00 -3.968439211932776045e-01 -2.540803180757097657e+00 1.960388521640390680e+00 2.050467774111581321e+00 -1.304833109747211284e-01 -3.989395347318109297e-01
2.230103616531720956e+00 -5.515691144547254510e-01 -2.536060637567175924e+00 2.065301281335613304e+00 2.094464825730783186e+00 -3.403332414373239634e-01 -8.723796585698415096e-02
2.158557094764478546e+00 -4.392048135061274450e-01 -2.269897390921074010e+00 2.228516442083705584e+00 1.844042320202353258e+00 -4.778579207026082409e-01 3.778681071793763002e-01
1.895750496079909642e+00 -1.902035551670320790e-01 -1.908706878930108486e+00 2.652507011999353903e+00 1.396289596169029590e+00 -6.282304192415762989e-01 7.962646904119418112e-01
1.551473541696904990e+00 -5.680197304152483258e-03 -1.607799990554188874e+00 3.076796027292304281e+00 9.618398349902970157e-01 -7.050002794461894817e-01 1.007083099961517014e+00
1.193694605652204865e+00 3.664179312399384880e-02 -1.381850828169030043e+00 3.188840451307142221e+00 5.881670525586446541e-01 -6.415629371017682603e-01 1.023704275605062053e+00
8.014679324701196039e-01 8.582237370263139098e-03 -1.079406533935004076e+00 3.015286980136329564e+00 2.810066921283875807e-01 -5.835702434750821288e-01 1.021735195531635831e+00
3.351729281740104538e-01 -4.311101771162068746e-02 -6.283886545439536508e-01 2.560161482762636886e+00 8.549427260940149764e-02 -6.661276624867266127e-01 9.942099830614501421e-01
-1.149190724734059782e-01 -6.852074151642957578e-02 -1.601924491221139724e-01 1.895049415812460225e+00 1.709150304088433159e-01 -8.532987829931997226e-01 7.579408232597026895e-01
-4.167659990818237126e-01 -2.936095895483669532e-02 2.122396896829649993e-01 1.190073963790853062e+00 5.946621975974859531e-01 -1.034213014393028596e+00 3.320334503742350951e-01
-5.602273663840703355e-01 7.647598050598605757e-02 4.646843533360553447e-01 5.176920555225694720e-01 1.050485103614332116e+00 -1.128129986288826103e+00 -7.413348356198579125e-02
-5.860798025630844510e-01 2.467175196624033784e-01 5.871640259173106502e-01 -5.581512956789105688e-03 1.257663260540314409e+00 -1.079313229491692949e+00 -3.712489265233446245e-01
-5.988614889134894481e-01 3.528630483254832084e-01 6.379826226378273457e-01 -3.680893670281491503e-01 1.140405126446050410e+00 -9.079838481548903051e-01 -5.714667202272916136e-01
-6.627765046518122594e-01 3.660459085438761417e-01 7.701700674951612591e-01 -7.260921579699679551e-01 5.099272478734290237e-01 -5.966625621887848840e-01 -6.124654149345702958e-01
-7.613579157925539631e-01 4.872061082251771258e-01 1.078086145582931366e+00 -1.113856247791110698e+00 -3.636571286137614822e-01 -1.911562074276595968e-01 -5.315385769396732130e-01
-1.030298254655171108e+00 1.030860716835336310e+00 1.669504576032269982e+00 -1.439743501278819560e+00 -8.045025871865251199e-01 -2.403681779597853507e-02 -3.332157487504347482e-01
-1.558930373585250440e+00 1.835730419478363462e+00 2.434808907469671713e+00 -1.760636176007495779e+00 -7.941550362049404344e-01 -2.104625745310510776e-01 -1.654045160784810634e-02
-2.068949839080969966e+00 2.216660195309111181e+00 2.951658091164416131e+00 -2.137127397126210582e+00 -7.356275814314604533e-01 -4.083001790878083570e-01 2.958302831325418381e-01
-2.238613781587011964e+00 1.996745629245573639e+00 3.035739808905305814e+00 -2.208655671621067906e+00 -6.880454705351344291e-01 -4.009458220638406623e-01 6.083385827792709977e-01
-2.079424852975257920e+00 1.514245056026088276e+00 2.822233370337154934e+00 -1.781785580795408164e+00 -4.869204954641866423e-01 -3.565651357910429864e-01 9.144577701734054598e-01
-1.707252527010141741e+00 1.053367096258105429e+00 2.468352040973419204e+00 -1.289497507387340702e+00 -2.656995644548444946e-01 -3.554551292611226043e-01 1.027734734622582025e+00
-1.161599390174085533e+00 7.086843667234004052e-01 2.018699952182925195e+00 -9.818497178264770087e-01 -1.866409190635299475e-01 -2.743136598390427672e-01 8.839504278609998655e-01
-6.249745837365540124e-01 5.467201415526595776e-01 1.535482579006925752e+00 -6.860086110883257815e-01 -1.316308492709685196e-01 -1.763444278352192252e-01 6.590523729983138734e-01
-3.551719922349584890e-01 5.629508876723847699e-01 1.083817766148269301e+00 -1.499884831100697646e-01 -2.135613171769567553e-01 -1.795604750295207719e-01 5.169816714828296966e-01
-3.553439508168002581e-01 4.984058828140066622e-01 6.106846664261529334e-01 5.794010858218412441e-01 -5.977164071422260694e-01 -2.551363790127603171e-01 4.639103909687175009e-01
-3.540700356275421901e-01 1.844401127577363353e-01 7.011089839867634677e-02 1.071269589751184137e+00 -9.245984895094940814e-01 -2.347103474300253900e-01 3.487722192888149109e-01
-3.575940718522647999e-02 -3.291558869496327699e-01 -5.281236913356880391e-01 1.011731534195653204e+00 -8.212741837966522906e-01 1.327117118294341043e-02 -6.264750712156351431e-02
6.307064063743007543e-01 -9.262262338653800553e-01 -1.159461245396476770e+00 5.318132721521858786e-01 -4.090188408037980228e-01 3.155869232239941202e-01 -8.480168055461329013e-01
1.370738342285457767e+00 -1.397766886912018558e+00 -1.783684995928455086e+00 6.955617932075101872e-02 1.943514493241532692e-02 4.841051445237580797e-01 -1.725369207260859739e+00
1.905157188800462809e+00 -1.648094560640446682e+00 -2.328416875034238664e+00 -3.062954788612662349e-02 3.661307912913695506e-01 4.900260680787354994e-01 -2.248421951017761877e+00
2.130322148266157178e+00 -1.784455299540935291e+00 -2.718081808094170437e+00 1.348335337524299571e-01 5.842706033842960389e-01 4.377706501593285338e-01 -2.264246959069024179e+00
2.152455386206841403e+00 -1.881302256457094479e+00 -2.911626050000006405e+00 1.989820062134922130e-01 6.027169549207088695e-01 4.508778930579798172e-01 -2.095071025416033184e+00
2.089221539642408754e+00 -1.951310290949477722e+00 -2.886070327045207051e+00 1.064405543683751149e-01 4.187363528629111098e-01 3.952960971393801870e-01 -2.046861088425947717e+00
2.008439647085553670e+00 -1.925773466794220790e+00 -2.667620506239848588e+00 7.102657818911835286e-02 9.366854847252532867e-02 1.355410609061275806e-01 -2.069189163910682971e+00
1.910424393372849527e+00 -1.777312579525877512e+00 -2.367696699802196658e+00 2.096630974363208888e-01 -1.428660446483139279e-01 -2.820140334534068094e-01 -2.039872083775411404e+00
1.667366123737530348e+00 -1.600734094924848971e+00 -2.042644768912245112e+00 4.112939116528770422e-01 -7.597235150717299157e-02 -7.802183382347599450e-01 -1.894513733139941092e+00
1.265754982808972917e+00 -1.403212297439373701e+00 -1.710155154688346002e+00 5.753568260222496900e-01 8.302749681259237458e-02 -1.190804385147805844e+00 -1.613467398163655142e+00
9.117058584174621005e-01 -1.186155262569877245e+00 -1.470698578488137231e+00 7.151894851427282873e-01 -1.281593993287941657e-01 -1.241291189719285537e+00 -1.275921579562108166e+00
7.953338304038455320e-01 -1.070815449599006763e+00 -1.379401688004447513e+00 7.497237729049905930e-01 -8.160345528731437481e-01 -8.610497970533079748e-01 -1.057226358777051844e+00
9.120944699359730956e-01 -1.093876066608785225e+00 -1.367072789528669841e+00 6.124598949619779464e-01 -1.573374567253461143e+00 -2.028071785058598031e-01 -9.922625411484452540e-01
1.086113848610410049e+00 -1.105722928637440372e+00 -1.328920667222414531e+00 2.457018675004352115e-01 -1.860405790170785778e+00 5.825046345602368225e-01 -9.061527555598877237e-01
1.134320444238394954e+00 -1.001371072452715172e+00 -1.220018049760915435e+00 -4.105594144132798107e-01 -1.667434576260649948e+00 1.324024004600882876e+00 -7.829128718411451082e-01
1.088409121981103400e+00 -8.858369577122658933e-01 -1.073739532890291226e+00 -1.255074637687138006e+00 -1.369195011412195573e+00 1.887975962050385981e+00 -7.605616316474897998e-01
1.040691065280881844e+00 -8.743043511371183518e-01 -9.380432550016168936e-01 -1.957873170784053984e+00 -1.032752992772775658e+00 2.245463242801382986e+00 -8.353727108305165627e-01
9.531846921523915439e-01 -9.051987919533586169e-01 -7.751541754822809382e-01 -2.318459554165842817e+00 -5.336360562429843801e-01 2.340104092711706496e+00 -9.555527172017885817e-01
7.336844225260343855e-01 -8.458040554186722071e-01 -5.283220321390280638e-01 -2.381639969666372370e+00 1.529105905458885695e-01 2.060934580267169469e+00 -1.008120083282445067e+00
3.419701536269885156e-01 -6.282931543509743255e-01 -1.617760057947270347e-01 -2.135198434517539656e+00 9.934416393264368095e-01 1.422330823006167089e+00 -7.850631707778690238e-01
-1.359909531187745990e-01 -2.149566052729662557e-01 3.377404893787579465e-01 -1.692269445072276168e+00 1.789274554120603655e+00 5.870807466179701617e-01 -2.848028375821273772e-01
-5.700346956017559030e-01 3.707191460302814434e-01 8.995419727122488940e-01 -1.178697584174860813e+00 2.189420626346999743e+00 -2.365573892688593860e-01 3.021477669925679566e-01
-9.262197288694009600e-01 1.043670143124083349e+00 1.492097117310480670e+00 -5.587829832873508762e-01 2.026823110392967919e+00 -8.920227070888891996e-01 8.438177409552507502e-01
-1.282591964757127778e+00 1.659453889910433411e+00 2.095454217636804284e+00 1.651670570648269554e-01 1.430272771830694234e+00 -1.303310441374011308e+00 1.316078212957253024e+00
-1.618980312408357936e+00 1.965115485977396492e+00 2.574509400069847853e+00 9.654055558903668066e-01 7.407186899820992210e-01 -1.413955970400065709e+00 1.723149158505577816e+00
-1.819801506451591333e+00 1.891948613494374820e+00 2.773725828597234599e+00 1.749337891586674409e+00 2.518499997292543147e-01 -1.355367397311686206e+00 1.966429485432804602e+00
-1.846820838260731623e+00 1.702322813132784551e+00 2.691907866548414408e+00 2.373286130548937667e+00 -1.336381695030400274e-01 -1.421872386177799541e+00 1.948268547169690557e+00
-1.607466255797807886e+00 1.629557454110391435e+00 2.427081998838564569e+00 2.688858352005421448e+00 -4.685711143602879769e-01 -1.633715203158080165e+00 1.731830620461144665e+00
-1.052416658938191363e+00 1.623809603861640971e+00 2.029091694432338500e+00 2.630491518882659197e+00 -5.113087050963263103e-01 -1.782829419063630239e+00 1.413754707863932092e+00
-4.202230339606352061e-01 1.616658475512537496e+00 1.560537198615159715e+00 2.265783402213729758e+00 -3.433838886375909505e-01 -1.802760684872561914e+00 1.090573205514296928e+00
5.130413769456920736e-02 1.621966305212780624e+00 1.096436049440893568e+00 1.722230645401452431e+00 -2.706181035256766676e-01 -1.722657138323653969e+00 8.254318333138227493e-01
2.763197492504348429e-01 1.609950818202000589e+00 6.555544580592974624e-01 1.241004602722024508e+00 -4.614686931043847085e-01 -1.590574890805011243e+00 5.882509212851181335e-01
2.113626459895245058e-01 1.564931702416616055e+00 2.542189099450464229e-01 9.502177537247782357e-01 -9.571744733814232520e-01 -1.454003576287396404e+00 3.517713421988991618e-01
7.712825543854238096e-03 1.506307991529346246e+00 -8.398982776990424060e-02 6.732195763505331998e-01 -1.452607988527964800e+00 -1.266943720076715074e+00 1.158612117102313516e-01
-1.196170087695749701e-01 1.387515718076786309e+00 -3.533035016441385956e-01 2.493433226254682944e-01 -1.663748605686448778e+00 -9.427526915108378480e-01 -1.272228626360406289e-01
-1.282215751279348892e-01 1.100834651761573024e+00 -5.143880140254105671e-01 -2.544097267946070495e-01 -1.649304056959215226e+00 -4.776705846612936401e-01 -3.511624152764725171e-01
-7.745344567025827520e-02 7.179522572572879513e-01 -4.920083178085186137e-01 -6.698667564794383855e-01 -1.463580309353214037e+00 2.048853411670249411e-02 -4.479734028045858074e-01
-9.236058213180084464e-02 3.942024435231272772e-01 -2.789684219383981589e-01 -8.825254811168372626e-01 -1.090594437131086725e+00 4.350339218973745536e-01 -2.891288332815914464e-01
-1.820477644706985920e-01 5.072968951628039486e-02 -3.767909138267667296e-02 -1.016446279254872298e+00 -3.875339865563139918e-01 7.293495730676586852e-01 1.215166248515748768e-02
-1.977708492684053521e-01 -4.552194734602323933e-01 5.368094109485762808e-03 -1.250084187409546299e+00 5.940988943489905472e-01 9.440789098918898059e-01 1.898248355989024527e-01
-1.203113722578765393e-01 -1.062123140844038582e+00 -1.849253917895851140e-01 -1.532068104122175090e+00 1.438533974065296484e+00 1.124260293116264187e+00 2.059900628003574485e-01
-1.256695213805728850e-01 -1.474129221990974070e+00 -3.818650603384128317e-01 -1.691714227145946881e+00 1.873560371580934580e+00 1.260553753550416323e+00 2.246454172902095647e-01
-4.126135175698639190e-01 -1.410459317449491934e+00 -3.321640625336903518e-01 -1.489227915702987515e+00 1.706643807667675761e+00 1.303207810072562367e+00 3.881562567355951177e-01
-9.152548758103098425e-01 -9.815537764858736081e-01 -5.099609893930624055e-02 -8.925667204262984766e-01 9.144140016332271692e-01 1.265266499394706701e+00 6.372354759061924501e-01
-1.267286619678042126e+00 -5.752386931479608334e-01 1.606446988118250541e-01 -2.755036377603470865e-01 -1.455016892535943018e-02 1.268791720092375508e+00 8.009159751795327242e-01
-1.217334778431779618e+00 -5.033769401790171294e-01 6.157210539786731052e-02 3.092547222865583978e-02 -6.063505684721214317e-01 1.397121049540078763e+00 7.412369979382332774e-01
-8.196928563857848182e-01 -7.887932842694882485e-01 -2.762624237322401366e-01 1.593966271450939290e-02 -7.802052828758323511e-01 1.629012363317338563e+00 4.357732912426341421e-01
-3.061866213076118171e-01 -1.270302714537424604e+00 -6.494702918111694423e-01 -1.576585382814521541e-01 -5.891557799500722892e-01 1.876151207436909552e+00 2.219745043646886851e-02
1.495345499304210346e-01 -1.838852847575036309e+00 -9.467456429917587846e-01 -3.542098783181512611e-01 -2.333638994827741397e-01 2.070488853057939505e+00 -3.392353941153449237e-01
5.351607754196664457e-01 -2.288923727784952789e+00 -1.149803909777697530e+00 -4.725387657156033816e-01 -1.369951303792918129e-01 2.114750744277264172e+00 -5.219188612540581751e-01
7.602764261905621268e-01 -2.377947571442223573e+00 -1.238808263126847331e+00 -4.593354611216824424e-01 -2.951266618116351048e-01 1.852556062892849686e+00 -5.344831704478242296e-01
7.683947555649297545e-01 -2.176137466714439750e+00 -1.231060314755087814e+00 -2.797995705131088862e-01 -2.895564196473802698e-01 1.326214044033937167e+00 -5.099764621122383490e-01
6.399507021332808687e-01 -1.933414549249286685e+00 -1.211386261294588040e+00 1.219491464780315254e-01 -1.367200637945747421e-01 7.196221845422799968e-01 -5.415990880611921687e-01
4.797093547542940484e-01 -1.710746505283193386e+00 -1.167643287297370547e+00 6.021592589489118685e-01 -6.868369827711057196e-02 1.868370451612635375e-01 -6.476786807871971474e-01
3.659052926705018693e-01 -1.437626403399481001e+00 -1.040672483997634901e+00 8.927678311521255461e-01 4.079776086909561034e-02 -1.360222859166974607e-01 -7.415714173108277629e-01
2.549902162497578728e-01 -1.173730881690262073e+00 -8.763451920707627796e-01 8.442723031442690429e-01 2.978052021637243585e-01 -2.229358722360227918e-01 -7.924732405353348552e-01
1.210976321718044146e-01 -9.838665271218445252e-01 -7.264669229531358630e-01 5.180093541839965177e-01 4.367950368316791399e-01 -1.557526826913558371e-01 -8.288725104115841624e-01
-3.605407787406203490e-02 -8.290783786819578838e-01 -5.635247450454655693e-01 2.311654203892304360e-01 3.716562926793215427e-01 -4.361929752576165775e-02 -7.731542122324670530e-01
-2.190601233546760063e-01 -5.938131988908280645e-01 -3.142605855632615297e-01 1.421809085129114580e-01 2.150147231896198941e-01 1.447934897307990958e-02 -5.604942550058120698e-01
-3.635161763897722942e-01 -1.544593771965042384e-01 1.061934894979145796e-02 6.412357362588591569e-02 3.642954287441287076e-02 1.209728196070075472e-02 -2.042116520975480742e-01
-4.492336331009573747e-01 3.945053309404734088e-01 2.741252507203534305e-01 -3.049296132472853124e-02 -5.846790837413371605e-02 5.616146182081750531e-03 1.632647754508203819e-01
-4.997154662579439410e-01 8.397365494761607208e-01 3.732752990784466429e-01 -3.077446506693679029e-02 -1.302659981546520629e-01 3.611026498857203976e-02 4.045828791501905886e-01
-4.801941876813767829e-01 1.060361916704551710e+00 3.021280331282696352e-01 1.608526240184267320e-02 -2.053798109545276751e-01 1.158260642265377810e-01 5.324559740074232828e-01
-3.539647553356742860e-01 1.012139009043731441e+00 1.369844859071615017e-01 6.208948240966231935e-02 -1.768853204255634859e-01 2.170694078185707032e-01 5.445827996288120643e-01
-9.088501206425812773e-02 7.034172257502295800e-01 -4.181944912734854997e-02 1.030371106780505058e-01 -3.341141198127583947e-03 3.105181486051160622e-01 3.566910275956588494e-01
3.092480744935878212e-01 3.086659305065911352e-01 -1.843417007163816457e-01 1.639357326950997146e-02 3.859593052582500627e-01 3.865085075086970301e-01 5.090379698803718100e-02
6.656766277995675996e-01 6.821411879938500678e-02 -1.958171097268928684e-01 -1.450199421022940194e-01 8.285728875178262065e-01 3.644445514306712264e-01 -1.303866399299844769e-01
8.075484966223077654e-01 7.391155412455728546e-02 -1.799864217206462863e-02 -1.137797424394493273e-01 9.520231386984683297e-01 9.257406228988514230e-02 -2.173744815819075304e-01
8.096274250148142171e-01 3.024212661559976256e-01 2.943481831162870210e-01 1.791551831802721817e-01 7.061293142328821659e-01 -3.820417660346530631e-01 -2.808930849206213720e-01
7.804557403598638698e-01 5.569342379499705453e-01 5.603292727401376627e-01 6.339834592219105724e-01 2.280392130716969445e-01 -7.988862180921205702e-01 -2.328461457962024694e-01
7.289700551108235782e-01 5.997910513305111380e-01 5.857408092636486874e-01 9.973686319844985437e-01 -2.753306910682051245e-01 -9.368622581509739033e-01 -1.799749729988938673e-01
6.528851911274844433e-01 4.444220764950186364e-01 3.946989305474967180e-01 9.413870298650879320e-01 -6.915003467174559715e-01 -7.197577226180991161e-01 -2.328738701643643105e-01
6.163154696816154354e-01 2.258457100100048354e-01 1.744393959123296811e-01 4.418870188897966456e-01 -1.204281598428040612e+00 -2.624079926402388407e-01 -3.307343579356425423e-01
6.955721059699921938e-01 2.811270326879969361e-02 4.404273821074763257e-02 -1.221864493595327256e-01 -1.686202169259251482e+00 1.709593503394665204e-01 -4.275482139747504573e-01
8.344210896775197117e-01 -3.944866446398739845e-02 -1.639417601399098881e-02 -4.120153924914063404e-01 -1.930851679915814412e+00 3.170638837564629386e-01 -5.491636752413835421e-01
8.540215105412010121e-01 9.890818140494798960e-02 -4.683576101339621822e-02 -3.112753836357016746e-01 -2.103791095261958510e+00 9.572733254446759432e-02 -6.092421570340180725e-01
7.205544758059222454e-01 3.534262350231222038e-01 -1.945340162353316471e-02 6.788610455430423019e-02 -1.956505840246510974e+00 -3.167269646312110276e-01 -5.092083828582231186e-01
5.634132041814906566e-01 5.473110250312263059e-01 1.017871756057932425e-01 2.135472247671102719e-01 -1.278388117766967369e+00 -6.296415499502178159e-01 -3.560299286806526409e-01
3.517663731277315686e-01 6.222586575757612648e-01 2.770681784014875637e-01 -7.216307269902785815e-02 -5.028989539799467723e-01 -6.965755697641310418e-01 -2.061976413157696197e-01
3.187938299388528261e-03 6.158510099684241235e-01 4.199231086325156959e-01 -4.806538923333356639e-01 1.358944028603011889e-01 -5.917543462323167081e-01 -3.350828683547782405e-02
-4.187329206290462680e-01 5.441338498938473878e-01 4.888286795151729480e-01 -8.063674165381549130e-01 7.085445463047702619e-01 -4.322117854236218193e-01 7.093473081163383098e-02
-7.788169220209393284e-01 4.651179755532750537e-01 5.453937627216177697e-01 -9.038481739720811703e-01 1.190852765210614006e+00 -3.270690498904388344e-01 1.291216344844579589e-01
-9.872939596575742716e-01 4.614329942003487783e-01 6.066162738234101015e-01 -7.098138173715102806e-01 1.288958398210132250e+00 -4.194126761251474322e-01 3.030529865695786307e-01
-1.059410718403666296e+00 5.260453834887099944e-01 5.419261850908633216e-01 -4.497453947704250221e-01 8.908440563751633956e-01 -6.693162656613704797e-01 5.278741301720552004e-01
-1.052976892348459259e+00 5.847095589185016262e-01 4.067355983926042029e-01 -3.693553599783361285e-01 3.438539551078855228e-01 -8.416474143783931883e-01 6.489197623861906461e-01
-9.947358919241630071e-01 6.696009262162399001e-01 4.043399494566921049e-01 -4.574777942140077491e-01 -8.480066243440520513e-02 -8.174737286047846219e-01 6.724020916899710043e-01
-9.505971847631028426e-01 8.813596044680034325e-01 5.605446016112950458e-01 -6.670234613311285532e-01 -2.105244920752061821e-01 -6.629197181863977217e-01 6.706431863831522344e-01
-1.027973381401268371e+00 1.169681468615382469e+00 7.666478573414733377e-01 -8.523672249128887435e-01 1.400710741863528674e-01 -5.098025478035019820e-01 7.234806513496405689e-01
-1.184494654078076747e+00 1.361066406008347940e+00 9.370668102158156154e-01 -7.595279945067539007e-01 7.382830860321969446e-01 -4.502749249624817263e-01 8.831325381693445609e-01
-1.329382823718021411e+00 1.375301322032300044e+00 1.031527781779572717e+00 -2.962922758495826203e-01 1.239732350247633175e+00 -4.684043745423960292e-01 1.132494967039493927e+00
-1.419467923055219849e+00 1.288380516290621447e+00 9.844000108247629166e-01 4.653888191176261402e-01 1.650187044818973048e+00 -4.447379314613456591e-01 1.412947085044295115e+00
-1.377802738105672553e+00 1.178704123316701935e+00 8.488249090506498895e-01 1.305875185384610448e+00 1.819398315190702276e+00 -2.930152194477721461e-01 1.666305984731114131e+00
-1.169915691708030003e+00 9.966375458204338456e-01 7.629108199387754086e-01 2.030827892432256920e+00 1.438417854207401980e+00 -2.510220811403791538e-02 1.847101401268356424e+00
-8.300073797757916427e-01 6.701547039252166993e-01 6.933468528030820588e-01 2.464934305239272483e+00 6.886291454642237131e-01 3.352306360754605530e-01 1.895774914367365449e+00
-4.744601055776975218e-01 3.325830809917711406e-01 5.373409570953258108e-01 2.386755574964593229e+00 4.826412077415229152e-02 7.140511000668875452e-01 1.691202403529661780e+00
-2.542016060804429545e-01 7.799872415708911100e-02 3.240219099824904747e-01 1.728144411819230841e+00 -2.087272349614421596e-01 1.043958286753364550e+00 1.204905425528271401e+00
-2.362864821174457397e-01 -2.587497763894769376e-01 7.233194476201869338e-02 7.482091389576565055e-01 -1.121969438486459525e-01 1.393495705462386436e+00 6.839857913668736522e-01
-3.598878392579847874e-01 -6.859009863810227037e-01 -2.681210600388228005e-01 -1.157789747395470414e-01 -4.195302892223146118e-02 1.748610635025615645e+00 3.594184522791394332e-01
-4.895356301653290276e-01 -9.648625161745314482e-01 -6.003254389949759240e-01 -6.605482029784157660e-01 -2.087275632783591739e-01 1.902096666433664707e+00 2.112916721565300249e-01
-5.273174868138853499e-01 -1.001743436558314215e+00 -7.825860868100589229e-01 -8.207066967438789717e-01 -3.122612247153033760e-01 1.738320601990860803e+00 1.702012995281395602e-01
-3.951876079526315255e-01 -9.822654882218976313e-01 -8.688182439819185365e-01 -6.407781659189207835e-01 -1.022639934333982314e-01 1.402026922996178371e+00 1.006028888434582075e-01
-8.784525347317159727e-02 -1.058557318002144143e+00 -9.602227140116351700e-01 -3.387465222824916911e-01 2.061311000997989862e-01 1.150174339298625226e+00 -1.059448043727270888e-01
2.695679002728145202e-01 -1.165943132736081855e+00 -1.073548483500295303e+00 -1.249621659330463902e-01 2.576365813948188199e-01 9.719617818497346962e-01 -4.202953845704315294e-01
6.552615837815689570e-01 -1.120553361552629079e+00 -1.197735907687739410e+00 -1.500181857082899806e-01 6.316460872756655964e-02 6.640267746491101963e-01 -8.797277880950971074e-01
1.068088977545682106e+00 -8.695390746720700337e-01 -1.323371559225188010e+00 -3.636539483468620992e-01 -3.219177253402272232e-02 1.796133729480596797e-01 -1.475347803682097947e+00
1.424225597925900866e+00 -6.539387511076751869e-01 -1.517120473730167340e+00 -5.692233882452595317e-01 1.124795542891884326e-01 -3.664985592303313666e-01 -2.009693172065533329e+00
1.742763111179428837e+00 -6.787795444503057496e-01 -1.802062399315687236e+00 -6.532293571890452899e-01 1.330181545273653454e-01 -7.485677078797229322e-01 -2.315230794690684046e+00
2.006716398993333428e+00 -8.892615286762163285e-01 -1.990637090251006214e+00 -7.390385105901959850e-01 1.166671350070121529e-02 -8.998183505602496135e-01 -2.429628798524590572e+00
2.118447380373324140e+00 -1.041137983154529767e+00 -1.866809795388765458e+00 -1.048074256288285877e+00 -3.599652243936735801e-02 -9.172383113491174855e-01 -2.380295296504070013e+00
2.118556667503818325e+00 -1.039826690282791954e+00 -1.462603725801568055e+00 -1.562400584810040627e+00 -1.163645063018689113e-01 -7.522016034999396972e-01 -2.119448398946230050e+00
2.104330208026700788e+00 -1.079406253789218617e+00 -1.028295944917026583e+00 -2.094200211805034684e+00 -1.763800281047157303e-01 -3.166756236303359118e-01 -1.751564451550518653e+00
2.038424561251750422e+00 -1.140512553388586037e+00 -6.865022312362122348e-01 -2.487925733078687696e+00 -1.996087016324669117e-01 3.519310597842684185e-01 -1.360538587519060316e+00
1.910475696849917249e+00 -1.001476386547065500e+00 -4.048893968006579414e-01 -2.623824091352275456e+00 -1.764436910080905418e-01 1.076584187408945237e+00 -9.073292520706266462e-01
1.806331563101326587e+00 -6.177649241145964920e-01 -2.108870398058061979e-01 -2.474093464840438017e+00 9.986437993693862702e-02 1.594211598045460088e+00 -4.418480772070029761e-01
1.708799541710480652e+00 -1.207136018805540778e-01 -1.217352213787135790e-01 -2.193143897975632584e+00 5.029882740478370806e-01 1.727407126314781660e+00 -1.030386953054491378e-01
1.523786367343211934e+00 2.778291550764495077e-01 -8.722790996865995017e-02 -1.845662269255331500e+00 6.565919785724227964e-01 1.483545334557822892e+00 4.992451144221620590e-02
1.291079896239961666e+00 4.804516100679975255e-01 -1.251331800532401103e-02 -1.335963655759097257e+00 5.522959499647804860e-01 1.030899278980975442e+00 1.326962133522257559e-01
1.044984994705093317e+00 4.952089306619402720e-01 9.189277296634672243e-02 -7.268826714952966173e-01 3.632601341408119855e-01 5.288278109949871020e-01 2.059216642377443285e-01
7.144384902414344651e-01 3.676404663872979151e-01 1.158246655154399757e-01 -9.780648189184949770e-02 9.930978532685626192e-02 4.036313927959381265e-02 2.495493392628752027e-01
3.404947617325466691e-01 2.088254132410898856e-01 7.157286549597290104e-02 5.040821592758852887e-01 -1.713280539896308574e-01 -4.692889015485876003e-01 3.145800311198312382e-01
-4.850536288288045256e-02 9.962466217466860174e-02 6.692861045723343116e-02 9.870324870550902796e-01 -3.152973867456333457e-01 -1.088980714345325840e+00 4.270906332526290816e-01
-4.869034252062467982e-01 1.156907032340611513e-01 2.561422847806031355e-01 1.269781646707552225e+00 -2.396658746605845325e-01 -1.743774561139049162e+00 6.088932912175083478e-01
-9.053306655643588163e-01 2.758686320296996342e-01 7.263216699936442255e-01 1.270334302815479655e+00 1.989089345217391891e-01 -2.283294791755260622e+00 9.040314732706601353e-01
-1.242844790267684907e+00 4.294719719141099068e-01 1.334243653926934003e+00 1.143698396297353703e+00 9.164293032817404372e-01 -2.625918295938389324e+00 1.278656052919086239e+00
-1.527942281381227785e+00 4.813413669511847903e-01 1.818757523360967410e+00 1.313358930486449916e+00 1.341980209976358918e+00 -2.752516383781801412e+00 1.621484145121299347e+00
-1.852066842853756112e+00 5.361515814819644010e-01 2.058091478443521805e+00 1.882550173783005709e+00 1.144798894282096802e+00 -2.731224137505241956e+00 1.852028834880141028e+00
-2.259970420742629660e+00 5.786370272441775375e-01 2.050225096295553495e+00 2.471807317726173459e+00 6.061946680230833051e-01 -2.596155278876076000e+00 1.888434660354622929e+00
-2.673036845533312000e+00 5.485899775627893771e-01 1.882739565550256566e+00 2.816083681980771747e+00 -7.006968306325561842e-03 -2.398862525992723427e+00 1.732498994313218965e+00
-2.916818079054172674e+00 5.752373698760034904e-01 1.720338642603195911e+00 2.837602756272963767e+00 -4.189318934370979686e-01 -2.143899994587273206e+00 1.534236284376744308e+00
-2.758591597751028690e+00 6.512082968687189499e-01 1.507456922240101527e+00 2.421474623584706443e+00 -4.629104621470924164e-01 -1.673149431047633584e+00 1.278378613384002049e+00
-2.063183074834087360e+00 6.202386985525027985e-01 1.011074857733761378e+00 1.561719249740122661e+00 -3.699715657039181482e-01 -9.154495343366624294e-01 7.654105342106989340e-01
-1.056449391609029176e+00 4.767329361470887261e-01 2.780353013093674330e-01 5.486543625546772551e-01 -2.568579708487241375e-01 -9.940438590386711792e-02 5.678973407628872677e-02
-2.140212880768941062e-01 3.656844378409761509e-01 -3.322105849421236323e-01 -2.191793530589287997e-01 -8.237333058373048911e-02 4.259223605298464999e-01 -5.171391869294126309e-01
3.072263453916656561e-01 3.719287121285924647e-01 -6.671625760353567802e-01 -6.583171343198951364e-01 1.130516461952982415e-01 5.849869071279844013e-01 -8.397656222585919705e-01
6.417398895354067268e-01 4.725978392114070226e-01 -8.478834663591481302e-01 -8.608417925922097202e-01 2.620302582516724765e-01 4.695908905338221362e-01 -1.041149032940448249e+00
8.749265636673223545e-01 6.538101136812373149e-01 -9.043177943258605689e-01 -9.148755055569945949e-01 2.500857794505506049e-01 2.575481405490390729e-01 -1.175389753322279018e+00
1.033900569767604249e+00 8.134902051004730961e-01 -8.012645967434907091e-01 -8.564561767122796931e-01 1.136410854982319446e-01 2.180070625896457781e-01 -1.172741991561467412e+00
1.070044555398563579e+00 8.037011431435043818e-01 -6.127021102764962368e-01 -6.996806717271365494e-01 2.479559274760356410e-02 4.252317034474337731e-01 -9.756823093965566462e-01
8.966293429934898418e-01 6.359706713611894546e-01 -3.980354942598997581e-01 -5.035180237446967855e-01 -2.552633321770466646e-01 7.813698430671018880e-01 -6.029216200037825768e-01
5.423341075153257362e-01 4.306457423749498470e-01 -1.184208485922560311e-01 -2.723027913049458348e-01 -8.473664813150263431e-01 1.089548498384470987e+00 -1.822845612184125774e-01
1.036262497881779709e-01 3.373342379756721354e-01 2.211946105529854212e-01 -1.321199113231086575e-01 -1.418344600126348665e+00 1.206144817585290463e+00 1.419517379039277882e-01
-3.183348816719168695e-01 3.645768237178227955e-01 5.216288046923174271e-01 -6.995999297650917770e-02 -1.881689501471033754e+00 1.225554145500614700e+00 4.016363410989381433e-01
-6.080663712710088209e-01 2.353689409056823889e-01 6.591828168838967938e-01 -8.339152732823186531e-02 -2.109682113869332465e+00 1.240438422391256568e+00 5.934266706019929449e-01
-8.243305227113079114e-01 -2.591705042778857937e-01 6.253128667425309484e-01 -3.942634075437520536e-01 -2.055708695665413366e+00 1.219795705894160864e+00 6.048618413251843906e-01
-1.026060210751105650e+00 -8.709186856587147751e-01 5.511239834948392646e-01 -8.533467448753968565e-01 -2.035292132743711235e+00 1.195461005571827995e+00 5.353935089784817025e-01
-1.110424832201799550e+00 -1.229075573150826273e+00 5.330265077554283693e-01 -1.128105677541594298e+00 -2.032700012690470182e+00 1.187666354075000097e+00 5.125025593326569817e-01
-9.756782062018138912e-01 -1.282622527869064610e+00 5.729512646989154412e-01 -1.137183824512371988e+00 -1.782140982414187169e+00 1.204998373642492515e+00 4.239344089944872551e-01
-6.073671652793144471e-01 -1.164443709883653311e+00 5.742014258509888780e-01 -1.013548108815794269e+00 -1.300643751945643967e+00 1.328293667927233024e+00 1.702713542253951329e-01
-1.593568941206628675e-01 -9.907764557251869109e-01 4.411238951203622638e-01 -8.543821176203008072e-01 -6.986481685572258904e-01 1.499271926631621676e+00 -1.799587288091147319e-01
3.143619404838556841e-01 -7.807892457112655116e-01 1.839454067466736731e-01 -5.879067369888234529e-01 -5.303162751718169809e-02 1.634747351884514366e+00 -5.894723682458933300e-01
8.591136303469225632e-01 -5.649608510783526993e-01 -1.554061925958929447e-01 -2.065506170041059020e-01 4.430825953529390349e-01 1.648471580232418354e+00 -1.096935491777348837e+00
1.289010978245151318e+00 -3.492839607107633415e-01 -4.182349668743157167e-01 2.425302074761764570e-01 6.004788900508384319e-01 1.354385765008015330e+00 -1.602016901169971419e+00
1.439682354381023988e+00 -7.059568584628474197e-02 -3.943870542468900786e-01 6.810318650218538661e-01 4.476959154065183188e-01 7.890989061039658248e-01 -1.934941433670492872e+00
1.381075932021339714e+00 1.943436574030695529e-01 -1.113978012962967834e-01 9.682577664746545576e-01 2.956142494517478014e-01 1.309798436632794993e-01 -2.096783512018275619e+00
1.258207415856171352e+00 4.255381413139556201e-01 2.735265479568653180e-01 1.046730021773131902e+00 3.103194072831925165e-01 -4.996719722886928672e-01 -2.076055269562880667e+00
1.081245960451026056e+00 6.884783525420450356e-01 6.558828388437312196e-01 9.707384454949036234e-01 1.598511138277635690e-01 -9.756962665316433192e-01 -1.832724765894297336e+00
7.713144374355164201e-01 8.041558217037997336e-01 8.959228422095304456e-01 8.096698457916124969e-01 -2.945660168035903470e-01 -1.230884196187529644e+00 -1.481022500748222726e+00
4.045538599858296003e-01 5.983909599585084393e-01 8.836122899437652833e-01 6.337072413473185950e-01 -7.316302470283984061e-01 -1.271497411765596608e+00 -1.060819944212274768e+00
1.449830168754257242e-01 2.078334404960410775e-01 6.097214906298431547e-01 5.351875018594760558e-01 -9.235039001563767336e-01 -1.186356862488984643e+00 -5.907955864826848202e-01
6.437961219671232971e-02 -1.178001433177752466e-01 1.714314628166118126e-01 5.404061735347618356e-01 -8.207030515351407818e-01 -1.055807295693937276e+00 -1.731905119301501150e-01
7.137884661829166366e-02 -2.654697248660293774e-01 -3.133932167476394803e-01 6.734700118969449978e-01 -5.260693668016899194e-01 -9.469101824618770813e-01 2.095176207474506169e-01
4.231312691625980366e-02 -3.139262188715495894e-01 -7.700852347046316382e-01 8.105197310146891043e-01 -2.110198776455221581e-01 -8.861074321015471877e-01 5.983920585240125600e-01
-1.401923401566407268e-02 -2.822370677899629920e-01 -1.111736513957142680e+00 7.503383680473404427e-01 9.287183488783581908e-02 -7.406051625907179581e-01 1.028314236724719333e+00
-1.933868540242945633e-01 -1.412536013992063688e-01 -1.336247343280954958e+00 4.952732018029827321e-01 5.478951566939040951e-01 -4.709192501952375598e-01 1.525073863257383699e+00
-6.361365616898121411e-01 6.888510199035897952e-02 -1.462964691433578990e+00 2.136721653251373310e-01 1.082160483922870231e+00 -1.482249762672373516e-01 2.000488141205658543e+00
-1.122740259395715645e+00 2.968130938810465969e-01 -1.455357709346152051e+00 2.556512534244470211e-02 1.257186384080826391e+00 1.656306365226364874e-01 2.285245664779791408e+00
-1.324726534044216919e+00 5.157171154739650376e-01 -1.297008126741392875e+00 -1.940799915821659061e-01 1.052969339533325277e+00 3.787713178416559079e-01 2.256953869887200259e+00
-1.194259066325537910e+00 7.045794427328980758e-01 -1.031110809012906637e+00 -4.195489297377217874e-01 8.266885151151668332e-01 4.843263219539368225e-01 2.044093186919272220e+00
-8.424651184638098922e-01 8.064226033832281315e-01 -7.332586968782088821e-01 -4.241797491541074439e-01 6.987179242296848170e-01 4.723808541873364408e-01 1.885418861194182671e+00
-3.399161477933685394e-01 8.662297177153325256e-01 -4.535022139652132300e-01 -3.135186681231008077e-01 6.917475492406945925e-01 2.135710206318340298e-01 1.738507538408173181e+00
1.639912568193015174e-01 9.380654559497385581e-01 -2.419775297650027246e-01 -2.953882785187977311e-01 6.396287197357659604e-01 -2.909372771875480823e-01 1.460587211031004973e+00
4.450043948980425546e-01 9.294684135305101291e-01 -1.075659037591706613e-01 -3.168563481431956319e-01 3.427079768248362246e-01 -8.363852326542837723e-01 1.130705626382727758e+00
5.003988293882203342e-01 7.471214604702650641e-01 -1.316773005172102362e-03 -2.975991128572372801e-01 2.891766189961872749e-02 -1.137849815875879855e+00 8.478122789493420797e-01
5.471136155879753327e-01 3.761038170268543590e-01 7.421987876828194108e-02 -2.540983313687770195e-01 -1.985069877893735901e-01 -1.006537257062943391e+00 5.491067529163986549e-01
7.441010166986629093e-01 -1.367950142287375770e-01 5.447795149786374691e-02 -1.899814883602851112e-01 -5.125610264262053795e-01 -5.347996803952350664e-01 1.156145650717249618e-01
1.075787275116082187e+00 -6.297192041674021246e-01 -4.898065976461946081e-02 -8.565442400878574281e-02 -7.590522623732302021e-01 -1.321090144645886352e-02 -4.234370662949338282e-01
1.348128832422020196e+00 -9.388331017445911142e-01 -1.101408741638366245e-01 9.037518552535740712e-03 -8.540581390765905612e-01 3.204777384004549035e-01 -8.546089600633802741e-01
1.337219253622537796e+00 -9.766287172283819595e-01 -2.158507927511213453e-02 -5.639753391592519649e-02 -8.930040439142312714e-01 5.080155862828541480e-01 -9.629840101309072864e-01
1.186604827250980376e+00 -8.419153185719623345e-01 1.842809006448191400e-01 -3.737559436829483994e-01 -7.618744335527231071e-01 7.652553343783204953e-01 -7.204933580173976670e-01
1.090940992808941523e+00 -7.773084762056670094e-01 3.743053073732900415e-01 -6.622624498542546423e-01 -5.301641346510267416e-01 1.101306175802150511e+00 -2.604771748031410872e-01
8.411744389897178875e-01 -8.867319315716549744e-01 4.889413889123156998e-01 -6.118640130739223526e-01 -2.755693333533502098e-01 1.309953924451817020e+00 2.746942755183938156e-01
3.038104384289529447e-01 -1.142941883976008155e+00 5.363161289986829727e-01 -3.098119371136867639e-01 1.262749200965306295e-01 1.334143337820880459e+00 6.525818841597321729e-01
-2.753287856545257872e-01 -1.442170794356211649e+00 5.066186120820631578e-01 7.235709925081408589e-02 6.866787485617299458e-01 1.256690688105268405e+00 6.393216866311220992e-01
-5.705758538072484010e-01 -1.632619273376538560e+00 4.064749939172392357e-01 4.229456849117808059e-01 1.306780482678393085e+00 1.070839795114321147e+00 2.895930457383845691e-01
-4.960471174991833987e-01 -1.578373668865817647e+00 2.708715104974447896e-01 5.996967001490426386e-01 1.942518022438784797e+00 7.440839907904264194e-01 -2.360101220140416178e-01
-2.089244408099438788e-01 -1.280214157296921451e+00 1.949432473201444804e-01 6.082433258346833238e-01 2.514329541778245858e+00 3.650074576806826565e-01 -7.610270527598487211e-01
-6.669394496250280469e-02 -8.504213114311557353e-01 3.289435975788871369e-01 6.320991179148757189e-01 2.845757012821728882e+00 -1.246097265939886435e-02 -1.007292466965072464e+00
-3.053317460784052972e-01 -2.670267832588438250e-01 6.843116444025135747e-01 7.037196896134924051e-01 2.897287846861742011e+00 -4.303389132472146827e-01 -8.823387636131573286e-01
-7.278493246386822380e-01 4.728526970224685155e-01 1.049816561638950541e+00 7.737778988022481208e-01 2.674492006864410687e+00 -9.108359224115364361e-01 -6.019232353032122340e-01
-1.035494836279538200e+00 1.119728475177049543e+00 1.213166628278915971e+00 8.618315528495777977e-01 2.092671316081029520e+00 -1.378169239572121452e+00 -4.062734744647606422e-01
-1.091860748391585201e+00 1.428124407396174966e+00 1.088414531542899688e+00 8.206331689280018660e-01 1.233736800712902593e+00 -1.699833020458660693e+00 -3.793761156218488084e-01
-9.417076063772209515e-01 1.385306784738357777e+00 7.011924673090682569e-01 4.980721337151519656e-01 4.278381736215724485e-01 -1.812914042854222751e+00 -4.563148756963979480e-01
-7.169695490738910992e-01 1.194285560940798074e+00 2.359680923666004349e-01 -1.782904242969630265e-02 -1.320765437668826592e-01 -1.623344449366119546e+00 -4.933549582294268210e-01
-5.175118850030627771e-01 1.033051984039422999e+00 -7.907855658026038959e-02 -5.860928375730046769e-01 -5.880427601405605609e-01 -1.072880885426903186e+00 -3.875667429517867246e-01
-4.084233787854996134e-01 8.535852004677596527e-01 -2.388273838287453266e-01 -1.044095386907296863e+00 -1.099717062170797899e+00 -3.211679982741489914e-01 -1.832390483644827650e-01
-3.914302674670537829e-01 5.696432002337159517e-01 -3.935453210622293918e-01 -1.156407494446686446e+00 -1.514457287796159735e+00 3.714590581930335422e-01 1.144487492716634788e-02
-3.958772932811879808e-01 2.036067017076201580e-01 -5.723480349062678441e-01 -9.290203159710428427e-01 -1.561164286842270821e+00 8.434434532601339241e-01 1.653684098668830038e-01
-3.751303750119385216e-01 -1.452762094278184923e-01 -7.157959347403588524e-01 -5.818944585034323547e-01 -1.368084023498144841e+00 1.037357065990061500e+00 2.097631579897275556e-01
-3.531250351884030469e-01 -3.237757843831378102e-01 -8.088437585166143862e-01 -1.722102497737240390e-01 -1.104573317333683136e+00 9.109333043323852852e-01 3.572770867745293094e-02
-4.095629003300494952e-01 -2.374612050539021690e-01 -8.602366652293640392e-01 1.975841759513835005e-01 -7.208105140686088541e-01 4.325582579798882277e-01 -3.494864809540499939e-01
-5.493419400963625021e-01 3.186128474569228930e-02 -8.318125643939519032e-01 2.636544973198087782e-01 -2.559428353122940036e-01 -1.862609863455167436e-01 -8.273098715723008478e-01
-7.521096850327319006e-01 3.065526611733694340e-01 -6.926993677831033702e-01 1.337067657123571507e-01 3.052966860766663237e-01 -6.326712601143861248e-01 -1.223114457428930324e+00
-1.035795636851074786e+00 5.230875006680609784e-01 -4.550972063049079086e-01 2.023764259913123087e-01 6.709308125484054752e-01 -9.191216613066076624e-01 -1.338476582318135044e+00
-1.308304925859011147e+00 7.230177091502985043e-01 -1.646783338000272490e-01 5.762460287054920194e-01 4.947889266624723725e-01 -1.134921261521095293e+00 -1.102605261027361561e+00
-1.447345554373472565e+00 8.530979264387745786e-01 7.545781233457923842e-02 1.047549445829149439e+00 -1.173790387452709194e-01 -1.230753637412224100e+00 -6.080060484958074163e-01
-1.365399407789653408e+00 8.892871168185160213e-01 2.342607120925903619e-01 1.256680702567142260e+00 -8.624642876165025118e-01 -1.188246920563171605e+00 -9.468593112019597913e-02
-9.586600203254326269e-01 9.283342418572883004e-01 3.073486124508460482e-01 1.000612578711373324e+00 -1.253986737154503928e+00 -1.079075255683099588e+00 1.207050240477939018e-01
-2.526906475220140891e-01 9.233485546194456495e-01 2.608202344132560246e-01 3.786855711695011895e-01 -1.129681783146536223e+00 -9.881204839997573819e-01 6.428294597434644486e-03
5.380882766382399929e-01 7.438498537802202826e-01 1.596919287962249856e-01 -2.902053207591552830e-01 -8.424449549465036213e-01 -8.513234873887307597e-01 -1.912064057597612776e-01
1.210597276226768271e+00 3.932294818912892564e-01 5.892655583903548544e-02 -7.013305298071632610e-01 -5.941513706559692354e-01 -6.002418458560051517e-01 -3.148170058434691110e-01
1.703718447789029700e+00 -6.367892164563640489e-02 -4.592956523411120817e-02 -8.754899655877024234e-01 -2.997988045725329953e-01 -3.068662078804181292e-01 -3.954764071647488555e-01
2.010473629553791053e+00 -4.527741265609913079e-01 -8.328190893300144171e-02 -1.025380154269194266e+00 1.370959602404685229e-01 -8.898088670376121112e-02 -4.683428717615640280e-01
2.033306937570825923e+00 -6.028322917970657668e-01 -4.536168712232795802e-02 -1.078384514134653305e+00 5.654941331147003147e-01 -1.377389907693792603e-01 -5.000542173399256107e-01
1.756781704433503233e+00 -5.297046821430645425e-01 -1.030716459606186436e-01 -8.287876884555788193e-01 6.981163410955596449e-01 -4.871431172217819960e-01 -4.850075483593687120e-01
1.288434564976643326e+00 -3.049220571279484537e-01 -2.838593037261816221e-01 -4.999843570550948080e-01 5.814239425309516429e-01 -8.654808739971615594e-01 -3.410181623157846342e-01
7.142061222917290841e-01 -4.754412121791138507e-02 -3.689500887404262297e-01 -3.710319456481545597e-01 4.968823540026562902e-01 -1.001341289777935906e+00 -5.542898475953733119e-03
1.797034024962351206e-01 9.874527966256030354e-02 -2.635205739431358829e-01 -4.313793665640273667e-01 5.210778525709065523e-01 -8.260820482819128951e-01 3.887843342087245468e-01
-1.496396895450972930e-01 6.740468529034779332e-02 -1.228344898726432960e-01 -5.978360397629756129e-01 5.295696510183112160e-01 -4.380101655817856821e-01 6.576952030989922093e-01
-2.725639413446885873e-01 -8.496200361733105555e-02 -5.102748705060547452e-02 -7.709128306137343900e-01 4.646335155196895106e-01 2.052624462277032741e-02 7.794071667317035157e-01
-3.480043183939249274e-01 -2.656444811000429063e-01 8.112076205406574744e-03 -7.686377849156170727e-01 3.253509030532052981e-01 4.107863742604808133e-01 8.845249701447052137e-01
-4.902102443033092283e-01 -3.998501790602660977e-01 5.570963774496818371e-02 -5.459571413475585722e-01 4.070284296128890561e-02 6.991124093503100489e-01 1.011919742108150944e+00
-6.365565018125606267e-01 -4.616989047100661381e-01 3.633999711239192798e-02 -2.763190383268173123e-01 -4.351089826802013727e-01 9.686301960495048435e-01 1.153412659044554367e+00
-6.369225266535232244e-01 -5.688298092338062162e-01 -2.044440419656674834e-02 -7.243658240823352967e-02 -9.292509671621367318e-01 1.291497474920080490e+00 1.272044330577539073e+00
-5.283485891197206019e-01 -7.941115341013214035e-01 -6.242208966601828224e-02 3.962618633382741784e-02 -1.281373592525679950e+00 1.685279146756531343e+00 1.335956839627666648e+00
-4.496422634414199426e-01 -1.040653477041746156e+00 -9.229322081771931807e-02 1.183510433242193488e-01 -1.452917219355847722e+00 2.076395554966979695e+00 1.389318753066376200e+00
-3.400072810927985412e-01 -1.247235643454495335e+00 -1.578821946127710873e-01 1.541535349542297040e-01 -1.508593733446092600e+00 2.450195835063970318e+00 1.367155058796146960e+00
-1.507039984223284002e-01 -1.413377547352917318e+00 -2.481898636151861071e-01 6.682140153855169185e-02 -1.652464183777388129e+00 2.818919095346645420e+00 1.192553464693048237e+00
4.408587802186003657e-02 -1.494589205171628965e+00 -3.151405306428448627e-01 2.981599398041859250e-02 -1.828006343721432447e+00 3.033001366251272479e+00 8.824912796400998793e-01
3.104708904526629620e-01 -1.480437635426638865e+00 -4.336112787299969407e-01 1.225911598155479676e-01 -1.736682171477660352e+00 2.989260533923283614e+00 4.729334875205132294e-01
7.301245331333511279e-01 -1.346900093274764565e+00 -6.134929031966382951e-01 9.988999662962562420e-02 -1.427053802890513534e+00 2.776626434146926226e+00 6.424364625576482746e-02
1.147435307022883766e+00 -1.073527844842328882e+00 -7.794574000816708592e-01 -7.338767717923540268e-02 -1.240252342212756265e+00 2.433244424490450974e+00 -2.419995696875556768e-01
1.318387978259482729e+00 -7.496521252855939954e-01 -9.446977244556629127e-01 -2.285611262864910564e-01 -1.115002057998816465e+00 1.940078587847276381e+00 -4.148110913904584085e-01
1.213545372021631596e+00 -4.749849210723448012e-01 -1.058837449462545877e+00 -3.548204714012460625e-01 -8.992870084803414876e-01 1.389129370660550533e+00 -4.539268413206131170e-01
9.741261134916899822e-01 -2.864562279976996528e-01 -1.039421600927915357e+00 -5.049592617997857857e-01 -7.472837180503226762e-01 8.160226489936315275e-01 -4.441652784901397588e-01
6.885155391458389618e-01 -1.920685707477431947e-01 -8.961962308273371258e-01 -6.297028436723460798e-01 -6.161729088536337384e-01 2.535268401551295514e-01 -4.295674804752163678e-01
3.514403218571386378e-01 -1.782391587893784879e-01 -6.591194162661773159e-01 -5.923057918914566011e-01 -3.636194890426837634e-01 -2.164392225990196539e-01 -4.030672136008202622e-01
-4.057553123776174581e-02 -1.226002852221264733e-01 -3.198734124648125454e-01 -2.763913335267467741e-01 -1.478100241730387898e-01 -6.597397025628525258e-01 -3.826850781772648258e-01
-4.457285230820330901e-01 1.489368238009126655e-01 1.676944370461305733e-01 3.146710061486797660e-01 -4.661352576385512786e-02 -1.130850710567111506e+00 -2.871709644685556118e-01
-7.681346419920720425e-01 5.432304481950864794e-01 6.888682348710758463e-01 9.431520954851416727e-01 1.559411819072105132e-01 -1.470702263090256867e+00 -1.122104376528293423e-01
-9.096080489137803315e-01 8.054119608985955692e-01 1.062582230710019893e+00 1.447663666909022595e+00 5.750349751509021834e-01 -1.574453867091984316e+00 1.137549958518280641e-01
-8.871674078479444558e-01 8.660078091365810415e-01 1.239154729930788346e+00 1.745032810491512043e+00 1.054348380667737839e+00 -1.526572910477702605e+00 2.812419717834760968e-01
-7.198375811523188839e-01 7.769179193400216343e-01 1.208092332407988856e+00 1.551681447359450239e+00 1.484746578443391307e+00 -1.336235522638262507e+00 1.755290193084875772e-01
-4.689475348508779229e-01 6.764271301173079287e-01 1.106556574251196912e+00 1.047164663421879860e+00 1.824276281114427078e+00 -1.114347526755739892e+00 -4.735076945474341742e-02
-3.107060093714196225e-01 7.056829039056230490e-01 1.126257679645930931e+00 7.135889425156681787e-01 1.941181366216886861e+00 -1.050239199774062770e+00 -1.361421382388229573e-01
-3.665880957449385025e-01 8.391603891936932902e-01 1.290572463047507945e+00 6.061596468459008458e-01 1.880456997236537697e+00 -1.094712475905386784e+00 -7.265084581861752655e-02
-6.390839543060591321e-01 9.898654283765621065e-01 1.516951298765540024e+00 6.633386431136663042e-01 1.640508116678756290e+00 -1.101075768541565303e+00 1.858066654274596607e-01
-1.041783383398760865e+00 1.118197134701562900e+00 1.705695775673951919e+00 8.566286327590263427e-01 1.270458633306268625e+00 -9.960950383058997382e-01 5.889239971911073290e-01
-1.382607025427698977e+00 1.210894886225090339e+00 1.774818940759244290e+00 1.009876945284735150e+00 9.775959567748125911e-01 -8.392108987881123916e-01 9.533921215201807131e-01
-1.455188762474960873e+00 1.315741099249424284e+00 1.743892986821912183e+00 9.876160976252695844e-01 7.142045519975795953e-01 -7.056683696260801497e-01 1.182278236845569763e+00
-1.189604668363464457e+00 1.421727569720568241e+00 1.681349970410267014e+00 8.525514218167663527e-01 4.849225146595975144e-01 -5.704025515326281992e-01 1.171884991908797691e+00
-7.037560353246782308e-01 1.381354937277221584e+00 1.560357523546263003e+00 6.281285066282424889e-01 3.682170392321828523e-01 -4.073686450105876156e-01 7.737347032469719110e-01
-1.672348584582915298e-01 1.156533301469122144e+00 1.337001715716392480e+00 3.093777963551876398e-01 3.852486452982041287e-01 -2.720670657296072603e-01 7.295429617132563604e-02
3.270837647073290277e-01 8.382004055828299327e-01 9.884900627036359300e-01 1.072344443372543962e-02 6.125724195178635645e-01 -2.183312753951544283e-01 -6.180825404909835452e-01
7.258123532250585486e-01 5.392038048250651361e-01 4.746257186646757331e-01 -1.457746062549356569e-01 9.552893035634930641e-01 -2.904552037930961395e-01 -1.087547385903797625e+00
9.967519348434097370e-01 3.989666486010883251e-01 -9.329356424402626691e-02 -1.456929931385071708e-01 1.087725317162480110e+00 -5.517304665512779982e-01 -1.259131888712200276e+00
1.136263437459166248e+00 4.671635046116187073e-01 -5.225211601074590817e-01 -5.798733609259694444e-02 8.288623713674460047e-01 -9.597188187471856757e-01 -1.139029448307256054e+00
1.178784894178875442e+00 5.655324914253984092e-01 -7.910289091329608668e-01 6.993980680401884475e-02 3.442911954174343592e-01 -1.316963639723869095e+00 -8.623114790148219688e-01
1.218081412940941632e+00 4.116170970313196564e-01 -9.902668204410765007e-01 8.619861174151703664e-02 -4.012527405735226774e-03 -1.325744505507542081e+00 -5.706395099959898909e-01
1.338699541432059048e+00 -6.256853535200912475e-02 -1.198338271847204872e+00 -1.236812128059466831e-01 -1.570382783505402252e-02 -8.268773387218383286e-01 -2.798999736482912226e-01
1.490492953610541793e+00 -5.467278352779438855e-01 -1.325007069839917451e+00 -4.468012593811760969e-01 -1.874620979719022681e-02 -5.427292079527709645e-02 -5.286187800277730026e-02
1.527810299728536325e+00 -6.911630258767313961e-01 -1.237449097581146962e+00 -7.422694114148771227e-01 -2.776094100700230438e-01 5.150116048862033447e-01 7.257905047070253336e-03
1.353481532349624761e+00 -5.568775023428830240e-01 -1.052702793434422635e+00 -8.838151875656345968e-01 -6.233310938977955074e-01 6.431475412361461474e-01 -3.571622736079537591e-02
1.077238515694373122e+00 -3.926459144314223826e-01 -9.236261673957943952e-01 -8.560248548737580121e-01 -9.031028000376741804e-01 5.138984801448374107e-01 -8.691921940891932097e-02
8.700667413551510521e-01 -3.087590186482243038e-01 -7.988122226257710068e-01 -7.542129522406522124e-01 -1.141735121215339488e+00 3.475237466587302038e-01 -1.383686315700833336e-01
7.747005194154411578e-01 -2.789666300010300581e-01 -6.088682739089061879e-01 -6.056595139795749594e-01 -1.258573458355544128e+00 1.093705377862587147e-01 -2.694612502670903909e-01
7.374522797443322508e-01 -2.280684490140760523e-01 -4.197288153309634007e-01 -5.074213974819994366e-01 -1.035908593771217578e+00 -2.896701988566920960e-01 -5.910935556012822945e-01
5.922735777239765964e-01 -1.319204159638197038e-01 -2.561970436503441806e-01 -5.207344788918061296e-01 -4.728366912391018251e-01 -7.285260826880279872e-01 -1.031465122805354184e+00
1.516154407009637217e-01 2.977184392992736003e-02 1.639290844705313874e-02 -5.269568742673017558e-01 9.218897645025987686e-02 -1.053804790996727636e+00 -1.346119113585790394e+00
-5.261573905275545027e-01 2.125280990764237821e-01 4.663561279007472637e-01 -5.023471685439222512e-01 2.396786667267048754e-01 -1.233708942128586949e+00 -1.401831651224352049e+00
-1.057005322415519810e+00 2.656899129391240844e-01 8.733069199839225139e-01 -4.853939028562696545e-01 3.267694553196250767e-02 -1.203491597998394447e+00 -1.249051768780885086e+00
-1.207629500564505021e+00 1.196904643864664108e-01 9.548522534704015907e-01 -3.880487656602230606e-01 -2.609496204019214893e-01 -9.796441343886360675e-01 -9.859169665277180972e-01
-1.045935035289102588e+00 -1.445990776252288057e-01 7.058322435603249234e-01 -2.602649571193821898e-01 -5.012591269845080300e-01 -6.823604937746523547e-01 -7.594002038625612405e-01
-7.012488133952144986e-01 -4.357372543974012968e-01 2.581952777267114696e-01 -2.900594689341470245e-01 -5.828128925574675989e-01 -3.516405789316250363e-01 -6.802935306319985997e-01
-3.959318015062214258e-01 -7.872241324450689470e-01 -2.994520838811830510e-01 -4.303290078439105382e-01 -5.310590574594593605e-01 3.143450930861974718e-02 -5.969154264330297499e-01
-3.073222103120837878e-01 -1.219216227378492556e+00 -8.157657785747510770e-01 -5.891300377546676570e-01 -3.207447694041645203e-01 3.968664553036029830e-01 -3.694107181458324840e-01
-4.539229701603826328e-01 -1.583098301763405047e+00 -1.087668576118439479e+00 -6.591630091969112870e-01 4.648152297854716425e-02 5.622419287263303866e-01 -2.568665243672043491e-02
-8.037621229564635428e-01 -1.693886842447244856e+00 -9.862476114647384939e-01 -4.010979142940447328e-01 4.846873814868186137e-01 4.768104283390852127e-01 5.676753522545251451e-01
-1.303860453872725866e+00 -1.472967588731470379e+00 -5.590234538527746322e-01 1.743446856219197094e-01 9.338127975525735147e-01 2.509748706029956145e-01 1.493913867011903873e+00
-1.755846045205894157e+00 -1.042387730698047577e+00 -3.814696330160748106e-02 7.255121299950888503e-01 1.246411218887200079e+00 3.083969989194143210e-02 2.495699010611944324e+00
-1.911590410250849192e+00 -6.067610486038171880e-01 3.694812048791428771e-01 9.744224295021400861e-01 1.226490749789435286e+00 -1.083879513774863856e-01 3.260740210585340026e+00
-1.831388039341135254e+00 -1.452016363594748893e-01 6.441197561757258105e-01 9.129162524425806780e-01 9.018144392299841661e-01 -2.253919906494955827e-01 3.613445377779448187e+00
-1.759765134019545263e+00 4.430431880128214983e-01 8.328636907812665413e-01 7.429532895773615087e-01 4.600615707365093288e-01 -3.995191894591177406e-01 3.496142727024711405e+00
-1.668086665601410168e+00 1.113095276628751407e+00 9.332248390516468817e-01 6.737841400685304905e-01 -1.066056753194784962e-01 -6.582875899681472909e-01 3.007108356532953941e+00
-1.381026368755983391e+00 1.761697434046303634e+00 9.633147015845825445e-01 6.186340363361948480e-01 -6.831752714824029793e-01 -8.903990317774610475e-01 2.318061852087986097e+00
-9.294393666839556589e-01 2.292017360062397202e+00 9.813487995053407076e-01 4.662161267002384868e-01 -9.202679541919697170e-01 -9.036530992154434561e-01 1.599731416605087109e+00
-4.635128381377279227e-01 2.604317271524065891e+00 9.942474749931058398e-01 2.125419782417946324e-01 -7.452134998932931076e-01 -6.524720028873789435e-01 9.116470312264055575e-01
-3.330938272605554057e-02 2.615993309630153973e+00 9.371886859015414739e-01 -1.140034550121727941e-01 -2.875682958157586011e-01 -2.285622574258916462e-01 1.880531365308479030e-01
3.557939276660809780e-01 2.365844500834563657e+00 7.661949650716085580e-01 -2.611152780904922310e-01 1.495329138699959259e-01 1.910560767695836659e-01 -5.273205992712508561e-01
6.853827027370360536e-01 1.865216298488930224e+00 5.228328212715609435e-01 -1.866454777007028887e-01 1.761104157030227435e-01 5.092762622847996079e-01 -1.131259306233230344e+00
9.677472671221741818e-01 1.216038959269215791e+00 3.067328995714105888e-01 -9.606217521472960874e-02 -1.142647752704397113e-01 7.676290087002926033e-01 -1.638347441206213784e+00
1.144915504301800668e+00 7.542537419917287878e-01 1.625310549029752860e-01 -1.430473215439827528e-01 -4.957481870601798124e-01 9.139525849800722579e-01 -2.057557747571021167e+00
1.252033914324718999e+00 5.518203004269162104e-01 3.838616997961606658e-02 -4.162024367667341851e-01 -9.855903399301991774e-01 9.447285102897985398e-01 -2.288745548305460620e+00
1.405001838566521277e+00 4.637237424480178949e-01 -1.219385539786256994e-01 -7.338186887385772517e-01 -1.321767351589490325e+00 9.195701472014007338e-01 -2.308651068793723393e+00
1.504792872334112408e+00 4.863968460243850989e-01 -2.845409054224706802e-01 -8.480050283283461221e-01 -1.158597877071080973e+00 7.522044911046282811e-01 -2.170486579437179930e+00
1.482033110801029840e+00 5.711722355198320944e-01 -3.875203995577583549e-01 -7.601114040058291055e-01 -5.823162164634775317e-01 4.810926475799944257e-01 -1.945892895993896365e+00
1.507810509365052010e+00 5.723339551227224486e-01 -4.561264536093927457e-01 -6.978570718992376243e-01 5.638160437374233752e-02 3.572819454150875651e-01 -1.821223849209717249e+00
1.624733377686030655e+00 4.148241164393009495e-01 -5.686882064322883457e-01 -6.759048745864333352e-01 3.571826794201876099e-01 4.025622306475138967e-01 -1.828890020820330475e+00
1.674102412616855329e+00 1.821898579820200037e-01 -6.978121787443505308e-01 -5.238622363675039528e-01 1.441107747910835291e-01 4.323549089434556847e-01 -1.785103843788023781e+00
1.564843544221353522e+00 3.861894895045873966e-02 -6.819940229834394740e-01 -4.080181487187209410e-01 -3.670368096966207805e-01 3.772360546566224659e-01 -1.570636139736424131e+00
1.268853239347758510e+00 -7.114193533247557821e-02 -5.749297035526533817e-01 -3.783666475367553628e-01 -9.919516561698025203e-01 3.543747066775711496e-01 -1.147058893102212984e+00
8.382797522586928896e-01 -3.001268435192298578e-01 -5.647506544598052125e-01 -1.918468991367835164e-01 -1.644567432607740631e+00 5.303652597404231450e-01 -5.148626725059997078e-01
4.104815126710648077e-01 -6.110339857419410103e-01 -5.989223894461305209e-01 3.237322180359857721e-02 -1.986919494854240797e+00 8.939310458920102231e-01 2.089604276891783574e-01
1.403671919838856419e-01 -9.233249788457852381e-01 -6.099837749239167550e-01 1.060752754785050517e-01 -1.698365073346182585e+00 1.353158512952557180e+00 8.719173901557917272e-01
1.426183903389592056e-01 -1.284570077351166351e+00 -6.703170535726723500e-01 1.378725168115344235e-01 -1.111621857628033228e+00 1.830452589926117257e+00 1.384661415324498268e+00
3.492506479730443369e-01 -1.721248935172767336e+00 -7.822703355991802443e-01 1.621771826230964941e-01 -8.104525911468437593e-01 2.120278143001398607e+00 1.589555921149455653e+00
5.195721593153728168e-01 -2.030181797050409020e+00 -8.225761101297062172e-01 1.635899970429221251e-01 -6.238244147538328788e-01 1.913553579507545344e+00 1.400732390296558494e+00
5.974347213085067221e-01 -2.183987302320426149e+00 -7.675659942314009276e-01 1.819188148594484411e-01 -1.823813311291550554e-01 1.389257904240565722e+00 1.039239708413112862e+00
6.403687545906930900e-01 -2.377341028054731797e+00 -6.992454362150699598e-01 1.561932471828895996e-01 2.371928048246179921e-01 9.838733799673800018e-01 7.252992754505156459e-01
5.206035036124737614e-01 -2.471006138655572837e+00 -5.826203067092592391e-01 -2.252409615658412453e-02 4.430238965047866850e-01 6.442455963802173891e-01 4.506237787587244470e-01
2.983360398319714890e-01 -2.341441709416410610e+00 -3.851133015617015931e-01 -3.699073097015613265e-01 6.045053434510017087e-01 3.066325936515011952e-01 1.598299721465226697e-01
1.858203753540895176e-01 -2.155615909495153915e+00 -1.720327618865421238e-01 -7.559058324886789304e-01 7.462489182678013755e-01 7.397368067981693884e-02 -1.391095345226484870e-01
1.887080181158734549e-01 -1.951960808298368599e+00 -2.540105075657314235e-02 -9.248580332130796888e-01 7.904175882762619620e-01 -8.624808653180243700e-02 -3.394896515545154370e-01
1.845262257395259287e-01 -1.665575465709108638e+00 1.734868440660468358e-02 -7.825252866981599054e-01 6.900801328251702227e-01 -2.405949826257110791e-01 -3.960493048748581213e-01
4.026189155527461205e-02 -1.366422897213619647e+00 9.637478620745454708e-03 -5.140828183806914753e-01 6.505719343296485491e-01 -3.849952998228711731e-01 -3.799687806029943826e-01
-3.027278630360329958e-01 -1.102056275884177428e+00 4.191650652466945987e-02 -2.221067421648078577e-01 8.372516043502810090e-01 -4.455649878419385423e-01 -2.534457201554657368e-01
-7.861502286080213064e-01 -8.105745769825150049e-01 1.678965905795686275e-01 1.658359468933872372e-01 1.031029992417994867e+00 -3.638181175870295880e-01 4.283833837039489889e-02
-1.273490535643043930e+00 -4.320531240104557580e-01 3.800228197768222294e-01 5.841376293718522072e-01 1.122113554770120203e+00 -1.559636285130694688e-01 4.744189926942704583e-01
-1.662903840545755241e+00 4.598121203046678235e-02 6.287474657701698222e-01 8.050761127768901737e-01 1.078329717122815223e+00 1.472513834947865308e-01 1.011978935335832830e+00
-1.886168587689631471e+00 5.490515436258472937e-01 8.542829721219142858e-01 7.081601958936566410e-01 8.355890652274056141e-01 4.756837380647997993e-01 1.508088990050037825e+00
-1.887580928089869881e+00 1.050003337981672225e+00 1.056096296816197100e+00 4.731866219391054895e-01 5.568143231188820153e-01 6.586625336439664302e-01 1.765721346018238158e+00
-1.736419014346984202e+00 1.562643892514615773e+00 1.294254279752652392e+00 4.030887481840966791e-01 4.033038691897027350e-01 5.080230324759068550e-01 1.757759260684544911e+00
-1.542954958687369871e+00 1.984319209027699982e+00 1.477852922952853421e+00 6.159562212026483685e-01 3.718973629163503380e-01 4.101538445010370626e-03 1.527195978250599939e+00
-1.314346073357988365e+00 2.140901066749071990e+00 1.403522324651157671e+00 1.008680677564595340e+00 4.188187362037691375e-01 -6.366520037277467736e-01 1.215628628954732449e+00
-1.011514052071244230e+00 1.921493451658814688e+00 1.085816311084379482e+00 1.447889754676917828e+00 4.078715019936831609e-01 -1.178090356037424069e+00 9.653433871999099747e-01
-6.752800405634638015e-01 1.421149349180322430e+00 6.735546678484012340e-01 1.833905417840757002e+00 1.692853057893185242e-01 -1.464417676289613945e+00 7.267513376054254293e-01
-4.280855478528899916e-01 9.562702398519260516e-01 3.066396805586831809e-01 1.871594683072807408e+00 -1.339937050512978178e-01 -1.432728900651006443e+00 4.527570135817492458e-01
-2.950183066050008907e-01 7.216012867250918283e-01 8.528206055772721839e-02 1.453777199556515853e+00 -2.131405256479540766e-01 -1.206907617012260792e+00 1.878595843335474636e-01
-1.443403225922697819e-01 5.790582492851410468e-01 -1.132994162188444703e-01 8.594527571740776528e-01 -8.535922201845567991e-02 -9.808252699426783794e-01 -9.226371415970181789e-02
1.472205936796794901e-01 3.802651103538404187e-01 -4.025207590276528857e-01 3.769844615800239662e-01 1.851892253469751282e-01 -7.656636887851232531e-01 -4.238728399284788506e-01
5.514109219680749518e-01 8.390680788040583149e-02 -7.216418759441125541e-01 1.371648091707811101e-01 4.768695092290062276e-01 -4.205178878258647446e-01 -7.114470914475201635e-01
9.296439805983566229e-01 -2.121885839522178463e-01 -1.027118587799592753e+00 -6.633070207662745098e-03 4.075761260978562617e-01 5.377435103912208553e-02 -8.854190122504537186e-01
1.104195418504412274e+00 -2.855819086633921700e-01 -1.245249348888956886e+00 -1.627499261967359501e-01 -1.312114109548598306e-01 4.788682466816343020e-01 -9.396950098176884980e-01
1.012289243671705252e+00 -1.915882282649850055e-01 -1.311769454834261994e+00 -3.889523746520007208e-01 -6.712577259471327329e-01 7.329797558909599831e-01 -9.676629038782429415e-01
7.497415671385929681e-01 -1.831120108085563247e-01 -1.263690142485760282e+00 -7.178156254613023979e-01 -8.380367038281046899e-01 7.842354796198101052e-01 -1.104258918943318291e+00
4.520045128635613030e-01 -3.317566017701960024e-01 -1.184170389384094468e+00 -9.814995134240785957e-01 -7.451580264305344148e-01 7.410237677311414251e-01 -1.267886899189381023e+00
2.877072929866400508e-01 -6.168953717784780855e-01 -1.157560956793640017e+00 -1.002869369030997992e+00 -5.138828230276557552e-01 7.516672491015169433e-01 -1.408913600214142914e+00
3.132125908657398261e-01 -8.877244235432731889e-01 -1.167908470060964321e+00 -7.543443539361071037e-01 -2.500744541885390748e-01 7.625621480476042491e-01 -1.533157658342088281e+00
4.037589547905976461e-01 -9.012942554563658781e-01 -1.085459035814015483e+00 -3.955813017066401871e-01 -1.507739493680810006e-01 6.558291281782417936e-01 -1.415176533817131377e+00
3.834437210765508364e-01 -6.870125404312918960e-01 -8.197115382991312371e-01 -3.631059376640850128e-02 -8.147668511252843804e-02 3.923985694799140833e-01 -8.421257558971627644e-01
1.307530925966409185e-01 -3.867950099999695190e-01 -3.683998362956447115e-01 2.032345692579975716e-01 1.282213808654437126e-01 5.389056400909219419e-02 1.042444132728814928e-02
-2.798529832673862239e-01 -9.383335185998661898e-02 1.555509043910509037e-01 2.411087102974937557e-01 3.276927854338647084e-01 -1.720826403120263581e-01 7.959798220309661776e-01
-6.112593299862995044e-01 9.384781505968542437e-02 5.436999592340540088e-01 2.945745116258265406e-01 4.343517288223168737e-01 -1.547769474578651050e-01 1.363061047904947198e+00
-6.879067145343563672e-01 1.494643529453577591e-01 6.783589612647054068e-01 4.356252991525357832e-01 5.438406458417960332e-01 6.038662494417171983e-02 1.570013557336747301e+00
-4.939606479722896681e-01 1.272063968529867084e-01 5.972644989581865627e-01 3.953587346602298047e-01 7.181290429290364541e-01 3.255567664958884389e-01 1.362239752068182153e+00
-1.649211604093486494e-01 1.463246892216409356e-01 4.213928465021020697e-01 1.849195968540983948e-01 9.775945900751754625e-01 5.049010440405572453e-01 9.917675360767512771e-01
1.533248840350503739e-01 2.856647191092724913e-01 2.661380075435225145e-01 1.044545330769504898e-01 1.093817516048654737e+00 4.707680205640909499e-01 5.815606771632779726e-01
4.807628974738805128e-01 4.838624467803930296e-01 1.624502278975307190e-01 1.321530873822719387e-01 8.205338577658840560e-01 2.143389040626048625e-01 3.475493504335661066e-02
7.672754075251190242e-01 5.638788482022913939e-01 7.908122081667490200e-02 1.626988736663972923e-01 2.568236441970498940e-01 -1.187692634112036266e-01 -5.515715337042809141e-01
8.750050572631303814e-01 4.211132745300323332e-01 5.250047409673374091e-03 1.213759724153418429e-01 -5.271846811601970106e-01 -3.574580706391335960e-01 -1.041705672471247901e+00
8.769441161208246793e-01 1.754809483203879916e-01 9.984800209037358876e-03 -1.927796294944617850e-01 -1.218976528511573010e+00 -3.559525173994976810e-01 -1.340071299074382827e+00
7.922701260798273859e-01 4.074126408495391122e-02 1.821309407878703990e-01 -6.824026874897030082e-01 -1.531098748850485913e+00 -1.855948336183326497e-01 -1.273547347925991557e+00
5.461015057443514564e-01 8.767654101537247779e-02 4.763133649513265344e-01 -1.029597318580488974e+00 -1.683830023397687281e+00 -1.258004467360109846e-01 -8.952856085611256010e-01
1.583090822016956223e-01 2.328082828517290259e-01 7.633738758091804799e-01 -1.103441003885878180e+00 -1.740443673331752983e+00 -3.144946189591860120e-01 -3.656782900814555259e-01
-2.734887453527830581e-01 3.529058419697224669e-01 9.208943423117924576e-01 -8.869542607490453756e-01 -1.685154589062642483e+00 -6.272342879480199418e-01 2.343747863489845928e-01
-5.047182937941695480e-01 4.307884041982980028e-01 9.517611167894821644e-01 -4.776920175991404283e-01 -1.669976277473543380e+00 -8.655416999238709774e-01 6.893982566954304225e-01
-4.464752205545161057e-01 5.727519473880634537e-01 9.866072229105261604e-01 -1.483255666346748880e-01 -1.649087329116930345e+00 -9.400360128175563323e-01 8.541669298500406127e-01
-3.189027314326920992e-01 7.306478879230637880e-01 1.034983660160527785e+00 -3.215301950803771402e-02 -1.552236923119602707e+00 -9.141930204216542899e-01 8.559091908583539299e-01
