7.158119678497314453e-01
7.155425548553466797e-01
7.442528605461120605e-01
7.214285731315612793e-01
7.543988227844238281e-01
6.681034564971923828e-01
6.913043260574340820e-01
7.823275923728942871e-01
7.061781883239746094e-01
7.543988227844238281e-01
7.061781883239746094e-01
6.616809368133544922e-01
7.061781883239746094e-01
6.835714578628540039e-01
7.442528605461120605e-01
7.214285731315612793e-01
7.158119678497314453e-01
7.543988227844238281e-01
6.913043260574340820e-01
7.410714626312255859e-01
7.543988227844238281e-01
7.061781883239746094e-01
7.442528605461120605e-01
7.442528605461120605e-01
6.681034564971923828e-01
6.949999928474426270e-01
7.681159377098083496e-01
7.410714626312255859e-01
7.442528605461120605e-01
6.616809368133544922e-01
7.823275923728942871e-01
6.835714578628540039e-01
7.410714626312255859e-01
7.297101020812988281e-01
7.681159377098083496e-01
7.297101020812988281e-01
6.994302272796630859e-01
6.835714578628540039e-01
6.994302272796630859e-01
7.155425548553466797e-01
7.823275923728942871e-01
6.681034564971923828e-01
7.155425548553466797e-01
7.543988227844238281e-01
7.328571081161499023e-01
6.835714578628540039e-01
6.616809368133544922e-01
6.835714578628540039e-01
7.214285731315612793e-01
7.297101020812988281e-01
6.835714578628540039e-01
6.780626773834228516e-01
7.158119678497314453e-01
6.949999928474426270e-01
7.158119678497314453e-01
6.835714578628540039e-01
7.543988227844238281e-01
6.780626773834228516e-01
7.543988227844238281e-01
6.835714578628540039e-01
7.214285731315612793e-01
7.410714626312255859e-01
6.616809368133544922e-01
7.543988227844238281e-01
7.543988227844238281e-01
7.297101020812988281e-01
7.442528605461120605e-01
7.543988227844238281e-01
7.297101020812988281e-01
7.442528605461120605e-01
7.543988227844238281e-01
7.297101020812988281e-01
6.457142829895019531e-01
7.410714626312255859e-01
7.543988227844238281e-01
6.994302272796630859e-01
7.061781883239746094e-01
6.994302272796630859e-01
6.913043260574340820e-01
7.297101020812988281e-01
7.297101020812988281e-01
7.543988227844238281e-01
7.543988227844238281e-01
6.457142829895019531e-01
7.442528605461120605e-01
6.457142829895019531e-01
7.297101020812988281e-01
7.543988227844238281e-01
6.994302272796630859e-01
7.442528605461120605e-01
6.616809368133544922e-01
7.297101020812988281e-01
6.835714578628540039e-01
6.994302272796630859e-01
7.126436829566955566e-01
7.410714626312255859e-01
7.297101020812988281e-01
6.913043260574340820e-01
7.410714626312255859e-01
7.061781883239746094e-01
