9.061583280563354492e-01
8.649425506591796875e-01
8.847825527191162109e-01
8.649425506591796875e-01
8.464285731315612793e-01
8.847825527191162109e-01
8.464285731315612793e-01
8.847825527191162109e-01
8.464285731315612793e-01
8.847825527191162109e-01
8.268678188323974609e-01
8.847825527191162109e-01
8.464285731315612793e-01
8.847825527191162109e-01
8.847825527191162109e-01
8.649425506591796875e-01
8.847825527191162109e-01
8.268678188323974609e-01
8.464285731315612793e-01
8.847825527191162109e-01
8.464285731315612793e-01
8.847825527191162109e-01
8.649425506591796875e-01
8.463767766952514648e-01
8.290598392486572266e-01
8.898809552192687988e-01
8.847825527191162109e-01
8.847825527191162109e-01
8.649425506591796875e-01
8.464285731315612793e-01
8.847825527191162109e-01
8.847825527191162109e-01
8.649425506591796875e-01
8.649425506591796875e-01
8.649425506591796875e-01
8.464285731315612793e-01
8.649425506591796875e-01
8.649425506591796875e-01
8.464285731315612793e-01
8.649425506591796875e-01
8.464285731315612793e-01
8.847825527191162109e-01
8.847825527191162109e-01
8.898809552192687988e-01
8.847825527191162109e-01
8.464285731315612793e-01
8.464285731315612793e-01
8.847825527191162109e-01
8.847825527191162109e-01
8.673020601272583008e-01
8.649425506591796875e-01
8.464285731315612793e-01
8.649425506591796875e-01
8.649425506591796875e-01
8.464285731315612793e-01
8.464285731315612793e-01
8.464285731315612793e-01
8.464285731315612793e-01
8.649425506591796875e-01
8.847825527191162109e-01
8.847825527191162109e-01
8.649425506591796875e-01
8.847825527191162109e-01
8.649425506591796875e-01
8.649425506591796875e-01
8.464285731315612793e-01
8.649425506591796875e-01
8.464285731315612793e-01
8.898809552192687988e-01
8.649425506591796875e-01
8.649425506591796875e-01
9.061583280563354492e-01
8.847825527191162109e-01
8.464285731315612793e-01
8.464285731315612793e-01
8.847825527191162109e-01
8.847825527191162109e-01
8.847825527191162109e-01
9.061583280563354492e-01
8.649425506591796875e-01
8.847825527191162109e-01
8.649425506591796875e-01
8.649425506591796875e-01
8.464285731315612793e-01
8.464285731315612793e-01
8.290598392486572266e-01
8.898809552192687988e-01
8.649425506591796875e-01
8.649425506591796875e-01
8.290598392486572266e-01
8.847825527191162109e-01
8.464285731315612793e-01
8.847825527191162109e-01
9.061583280563354492e-01
8.847825527191162109e-01
8.649425506591796875e-01
8.649425506591796875e-01
8.649425506591796875e-01
8.464285731315612793e-01
9.061583280563354492e-01
