7.895894050598144531e-01
7.543988227844238281e-01
7.442528605461120605e-01
7.592856884002685547e-01
6.730204820632934570e-01
6.927536725997924805e-01
6.403133869171142578e-01
8.079710006713867188e-01
6.540247201919555664e-01
6.457142829895019531e-01
7.221153974533081055e-01
5.702614784240722656e-01
7.023809552192687988e-01
6.949999928474426270e-01
6.135621070861816406e-01
7.592856884002685547e-01
7.592856884002685547e-01
7.321428656578063965e-01
8.110119104385375977e-01
7.823275923728942871e-01
7.280303239822387695e-01
5.484330654144287109e-01
7.118768692016601562e-01
7.535612583160400391e-01
6.477272510528564453e-01
6.745689511299133301e-01
6.730204820632934570e-01
7.695652246475219727e-01
7.182539701461791992e-01
7.155425548553466797e-01
7.118768692016601562e-01
6.950464248657226562e-01
8.085714578628540039e-01
7.297101020812988281e-01
7.297101020812988281e-01
5.920608043670654297e-01
7.328571081161499023e-01
6.913043260574340820e-01
6.622806787490844727e-01
7.707142829895019531e-01
6.378298997879028320e-01
7.887930870056152344e-01
7.715773582458496094e-01
7.603174448013305664e-01
6.730204820632934570e-01
7.535612583160400391e-01
8.110119104385375977e-01
6.994302272796630859e-01
5.984195470809936523e-01
5.448718070983886719e-01
7.371795177459716797e-01
7.158119678497314453e-01
5.163398981094360352e-01
7.749288082122802734e-01
5.601173043251037598e-01
7.749288082122802734e-01
6.949999928474426270e-01
8.126780390739440918e-01
6.927083730697631836e-01
6.949999928474426270e-01
6.135621070861816406e-01
7.770898342132568359e-01
6.144927740097045898e-01
5.814285278320312500e-01
6.532738208770751953e-01
8.079710006713867188e-01
7.442528605461120605e-01
4.349593520164489746e-01
7.535612583160400391e-01
6.730204820632934570e-01
7.126436829566955566e-01
6.741486191749572754e-01
6.317567825317382812e-01
7.913105487823486328e-01
7.118768692016601562e-01
5.564516186714172363e-01
7.158119678497314453e-01
7.913105487823486328e-01
7.823275923728942871e-01
7.507183551788330078e-01
7.543988227844238281e-01
6.532738208770751953e-01
7.707142829895019531e-01
7.087719440460205078e-01
7.087719440460205078e-01
7.895894050598144531e-01
7.507183551788330078e-01
7.328571081161499023e-01
7.371795177459716797e-01
8.110119104385375977e-01
7.552631497383117676e-01
5.833333730697631836e-01
6.457142829895019531e-01
5.921052694320678711e-01
5.044642686843872070e-01
7.507183551788330078e-01
6.300287246704101562e-01
7.158119678497314453e-01
7.887930870056152344e-01
7.543988227844238281e-01
