9.649999999999999689e-01
9.625000000000000222e-01
9.699999999999999734e-01
9.725000000000000311e-01
9.675000000000000266e-01
9.649999999999999689e-01
9.375000000000000000e-01
9.449999999999999512e-01
9.599999999999999645e-01
9.749999999999999778e-01
9.675000000000000266e-01
9.825000000000000400e-01
9.525000000000000133e-01
9.549999999999999600e-01
9.699999999999999734e-01
9.775000000000000355e-01
9.649999999999999689e-01
9.599999999999999645e-01
9.625000000000000222e-01
9.475000000000000089e-01
9.699999999999999734e-01
9.475000000000000089e-01
9.475000000000000089e-01
9.699999999999999734e-01
9.675000000000000266e-01
9.499999999999999556e-01
9.649999999999999689e-01
9.525000000000000133e-01
9.449999999999999512e-01
9.925000000000000488e-01
9.925000000000000488e-01
9.625000000000000222e-01
9.825000000000000400e-01
9.525000000000000133e-01
9.549999999999999600e-01
9.675000000000000266e-01
9.699999999999999734e-01
9.725000000000000311e-01
9.625000000000000222e-01
9.625000000000000222e-01
0.965
0.9525
0.975
0.9525
0.9575
0.955
0.9675
0.9375
0.95
0.9675
0.9825
0.9475
0.9625
0.96
0.955
0.9525

