1.416140943417764309e+00 -1.256629067747269346e+00 1.912900603886167894e-01 1.276610540610962907e+00 6.641256741182741674e-01 7.079828812113915515e-02 -5.822675369734764406e-01
1.126849357949200048e+00 -9.573191337534786571e-01 2.247352363329088998e-01 1.169236898863261986e+00 3.837425963959562036e-01 -3.827159347703726344e-02 -1.581964087434240551e-01
4.870660233739087519e-01 -6.356428340748928596e-01 2.709823831407469630e-01 7.485712575478015163e-01 2.059836078309053298e-01 -6.337482868977434465e-03 3.159573504947627010e-01
-2.869363740959905429e-01 -3.327671012397980244e-01 3.079175088452755227e-01 1.234403315759071140e-01 1.310118407574227539e-01 1.131507150665988226e-01 6.975951934235612439e-01
-9.237834429634029787e-01 -8.246837779768133314e-02 3.191172560612134945e-01 -5.480729678255191750e-01 1.315798664345759483e-01 2.509641636464441383e-01 8.557951661194893589e-01
-1.239241344648955634e+00 1.089315167715066840e-01 2.990399076298372871e-01 -1.116173930474903653e+00 1.714854012417833251e-01 3.573308928308574495e-01 7.627418974920462391e-01
-1.163930597042206472e+00 2.572088541780771509e-01 2.566947741889560874e-01 -1.449026926778397728e+00 2.232889534820959310e-01 4.083822759834389027e-01 4.862374096605270868e-01
-7.341824952139143212e-01 3.767635648048885955e-01 2.144092187705920194e-01 -1.471516105120831419e+00 2.755068387996640888e-01 4.065528054670298763e-01 1.271697233616039258e-01
-7.174139551330796505e-02 4.763670277291683353e-01 1.828047404073084581e-01 -1.203324283356283164e+00 3.108055533621075783e-01 3.570658018331563932e-01 -2.223679215462469050e-01
6.632108089509861637e-01 5.690802657026287070e-01 1.463609168915584458e-01 -7.308067540982943200e-01 2.959944965322487964e-01 2.520967815114143473e-01 -4.965571788389589458e-01
1.313241049614826350e+00 6.610263792922487225e-01 8.988962189750804299e-02 -1.401708293623558088e-01 2.211330993684771928e-01 9.620668353984357379e-02 -6.497163828562998455e-01
1.750614200359011940e+00 7.343159207597427240e-01 2.426167270152266089e-02 5.155753693485656264e-01 1.284075347418711377e-01 -6.911005246899581955e-02 -6.534840303602090783e-01
1.899112582999388232e+00 7.544642138145085664e-01 -2.403362793996133631e-02 1.184585385183133166e+00 7.791817299620475146e-02 -1.816553220430362492e-01 -5.222635766703631610e-01
1.733455922633662771e+00 6.882466479438041906e-01 -3.050800073013705885e-02 1.767515812154424326e+00 1.052227078930511456e-01 -1.907959154788242684e-01 -3.100601892711409846e-01
1.268121013418323173e+00 5.168201906008826896e-01 1.847058276240759467e-02 2.133110996558453820e+00 2.147191095116085524e-01 -7.490058626153907329e-02 -7.177338707687089259e-02
5.690180310521192331e-01 2.475593001947410388e-01 1.154427559163168221e-01 2.199233065002012655e+00 3.803403893726025053e-01 1.509956692459799854e-01 1.474877724590661909e-01
-2.333673901364455572e-01 -7.581747406336518391e-02 2.283006684600417113e-01 1.995157506717491591e+00 5.525615217422595871e-01 4.423871228156739388e-01 3.042306649415423836e-01
-9.666269697743716804e-01 -3.696764869091295203e-01 3.083833229711039348e-01 1.641091869426797745e+00 6.790978718721765173e-01 7.458099087631191448e-01 3.630589359425907547e-01
-1.471384541938705270e+00 -5.240309109468186399e-01 3.106612256853709675e-01 1.258916244494949099e+00 7.147563513911486810e-01 1.002374268540345614e+00 3.225218146904950123e-01
-1.653711740152321141e+00 -4.500627712261647817e-01 2.221817904245251829e-01 8.999951719461547484e-01 6.296809244169837561e-01 1.144940528940136648e+00 2.427770002295122354e-01
-1.508758278200468927e+00 -1.599941811814793446e-01 8.190484769336477122e-02 5.527127302433140210e-01 4.348765653380404772e-01 1.122696701462149615e+00 2.172067960817695986e-01
-1.116063697115295072e+00 2.070385851149724454e-01 -4.030469774526422577e-02 1.993780351188038646e-01 1.851794244693917846e-01 9.253349323416907302e-01 2.989729357608130189e-01
-5.942911970814469536e-01 4.847714562044116993e-01 -1.038921928310530540e-01 -1.439665813818045981e-01 -6.788098089746483210e-02 5.720196767245098179e-01 4.665100008712372293e-01
-4.387089509002633364e-02 5.952520845721986920e-01 -1.298307024636473350e-01 -4.506500058387373220e-01 -3.212802921463150940e-01 8.909529330292555171e-02 6.440982421277793302e-01
4.522215143890465083e-01 5.485723952310702645e-01 -1.757064404751997322e-01 -7.278748626864990356e-01 -6.117393364270466982e-01 -4.963814809315346688e-01 7.448817381934912385e-01
7.982158863314754438e-01 3.623378371535653231e-01 -2.837649783969245498e-01 -1.001598387362986564e+00 -9.670060292461233331e-01 -1.145505899671997119e+00 7.128207451395754957e-01
9.084008872341317042e-01 2.889500722945324146e-02 -4.517294035386362760e-01 -1.266038738729443169e+00 -1.375488964365098266e+00 -1.795589003580682075e+00 5.404582028913386127e-01
7.623363885047217403e-01 -4.347037289890408607e-01 -6.597311308243718475e-01 -1.470285695598905873e+00 -1.802045722293239338e+00 -2.371218408699962144e+00 2.502219341404757769e-01
4.079388814360032089e-01 -9.581891498510508587e-01 -9.013509239034600551e-01 -1.557129947957402116e+00 -2.209295571647488465e+00 -2.805130235746212897e+00 -1.462296090722579878e-01
-8.009500236575119170e-02 -1.446893543559409023e+00 -1.175647013603968505e+00 -1.511702325607291009e+00 -2.560999438749789192e+00 -3.048899643325849507e+00 -6.500493105799706184e-01
-6.156387289137479346e-01 -1.806766655229338658e+00 -1.469016938230027769e+00 -1.367259793881399510e+00 -2.821733366905013529e+00 -3.081977338732549310e+00 -1.209022894564342643e+00
-1.096583368447013429e+00 -1.967344659576944599e+00 -1.745732274998577083e+00 -1.174035638756082855e+00 -2.953011336538356790e+00 -2.910859013237971915e+00 -1.688368771052868755e+00
-1.428640501829251397e+00 -1.904772633654327141e+00 -1.954529532264962288e+00 -9.662027164344856311e-01 -2.916032129293024244e+00 -2.555175451351254790e+00 -1.939770390702688418e+00
-1.561123239753244185e+00 -1.628923573673897174e+00 -2.050967411438104904e+00 -7.482967333115275732e-01 -2.697132788998211961e+00 -2.050890413674784085e+00 -1.865098507880992296e+00
-1.492343020366910800e+00 -1.162942077693414955e+00 -2.015897848694438554e+00 -5.191842267864442695e-01 -2.333347025276020226e+00 -1.462183695673129780e+00 -1.443856727230813597e+00
-1.261875097188527306e+00 -5.544144157225188163e-01 -1.856502439567889517e+00 -3.065664874388090988e-01 -1.892799675013001837e+00 -8.641806886640297503e-01 -7.566040023179961826e-01
-9.471297942310756834e-01 1.079459936867490089e-01 -1.586457347799740125e+00 -1.520366665719780352e-01 -1.417097758789844786e+00 -3.116946311521284207e-01 4.805435268708362073e-02
-6.270638018181702300e-01 7.121037456797896237e-01 -1.211824414909159486e+00 -5.630081071340711785e-02 -9.014473344728174409e-01 1.715470784835654572e-01 8.139979414765239341e-01
-3.224615413015939902e-01 1.173431007532564241e+00 -7.455651837592911502e-01 3.403368550239706247e-02 -3.406246701124012732e-01 5.793558761739039387e-01 1.394211353642681894e+00
1.326944790371180870e-02 1.469010896358786900e+00 -2.210604553952742468e-01 1.651836632216988898e-01 2.249978135905469911e-01 8.968465108994486679e-01 1.673767832453085580e+00
4.326006472974138761e-01 1.622900999677591605e+00 3.139493489652946945e-01 3.200047134758214895e-01 7.200168098378743053e-01 1.092424771455496657e+00 1.621398601214755653e+00
9.248077517094821509e-01 1.669767610146286163e+00 8.132717522282609801e-01 4.498623057880658527e-01 1.089336176246022303e+00 1.150093606434185567e+00 1.309216272842250062e+00
1.414227434506106329e+00 1.639288549770233860e+00 1.241172833886026616e+00 5.524795511933104919e-01 1.332236489689958114e+00 1.099372634722607822e+00 8.736686084217279991e-01
1.817980560190591621e+00 1.564017492587217228e+00 1.561602561102001907e+00 6.870343180790229320e-01 1.476750089417580680e+00 1.000835874387150604e+00 4.395068983464810453e-01
2.076309328296804146e+00 1.476852320194241397e+00 1.737621486925771341e+00 8.985489575920082572e-01 1.543178566905954119e+00 9.156691780297510075e-01 6.930421262529498638e-02
2.134684380199797893e+00 1.392022619356127144e+00 1.753974327254453680e+00 1.148664272753280091e+00 1.541079271282321139e+00 8.871941992797490739e-01 -2.174612090416239985e-01
1.942244833957744721e+00 1.300799517276711059e+00 1.630476795879173713e+00 1.345200245514455606e+00 1.487598409754059769e+00 9.337572328457403037e-01 -3.985767349355089917e-01
1.491904048607308964e+00 1.186899163023512616e+00 1.415322000869165153e+00 1.424572503935499945e+00 1.418896796369857771e+00 1.053007099036356253e+00 -4.398725365158199785e-01
8.607997694376002817e-01 1.037377144423327735e+00 1.165384591304262196e+00 1.388890787965263884e+00 1.373757477923758907e+00 1.227940823007137361e+00 -3.303755303186385883e-01
1.972818034276120347e-01 8.421610605018409190e-01 9.231917156939293267e-01 1.274481430949923944e+00 1.361764765722788262e+00 1.428316243612450132e+00 -1.160000655330793856e-01
-3.534857169992799975e-01 5.968492391804643971e-01 7.062643933977529320e-01 1.098962975354378813e+00 1.350453382224915178e+00 1.615425714014042891e+00 1.129387367302686768e-01
-7.150917816865607346e-01 3.150167327594247668e-01 5.139447560869958576e-01 8.569305932207621490e-01 1.285538873426099737e+00 1.749166341563323401e+00 2.784220434441893599e-01
-8.705804189501571422e-01 3.476037171898318373e-02 3.411535684313685146e-01 5.665063671465248030e-01 1.124106309290930472e+00 1.788731076186333757e+00 3.672912584039467188e-01
-8.206948252824890488e-01 -1.881688063312311754e-01 1.813803010534829063e-01 2.869224985102510894e-01 8.520137904967486353e-01 1.694526956735757039e+00 4.229811495183700143e-01
-5.839030748052133069e-01 -2.963797933918831395e-01 1.935465282238959042e-02 7.883419543794022155e-02 4.822693781319896678e-01 1.442096316175110138e+00 4.834232239525936836e-01
-2.197816467090537573e-01 -2.576810236474827431e-01 -1.675894448214136911e-01 -3.557101319423040114e-02 4.360225335934900248e-02 1.035104306938638530e+00 5.313784329888227020e-01
1.698455315860379622e-01 -8.458211209608580694e-02 -3.947848477677802781e-01 -7.342623492576612343e-02 -4.254004443244817080e-01 5.085055491702281660e-01 5.136351660525338980e-01
4.607702220476166954e-01 1.739219065428282418e-01 -6.517738704792792603e-01 -6.343142333436900537e-02 -8.641298609960827992e-01 -6.609727746611573918e-02 4.122757196358645126e-01
5.573262018913127669e-01 4.601676642487519953e-01 -8.988761833704180804e-01 -6.114973963262354539e-03 -1.191923175396661927e+00 -5.840320836694753437e-01 2.710080854301696873e-01
4.605122677850712609e-01 7.336769058914440755e-01 -1.084281872506750455e+00 1.355183810865811800e-01 -1.345550544088203404e+00 -9.405919445393532419e-01 1.441887607649729175e-01
2.878785032396362631e-01 9.746799101851423286e-01 -1.151635979960005995e+00 3.829556588308621889e-01 -1.308809523619213211e+00 -1.074117563845955914e+00 4.831062813246084220e-02
2.118527549133399079e-01 1.172341465328719856e+00 -1.047532516249283896e+00 6.930634124691412712e-01 -1.102281940949896955e+00 -9.749038556567315439e-01 -4.526062704956902716e-02
3.127209905545920154e-01 1.316936017491934230e+00 -7.707017049141503540e-01 9.638404762460588415e-01 -7.690226102226055405e-01 -6.578400880372864412e-01 -1.752360675639164644e-01
4.656847135374811431e-01 1.396916171775144599e+00 -4.104796909921802350e-01 1.081205881587627760e+00 -3.884383812131055880e-01 -1.622406275930024511e-01 -3.225382009020553720e-01
4.729267392771873690e-01 1.397946414761951583e+00 -9.877625824497697493e-02 1.015027507340687585e+00 -6.539616688797753041e-02 4.071830747703741316e-01 -4.187535755088048206e-01
3.091120827221216505e-01 1.304960947151388106e+00 8.153314374110612328e-02 8.719770262294973540e-01 1.363473755537818188e-01 8.874238359847187452e-01 -4.472425975569699341e-01
1.250321159112406932e-01 1.111210118088846732e+00 1.360131747590621332e-01 7.805544361959119160e-01 2.204251042936715144e-01 1.141880992410004181e+00 -4.624566690742690223e-01
4.544832784613266757e-02 8.326587776537126562e-01 1.160977636822249220e-01 7.485050422977715945e-01 2.041962574532262542e-01 1.125698710851630979e+00 -4.966658241838717847e-01
4.939294348988906846e-02 5.100393890282483023e-01 5.609465165087941518e-02 6.893961034024189694e-01 9.415038582183914151e-02 8.827457471951382084e-01 -5.078433541321181188e-01
2.523590278547530041e-02 1.957534621196931612e-01 -4.870800376591351288e-02 5.475164221688541000e-01 -9.143909228047078508e-02 5.103201203761038585e-01 -4.300050583070831878e-01
-9.661199421463279036e-02 -5.779342061659430846e-02 -2.220056564820512834e-01 3.511762076471247607e-01 -3.330995826394266834e-01 1.065527404599815736e-01 -2.467255879471544067e-01
-2.848034795197211810e-01 -2.141437348393139817e-01 -4.637190601812880009e-01 1.556732200083233986e-01 -6.246216033138554113e-01 -2.695949885689820635e-01 -3.025313098394539872e-03
-4.638798434048873598e-01 -2.718321387997795768e-01 -7.310472860182617438e-01 -2.025946332767339375e-02 -9.519371038821019537e-01 -5.951429001098728078e-01 2.386486135667525432e-01
-5.796871119041253628e-01 -2.616144324103219510e-01 -9.656181397861957061e-01 -1.770441618330352573e-01 -1.278603930032770730e+00 -8.646523280881199813e-01 4.444624333215967393e-01
-6.139693479607049031e-01 -2.245726769403847134e-01 -1.120643936775944871e+00 -2.962359168118383068e-01 -1.554800579130526383e+00 -1.076333398201810176e+00 6.199475517817250037e-01
-5.800453660846891513e-01 -1.912297188020250782e-01 -1.168751197678681741e+00 -3.614428553012261625e-01 -1.743370523603427369e+00 -1.228231756033842048e+00 7.826094532167651163e-01
-5.147140299475441161e-01 -1.715187101600568476e-01 -1.104436423393583722e+00 -3.978307206378569605e-01 -1.844111973223780510e+00 -1.329409830417079830e+00 9.348032232171549216e-01
-4.648037209515879509e-01 -1.618512806777905044e-01 -9.401788234326171612e-01 -4.593555442264493638e-01 -1.879280527578249815e+00 -1.398511538040087432e+00 1.067045663614199169e+00
-4.666134682164753689e-01 -1.589059921805398290e-01 -7.025074987127284398e-01 -5.729720742725220584e-01 -1.859657665817701755e+00 -1.447204924996903896e+00 1.177173876784221918e+00
-5.187397696107405309e-01 -1.565563734105929472e-01 -4.307926271301493748e-01 -7.035898307897435755e-01 -1.778627316026925476e+00 -1.476932118049219200e+00 1.268317484493906244e+00
-5.830483941352730959e-01 -1.343246520667740196e-01 -1.687413495783404160e-01 -7.909728495896687361e-01 -1.631108457961069513e+00 -1.483360395978505997e+00 1.317814855675135233e+00
-6.215525880625973887e-01 -6.429390568388425320e-02 4.713461755336130488e-02 -8.161559273127934055e-01 -1.431129005348027006e+00 -1.462652942181304150e+00 1.279993771421108262e+00
-6.082651827577703063e-01 7.491107039017587399e-02 1.965587764210420252e-01 -7.932770148964346513e-01 -1.211328122835358956e+00 -1.422168552264846841e+00 1.138026874385917431e+00
-5.015713702620702152e-01 2.963357217053840809e-01 2.814080341435540311e-01 -7.076268958227098782e-01 -1.005636187366852674e+00 -1.374471130929668439e+00 9.073592444302835958e-01
-2.416597044366307900e-01 6.001118805585720084e-01 3.219203752475641167e-01 -5.165893964467225263e-01 -8.353290082876653200e-01 -1.319378341940686150e+00 5.895334037910514580e-01
2.017694320993623780e-01 9.562325996796002814e-01 3.461229417891937277e-01 -2.157261401308435134e-01 -7.062595111487545152e-01 -1.241674881234560379e+00 1.694924541192765477e-01
7.847365829701564710e-01 1.299811199026480457e+00 3.770666316906816640e-01 1.322190028996847733e-01 -6.083968249567315301e-01 -1.121658745892489373e+00 -3.500176853028401092e-01
1.399455293949429802e+00 1.555565753013259389e+00 4.210399736526725389e-01 4.465483329418047931e-01 -5.207696783379724970e-01 -9.490436517663884963e-01 -9.212440746314322082e-01
1.928364675037111953e+00 1.670256715989790308e+00 4.614377477248325921e-01 6.888660317965905611e-01 -4.277698625459924187e-01 -7.381600482557558740e-01 -1.447209983859389038e+00
2.283702168462174331e+00 1.631286854280901144e+00 4.592188521379381161e-01 8.643561940265929167e-01 -3.311161807453456007e-01 -5.287051786543411902e-01 -1.816297112664786217e+00
2.407536001292914563e+00 1.464695114347377425e+00 3.711495837825414257e-01 9.770456495428674337e-01 -2.440618993321799213e-01 -3.617013041893814562e-01 -1.959435581423757622e+00
2.268193930148943327e+00 1.213782290772620565e+00 1.789047986819213287e-01 1.003157270032733361e+00 -1.840978687012663484e-01 -2.600590805747994283e-01 -1.873856941640380969e+00
1.874531516489036820e+00 9.175898272332615457e-01 -9.842786360149974323e-02 9.113359371326790193e-01 -1.747564379671161516e-01 -2.383941157423333512e-01 -1.588670362803419112e+00
1.278653165801111768e+00 6.092660719551445947e-01 -4.184358072392681538e-01 6.942219524469932512e-01 -2.392570424531343387e-01 -3.082760531723778841e-01 -1.127656807997115429e+00
5.376677671484016985e-01 3.300412592424801783e-01 -7.483283607207359411e-01 3.792423232817177525e-01 -3.867979122347828813e-01 -4.617628945597192502e-01 -5.047472925469337346e-01
-3.010167678294761173e-01 1.409812695651101733e-01 -1.071587276263911148e+00 2.210735257772129467e-02 -6.117577324446736853e-01 -6.714498068011135468e-01 2.424054239302668445e-01
-3.010167678294761173e-01 1.409812695651101733e-01 -1.071587276263911148e+00 2.210735257772129467e-02 -6.117577324446736853e-01 -6.714498068011135468e-01 2.424054239302668445e-01
-1.437975253445981316e+00 5.463211575458498670e-01 -1.143076081081645379e+00 -5.971878211533596659e-01 -1.171998695231752263e+00 -1.209379624806284914e+00 1.263287146230789304e+00
-1.437975253445981316e+00 5.463211575458498670e-01 -1.143076081081645379e+00 -5.971878211533596659e-01 -1.171998695231752263e+00 -1.209379624806284914e+00 1.263287146230789304e+00
-8.344551610230174221e-01 7.811837009392483822e-01 -5.948119347092647446e-01 -5.139431214736763787e-01 -9.803606372089770371e-01 -1.095037078151543497e+00 7.612362397033135553e-01
-4.928779880557601634e-02 8.298934873732284334e-01 1.131362922503382357e-01 -2.920554794793659426e-01 -5.698343611119188745e-01 -7.660723555395856366e-01 2.304354369993827090e-01
6.472666379851151897e-01 6.608807539920547036e-01 8.107579536107372142e-01 3.660744727780920749e-02 -5.747805492074398170e-02 -3.235069763674944809e-01 -1.494197954802080515e-02
1.088255360604771571e+00 3.599700226292424921e-01 1.311638698080303422e+00 3.841338886415724407e-01 3.967097558638895682e-01 9.667639314850642873e-02 6.807743544121108714e-02
1.211164010873319485e+00 5.636044040447116266e-02 1.457391474316574564e+00 6.139730645495995454e-01 6.388866301326991959e-01 3.860668374265216474e-01 2.644970587738559309e-01
1.098411143691810254e+00 -1.538027687865313464e-01 1.221578460035638747e+00 6.286052985294460216e-01 6.012450395418453830e-01 4.892929824513155279e-01 2.920256285643824112e-01
9.211147764754222811e-01 -2.363819648017718433e-01 7.286233883440655923e-01 4.491021146123140850e-01 3.442056562813138321e-01 4.133085204209426822e-01 1.904292244198991027e-02
8.014857503285226503e-01 -2.000802295274657083e-01 1.600524683928630509e-01 1.941208659971954964e-01 1.191493550825955226e-03 2.084135411341201671e-01 -4.601045285326002543e-01
7.325611539649439230e-01 -6.951974533255531052e-02 -3.527296841814698269e-01 -1.652823935425763030e-02 -3.154360841264352566e-01 -6.060954990662889563e-02 -9.311354076540433455e-01
6.251389824443647214e-01 1.234273178269901655e-01 -7.586749706990137954e-01 -1.287622335257115891e-01 -5.551226215818012566e-01 -3.337418517895986980e-01 -1.207646524843152047e+00
4.247704394910438719e-01 3.346686938322785410e-01 -1.032053486738674586e+00 -1.548978183030791100e-01 -7.016302673385133026e-01 -5.655335009990219985e-01 -1.203152047605918096e+00
1.530026961968402599e-01 5.057759548959154250e-01 -1.143162408416657838e+00 -1.446257987601728967e-01 -7.527374189245781277e-01 -7.270320307117779102e-01 -9.420269771182111507e-01
-1.389005014054708609e-01 5.897120823293036107e-01 -1.097257036889419002e+00 -1.481869571329413326e-01 -7.374928743702484635e-01 -8.147015704393137936e-01 -5.194090060771408002e-01
-3.972982544224383239e-01 5.884630304858954331e-01 -9.474142272343885063e-01 -1.922865420076738385e-01 -7.085973045753138910e-01 -8.538463492434964497e-01 -3.140391175595311918e-02
-5.698856333882846847e-01 5.403150784739213508e-01 -7.559403998826329518e-01 -2.874660972212121912e-01 -7.006089578116014849e-01 -8.736977550809900128e-01 4.374389563681416182e-01
-6.109601958167690805e-01 4.738224412444578815e-01 -5.647501848490157350e-01 -4.322822267367779081e-01 -7.173779883341442343e-01 -8.821708476684431144e-01 7.714309814255897457e-01
-4.773528876007839816e-01 4.055657214092637797e-01 -3.933697380140225297e-01 -5.855180239248392038e-01 -7.499265763114373318e-01 -8.620354477173248764e-01 8.264818127202968601e-01
-1.568651942187024029e-01 3.577071977987087981e-01 -2.403381136887638159e-01 -6.569388857271500903e-01 -7.704208985732832193e-01 -7.754738004726934308e-01 5.283264008734581685e-01
2.794785017710230135e-01 3.392693911802488471e-01 -7.906564112952207957e-02 -5.536618128356466384e-01 -7.124865722663870082e-01 -5.832136296482681725e-01 -1.813610067814616297e-02
6.783370499382941343e-01 3.151775534338960294e-01 1.384260839409063859e-01 -2.424562836513123876e-01 -4.810338839849334081e-01 -2.723389830063651096e-01 -5.468330979986195661e-01
8.424017782257156028e-01 2.165259460101785216e-01 4.398200862487398055e-01 2.026102146331280884e-01 -1.086297463896862721e-02 1.264584612929256502e-01 -7.799458949548561115e-01
6.289159734224079035e-01 2.147584180256264033e-02 7.514045106300766275e-01 6.054911030922157655e-01 6.171055635499770320e-01 5.121848559708408466e-01 -6.055788559366783730e-01
1.476599640888112408e-01 -1.711336355023299616e-01 8.705917287304829610e-01 7.876290716307794426e-01 1.097828153621602132e+00 7.016802074321013549e-01 -1.743810273561990365e-01
-2.228160432693829518e-01 -2.120074755617191997e-01 5.975693790630877134e-01 6.742609930953656905e-01 1.048013161921684144e+00 5.190389233350140019e-01 2.000524140299634324e-01
-2.205590647310167463e-01 -8.160031948809298719e-02 -1.283456959222226655e-02 2.924014256877467965e-01 3.762915482476790752e-01 -2.087395584699153206e-02 3.199080845504430615e-01
3.637330106412758196e-03 6.455299499419478448e-02 -5.970993655867201655e-01 -2.610626495849721618e-01 -5.240900307132133618e-01 -6.321786618252260848e-01 2.398218207575520400e-01
1.605159214375211085e-01 9.488163978300723223e-02 -8.343026271358447987e-01 -7.864149459595686231e-01 -1.121589197492240730e+00 -9.686796994318662701e-01 7.387508373322373978e-02
1.777171309143590616e-01 4.684938421295967159e-02 -7.338437164923502509e-01 -1.037993252221897755e+00 -1.209160636335675276e+00 -9.082770067342860187e-01 -1.380961551689323663e-01
1.504606012296388351e-01 1.482743461847452378e-02 -4.774192198982723512e-01 -9.023164489948951594e-01 -8.988878880380887226e-01 -5.678974332116020207e-01 -3.363682209120983368e-01
1.708460962640781511e-01 3.184952643583782717e-02 -1.934712462069294592e-01 -4.585612223270704169e-01 -3.790727528238713728e-01 -1.404553689282833917e-01 -4.416916712889656371e-01
2.431151272698995613e-01 9.364320295971866048e-02 5.953621289434120334e-02 1.003178002760478638e-01 1.785827218464562660e-01 2.180494840408458701e-01 -4.235742729174639121e-01
2.756787751373920847e-01 1.979950345710734805e-01 2.465514259323900170e-01 5.590282678842189990e-01 6.151817680959666967e-01 4.214430648738803353e-01 -2.865157060234250763e-01
1.797260050001044662e-01 3.461989526093966485e-01 3.329546199315256416e-01 7.718440747901410548e-01 7.990097715589228322e-01 4.420663512170641685e-01 -6.282807445616159225e-02
-2.612882946669575768e-02 5.314737328809560069e-01 3.007592457588797452e-01 7.187937101987703636e-01 6.787477348436767866e-01 3.010848104925731294e-01 1.873296835147336137e-01
-2.259064285804969485e-01 7.309664016201971037e-01 1.797627037170589082e-01 4.768270158578359341e-01 3.238267001802341283e-01 7.209477713052586667e-02 4.004881315532377584e-01
-3.038545594824541562e-01 9.105081348724396451e-01 2.751936848287581464e-02 1.539509406185446128e-01 -1.242559138778777383e-01 -1.443019928242595951e-01 5.239084865251788514e-01
-2.065277059316548702e-01 1.034066414758299413e+00 -1.172797153668220516e-01 -1.531280738421992305e-01 -5.488144071955047831e-01 -2.745708492276361379e-01 4.989802725169233399e-01
4.678322665063335689e-02 1.069365626070261532e+00 -2.450933686404113410e-01 -3.826361949901072035e-01 -8.935803379729351237e-01 -2.988205844254850918e-01 2.653173050617521067e-01
3.598138320687424008e-01 9.900579019857246310e-01 -3.523831290353945378e-01 -5.136490489820469962e-01 -1.124832062482178152e+00 -2.339478631613921278e-01 -1.688302141225557773e-01
6.041520498023231767e-01 7.810906192494845302e-01 -4.239111845338661144e-01 -5.452221573568051260e-01 -1.206052190075157737e+00 -1.173116510040439764e-01 -6.839232984541685489e-01
6.892699923848806254e-01 4.427022882103157642e-01 -4.323494059503474873e-01 -4.778000276799000412e-01 -1.110236292914550615e+00 -8.574327455167275475e-04 -1.097165238274531385e+00
5.734937714514937168e-01 -1.358666663155637562e-02 -3.390675422029723607e-01 -3.254076106862356932e-01 -8.220853755822499220e-01 7.511066830038357067e-02 -1.231846962103023468e+00
2.553847003028662521e-01 -5.627642996282904431e-01 -1.038536802284687754e-01 -1.370405498356827845e-01 -3.372664839770613820e-01 1.036240395221976474e-01 -9.728931790270253233e-01
-1.909942102206730885e-01 -1.152789640256543624e+00 2.757854408687627212e-01 1.541266351323346100e-02 3.041952728247286353e-01 9.358431227428350152e-02 -3.434949933794989585e-01
-6.094651951759413322e-01 -1.697004686558750697e+00 7.244190948462100321e-01 6.897246196524761674e-02 9.804343115337786907e-01 4.861582069667911427e-02 4.396662626349172043e-01
-8.508983886372442074e-01 -2.093439372917425878e+00 1.111117681036160265e+00 -1.108759870149706069e-02 1.517241986342569904e+00 -3.115262502879768275e-02 1.067335471224577725e+00
-8.626867798943637089e-01 -2.271924485788468839e+00 1.335976267675313967e+00 -2.144817775667122173e-01 1.791290754076542147e+00 -1.352645457001584450e-01 1.347368874787609139e+00
-6.873843981281350102e-01 -2.232035771149032399e+00 1.391737371696073700e+00 -4.818898187437969383e-01 1.810626797085637563e+00 -2.272219685382333709e-01 1.297428030758839945e+00
-4.120065539051151471e-01 -2.032619953295504711e+00 1.334279300599352736e+00 -7.374303283913504758e-01 1.679178911894496196e+00 -2.574819649135707822e-01 1.067109297176325411e+00
-1.183012882629492224e-01 -1.738104674606268052e+00 1.205796833586067374e+00 -9.295430456550223264e-01 1.484803432326685213e+00 -2.062750998573128214e-01 8.001161875225054620e-01
1.427713547262417781e-01 -1.383945747365122436e+00 1.006316516109453829e+00 -1.036494667141135917e+00 1.253481763313849084e+00 -8.837643323106710025e-02 5.483440777161149304e-01
3.360408343534083686e-01 -1.002656478910813664e+00 7.381650023835714114e-01 -1.042456550716014396e+00 1.014788867090655744e+00 9.264997047671152952e-02 3.090037689280640820e-01
4.322764450383195789e-01 -6.447226581144547275e-01 4.355659026112156940e-01 -9.260179134074236762e-01 8.371210381688054536e-01 3.549537501762657921e-01 1.011700324997088646e-01
4.270957777543415435e-01 -3.427852523583456157e-01 1.253874031313506054e-01 -6.925169116549112491e-01 7.528767157496683016e-01 6.875108544085475337e-01 -4.424149453132334570e-02
3.398121381421056464e-01 -8.004127235158416120e-02 -2.090132532558214018e-01 -4.164008280761659631e-01 6.953049050654716012e-01 1.018305834065382331e+00 -1.507497716128778087e-01
1.887082353219845521e-01 1.866860422179742185e-01 -6.057618029734970211e-01 -2.067283249212985285e-01 5.421867993167550637e-01 1.246169761931435582e+00 -3.073208280196139675e-01
-2.503119076465110115e-02 4.767955915773227082e-01 -1.061951513900911470e+00 -1.157271926069278617e-01 2.265257798409227030e-01 1.297046179397359777e+00 -5.641917632017742212e-01
-3.042279994092527140e-01 7.616908305133219814e-01 -1.482006127434821963e+00 -9.940657320110081463e-02 -1.840338700062014721e-01 1.159190172573405508e+00 -8.242879574497059547e-01
-6.151615649969988109e-01 9.837756758952665992e-01 -1.703229270577661936e+00 -5.842505300808360086e-02 -5.199165835401216018e-01 8.840497307598870202e-01 -8.952002268614377423e-01
-8.614442007148968017e-01 1.082457288053319422e+00 -1.580091315960447051e+00 7.998216484112045943e-02 -6.194735590090815203e-01 5.604052661843332839e-01 -6.559304915191376262e-01
-9.062937821237582181e-01 1.003163248614761693e+00 -1.051789513570747125e+00 3.057312084644993044e-01 -4.086740822804731388e-01 2.820938943264294507e-01 -1.667039381586150892e-01
-6.613741851106997860e-01 7.094605843045798110e-01 -1.785186321436309509e-01 5.368113965686546196e-01 8.466613232850749016e-02 1.239800095473477110e-01 3.767804463822438388e-01
-1.903353507941883127e-01 2.085995831306984571e-01 8.538769563054329215e-01 6.642279308842309327e-01 7.498500865990508357e-01 1.214420712974413757e-01 7.955304986424190927e-01
2.991759798120617320e-01 -4.375953634240544732e-01 1.795336230116414633e+00 5.990831591318985794e-01 1.434566071192611592e+00 2.587211765869387725e-01 1.040327437375100361e+00
5.871165296399456501e-01 -1.132464654639348645e+00 2.447541332702650951e+00 3.088499042377276238e-01 1.999697851621862199e+00 4.794174171151148189e-01 1.190314978425706105e+00
5.691502147860380001e-01 -1.769506460801939074e+00 2.734332942375712783e+00 -1.735166270154410717e-01 2.346365842810237190e+00 7.104121490315188359e-01 1.348849264520512348e+00
2.866396876947466255e-01 -2.253742182173290143e+00 2.674897866814836878e+00 -7.656492170759783278e-01 2.417880361804307654e+00 8.816279627590284385e-01 1.526993208654858103e+00
-1.236992216850903714e-01 -2.529018454498904944e+00 2.340565748156037351e+00 -1.356889843045722799e+00 2.219517958781830558e+00 9.425051953642940017e-01 1.639738731257718296e+00
-4.980995147225058539e-01 -2.589651698057648499e+00 1.842358876773328769e+00 -1.827858270296618404e+00 1.829138553733882233e+00 8.807520551553925658e-01 1.583734929890894261e+00
-7.080299144081968477e-01 -2.465220086704298819e+00 1.302909606680773491e+00 -2.091116224961970360e+00 1.353604156850241047e+00 7.215638056751008111e-01 1.293893305604389310e+00
-7.139574142569885540e-01 -2.204976982158292742e+00 8.121809823936546602e-01 -2.133088666498412778e+00 8.795280233449447316e-01 5.029675692607610271e-01 7.752560172224725044e-01
-5.819745966355537314e-01 -1.871893378637565997e+00 4.135210132514663961e-01 -1.994362373597317273e+00 4.737332826920511164e-01 2.586355572505675271e-01 1.285954454045581119e-01
-4.301404080031674404e-01 -1.526485281414826645e+00 1.138798605149278220e-01 -1.707160340989618330e+00 1.937732770428610973e-01 1.499755161716320555e-02 -4.722808446149864281e-01
-3.426958211558225886e-01 -1.203034218921172904e+00 -1.083468381280224269e-01 -1.271166544985475211e+00 6.848450057973530514e-02 -2.054837592056077133e-01 -8.771937729319562171e-01
-3.411401608596650314e-01 -9.073305278154772946e-01 -2.894375456992715478e-01 -6.942869585074776806e-01 7.793056889398056186e-02 -3.786246662127089047e-01 -1.039195554041144165e+00
-4.196453044240646135e-01 -6.314151852247397168e-01 -4.635307017026668586e-01 -4.602037989983378402e-02 1.618162921010825595e-01 -4.758883271553436822e-01 -1.006855801883234980e+00
-5.678606438034241588e-01 -3.634937852392394753e-01 -6.489400865816854491e-01 5.574988854446202291e-01 2.579548658506854442e-01 -4.644029768410823933e-01 -8.689271992163775105e-01
-7.503280890766493849e-01 -9.643592557910446450e-02 -8.338501926212938953e-01 1.033000194765345769e+00 3.412760013579907992e-01 -3.207420924973819476e-01 -6.936163898947110829e-01
-8.911604581480004894e-01 1.643478339849321068e-01 -9.842514735532492676e-01 1.370319715246908654e+00 4.224317287836067969e-01 -5.700042732901949155e-02 -4.987622061754346525e-01
-9.048964555165712742e-01 4.025894116052023963e-01 -1.076541069237065829e+00 1.584741049885528330e+00 5.163194881139804293e-01 2.765624478625035021e-01 -2.828177506701637922e-01
-7.483360027159809968e-01 6.004053562840405700e-01 -1.118966491538027963e+00 1.653119979008455642e+00 6.176386099877494429e-01 6.206600883208746033e-01 -8.294438535497941634e-02
-4.366186906744513596e-01 7.447074988602399026e-01 -1.137150826915148683e+00 1.525277356615846847e+00 7.079788009069648558e-01 9.354007747489675451e-01 2.197631134741706918e-02
-1.732878916024810714e-02 8.254110263101029910e-01 -1.132535361880585567e+00 1.198156355208672919e+00 7.944512840352435656e-01 1.210052793643295432e+00 -1.260978176700623850e-02
4.535452574043034035e-01 8.330376045054905809e-01 -1.070281437044204420e+00 7.495699579137878876e-01 9.208213213985337875e-01 1.450761732987402075e+00 -1.396794392397785745e-01
9.098577181084114285e-01 7.650810336025658520e-01 -9.294574703474308697e-01 2.877234448735548344e-01 1.109564587750977882e+00 1.652722639756598610e+00 -2.687998410440298191e-01
1.250727964611513032e+00 6.308174929907470752e-01 -7.474628662242603916e-01 -1.220886000314227171e-01 1.307692878537860093e+00 1.791546156280714897e+00 -3.517422924034162568e-01
1.339170392352064143e+00 4.410658309693376022e-01 -5.930459451722406294e-01 -4.696878112223284440e-01 1.418798365107695858e+00 1.843755499538187959e+00 -3.909334191969530692e-01
1.064980048085722997e+00 2.033536159123315312e-01 -5.085653972102496256e-01 -7.493969865302351208e-01 1.381163705219623949e+00 1.800709550802390035e+00 -3.810716787984964604e-01
4.188041265608178354e-01 -5.810404702454754350e-02 -4.979203413671529632e-01 -9.275788575631009891e-01 1.191595179212102007e+00 1.658052303323426679e+00 -2.846209561157941881e-01
-4.900696272981622803e-01 -2.908504550990698156e-01 -5.569304429882021568e-01 -9.551936659051257772e-01 8.684007471655711408e-01 1.402846346704825109e+00 -7.275927131810852599e-02
-1.478698790792870366e+00 -4.366229301388783735e-01 -6.886986077489439806e-01 -7.931132878499604910e-01 4.260779804196866416e-01 1.021454540342903838e+00 2.353573417095042586e-01
-2.360798020942571629e+00 -4.578748835861515820e-01 -8.936736569584097234e-01 -4.391129775778623845e-01 -1.216016939891729071e-01 5.160251523298616805e-01 5.733420202110470765e-01
-2.993658212777660310e+00 -3.502567863710932539e-01 -1.148887950912363509e+00 5.641431878449353066e-02 -7.445013003183567069e-01 -8.522755955363979508e-02 8.559014979882004770e-01
-3.292994809627148634e+00 -1.510258108849447389e-01 -1.384555815766681741e+00 6.043615040336697275e-01 -1.364358849984469879e+00 -7.181491609874143256e-01 1.026176731283820143e+00
-3.234954081272521709e+00 6.343354388597925719e-02 -1.491269862706682492e+00 1.113840261513272978e+00 -1.847007650712450655e+00 -1.282741769756635009e+00 1.085099587241132646e+00
-2.854085171087756390e+00 2.006997591855732843e-01 -1.373302403380034953e+00 1.523359018779764984e+00 -2.052581497938406052e+00 -1.666007572889666832e+00 1.063644354387405455e+00
-2.237186952890537928e+00 1.869869456827021603e-01 -1.004338045953077962e+00 1.801910443442898302e+00 -1.905975024095194925e+00 -1.777920111388762159e+00 9.812621527993571346e-01
-1.506894142979371853e+00 -4.954034336291214015e-03 -4.344843478832273176e-01 1.925262662232596345e+00 -1.430188273486443284e+00 -1.581691816234906511e+00 8.477985798741780599e-01
-7.952342415376577600e-01 -3.511169087125801114e-01 2.418649895218744350e-01 1.857691665036659723e+00 -7.350960126991462618e-01 -1.103578072768043317e+00 6.744867744733934467e-01
-2.152250456646802312e-01 -7.929021262762753208e-01 9.202093149722904153e-01 1.574724806815373634e+00 2.374970821738702983e-02 -4.203249546144732784e-01 4.704099962349362340e-01
1.578796267988522573e-01 -1.263776653582886045e+00 1.522381438789130348e+00 1.109777816027874842e+00 7.188417830116157203e-01 3.697219400605183948e-01 2.699321030249340891e-01
2.900175610125091952e-01 -1.711882333018249769e+00 2.017762530223321971e+00 5.544611651977949807e-01 1.305863101381905977e+00 1.174571655771066370e+00 1.510080131634823630e-01
1.965459017194054192e-01 -2.093321059140220264e+00 2.396324135216081785e+00 4.759154554441158598e-03 1.787479017322771702e+00 1.916790148907063118e+00 1.676892442816184936e-01
-4.821072049482082178e-02 -2.352599270961769573e+00 2.631234928883052770e+00 -4.909746676427171885e-01 2.139596560865364427e+00 2.529233528482945026e+00 2.776056994356806973e-01
-3.371169848436465499e-01 -2.439323234340648572e+00 2.684793376795198583e+00 -9.397802400442857307e-01 2.308088361059604132e+00 2.953454858903881597e+00 3.817574445374952719e-01
-5.776240620617602017e-01 -2.341839125574906255e+00 2.549684405958474454e+00 -1.357391613997524393e+00 2.269303477763274568e+00 3.142796827492719380e+00 4.339901408727692700e-01
-7.119300460415228793e-01 -2.081961253363936670e+00 2.264046097561980275e+00 -1.716641755085026810e+00 2.061202737423343478e+00 3.069151834936680867e+00 4.756169724482796068e-01
-7.106367743468806619e-01 -1.682273690597076765e+00 1.869663448981879084e+00 -1.950478765874741560e+00 1.746830676989170383e+00 2.733692629720335443e+00 5.456015211012066324e-01
-5.694743567587646771e-01 -1.155767912035974287e+00 1.379340627031418798e+00 -1.997785044238301388e+00 1.362270581650066203e+00 2.173573303751376251e+00 5.906621156897601255e-01
-3.177819792995021930e-01 -5.282887147978406750e-01 8.026758437477143904e-01 -1.837008017407709026e+00 9.113122673178901678e-01 1.458619185340461311e+00 4.963208621287110711e-01
-2.649810674745649297e-02 1.339836582742735260e-01 1.931630237537815542e-01 -1.476522453910144472e+00 4.167658906716739109e-01 6.870066964643092300e-01 2.058825642928767130e-01
2.139569969617017287e-01 7.299438610311942410e-01 -3.411207881889891103e-01 -9.253988663715789764e-01 -4.333735001830095468e-02 -2.849302124595144009e-02 -2.097781739242282339e-01
3.417783641796427463e-01 1.164156442941501224e+00 -6.842349736234561997e-01 -2.013815082838327775e-01 -3.761815519814175612e-01 -5.966865501442034647e-01 -6.080294087521902480e-01
3.410535062447597188e-01 1.380513981594633233e+00 -7.724420117580763634e-01 6.163511185268210069e-01 -5.379958240469645547e-01 -9.802873234963472848e-01 -8.734744394229676523e-01
2.236199215633081494e-01 1.370804641363118304e+00 -6.186522864158152668e-01 1.373997924995713271e+00 -5.515730356745676133e-01 -1.194703167837141367e+00 -9.657451600693593985e-01
2.062158474331909908e-02 1.167968829449252954e+00 -2.940537503225059690e-01 1.915503774160113526e+00 -4.755377412435182749e-01 -1.280061535281473262e+00 -9.088243944841418731e-01
-2.195679235530507423e-01 8.304750344650637661e-01 1.099017040767199666e-01 2.164142489075331355e+00 -3.669604518618351796e-01 -1.278969654388712351e+00 -7.433275078366751165e-01
-4.469888163416823046e-01 4.264895519374167776e-01 5.026108731011967867e-01 2.144361935348820136e+00 -2.760207486547764932e-01 -1.236051916727599176e+00 -4.845716492202225556e-01
-6.335968593061851450e-01 1.807057698016181421e-02 8.055250232222975759e-01 1.942686394882779721e+00 -2.485635069406955944e-01 -1.192096693764579607e+00 -1.245072459094862943e-01
-7.974481058646120113e-01 -3.492328623504742380e-01 9.727983631051947411e-01 1.634666141999281841e+00 -3.040499104186595303e-01 -1.156764630480631384e+00 3.293521001265113934e-01
-9.982162348549815656e-01 -6.371590012228333100e-01 9.988068798018255867e-01 1.247887705530139391e+00 -4.193298776234252179e-01 -1.096273851528355436e+00 8.233054194031436124e-01
-1.285382377855933900e+00 -8.079160723875844496e-01 9.112456647026818679e-01 7.957510487916197306e-01 -5.396188274231624726e-01 -9.622052082135970075e-01 1.280604614091133131e+00
-1.640089454212671383e+00 -8.377813420275048717e-01 7.559843812478026503e-01 3.150720612568170820e-01 -6.158893504814244579e-01 -7.462492541652548939e-01 1.641942955039173091e+00
-1.950802945470541561e+00 -7.247781045024792590e-01 5.697174194723105822e-01 -1.389663203839229533e-01 -6.512211825702705070e-01 -5.145144560463702499e-01 1.849157983038118402e+00
-2.047131554662349195e+00 -4.843475140963309777e-01 3.713737400057032234e-01 -5.184920157385121131e-01 -6.889344229814182707e-01 -3.629490528351695389e-01 1.810701788787591804e+00
-1.791219546354347658e+00 -1.483373248534472499e-01 1.689362866116681239e-01 -8.031065821921099523e-01 -7.529340935764049503e-01 -3.422562620876390960e-01 1.455338151060770358e+00
-1.188216197358196169e+00 2.284593127592557116e-01 -4.820035442816391485e-02 -1.002858542874562442e+00 -8.234888741778007004e-01 -4.404630072349898784e-01 8.512542355001999628e-01
-4.245579080601727395e-01 5.682058601796802222e-01 -3.120297303271468703e-01 -1.143209995233064546e+00 -8.513069094613454624e-01 -5.918537698576622486e-01 2.013347669378834914e-01
2.651790234293848192e-01 7.988731659720471612e-01 -6.466994918148744054e-01 -1.238368027860884402e+00 -7.837593275794424441e-01 -6.981289152716679824e-01 -3.293643912377136607e-01
7.580265143498716718e-01 8.867827128522198787e-01 -1.029111000776482543e+00 -1.285706651683373503e+00 -6.031682167483551904e-01 -6.886925540965462833e-01 -7.027280509533584407e-01
1.029930449294050643e+00 8.434803267269946891e-01 -1.399315599000500177e+00 -1.289082165118341283e+00 -3.561873676774885422e-01 -5.644897881765810199e-01 -9.261400725780654097e-01
1.087666044586781844e+00 7.167318050583304512e-01 -1.707844817670676418e+00 -1.255767230950664892e+00 -1.318679544989264651e-01 -3.805742301873975553e-01 -9.949764021133034042e-01
9.735140082778083181e-01 5.679217962216335236e-01 -1.926491545016080220e+00 -1.168472966775113697e+00 2.991501740302378570e-03 -2.010758940218220492e-01 -9.162395025295518858e-01
7.706640601495882148e-01 4.502404531013786682e-01 -2.036966704157311181e+00 -1.000047268053916527e+00 3.262363943457828597e-02 -6.781458901366353709e-02 -7.394353468161543042e-01
5.549062491640803785e-01 3.996880707796406917e-01 -2.041709383520242227e+00 -7.677010306697615860e-01 -3.331610013315824265e-02 1.134850954003021120e-02 -5.553865169692613346e-01
3.492272475557610667e-01 4.244904313359539327e-01 -1.965872370730775254e+00 -5.371457078152270803e-01 -1.744506423741686574e-01 5.572581341627495105e-02 -4.385081523112716595e-01
1.482033547999721257e-01 5.011675639585911890e-01 -1.832761758678349562e+00 -3.493612103396808166e-01 -3.511335270726517743e-01 8.214854581407733669e-02 -3.829430564302371276e-01
-2.772977886190764255e-02 5.917041746949053271e-01 -1.651887949137100131e+00 -1.797840391333691279e-01 -5.166184989662231386e-01 8.162173181040367764e-02 -3.267435998465146318e-01
-1.220731360192220671e-01 6.628121022549596786e-01 -1.424023244628446427e+00 8.328264889875690649e-03 -6.438966917870863060e-01 3.362011944718440448e-02 -2.394790172441515208e-01
-8.437174241433985367e-02 6.895657293010700739e-01 -1.143793174397074397e+00 2.012591303883197735e-01 -7.259099205982408876e-01 -6.355148047830055935e-02 -1.526890294047451857e-01
8.680233149516280999e-02 6.576727592930926569e-01 -8.137385563884760309e-01 3.427248979726864597e-01 -7.633816936780575269e-01 -1.895740262907648355e-01 -1.070794251366197353e-01
3.542573772298391876e-01 5.760292471923560420e-01 -4.647662995641889672e-01 3.976106134148720828e-01 -7.687123143566145789e-01 -3.258124877692343824e-01 -1.114813749033812112e-01
6.639996083099589663e-01 4.799756228526985691e-01 -1.506410256989558494e-01 3.870198985090162469e-01 -7.592214580112608413e-01 -4.551861474145418307e-01 -1.664480861377061194e-01
9.402119323081674640e-01 4.092102957715477163e-01 7.949255856254267005e-02 3.503658683981578648e-01 -7.429105707922269985e-01 -5.439393176029334587e-01 -2.951866490148006839e-01
1.102132148942458034e+00 3.867397425356462470e-01 1.943126869989149075e-01 2.975963333960031099e-01 -7.293538922569005045e-01 -5.602908135309098148e-01 -5.273741677760560576e-01
1.100994330896294393e+00 4.233198058539788255e-01 1.796797850301374566e-01 2.126960124812696529e-01 -7.333680244285646355e-01 -5.050692435499387622e-01 -8.502843220471701935e-01
9.424029788499668214e-01 5.244583141102940882e-01 4.673013803271101885e-02 9.823468400581893134e-02 -7.553099333217769829e-01 -4.106017930837356777e-01 -1.180180396547302113e+00
6.810865546155886463e-01 6.842104534744217759e-01 -1.708359401290629187e-01 -8.051830221153704264e-06 -7.800604547479328410e-01 -3.199080805495957414e-01 -1.403482146524771546e+00
3.759010282841687700e-01 8.754754528361597954e-01 -4.408738222262979511e-01 -3.526514618592416911e-02 -7.999726548559330519e-01 -2.641636173572807222e-01 -1.449263914540258824e+00
4.805162814731205739e-02 1.042544763600433466e+00 -7.384656535074470840e-01 -1.832136932647565608e-02 -8.217755610703427749e-01 -2.473004955850039155e-01 -1.302292786490754306e+00
-2.978535984750599330e-01 1.119725402581519091e+00 -1.014115000638205144e+00 -9.300917239639754780e-03 -8.367726823065105846e-01 -2.377209480031168554e-01 -9.711869750039119342e-01
-6.245478965109724223e-01 1.087114680718351822e+00 -1.188252976504105218e+00 -5.443924318479164554e-02 -8.055384431714939231e-01 -1.747578444950510790e-01 -4.895702827103237675e-01
-8.632002333386887827e-01 9.973578864963849044e-01 -1.215341888165314854e+00 -1.488267263709848742e-01 -7.076161796280647787e-01 -1.411614409649782076e-02 7.094207376663022591e-02
-9.488113410267943193e-01 9.196115517995070432e-01 -1.130093340523414147e+00 -2.595425115651552317e-01 -5.922288673613234078e-01 2.156252426783344667e-01 6.051199849239448092e-01
-8.553594888133714269e-01 8.730627136518148701e-01 -1.005396009510097555e+00 -3.735280103899333293e-01 -5.371964695670377044e-01 4.364747726336594691e-01 9.704926669976698950e-01
-6.414651066074366081e-01 8.269983201225498126e-01 -8.826962378351372873e-01 -5.155652404667790956e-01 -5.518686261578121810e-01 6.058759322868059183e-01 1.042242728322690493e+00
-4.204047518874758360e-01 7.440941169435912883e-01 -7.622741219529981516e-01 -7.022556475186855218e-01 -5.696602140334279252e-01 7.147702091797403234e-01 8.202198738553172497e-01
-2.371936285411321843e-01 6.243949126437685626e-01 -6.447857128151083250e-01 -8.775674826617912982e-01 -5.414598214794923425e-01 7.202817471266432792e-01 4.254942821730292590e-01
-4.249166659609287383e-02 5.136084140827964495e-01 -5.402933800235685258e-01 -9.312131008450152958e-01 -4.689326467483083127e-01 5.674832255225649158e-01 -2.687509301049014528e-03
2.088095398503842237e-01 4.667277074397278014e-01 -4.412219328230352344e-01 -7.878065412972835579e-01 -3.613160339994234693e-01 2.570282177698107184e-01 -3.670711486388763545e-01
5.015044680937165156e-01 5.106574819330480519e-01 -3.199412577557030901e-01 -4.492198057986342974e-01 -2.188798757369872228e-01 -1.538150179886799973e-01 -6.125243967664197875e-01
7.764324443268586506e-01 6.331850955218578658e-01 -1.511323366937740997e-01 2.796488461414497334e-02 -4.264987930619053291e-02 -5.895611401698231946e-01 -7.094825496001121445e-01
9.596571768002746250e-01 7.906011525512834925e-01 6.950436323621492218e-02 5.581182621417183354e-01 1.494181831768519875e-01 -9.884648287194033323e-01 -6.494223661322402474e-01
9.907616389640664378e-01 9.234177328194796974e-01 3.216907716682883556e-01 1.043035256732753657e+00 3.042360438824323610e-01 -1.316287306976289928e+00 -4.638281777463463262e-01
8.428435985439968192e-01 9.793621945297518172e-01 5.704807255328918636e-01 1.382700505959854942e+00 3.433542451728018863e-01 -1.556814397359979063e+00 -2.338678751949245516e-01
5.321172671368057383e-01 9.390992900018185763e-01 7.840002332064976986e-01 1.491659721588173504e+00 2.068786239628419010e-01 -1.700890830677131982e+00 -4.449753709423664993e-02
1.189108321837030607e-01 8.156739941054190757e-01 9.559936225242131602e-01 1.340654286121253813e+00 -9.907349605040750851e-02 -1.751249028682840159e+00 9.649619807981256459e-02
-3.041798166063253706e-01 6.304565620170605733e-01 1.103552997804046143e+00 9.879092045779730435e-01 -5.018533479248639129e-01 -1.729753354104658136e+00 2.641152390901758684e-01
-6.371261003854845617e-01 4.036358151154287310e-01 1.230826541678959218e+00 5.499552422121042339e-01 -9.126276346964450337e-01 -1.669508980947165044e+00 5.161384238510189348e-01
-8.148873503310891664e-01 1.544794887614517886e-01 1.314186048877894919e+00 1.252192718126414750e-01 -1.268653060658641252e+00 -1.591688141428476477e+00 8.170946599196949878e-01
-8.419330427869078370e-01 -1.029172621871688731e-01 1.325865574136819491e+00 -2.528364451260398105e-01 -1.535137455571102816e+00 -1.489171254677748024e+00 1.073280581918415022e+00
-7.746384295262442876e-01 -3.574617573221826605e-01 1.252747937535180212e+00 -5.825410162340154407e-01 -1.683530348834424872e+00 -1.334077392176266086e+00 1.215752442859953542e+00
-6.674389429187629341e-01 -5.903695057335334173e-01 1.090229307625946609e+00 -8.399567085654090492e-01 -1.688419114800694842e+00 -1.100774171611009544e+00 1.225662463483693010e+00
-5.399368616162689705e-01 -7.667574658703486534e-01 8.288392721214414838e-01 -9.836523636576686158e-01 -1.555294972354589689e+00 -7.859079636400987390e-01 1.096349176323182739e+00
-3.854377118837127858e-01 -8.397320225445774611e-01 4.618183512183374195e-01 -1.010002787640331912e+00 -1.332686824292731664e+00 -4.136640801577107784e-01 8.149783099766315653e-01
-1.887432589701979746e-01 -7.694218222331056234e-01 9.869836437730886147e-03 -9.809654558749146824e-01 -1.085805520370918265e+00 -3.135789776398309470e-02 3.896014880778919109e-01
6.991759622814198993e-02 -5.499546506609719332e-01 -4.677967841119558545e-01 -9.753465003140789902e-01 -8.601686593529137559e-01 3.014079545861353959e-01 -1.247961229647214648e-01
4.085784450842289139e-01 -2.169946072068995591e-01 -8.915819523358361476e-01 -1.019028572656974108e+00 -6.702295755578979719e-01 5.319318118941865903e-01 -6.426228458998968218e-01
8.293834738736233225e-01 1.760240689865349983e-01 -1.193320965432382863e+00 -1.073589423902066908e+00 -5.150612371678306989e-01 6.318726347144970612e-01 -1.095481404717568497e+00
1.308132218663337953e+00 5.824312757504450655e-01 -1.331503000887408694e+00 -1.089244176145736320e+00 -3.954731727773060368e-01 5.998892406114573195e-01 -1.451023131581777426e+00
1.789051745414939276e+00 9.658470431236915177e-01 -1.291207854513229947e+00 -1.061090517159899882e+00 -3.230930713846639213e-01 4.458875268599177266e-01 -1.681812081954231486e+00
2.192939553156508126e+00 1.286533659474037083e+00 -1.083966123860453656e+00 -1.019515743405533303e+00 -3.117669042893105313e-01 1.768506617398801495e-01 -1.734452352615074577e+00
2.447644061582252117e+00 1.492122960840170487e+00 -7.452859986629648548e-01 -9.709207915670791111e-01 -3.544124419388559044e-01 -1.962802333385148812e-01 -1.547803848725668230e+00
2.511206971213959527e+00 1.532371814206540783e+00 -3.314440808587238996e-01 -8.779498805633981773e-01 -4.226760049466311564e-01 -6.405706713215462145e-01 -1.113056811244627742e+00
2.346918667856011442e+00 1.382646436908629317e+00 8.921635713992596972e-02 -7.131787419304523867e-01 -4.835271246805131207e-01 -1.078923336470599237e+00 -5.173665132731669614e-01
1.893998958528910093e+00 1.049630097423090991e+00 4.575990432109816042e-01 -5.152837140141364181e-01 -4.924701488344785938e-01 -1.384336386783487471e+00 9.399484581044670328e-02
1.123850735571586767e+00 5.644602272945730137e-01 7.391540151260125313e-01 -3.612921899956210714e-01 -3.909043929222694724e-01 -1.440160131518851916e+00 6.249362615571744106e-01
1.355754791486590560e-01 -1.977577795835726206e-03 9.146602446076688153e-01 -2.817034926931791805e-01 -1.514508965855081435e-01 -1.228597298306413066e+00 1.072764989720540241e+00
-8.493212469341621107e-01 -5.219788507584183224e-01 9.712433968042646359e-01 -2.299622397164978460e-01 1.898724095834082026e-01 -8.298601789348457602e-01 1.446263861522200767e+00
-1.598962878408097810e+00 -8.562428048713002227e-01 9.173170243618272712e-01 -1.395577142460424636e-01 5.684769037814472181e-01 -3.412827739125630644e-01 1.696318883075610406e+00
-1.974078725589321959e+00 -9.233265930327334559e-01 7.904362795250944318e-01 5.777994390539285645e-03 9.279392365418996924e-01 1.694513937381099955e-01 1.754568921587855046e+00
-1.954237977317249353e+00 -7.205463518506606269e-01 6.404950786268895913e-01 1.622940351092542477e-01 1.226644130371838282e+00 6.565532999765855138e-01 1.603733799969127238e+00
-1.608845678519328803e+00 -3.110558648333118792e-01 5.096141872834262232e-01 2.779393743901474312e-01 1.445291821287818967e+00 1.080476849918806215e+00 1.301312324720576452e+00
-1.056615144411251261e+00 1.981648166959212864e-01 4.155366392357960348e-01 3.454287026205903888e-01 1.586110462884485761e+00 1.402742564019510585e+00 9.553445913859880401e-01
-4.334852335739432516e-01 6.882324881382655413e-01 3.457895964625970486e-01 3.999531909758821668e-01 1.654406230277375212e+00 1.592378775392895518e+00 6.780872304515754845e-01
1.219792225914499983e-01 1.067274188805982238e+00 2.711926661185093956e-01 4.618056636712525864e-01 1.642695465013535694e+00 1.637845215427609746e+00 5.384139538279311132e-01
4.763586977588539217e-01 1.299585668674072991e+00 1.624155358931090309e-01 4.991981701905942592e-01 1.532969064819279081e+00 1.551444748418314035e+00 5.481437627051690686e-01
5.321579068236568233e-01 1.397587919264000611e+00 -1.186648382244296761e-03 4.787732663240704678e-01 1.314591951045899876e+00 1.360858546109901868e+00 6.904508653774352744e-01
2.758213497406826753e-01 1.385835872526822055e+00 -2.208838279044254838e-01 4.379024650773133964e-01 1.001989743354822160e+00 1.098670638718310943e+00 9.342368499138707927e-01
-2.059630887610235106e-01 1.281969890668123835e+00 -4.693056526588058608e-01 4.619773988208565885e-01 6.359454682811532811e-01 8.024759738943001430e-01 1.211258127913190208e+00
-7.713414189954596045e-01 1.108691920902477701e+00 -7.029358545901527311e-01 5.817716383582705042e-01 2.634782236759192764e-01 5.168045527798253991e-01 1.412141784589326932e+00
-1.286926539859268193e+00 9.029046909175162394e-01 -8.876475109378014761e-01 7.282926943642181739e-01 -8.371448052868611656e-02 2.741984095300190050e-01 1.446755982822969244e+00
-1.652847387011817215e+00 7.001420278399579367e-01 -1.006632598084409969e+00 8.100254421473933597e-01 -3.855159567823766009e-01 7.302788649380227703e-02 1.306848488873868064e+00
-1.796895390293584249e+00 5.215763292229774750e-01 -1.058920867557421763e+00 8.134302902292687154e-01 -6.176383639420842675e-01 -1.058183941114312354e-01 1.037726708185863433e+00
-1.677583340369626086e+00 3.806595740422615282e-01 -1.061775179681462067e+00 8.112025910061962941e-01 -7.551601563034892051e-01 -2.615935530412063503e-01 6.684926145522823715e-01
-1.311249251091798795e+00 2.911504183298241899e-01 -1.041299713801114413e+00 8.748728460763189885e-01 -7.927173015813767654e-01 -3.653365423253073230e-01 2.087869608129301890e-01
-7.898587061266184595e-01 2.704682832369212919e-01 -1.018421507271490167e+00 9.909765408444851653e-01 -7.532809975373517819e-01 -3.821534610741721960e-01 -3.105192912045612319e-01
-2.459907126610863803e-01 3.336735288394873100e-01 -1.007004104524721555e+00 1.083860985116077424e+00 -6.723090655831915896e-01 -2.953875136879876018e-01 -8.316556945881048435e-01
2.140143063616031238e-01 4.747956884705568648e-01 -1.017214315718438344e+00 1.113143148618140010e+00 -5.757893841017512893e-01 -1.120302490146948687e-01 -1.309229239893526131e+00
5.444668910886811819e-01 6.604366721324929079e-01 -1.056314239076192374e+00 1.119779928483279230e+00 -4.715812172513523248e-01 1.532372144556174431e-01 -1.743905909134395582e+00
7.465386010482956136e-01 8.449401758585093347e-01 -1.125477644601728722e+00 1.178554317129520079e+00 -3.584918205129170032e-01 4.868720272604672994e-01 -2.164756008378254659e+00
8.396557097031519534e-01 9.877043812838367520e-01 -1.216732929622160286e+00 1.323693534396261917e+00 -2.460487562765250602e-01 8.582184700334521965e-01 -2.582577081002936481e+00
8.410399593382407168e-01 1.063167290130074827e+00 -1.313178612801251255e+00 1.525256782457907967e+00 -1.558315287842683139e-01 1.206955451231198406e+00 -2.961953562995287115e+00
7.659825638743091858e-01 1.063562649986143471e+00 -1.392595159216004630e+00 1.729657994432733048e+00 -9.910427239434502211e-02 1.463362765067152793e+00 -3.234104468822576184e+00
6.467726274032633560e-01 9.940460947531689628e-01 -1.441179302172748589e+00 1.910027692850335912e+00 -7.554475925794529312e-02 1.571024673279542760e+00 -3.339085667001069790e+00
5.360282539099135990e-01 8.624105902719196859e-01 -1.461361339624865474e+00 2.069086126156645555e+00 -9.352127332571603946e-02 1.494298986416733532e+00 -3.255265004657050376e+00
4.739919053365521107e-01 6.739173835208990271e-01 -1.454506309795893682e+00 2.190847524105626665e+00 -1.636498304716324792e-01 1.239122157132997337e+00 -3.008837781667917266e+00
4.550572267533927739e-01 4.384646262204894840e-01 -1.407463491302892278e+00 2.209198888172597020e+00 -2.775950837997443466e-01 8.666645314799483746e-01 -2.652863907009463507e+00
4.360093394011856360e-01 1.750086483560811534e-01 -1.296662727819220207e+00 2.053355802709498246e+00 -4.016596557679653623e-01 4.629149421420241661e-01 -2.200824213605736102e+00
3.783098655051578274e-01 -9.293594735784346805e-02 -1.095718551341736680e+00 1.718901438990539710e+00 -4.784005926806838560e-01 1.070762007888606954e-01 -1.613780758202531640e+00
2.820046353715733867e-01 -3.390105295410243413e-01 -7.985533890816427505e-01 1.273081656665372874e+00 -4.516015994568913228e-01 -1.357094562354595191e-01 -8.921866453356098736e-01
1.760008616519097291e-01 -5.373791703801793496e-01 -4.417500151087878635e-01 7.854200981086949529e-01 -3.103615576557531841e-01 -2.283778078477744500e-01 -1.346696430754196205e-01
8.092860187616530976e-02 -6.713568883991632985e-01 -8.850957906925899232e-02 2.701021275449035919e-01 -1.016644232655060376e-01 -1.860069119205436106e-01 5.294324681112321240e-01
-3.495681306323215540e-03 -7.394612351950564655e-01 2.147002249076664926e-01 -2.836411925400684764e-01 1.088582069354339793e-01 -7.182257099897866592e-02 1.031212696917412686e+00
-7.242823032015788254e-02 -7.497054715096118649e-01 4.662883841613871261e-01 -8.423968971603822409e-01 2.885719612400138856e-01 5.134551748980387825e-02 1.355678913656799933e+00
-8.953884459820363184e-02 -6.984073300598437894e-01 6.917177258181279598e-01 -1.324801538413735713e+00 4.316525671283789056e-01 1.469328580171831433e-01 1.487097685805426783e+00
-5.614962584297043292e-03 -5.607638444022075008e-01 9.063630936952461470e-01 -1.673735773724551512e+00 5.104555923831560760e-01 1.830514354804432531e-01 1.402796925366292413e+00
1.863856871034746676e-01 -3.168070663356686856e-01 1.108260081514228945e+00 -1.898795855258487153e+00 4.863801414119008348e-01 1.393640076230963365e-01 1.110985028635269600e+00
4.249766961376721941e-01 1.829652815826292994e-02 1.289457771429917576e+00 -2.020447596072186158e+00 3.674728539549991235e-01 3.171077106547335461e-02 6.941067545127113103e-01
6.134314214699803092e-01 3.966783998962366553e-01 1.431071610615449963e+00 -2.016542636158897395e+00 2.054407177274017726e-01 -1.130689387144446501e-01 3.027566369551886183e-01
6.731872890865238102e-01 7.599773061339161195e-01 1.492310705609071420e+00 -1.873758202524258065e+00 3.011434653353103202e-02 -3.018091745116991964e-01 7.724938749236477664e-02
5.755098489229073522e-01 1.057192183057190205e+00 1.429269958389647988e+00 -1.660231153703151330e+00 -1.761709543889373730e-01 -5.697788246809213364e-01 7.630956853018924790e-02
3.408838678243001352e-01 1.254077793124634743e+00 1.237396687149768360e+00 -1.493611755237271410e+00 -4.217467266810201454e-01 -9.240120059972772859e-01 2.798276351806884277e-01
2.586472192484829541e-02 1.330545802008436418e+00 9.610673412614967326e-01 -1.433870373780988805e+00 -6.609651916420536955e-01 -1.316639263890984513e+00 6.335980070396171060e-01
-2.881810453468367506e-01 1.278954086115403177e+00 6.541645174622370273e-01 -1.440061945574674596e+00 -8.344182496611661781e-01 -1.686339892155996223e+00 1.069542305980120567e+00
-5.209111982572907085e-01 1.114973836259874229e+00 3.485827753628256698e-01 -1.445606031097193211e+00 -9.265452516474057543e-01 -1.995271269452685958e+00 1.488908332648035016e+00
-6.278955326527158043e-01 8.729603538725910772e-01 6.479909615458212535e-02 -1.441870836548998724e+00 -9.623047332676385457e-01 -2.220939169540869340e+00 1.775845962529774669e+00
-6.188140066058562816e-01 5.798426474302441624e-01 -1.629931584155089042e-01 -1.470981504875248147e+00 -9.577096461986817078e-01 -2.340034837620690755e+00 1.873787952693177106e+00
-5.387294994572463525e-01 2.470436201000564824e-01 -2.856917401060293793e-01 -1.567175144072046944e+00 -8.931677928129572175e-01 -2.332139075784090299e+00 1.824506503233508159e+00
-4.239445645439558485e-01 -1.124200399898834107e-01 -2.744081843473044069e-01 -1.721670583027357537e+00 -7.388038434173482827e-01 -2.191991344511452944e+00 1.701688816485207534e+00
-2.782033954943604614e-01 -4.719671439697857296e-01 -1.539100978867292968e-01 -1.890023475931463803e+00 -4.942632426921072519e-01 -1.929834075656717607e+00 1.525151771019428670e+00
-7.808695239916815800e-02 -7.951209152525141599e-01 9.142733571333673190e-03 -2.022478935349972584e+00 -2.057625400504687618e-01 -1.568398657866495682e+00 1.244055122400793412e+00
2.011768332749385713e-01 -1.045983451311712775e+00 1.430126943358941694e-01 -2.095423876798073959e+00 5.049619372361834058e-02 -1.143553910777402649e+00 7.919468412731092144e-01
5.529224102239524985e-01 -1.202307478732890234e+00 2.010489431791066262e-01 -2.113548379859325088e+00 2.127798042469319084e-01 -6.958492297823148931e-01 1.731622674643344129e-01
9.408608762589265595e-01 -1.264460399063426665e+00 1.853018093668149513e-01 -2.078572345279607436e+00 2.755761284574201331e-01 -2.573525283073907488e-01 -5.027680268662739760e-01
1.329162476909069746e+00 -1.253451906565368867e+00 1.446909441176380817e-01 -1.977675246230133244e+00 2.880790055226846169e-01 1.531703720209879882e-01 -1.097356869605686347e+00
1.702049451012751291e+00 -1.203134229217398321e+00 1.366702426857705210e-01 -1.799540081240024181e+00 3.112254801563750783e-01 5.245976470292875726e-01 -1.549570855559206262e+00
2.065727161119029986e+00 -1.151214230094869562e+00 1.949746149368991877e-01 -1.539993274971914294e+00 3.833174187740022720e-01 8.457458780266101650e-01 -1.886274803032800262e+00
2.425819807055070498e+00 -1.129825273193422186e+00 3.298460232630611166e-01 -1.206912898312294757e+00 5.215089400998058622e-01 1.105920513351081880e+00 -2.146587244518940008e+00
2.754990183092330902e+00 -1.159934341522748547e+00 5.344786815929405410e-01 -8.274701224461138427e-01 7.365935758647979004e-01 1.306169719159048226e+00 -2.332293042151752704e+00
2.992903733766032470e+00 -1.250588010815320228e+00 7.826338644862662619e-01 -4.377473578013637012e-01 1.030459746254694942e+00 1.465910846518608368e+00 -2.420543391290957302e+00
3.073284820959120811e+00 -1.399004165957340895e+00 1.034325452453868310e+00 -6.729407990502220271e-02 1.381897559758016980e+00 1.605034006258200474e+00 -2.376750677673446166e+00
2.936559447992485250e+00 -1.593456663203737911e+00 1.253489315419735073e+00 2.613036160635305860e-01 1.755401828170254364e+00 1.728072754728187554e+00 -2.152140921136186158e+00
2.538727303651070244e+00 -1.821915017540335358e+00 1.419657226330458988e+00 5.264148734039305610e-01 2.122401096123073483e+00 1.831013211476821612e+00 -1.706075140510351584e+00
1.894369419746034344e+00 -2.073404883561478229e+00 1.528707495543061734e+00 7.143409711515702476e-01 2.456035525678279985e+00 1.902301479739486600e+00 -1.061143077372829202e+00
1.115777406042493647e+00 -2.320553979914335319e+00 1.593364653465560554e+00 8.198002657721464859e-01 2.713856937364201638e+00 1.920421445202431743e+00 -3.437109705270409710e-01
3.841697892472342168e-01 -2.504889130794340613e+00 1.641064950840910752e+00 8.212937737977927810e-01 2.843052486906099130e+00 1.863964355836513764e+00 2.584221582513561710e-01
-1.373931917024756311e-01 -2.559282861781487117e+00 1.702018390000352266e+00 6.791349487580280453e-01 2.812582338969632723e+00 1.719553921241584682e+00 6.146648922091435541e-01
-3.815423796330754125e-01 -2.453462147999410981e+00 1.789672679690460733e+00 3.911934369646579701e-01 2.643728958304768728e+00 1.487579269406036131e+00 7.343582426398443941e-01
-3.745603325708790066e-01 -2.203949946950650052e+00 1.872614247471316773e+00 5.713558224555554538e-02 2.396732663404505193e+00 1.190179193922769940e+00 7.117069387464129981e-01
-1.841755446976283128e-01 -1.841255386711584396e+00 1.866336050074899333e+00 -1.449342743390930333e-01 2.120876349068269828e+00 8.640516247687829443e-01 6.105209067164922843e-01
9.557254894427402725e-02 -1.393325086496375098e+00 1.687609276035028749e+00 -8.920978381700606086e-02 1.825811731612596356e+00 5.459505795353207791e-01 4.373751832461760247e-01
3.518392349536200725e-01 -8.997788276288833931e-01 1.319964018304974784e+00 2.040241578693673952e-01 1.495761338662978002e+00 2.754870843002731329e-01 1.712621076389360120e-01
4.978856468370546073e-01 -4.191066358474638265e-01 8.148470789757815691e-01 6.170323670211088629e-01 1.122831677959569729e+00 9.889071551928797776e-02 -2.117548226068511064e-01
5.039177813896698055e-01 -2.071097905785835788e-02 2.579245471852159577e-01 1.037911902086478211e+00 7.323852501479035659e-01 5.070888297729078675e-02 -6.922606736547429751e-01
3.927450501927357562e-01 2.332046740017572062e-01 -2.539030070800366023e-01 1.413315792818715444e+00 3.827533713709403429e-01 1.355332867556968135e-01 -1.187324039365099226e+00
2.216608371095387942e-01 3.119160890126687624e-01 -6.278015309010520628e-01 1.731741960980344164e+00 1.442956244566311608e-01 3.331992149578857920e-01 -1.599431785491762126e+00
5.032628171779771065e-02 2.238375816469152790e-01 -7.976236086787475976e-01 1.970132751897362366e+00 6.329812517662977700e-02 6.040529630658716398e-01 -1.864907313244157816e+00
-9.558234400590702451e-02 1.935594355013559465e-03 -7.512632786250701411e-01 2.067298542144029305e+00 1.273509080714362307e-01 8.816456341117384632e-01 -1.946449517291843234e+00
-2.308045833993381535e-01 -3.154999095430079392e-01 -5.305023718354573425e-01 1.960364668375225827e+00 2.768606975043889085e-01 1.087131522372028591e+00 -1.809429713388956751e+00
-3.822381398748107562e-01 -6.937064523190756837e-01 -2.021319167686964902e-01 1.644498869527802443e+00 4.569821831036181559e-01 1.173645115488770596e+00 -1.438614204429164323e+00
-5.567267876193964238e-01 -1.091639142338086677e+00 1.617475812738469465e-01 1.193854005170042143e+00 6.447928442704006224e-01 1.152671885226830728e+00 -8.808678893413541822e-01
-7.221129386791098614e-01 -1.452300485725565915e+00 4.894197444389490337e-01 7.294258200680782123e-01 8.203278986791064931e-01 1.063099021002059663e+00 -2.545454786700050986e-01
-8.204727686979836898e-01 -1.719498354226235426e+00 7.234812643123901266e-01 3.539799232016825337e-01 9.361959361748980468e-01 9.263191535953135824e-01 2.948462545645306188e-01
-8.180226083162521755e-01 -1.859304912159463807e+00 8.386098285589977941e-01 1.081381047425519909e-01 9.506118943018031509e-01 7.562813364242371161e-01 6.589699379625812981e-01
-7.366560169255704782e-01 -1.861187391510898070e+00 8.374450862459823508e-01 -3.772658534678244736e-03 8.736479137271921935e-01 5.837997004784353239e-01 8.173900745797639811e-01
-6.307346445637093124e-01 -1.738086510243903371e+00 7.304000046050743711e-01 3.399695907322867333e-02 7.540434796119770411e-01 4.372913743224951522e-01 8.373002904239371658e-01
-5.508828488702720572e-01 -1.525789462924703743e+00 5.278067461166997543e-01 2.370563521030225329e-01 6.382987848126140396e-01 3.262827148005792988e-01 7.962638698022503903e-01
-5.330418621257880796e-01 -1.266747904217932819e+00 2.439133325285376686e-01 5.646939458014490487e-01 5.414226685747554058e-01 2.504110106782836964e-01 7.060254050698182571e-01
-5.952731764094185696e-01 -9.990710114564151922e-01 -9.513089700308212382e-02 9.072466724347870715e-01 4.426552789416636213e-01 2.004426008667497261e-01 5.407416206153500271e-01
-7.259966652193576842e-01 -7.584781230346562264e-01 -4.407315470585226880e-01 1.151196260584177011e+00 3.175649640943715157e-01 1.556793140630262084e-01 3.217601196755539017e-01
-8.787772755048474105e-01 -5.766318395691908405e-01 -7.281870447841946037e-01 1.257510330684711519e+00 1.685611589772547381e-01 9.403967330231360888e-02 1.260522338074776816e-01
-9.923434519315832425e-01 -4.741197144580742706e-01 -9.007737618746664010e-01 1.269940760563656346e+00 2.115715823880147048e-02 8.083213221083932962e-03 1.195370628455868015e-02
-1.028650202783321532e+00 -4.561970391427726534e-01 -9.226128107894506769e-01 1.250591072142024140e+00 -9.240077363074139516e-02 -8.931563782834521514e-02 -2.291552117498687688e-02
-9.986597345473098297e-01 -5.176752201613933346e-01 -7.781249278357527110e-01 1.220979076057194579e+00 -1.437674767477714610e-01 -1.719630808630950303e-01 -1.024600386937969849e-02
-9.571953806871009718e-01 -6.488489183533650007e-01 -4.739920457217360883e-01 1.161950971053859805e+00 -1.134572037060435218e-01 -2.096323818834535668e-01 3.439736130329318353e-02
-9.652099305718534472e-01 -8.314814099816694171e-01 -3.681167646900979779e-02 1.052599412913613364e+00 1.054732887410330874e-02 -1.801280040270466787e-01 1.248738092980334613e-01
-1.044214712676081680e+00 -1.032856571643107957e+00 4.946591602181805158e-01 8.984388271655020519e-01 2.298586988463890146e-01 -7.908726103797697471e-02 2.759355806535057631e-01
-1.166309245984342491e+00 -1.209547317216048024e+00 1.066414191465314909e+00 7.235194051486423250e-01 5.174813380786007500e-01 7.804700761674414344e-02 4.655390772998819759e-01
-1.288157832956853044e+00 -1.321636490386044693e+00 1.601882969751668773e+00 5.338786907341761534e-01 8.040921370663476342e-01 2.548911083742562700e-01 6.504036447391502440e-01
-1.386607882026344774e+00 -1.348340353834822203e+00 2.016355237566343828e+00 2.902477360382135774e-01 1.000837940060581133e+00 4.035490167353069091e-01 8.160727478856755202e-01
-1.456332652180193366e+00 -1.290161064283535275e+00 2.254841612160035869e+00 -5.786363030126825263e-02 1.055271201789439006e+00 4.938174221409394327e-01 9.842147882332360487e-01
-1.486330229106859191e+00 -1.151916531895067930e+00 2.312926107008880905e+00 -5.045139723572830137e-01 9.822192840898334998e-01 5.273245082683514218e-01 1.179714481870603793e+00
-1.445058236581059141e+00 -9.274727998526207662e-01 2.213064177123923226e+00 -9.635773638762406001e-01 8.343363050476875209e-01 5.199767949491959085e-01 1.387658483784824925e+00
-1.291538126554955479e+00 -6.055829051070541480e-01 1.973696795137668047e+00 -1.314823305204951387e+00 6.584129409010597289e-01 4.878534118040892542e-01 1.535895044447187052e+00
-1.010227621810307008e+00 -1.812199306252971764e-01 1.605293627151075153e+00 -1.490584506332112147e+00 4.726558378271132899e-01 4.392911350436455309e-01 1.543339462950130914e+00
-6.220888915866910063e-01 3.353958050103992283e-01 1.121648031542698210e+00 -1.514529824997223661e+00 2.656153735568698160e-01 3.640655487966776849e-01 1.372100294590446801e+00
-1.699956292895857535e-01 9.023988906877854488e-01 5.568720521146893754e-01 -1.451450968047536483e+00 2.601892133036353555e-02 2.421195055054245759e-01 1.040586223382776287e+00
2.866337070835163203e-01 1.444988527000569789e+00 -2.875794934960381258e-02 -1.341894971693557315e+00 -2.222507995268965530e-01 7.114244498796211402e-02 6.217537923875839923e-01
6.889464012132533455e-01 1.882054361634974526e+00 -5.714889357502089817e-01 -1.182081446361407773e+00 -4.291880838052584135e-01 -1.221205513407335186e-01 2.058389482946509641e-01
1.004668078069182791e+00 2.148027907561980143e+00 -1.027464337373050096e+00 -9.595544497602759293e-01 -5.622300185737750811e-01 -3.012751618645951868e-01 -1.591279414321916108e-01
1.225673508912096921e+00 2.197957499258981873e+00 -1.371691158813500566e+00 -7.023804494396661546e-01 -6.256551324119248303e-01 -4.370728228373729762e-01 -4.879027998416294865e-01
1.349062507741644712e+00 2.012740067365440755e+00 -1.588795050713265100e+00 -4.597704675656211770e-01 -6.400803896720016484e-01 -5.115802342598416708e-01 -8.137310765310010741e-01
1.366965299300172854e+00 1.607224089817545831e+00 -1.669862779881522652e+00 -2.405194322563848075e-01 -6.128022685132222813e-01 -5.226470741694277944e-01 -1.126176396493044907e+00
1.281973530455313925e+00 1.036693031679313926e+00 -1.608325676377128310e+00 -9.557915723097136149e-03 -5.277120757438577003e-01 -4.764745440619957417e-01 -1.379331931428364078e+00
1.139366899362801222e+00 3.922805728078034848e-01 -1.391131651712449679e+00 2.520303808238144039e-01 -3.698942530425742836e-01 -3.869454435631815015e-01 -1.547269714578033861e+00
1.011508100340998695e+00 -2.274949661648561217e-01 -1.002484042857373137e+00 4.979752105182561617e-01 -1.490304621188882628e-01 -2.845768648856785155e-01 -1.627137735115030015e+00
9.268448469292224212e-01 -7.519970182045537799e-01 -4.524469406857448694e-01 6.413637150141887622e-01 1.129485364039732043e-01 -1.966746403009247968e-01 -1.601239836431520347e+00
8.318516332301021388e-01 -1.142770866668129548e+00 1.863491332382498644e-01 6.363971166999252693e-01 3.890123446100899884e-01 -1.249797456287665143e-01 -1.425396872737201726e+00
6.299582226359061732e-01 -1.371717308664666568e+00 7.747048129396281180e-01 5.173235905336404095e-01 6.233366287629970026e-01 -6.236526983569303656e-02 -1.054181443628656512e+00
2.575646963344748186e-01 -1.415099927522617484e+00 1.159112040550517975e+00 3.369930169141401866e-01 7.147724687194830784e-01 -2.394525965423257088e-02 -5.003168175532123341e-01
-2.544079728408554786e-01 -1.265816187818930461e+00 1.243607638080251210e+00 1.004448008980836915e-01 5.514819874387734133e-01 -5.216399730646771593e-02 1.187253683652817748e-01
-7.972912370760570910e-01 -9.401485737551045219e-01 1.034303815950853744e+00 -2.066382733146435169e-01 9.955936600695788896e-02 -1.835500530304704225e-01 6.606383207216780518e-01
-1.277156548325111496e+00 -4.764452158593107112e-01 6.202862606577027593e-01 -5.547630417020074090e-01 -5.470493604235437957e-01 -4.091147395190539160e-01 1.084135033988703478e+00
-1.659987295806966356e+00 7.310627344487950763e-02 9.708459874549900392e-02 -8.660072438212815804e-01 -1.232533738290196856e+00 -6.738742026197723778e-01 1.416285372425411415e+00
-1.940960351072583912e+00 6.513480716086342825e-01 -4.720703703713082788e-01 -1.069199873593603911e+00 -1.836194119860486085e+00 -9.147740595932923879e-01 1.659716688536522211e+00
