-2.337843307796294123e+00 -3.318016623575945068e-01 1.522649158767468647e+00 -2.706621813117257025e-01 -1.430508995525611171e-01 6.608804918691806307e-01 -2.795817626377188336e-01
-2.379673539954341610e+00 -6.374152230465680580e-01 1.906994622871174050e+00 -3.917790616440885443e-01 1.747539382706184419e-01 5.499559342155427855e-01 -9.992559239043132327e-03
-2.290746734673493101e+00 -9.495482911792924030e-01 2.167149809800365645e+00 -5.256744534288788628e-01 4.899417949728120947e-01 3.978432036737818978e-01 2.067214948185705503e-01
-2.048405013105593309e+00 -1.224334697059343391e+00 2.241588457535207191e+00 -6.556967824208981277e-01 7.573564301077576610e-01 2.147143378519157653e-01 3.433173323200385818e-01
-1.651974786435993048e+00 -1.409016755832831036e+00 2.101246242240114803e+00 -7.531036254176602940e-01 9.420242099748648013e-01 2.432552477007537614e-02 3.857666662526721968e-01
-1.128813905810529095e+00 -1.462979618364934842e+00 1.761625681374775931e+00 -7.893094236736036828e-01 1.034732082223664085e+00 -1.313813801153707050e-01 3.304182503788855030e-01
-5.263177264116812859e-01 -1.369385890733036959e+00 1.277639011321908935e+00 -7.503207297074110382e-01 1.044904647071548176e+00 -1.942942153208409850e-01 1.784337925657259738e-01
1.013391471536133903e-01 -1.133153751235067341e+00 7.310329238860902024e-01 -6.348586443886223840e-01 9.801376448517670203e-01 -1.255281072932065978e-01 -5.881876498722803104e-02
6.972576074223773013e-01 -7.760807231159687625e-01 2.099723508379013337e-01 -4.427857785461390971e-01 8.347051967048486620e-01 4.783877054788790439e-02 -3.478646885322257964e-01
1.209634210016891753e+00 -3.239135606024654002e-01 -2.220956158127976032e-01 -1.723162745053508915e-01 5.962387244649697271e-01 2.533838036612244826e-01 -6.480388013555308246e-01
1.595134167299572692e+00 1.965017946495968282e-01 -5.401691710079867814e-01 1.669207734288570555e-01 2.694428598160293342e-01 4.529282876125284574e-01 -9.370512431950926979e-01
1.808938881411382038e+00 7.425249991380192816e-01 -7.410238477219409647e-01 5.435027515825351374e-01 -1.070572570885110764e-01 6.623106929853679326e-01 -1.204381095948303670e+00
1.813573537979499495e+00 1.259842398909346128e+00 -8.320270731726243651e-01 9.176337145682840202e-01 -4.731262617575274221e-01 8.925463645091044063e-01 -1.436806117759641621e+00
1.605807361696782065e+00 1.707036568716398195e+00 -8.391245259933541867e-01 1.262943210945901118e+00 -7.711913417688540662e-01 1.128067524348854489e+00 -1.629941701104368201e+00
1.226185937915869051e+00 2.064551246505730742e+00 -8.023439018939441114e-01 1.570144964399135201e+00 -9.662678572376566244e-01 1.348958272924891455e+00 -1.791318566454712213e+00
7.477501117428807520e-01 2.317995056684586608e+00 -7.493074186874589815e-01 1.836788706221226475e+00 -1.067097148100713211e+00 1.508979528249807522e+00 -1.904721480222596908e+00
2.561005191676152815e-01 2.430396149937311012e+00 -6.824667500174503854e-01 2.053547265411734379e+00 -1.116457298054401193e+00 1.507401406147260481e+00 -1.904682386162693808e+00
-1.765726940590371663e-01 2.335063726616908308e+00 -5.969502262224055666e-01 2.186579478011579702e+00 -1.133753570722332293e+00 1.246680145602628853e+00 -1.714663747442652930e+00
-5.100300164674633763e-01 1.979267637483345998e+00 -4.960713160233706231e-01 2.167314968363104111e+00 -1.078466849733710875e+00 7.393402467858452010e-01 -1.318346580379936572e+00
-7.256565390543675553e-01 1.390700595638049375e+00 -3.847108301855960977e-01 1.912582050151438118e+00 -8.856494859031494027e-01 1.286707583662799470e-01 -7.886019628258607028e-01
-8.072769792646515841e-01 6.913845928904364113e-01 -2.606471497589341602e-01 1.382310152115020729e+00 -5.449542528065881575e-01 -4.179219554602424669e-01 -2.401183410997895784e-01
-7.599041657984528797e-01 2.381993802374513663e-02 -1.156046939155573328e-01 6.209524306084270862e-01 -1.306647996973515913e-01 -8.051188341896007294e-01 2.440324587863771100e-01
-6.357652969066066584e-01 -5.362119234216081720e-01 6.480507151669090415e-02 -2.658215712140598597e-01 2.658249864157162801e-01 -1.004016055467800372e+00 6.352269588369336972e-01
-4.959556769920221431e-01 -9.673416177803930704e-01 2.978191361499393786e-01 -1.142241660581626128e+00 5.924446576991675428e-01 -1.015641414824827837e+00 9.230153914716116015e-01
-3.552263065250562124e-01 -1.233677556792888375e+00 5.803817595895713888e-01 -1.847845154658585676e+00 8.115758846302116858e-01 -8.610702409451705952e-01 1.086064530908989356e+00
-2.102718634648409191e-01 -1.306761689194253062e+00 8.713237334925227895e-01 -2.241702184636510609e+00 8.796984706972396095e-01 -5.997125264325274818e-01 1.133499330686940754e+00
-1.012022188148756913e-01 -1.230864442690162930e+00 1.104655651369347291e+00 -2.276940881505433723e+00 7.731496392107179982e-01 -3.360649330248534628e-01 1.146744122152641099e+00
-9.275400244320926302e-02 -1.086171358015167066e+00 1.210369506349086244e+00 -2.019602898929008461e+00 5.090694283456892455e-01 -1.613102971609826630e-01 1.213626637925703244e+00
-2.066210001331524604e-01 -9.114185947015995826e-01 1.131265304100449676e+00 -1.598726447476423118e+00 1.400256644898949243e-01 -1.015546934935751267e-01 1.341203452181090716e+00
-3.982322544770660611e-01 -6.938863898811836739e-01 8.413713895132908238e-01 -1.130230438210974686e+00 -2.695840106167435302e-01 -1.515710556650204377e-01 1.470083350495760000e+00
-5.885647440818388976e-01 -4.054691632093914144e-01 3.567076335862487402e-01 -6.687743286428323719e-01 -6.687505318831512557e-01 -3.123584859929564583e-01 1.537338580698559998e+00
-7.112407970053516992e-01 -4.446364251059264916e-02 -2.673999445079057180e-01 -2.277874112550246355e-01 -1.013461283970082061e+00 -5.679926318152497267e-01 1.506768330567195946e+00
-7.423783468067819413e-01 3.405953050136326654e-01 -9.463026850839237891e-01 1.705444682145556001e-01 -1.245374344381508180e+00 -8.638138082687958352e-01 1.375009847377196337e+00
-7.105023098217263522e-01 6.550572514301465921e-01 -1.570911960509581817e+00 4.816268806237714584e-01 -1.306383150032970120e+00 -1.135565926261383307e+00 1.182518659786270909e+00
-6.823886311885728473e-01 7.894956159029210552e-01 -2.013427559474497475e+00 6.686367624285417532e-01 -1.179325023736467193e+00 -1.353929967165118375e+00 1.010760378853275077e+00
-7.078574992295957324e-01 6.858509156426512154e-01 -2.169035205876214789e+00 7.337892618475985174e-01 -9.104994192445090562e-01 -1.517028081366663450e+00 9.280456539253184589e-01
-7.722822544680204571e-01 3.902513676115754171e-01 -2.018995091273332765e+00 7.120853362629501193e-01 -5.853138686638432731e-01 -1.596576668655945053e+00 9.271992274403361156e-01
-8.213913296643620132e-01 1.792549580357540723e-02 -1.635120447086162887e+00 6.366521082360350192e-01 -2.713608597525126731e-01 -1.536475179233869115e+00 9.453721371906469439e-01
-8.171666791836446064e-01 -3.225349152355257432e-01 -1.121003328019148038e+00 5.195769596343458030e-01 -1.970067933006124008e-03 -1.316736995883049044e+00 9.380648556116091275e-01
-7.549729055395106858e-01 -5.552577669966174412e-01 -5.632406923250404818e-01 3.653652228638770705e-01 1.875631397573548631e-01 -9.747192643699494896e-01 9.027821943166794982e-01
-6.415290672001707772e-01 -6.348405443536024872e-01 -2.615532160588523308e-02 1.820237306235396590e-01 2.571097802453886083e-01 -5.707545243714203798e-01 8.477108936888121393e-01
-4.675535926850648005e-01 -5.520458922409031688e-01 4.288668253029629396e-01 -2.657076314321352162e-02 2.024913146263723762e-01 -1.709667211914090712e-01 7.693309542241674182e-01
-2.093017544831674848e-01 -3.322746848513025708e-01 7.438253799113869746e-01 -2.538659180603533572e-01 5.275306055524955906e-02 1.541543599342335424e-01 6.646551462740868388e-01
1.405978548134785289e-01 -2.754444218486694698e-02 8.968610266137377884e-01 -4.713831626228161542e-01 -1.777899714032624978e-01 3.390214293351320185e-01 5.575510381404583660e-01
5.558545924921736159e-01 2.911620240101820412e-01 9.154066127468208913e-01 -6.405342542195979760e-01 -4.920716807117347380e-01 3.335176472025004335e-01 4.993704577359263097e-01
9.821123335489282402e-01 5.517630966298995299e-01 8.379644938115462516e-01 -7.481996697966891707e-01 -8.604315690708543851e-01 1.318205378699584818e-01 5.307650956250750118e-01
1.345086214917413203e+00 7.081651252516518724e-01 6.788681888628392835e-01 -8.104465273485984556e-01 -1.205403963761177533e+00 -1.974678611598725819e-01 6.473353987781329533e-01
1.569826980553968188e+00 7.520210903917418088e-01 4.480989275084719115e-01 -8.428954577717912011e-01 -1.451429008733356119e+00 -5.428763941360870149e-01 8.146342100704673239e-01
1.612468727839938332e+00 6.981821416722341356e-01 1.839500797755354300e-01 -8.524291321759850382e-01 -1.572287507985321797e+00 -8.219845884456730145e-01 1.006606778626053966e+00
1.480266014634393335e+00 5.686227864941134635e-01 -5.711930819608569687e-02 -8.541432632056589203e-01 -1.584928402234632827e+00 -1.010243844940154734e+00 1.212006718659678572e+00
1.224118299297705104e+00 3.933318045815832331e-01 -2.347251663756358131e-01 -8.714874971135406767e-01 -1.517784155077351649e+00 -1.107497554027702780e+00 1.410437068611732903e+00
9.177969031690714763e-01 2.137667025426119582e-01 -3.406478872752113918e-01 -9.165408406305448619e-01 -1.401003573585257511e+00 -1.116282891839854408e+00 1.567680941536050643e+00
6.433303206917146966e-01 7.079665324052547559e-02 -3.878489260719880649e-01 -9.781821718802437005e-01 -1.281574751884616337e+00 -1.079569835215814511e+00 1.667400422212445221e+00
4.744384774052903819e-01 -1.283231106045678964e-02 -3.854069095175284287e-01 -1.028637200889635617e+00 -1.219907697238214350e+00 -1.089698686819575491e+00 1.727523016824999980e+00
4.565447544028859994e-01 -3.209664382463531251e-02 -3.194675553398677037e-01 -1.037839141430009660e+00 -1.250258216294257929e+00 -1.207846177596364035e+00 1.767339363362772087e+00
6.014104353314034812e-01 1.090190574010349925e-02 -1.620847275890980876e-01 -9.850230904853506386e-01 -1.349607408867152580e+00 -1.403814447584132097e+00 1.773746627968592948e+00
8.931347325999995368e-01 1.038748164529457729e-01 9.348877486663297043e-02 -8.691501121210291059e-01 -1.448143476498373827e+00 -1.599622229221462355e+00 1.711119736301616623e+00
1.291657777748853597e+00 2.239063686896947403e-01 4.004911623819516486e-01 -7.126513144507277131e-01 -1.464997550619798972e+00 -1.727761039333588489e+00 1.542457896173784260e+00
1.738311740034409691e+00 3.586456817070443059e-01 6.606643996095493687e-01 -5.460031834621514868e-01 -1.341348872937417447e+00 -1.726806542458969362e+00 1.230308082353862353e+00
2.161996047731432835e+00 5.116215248448506836e-01 7.807838065905401415e-01 -3.878891846675571187e-01 -1.058397688004172554e+00 -1.534119267069746995e+00 7.502772347180652890e-01
2.489005071147350812e+00 6.782997947829018104e-01 7.458104498759724477e-01 -2.422169138106243791e-01 -6.547466770693233240e-01 -1.136465551890448733e+00 1.333051673426724482e-01
2.669005632929640104e+00 8.389030717142933469e-01 6.276221133312152034e-01 -1.066195015444626332e-01 -2.311745421473608009e-01 -6.173688562599158880e-01 -5.221902829014326564e-01
2.694068633290761738e+00 9.740302507850022717e-01 5.183697912875220304e-01 1.874013025571007532e-02 1.005953423581145145e-01 -1.092572250034187509e-01 -1.106075266641463939e+00
2.587077036852424072e+00 1.072309787840160844e+00 4.554527911908740623e-01 1.287833930221306267e-01 2.824305330822188820e-01 2.987050043344590677e-01 -1.554399388071533883e+00
2.373571965364647429e+00 1.124308496081995790e+00 4.106880695161793660e-01 2.204751039367461030e-01 3.131236798062660975e-01 5.789138302566918526e-01 -1.839863916374584907e+00
2.066305077067725815e+00 1.117124764916599400e+00 3.445799844046301685e-01 3.013613743113738308e-01 2.182717795637976188e-01 7.188553764156762060e-01 -1.934476816806125044e+00
1.674749085208728117e+00 1.042112420087943025e+00 2.463060309345688481e-01 3.893398340675705005e-01 4.373304282149335920e-02 7.076778554368717833e-01 -1.816765273216456977e+00
1.217127911494764847e+00 9.099849000394593102e-01 1.197117574766754650e-01 5.028752834274885508e-01 -1.490187540449509351e-01 5.777395439288393053e-01 -1.510662833948650308e+00
7.250451477194898020e-01 7.607581322929194423e-01 -3.875923710265076483e-02 6.551706157676353559e-01 -3.249306425096787354e-01 4.097312179022752354e-01 -1.091139353290452974e+00
2.440230182036227935e-01 6.550454901568796284e-01 -2.335152802215042789e-01 8.574566241840922975e-01 -5.036044816202243091e-01 2.716091016105690592e-01 -6.462955374642112005e-01
-1.796216509579694476e-01 6.422028779034354429e-01 -4.591127771170257499e-01 1.116714539679412699e+00 -7.147455441187328118e-01 1.894818500641766157e-01 -2.489393416291408312e-01
-5.096549651963392380e-01 7.345814405375465928e-01 -7.068007939455982491e-01 1.424767289004916782e+00 -9.410718486053105680e-01 1.751835164978881865e-01 4.304326917886462656e-02
-7.135280224409799033e-01 9.110832145933398518e-01 -9.674952235741790529e-01 1.751662234131810658e+00 -1.129775822227767845e+00 2.335615750737967400e-01 1.927535770473004784e-01
-7.632215970048860099e-01 1.130761424360436029e+00 -1.217683511369239024e+00 2.051606744969402207e+00 -1.240374837866711655e+00 3.358061505648173295e-01 2.018442995902359482e-01
-6.552234956279838762e-01 1.345013603127673818e+00 -1.415488064403154000e+00 2.281138517423781042e+00 -1.256486381939499797e+00 4.244007541459074440e-01 1.026650865273391472e-01
-4.225411634984373999e-01 1.517012830744222107e+00 -1.529249323761779689e+00 2.415854122717422836e+00 -1.171329120056236350e+00 4.689854327417852797e-01 -7.633076410718862836e-02
-1.206644511854790963e-01 1.627640571483182974e+00 -1.554917417527517776e+00 2.449901781611394380e+00 -9.901535527114001534e-01 4.945045533390292070e-01 -3.204946606269067910e-01
1.967720916071558634e-01 1.657398949770293228e+00 -1.488809247299723415e+00 2.384872480984135734e+00 -7.400832522251515888e-01 5.360861127879916754e-01 -6.003841563569168871e-01
4.925914384268875734e-01 1.581471786354830877e+00 -1.313581596176596200e+00 2.222001695111178510e+00 -4.604628168727467052e-01 5.927121963514599967e-01 -8.625079609902801536e-01
7.454531829026146417e-01 1.386339347858388527e+00 -1.027994426854028198e+00 1.958414169105187064e+00 -1.762978005165510287e-01 6.420918804492925513e-01 -1.061531412891389969e+00
9.388987488002038528e-01 1.080176000534325720e+00 -6.663333369660001670e-01 1.587700725172850325e+00 1.101865815730509457e-01 6.713063982857001566e-01 -1.178755264985711815e+00
1.052689666773569233e+00 6.944381692830531305e-01 -2.806790335267602132e-01 1.111540051804450258e+00 3.884444715157162054e-01 6.696743797318869262e-01 -1.201853785534569452e+00
1.069775322869794820e+00 2.806781703808488015e-01 8.459758187160634768e-02 5.586674683398292762e-01 6.137519643259147228e-01 6.096892069426788074e-01 -1.109371575312680047e+00
9.980252802851311555e-01 -1.019142057947961533e-01 3.986878556544332097e-01 -1.281773288860499870e-02 7.305144969099347518e-01 4.540061204614552759e-01 -8.861079501855751994e-01
8.781748732419749626e-01 -3.988603370265376147e-01 6.336955043519072461e-01 -5.375046633969206011e-01 7.114657103635811941e-01 1.907590412913905131e-01 -5.474868132999763937e-01
7.607138884721382777e-01 -5.671212770154052674e-01 7.671003817077770570e-01 -9.573973663168930948e-01 5.599332350359773613e-01 -1.451386200611151922e-01 -1.407794861119021079e-01
6.806468074702460846e-01 -5.872875189355460934e-01 8.009836240114402983e-01 -1.217869581217471131e+00 2.903310440897065026e-01 -5.034499185552798739e-01 2.806996993965220066e-01
6.473533270586543376e-01 -4.785059502850837476e-01 7.573975923557791923e-01 -1.278186889063472220e+00 -5.674683202378501268e-02 -8.380444221589934406e-01 6.691394307822342569e-01
6.418715677996814639e-01 -2.918140552339400506e-01 6.504238284800401004e-01 -1.138334801798838836e+00 -3.909541142860208374e-01 -1.080306127840504615e+00 9.685713461987934814e-01
6.302994602109990296e-01 -7.650125476947582104e-02 4.872629434841317386e-01 -8.397390150956752786e-01 -6.267147094686488229e-01 -1.159924888458907510e+00 1.128512592051607699e+00
5.861375657212930523e-01 1.410357395228786781e-01 2.964281316765039476e-01 -4.375233283065995682e-01 -7.664387606778310102e-01 -1.073094259223416280e+00 1.145519323201010353e+00
4.968084836117359071e-01 3.368742568379560209e-01 1.250459848181341982e-01 1.119329795225835859e-02 -8.730242339130108720e-01 -8.831659768799677845e-01 1.065716995856292426e+00
3.672954344831267925e-01 4.696366406783993308e-01 -2.940499350177878512e-03 4.313866390962948216e-01 -9.678230408554420183e-01 -6.605577923344355673e-01 9.398736919345699325e-01
2.277383206108962166e-01 4.991725345660464330e-01 -1.091040662434074882e-01 7.278951831920313920e-01 -9.981988809794680728e-01 -4.512387209569332369e-01 7.901595607791378484e-01
1.141498328726845285e-01 4.154637896436753630e-01 -2.243402294687345810e-01 8.272882878071192714e-01 -8.847706229653770071e-01 -2.638429165204045357e-01 6.078044063204443015e-01
3.745421811111272065e-02 2.500421616201849995e-01 -3.434766674315700152e-01 7.234109778017282499e-01 -5.841026604315227022e-01 -5.630351110534802250e-02 3.626597413193078379e-01
-1.159566382879539774e-02 6.050992535509360642e-02 -4.271733849215707535e-01 4.711847388158543204e-01 -1.294212608339002923e-01 2.210711990114369585e-01 3.469218145654782981e-02
-3.129042786876915644e-02 -1.061039805130231939e-01 -4.175783445385443660e-01 1.546143077773687591e-01 3.883960506071032492e-01 5.470781225464164121e-01 -3.503689351187702083e-01
1.204390229908052726e-03 -2.272135809430065045e-01 -2.598616900284098641e-01 -1.301468497069590835e-01 8.841240843456177334e-01 8.328611066898345960e-01 -7.416212532239495614e-01
1.053611887305336975e-01 -2.821625806747933285e-01 4.510486490822678690e-02 -2.934545516331931170e-01 1.310635879108259516e+00 1.011026871939029403e+00 -1.116041750133146104e+00
2.675559039759221602e-01 -2.512706819857989382e-01 4.234674571600782200e-01 -2.819729618075272337e-01 1.646472695237960027e+00 1.081140961871138062e+00 -1.474614976536945399e+00
4.393675064306081790e-01 -1.506211852771307813e-01 7.813336017439113101e-01 -9.702089311453435116e-02 1.880684375484219961e+00 1.066026925041866358e+00 -1.792585550939764127e+00
5.649810700827774257e-01 -3.802592648903550809e-02 1.061109935611316502e+00 2.070624328133299774e-01 2.001634057958360913e+00 9.729719710977512426e-01 -2.010896257844729806e+00
6.080615589991211767e-01 2.471636948740894499e-02 1.260309719771075976e+00 5.390096442173836211e-01 1.991151465490988981e+00 8.115686879091004169e-01 -2.076781222946751271e+00
5.623225520999277638e-01 1.102576773161491677e-02 1.410588345085149520e+00 8.080516086278231036e-01 1.840365041587779249e+00 6.131406695576733235e-01 -1.979386083991683698e+00
4.484602778875886320e-01 -6.035326535424704458e-02 1.535930053544550145e+00 9.631800905081543407e-01 1.572213771995636167e+00 4.230923247461720327e-01 -1.755234514710954485e+00
3.008991212422161832e-01 -1.522859774692540968e-01 1.628644221281265736e+00 9.917648987216431955e-01 1.245132851285511322e+00 2.919552653790487007e-01 -1.469808379040091983e+00
1.521683301363878638e-01 -2.419187677773667056e-01 1.655922788607710805e+00 8.953279765735897566e-01 9.360923164783033767e-01 2.628119525553709313e-01 -1.187422161405006449e+00
2.115084174720150909e-02 -3.296108264291678358e-01 1.589209297024425593e+00 6.870475694414075463e-01 7.129202495847724030e-01 3.334218788103344711e-01 -9.363594568677632290e-01
-9.139820456290952133e-02 -4.362182036756264703e-01 1.429495604549069876e+00 3.952441833993380338e-01 6.095198279002086439e-01 4.293302470324976139e-01 -6.869656835974982112e-01
-2.103472432140871540e-01 -5.984901257488618453e-01 1.201594831063568236e+00 4.652721103390588392e-02 6.191115395963036061e-01 4.517818922113126523e-01 -3.678458342009776061e-01
-3.844816863353180958e-01 -8.437693701487291031e-01 9.417306522713512207e-01 -3.433610000145743690e-01 7.030931788070304833e-01 3.514651609186343895e-01 8.230612744583842844e-02
-6.424631629783896791e-01 -1.149829920776331393e+00 6.937477428180384154e-01 -7.520774793173963246e-01 8.020848029024593151e-01 1.327260788056315033e-01 6.618819236184099175e-01
-9.532400961970228792e-01 -1.442176231413710541e+00 4.813125431951015276e-01 -1.138610753339277082e+00 8.518560490248149319e-01 -1.788070998610751805e-01 1.295181810807453315e+00
-1.254933498447386997e+00 -1.634167453933336622e+00 2.660307053354693529e-01 -1.457516198761728665e+00 8.043025108414096902e-01 -5.305612092632051580e-01 1.867229733430461724e+00
-1.509221349135079882e+00 -1.660974056691816303e+00 -3.801569299802417395e-02 -1.680547283610756892e+00 6.510816622473853954e-01 -8.229848830830698292e-01 2.265504689477703781e+00
-1.708659263978515197e+00 -1.495246702391375804e+00 -4.776988080006177584e-01 -1.797490911996385110e+00 4.323175703268736791e-01 -9.440328663977936019e-01 2.414532795172926072e+00
-1.844334747634379212e+00 -1.156897548284603117e+00 -9.969255159760459506e-01 -1.798350192374417178e+00 1.949563910012826751e-01 -8.446511471195864429e-01 2.310417324095397351e+00
-1.892031343584011704e+00 -7.128014472109882593e-01 -1.471355739969257392e+00 -1.670911137089440723e+00 -4.391909265929940659e-02 -5.609890265589421166e-01 2.021750838913318749e+00
-1.830730843201579638e+00 -2.521682791121488965e-01 -1.788863746947855216e+00 -1.419590179618374748e+00 -2.659229372678237335e-01 -1.580765264239617773e-01 1.634663634392045761e+00
-1.653877185126406246e+00 1.570640144294325191e-01 -1.893673075763617542e+00 -1.072256045156874782e+00 -4.314461625642440623e-01 3.176461820199800168e-01 1.199568752908325431e+00
-1.360725582263129008e+00 4.887879338009250563e-01 -1.790938993483914832e+00 -6.629418040052661443e-01 -5.166996540596884291e-01 8.162681301613249341e-01 7.378220112112008344e-01
-9.537079175267414444e-01 7.397387239612964738e-01 -1.538832155098148302e+00 -2.186169606374411545e-01 -5.319285911071764961e-01 1.250404011059278009e+00 2.770437349346674960e-01
-4.540886514888301528e-01 9.085052144024421406e-01 -1.229837523475280081e+00 2.267159797604979266e-01 -4.977812709197748098e-01 1.530280481305414053e+00 -1.436727142200491525e-01
7.330742805929567341e-02 9.903044346384708430e-01 -9.544903302391762878e-01 6.165067197647382535e-01 -4.301268403079022140e-01 1.636793661709976089e+00 -4.909768131610979247e-01
5.214319090342726115e-01 9.759664369622702562e-01 -7.581155521902791516e-01 8.922140843190818904e-01 -3.434175284261880567e-01 1.622087018480365961e+00 -7.400207501717680492e-01
7.972387832063978497e-01 8.613599590772476056e-01 -6.299684760617308976e-01 1.029133459972575437e+00 -2.529440361012056937e-01 1.531333497822121803e+00 -8.728693798148910998e-01
8.788224164760268797e-01 6.679993325004602855e-01 -5.417385639079860260e-01 1.045147193323160195e+00 -1.808381821417209268e-01 1.364612516767537587e+00 -8.933747453415892270e-01
8.063426955320848188e-01 4.471274367154733365e-01 -4.878056791109932067e-01 9.823964769672007824e-01 -1.631062247375146823e-01 1.101347261891717055e+00 -8.293568410651005474e-01
6.305405811994505560e-01 2.548259902274757627e-01 -4.897114954625050864e-01 8.815180607830868098e-01 -2.275766174601641934e-01 7.293651464890440472e-01 -7.095890231094847955e-01
3.766035059933019458e-01 1.257666963861468201e-01 -5.785783121178026400e-01 7.589856906645684465e-01 -3.439433875104088711e-01 2.988419447851218824e-01 -5.614962773990146427e-01
5.555008289335465477e-02 6.347408819823027737e-02 -7.703541616549369753e-01 6.037148154886965434e-01 -4.060827339008509784e-01 -4.166175138956609153e-02 -4.295168519852901601e-01
-3.048991063703979099e-01 3.735563586925699786e-02 -1.035782348331103719e+00 4.106058067808598389e-01 -2.830046410868268802e-01 -1.142538241048334652e-01 -3.625075526443199969e-01
-6.635736369476903374e-01 -6.705082588100852318e-04 -1.279867966240875621e+00 2.176589858182317316e-01 9.327229935724364041e-02 1.656339668169638790e-01 -3.723123736191588651e-01
-9.590875658130720849e-01 -6.092363724148833898e-02 -1.368181084611293175e+00 8.691031190015433006e-02 6.410491765057237945e-01 7.090264807223475296e-01 -4.244209445651033752e-01
-1.093259834808975040e+00 -9.029043317395511747e-02 -1.203155260783646430e+00 4.501090993200691087e-02 1.130093328534413022e+00 1.288969385499391329e+00 -4.791763664450182092e-01
-1.003802224754404282e+00 -4.875115208607395945e-02 -7.786867535101894555e-01 5.851394617028250061e-02 1.342392142899349494e+00 1.682117492216242516e+00 -5.127310415931042309e-01
-7.399423740803300342e-01 1.978013405915120260e-02 -1.655996031861022844e-01 7.042709849042162740e-02 1.231614875113018703e+00 1.775503761669636971e+00 -5.007236282981100128e-01
-4.193363510461067256e-01 3.241106541521700940e-02 5.215136509647643193e-01 4.315288626308547842e-02 9.119310533416737918e-01 1.583370876321782861e+00 -4.337977771131393268e-01
-1.577866569463081681e-01 -6.538823019400442915e-02 1.130680306171243821e+00 -3.795116222255433963e-02 5.607869549834267886e-01 1.223180150111238040e+00 -3.444711590412393165e-01
-3.294659755815114444e-02 -2.876352127694495886e-01 1.491807076192877890e+00 -1.700525848274853091e-01 3.366370370414836222e-01 8.383569814410957166e-01 -2.799784601686275964e-01
-5.472026126934335932e-02 -5.978011023371500032e-01 1.479642013738473150e+00 -3.253942189883238245e-01 3.191372712319458516e-01 5.148647736459466273e-01 -2.668153886699463628e-01
-1.660231848975247670e-01 -8.890832185323029879e-01 1.078874150324341530e+00 -4.546523440075440625e-01 4.910969503400592906e-01 2.964466543616824934e-01 -3.244282807482572473e-01
-2.703653609340374575e-01 -1.010998061776597901e+00 3.941477242740240028e-01 -4.922611826235437915e-01 7.537150247422929050e-01 2.244033889480396837e-01 -4.745307046140844198e-01
-2.699655359928755383e-01 -8.582069869052521005e-01 -4.077857722628868697e-01 -3.602206378981446799e-01 9.514806009467717818e-01 2.898500301206573537e-01 -6.962014435267698254e-01
-2.699655359928755383e-01 -8.582069869052521005e-01 -4.077857722628868697e-01 -3.602206378981446799e-01 9.514806009467717818e-01 2.898500301206573537e-01 -6.962014435267698254e-01
-5.391050172800071483e-01 -2.529641060557324406e-01 -9.751249052690932340e-01 1.799524549505167881e-01 7.887239486664604504e-01 5.995703179994579246e-01 -6.109538733477986039e-01
-8.082444985671384252e-01 3.522787747937873859e-01 -1.542464038275299210e+00 7.201255477991779230e-01 6.259672963861490080e-01 9.092906058782584955e-01 -5.257063031688273824e-01
-8.082444985671384252e-01 3.522787747937873859e-01 -1.542464038275299210e+00 7.201255477991779230e-01 6.259672963861490080e-01 9.092906058782584955e-01 -5.257063031688273824e-01
-1.200765764422616400e+00 3.579395917698528495e-01 -1.022693345921698693e+00 5.810145978726883875e-01 6.801197536548209133e-01 1.083172728247111971e+00 -3.503597362597982157e-01
-1.132013369614301546e+00 3.186881190382064299e-01 -4.453919248819901422e-01 3.952891077422153732e-01 6.969452863129936837e-01 9.852835723019562897e-01 -2.993976639714302501e-01
-1.132013369614301546e+00 3.186881190382064299e-01 -4.453919248819901422e-01 3.952891077422153732e-01 6.969452863129936837e-01 9.852835723019562897e-01 -2.993976639714302501e-01
2.595736704475959389e-01 -2.498232589773198564e-01 6.064519000306123342e-01 -4.624013518185884908e-02 6.224439257967768757e-01 -3.357195343405888766e-01 -1.287162461972027605e-01
2.595736704475959389e-01 -2.498232589773198564e-01 6.064519000306123342e-01 -4.624013518185884908e-02 6.224439257967768757e-01 -3.357195343405888766e-01 -1.287162461972027605e-01
1.181067022234098651e+00 -1.038036572445090622e+00 1.408855674506562572e+00 -6.549871136234030056e-01 4.496326949187686162e-01 -1.446549167820079695e+00 2.070634631320960317e-01
9.533695719184809292e-01 -1.195570047456476992e+00 1.591944711365143039e+00 -9.274678214151783617e-01 3.828750149720387408e-01 -1.270600454483674868e+00 2.188883028975488754e-01
3.527294772208742213e-01 -1.214205751505391673e+00 1.617130067966985552e+00 -1.108394370696380138e+00 3.953050267063942802e-01 -7.069219823485440868e-01 1.349848454037912981e-01
-4.184715543876635913e-01 -1.171163765629390952e+00 1.507342455919749913e+00 -1.149637256355452886e+00 4.813922049302243322e-01 -3.393434102211473347e-02 3.900255526329851619e-02
-1.128915977858568009e+00 -1.101694549560402470e+00 1.273994536808039202e+00 -1.021578673423906958e+00 5.962363547321779533e-01 4.920739165176368779e-01 -1.966555541926679612e-02
-1.564822203588668303e+00 -9.746258265153757705e-01 9.315025978978840326e-01 -7.222318578002444589e-01 6.894946093152264366e-01 7.379048410542216052e-01 -6.542133277911632572e-02
-1.593845436818256855e+00 -7.275382513818808849e-01 5.217686791619121633e-01 -2.720881461010222213e-01 7.112824467986076371e-01 7.038448892409544522e-01 -1.593657439293675038e-01
-1.225345438009486143e+00 -3.485044900739012186e-01 9.988409947040796655e-02 2.798489570931205206e-01 6.136873054182923060e-01 4.550210174093759496e-01 -3.142269887014927376e-01
-6.181300061336137963e-01 5.619144084619526885e-02 -2.931623993485506507e-01 8.400922499027717594e-01 3.971463575631593024e-01 5.363197331368960152e-02 -4.483522526557651156e-01
-6.181300061336137963e-01 5.619144084619526885e-02 -2.931623993485506507e-01 8.400922499027717594e-01 3.971463575631593024e-01 5.363197331368960152e-02 -4.483522526557651156e-01
4.295660339119974913e-01 4.025742048180413479e-01 -9.267668304197040907e-01 1.516288144452099695e+00 -9.216357303390154687e-02 -8.566593269858366888e-01 -3.559250626975475895e-01
6.214148047516887541e-01 3.624862274458690026e-01 -1.174242357361237943e+00 1.512438310742705516e+00 -2.744104759588584241e-01 -1.105780581052483225e+00 -2.156747041781262864e-01
6.141129771525529746e-01 3.132034576262487935e-01 -1.362977749571882891e+00 1.334860373396845823e+00 -4.415685463633489127e-01 -1.142770155567543133e+00 -1.060531827489471224e-01
4.918711144324822149e-01 3.019994781465444311e-01 -1.434706001733851766e+00 1.064010318882549155e+00 -5.884583829615138706e-01 -1.031016244753788502e+00 -3.396494879048600479e-02
3.257684378661887536e-01 3.160365497663074619e-01 -1.323335641284158815e+00 7.364463463907536811e-01 -6.451000988521307100e-01 -8.461357929544308654e-01 6.068998629833998251e-03
1.493375526390355035e-01 3.168746405565134872e-01 -1.009320676724120291e+00 3.534688018846015578e-01 -5.420517014303519732e-01 -6.492932123579993053e-01 2.063315637177715739e-02
-3.564134978354790984e-02 2.640011170418877229e-01 -5.331808326543129306e-01 -6.689786291254262718e-02 -2.977574562531093982e-01 -5.165453937232422632e-01 4.869717562469663003e-02
-2.294549816785018126e-01 1.268840154847962753e-01 2.642443658467948445e-02 -4.754915705492872569e-01 -6.608334979072874420e-03 -5.230539336766000247e-01 1.477405432227092974e-01
-4.138671812202515676e-01 -1.029539108353357268e-01 5.710990305244866283e-01 -8.193024482288155941e-01 2.470548992375286579e-01 -6.854807449912148076e-01 3.378520046277317945e-01
-5.545781903381373779e-01 -4.021960943618174134e-01 1.003116098238417297e+00 -1.062753354250596693e+00 4.189960211000365309e-01 -9.573367865728568127e-01 5.867435699998567733e-01
-6.175351834761381165e-01 -7.206291476043532596e-01 1.256911910810607047e+00 -1.186916970060591714e+00 4.842450920310076845e-01 -1.267048487175366667e+00 8.381080277463895944e-01
-5.868314583836713449e-01 -9.995853076309610952e-01 1.312276337649001645e+00 -1.186158752229865110e+00 4.463655303403547547e-01 -1.526621394239804141e+00 1.027206273707656603e+00
-4.597897381423131646e-01 -1.179776863854875568e+00 1.176286069109358179e+00 -1.072601580253631059e+00 3.494066004878167986e-01 -1.633794410675856845e+00 1.080611889440510787e+00
-2.317997893687025468e-01 -1.198932424817466647e+00 8.660035545759050546e-01 -8.782902372444929551e-01 2.478111502060138804e-01 -1.505657615468884325e+00 9.307368981400846453e-01
8.436539405726595220e-02 -1.021136202665932968e+00 4.314115861583541767e-01 -6.507938064567988512e-01 1.705486630709784068e-01 -1.123080967831431964e+00 5.636636659089339085e-01
4.259027981025760856e-01 -6.845561065864108619e-01 1.701525200908178504e-03 -4.350907838064498323e-01 1.198584206225758453e-01 -5.587647420050255720e-01 6.688604995838620670e-02
6.994545150470864447e-01 -2.861386540545415857e-01 -2.530199289720035938e-01 -2.509457058941481078e-01 8.077853299919293684e-02 5.418117795768097322e-02 -4.103532206880527999e-01
8.370623926714928498e-01 9.153658792952737433e-02 -2.589307022325220142e-01 -9.962616429579716770e-02 1.658473527876052830e-02 6.032411101915547968e-01 -7.595782886082866892e-01
8.248219134064705971e-01 4.128005069670342420e-01 -9.347488333604264676e-02 1.300989503293545173e-02 -1.212569508658871975e-01 1.019565882823519232e+00 -9.403486047227611611e-01
6.969395185997762088e-01 6.632071938392399835e-01 1.112063267754500456e-01 8.081169073636158828e-02 -3.613330469930952638e-01 1.236888182162035887e+00 -9.344318847363750624e-01
5.057542208781296011e-01 8.263698854210386191e-01 2.659183498763728615e-01 1.132732869347388011e-01 -6.841163874412032886e-01 1.210334033809725263e+00 -7.406625567133893195e-01
2.940384984401467894e-01 8.931756215018179512e-01 3.290993376731347064e-01 1.275426907492955564e-01 -1.022083891203700245e+00 9.812285401285200104e-01 -4.119469530928834833e-01
1.052853283697783304e-01 8.865709237232430873e-01 2.765169355795475958e-01 1.398305135234158558e-01 -1.297353641266580482e+00 6.564281731631285144e-01 -5.485271921407467582e-02
-1.243372113722065325e-02 8.542351021607352823e-01 9.639718878741147801e-02 1.719388678788949798e-01 -1.460537416246118436e+00 3.310934517529522947e-01 2.228866301586469312e-01
-3.509775739188378957e-02 8.261507806163725931e-01 -2.020892818097445864e-01 2.401811449395677978e-01 -1.495853891011921899e+00 6.168419244318838063e-02 3.590172069512951314e-01
3.606854826336397535e-02 7.987128504758345127e-01 -5.857300925963854210e-01 3.335652210804228024e-01 -1.400632794137494974e+00 -1.309943420889518872e-01 3.390368835855989693e-01
1.922546232794743459e-01 7.568265269940550599e-01 -9.925531927454263048e-01 4.257108797405400047e-01 -1.171866891466858407e+00 -2.589666976046736679e-01 1.783134031440726519e-01
4.023540109314081015e-01 6.885739678401372466e-01 -1.331906607680223065e+00 5.086297861297954803e-01 -8.219057011224821796e-01 -3.437092475747732245e-01 -8.424553139737586682e-02
6.039673886687167981e-01 5.883074626103294014e-01 -1.512105396995824913e+00 5.963466251030778986e-01 -3.933102121478154745e-01 -3.929516057037431009e-01 -3.944222629165932692e-01
7.298998803160821058e-01 4.657926917382880783e-01 -1.486399604852884027e+00 6.969598782314949670e-01 5.786179405871338249e-02 -3.951833896615007946e-01 -7.059666836213426278e-01
7.295146453433940525e-01 3.391283014518913785e-01 -1.275386608598494620e+00 7.939912101921130505e-01 4.793522996739620901e-01 -3.287845458853617675e-01 -9.845855159193167561e-01
5.770480186163036151e-01 2.088152166343307525e-01 -9.569956090139166704e-01 8.574638340504365797e-01 8.237039073171973369e-01 -1.950440279821490652e-01 -1.186084412699058621e+00
2.804356676085433819e-01 5.646592370633589375e-02 -6.420675460923583877e-01 8.715242382610023375e-01 1.058510950821313967e+00 -3.700787308002874421e-02 -1.256910022859207610e+00
-1.294960606375037959e-01 -1.301061444494636676e-01 -4.319436292695532642e-01 8.384984321037752819e-01 1.188456414723220611e+00 1.029229115420132040e-01 -1.169343969977513886e+00
-6.152720000248729226e-01 -3.410661633772011370e-01 -3.673257766897102816e-01 7.588211512185144558e-01 1.258384501837049418e+00 2.230884693482889369e-01 -9.472135753193473562e-01
-1.123805295087928036e+00 -5.488155126819975749e-01 -4.110030869840728407e-01 6.349266409722553739e-01 1.311160114765754114e+00 3.317898378842196183e-01 -6.465963152527055557e-01
-1.580703284536526088e+00 -7.245738716537777346e-01 -4.843234502549250142e-01 4.827142155879841634e-01 1.345001868039821247e+00 4.127206678468950951e-01 -3.195966403334645767e-01
-1.902715788935676500e+00 -8.528879749283793110e-01 -5.242323072268469941e-01 3.109580354522182288e-01 1.335338453048837470e+00 4.351868397945260480e-01 -7.834296259243438490e-03
-2.021080952024854493e+00 -9.343874699344399959e-01 -5.102015403785779002e-01 1.065988304752078092e-01 1.282515354459015766e+00 3.771862509476832659e-01 2.472259292417128829e-01
-1.921547841132689838e+00 -9.763919837641213961e-01 -4.466511658833579590e-01 -1.382821095438462322e-01 1.207291677361913118e+00 2.476038727430172892e-01 4.119499640494447834e-01
-1.655218957232125199e+00 -9.791859269664167087e-01 -3.342864770825187959e-01 -3.982845210389129309e-01 1.109704088989364568e+00 8.053111023064792040e-02 4.787268162407848915e-01
-1.297460999488730504e+00 -9.382156938595633822e-01 -1.659606585657755207e-01 -6.303784846999361813e-01 9.710076646428180691e-01 -8.656907597265382781e-02 4.604300741228881111e-01
-9.135436731718159509e-01 -8.577712532183113803e-01 5.589571088309864405e-02 -8.044522437099855816e-01 7.991712138636084539e-01 -2.038760091717375655e-01 3.631478928124396433e-01
-5.500441522872830946e-01 -7.493251666864928495e-01 3.144777197218303066e-01 -9.004965514064897647e-01 6.321571133217847027e-01 -2.142079175057200191e-01 1.831535576014532429e-01
-2.302246585436897308e-01 -6.239691333220920288e-01 5.992408697576513399e-01 -8.912641716145495163e-01 4.918397424527075623e-01 -1.032401662781708279e-01 -6.329611283050919079e-02
4.400464724841225694e-02 -4.947318008030145986e-01 9.131336069923883247e-01 -7.529517851906313286e-01 3.668269104512222878e-01 8.166633592299755995e-02 -3.296463403327533626e-01
2.815351549753041249e-01 -3.709106076960757559e-01 1.245040267864600203e+00 -4.945808418310891352e-01 2.353926420836945366e-01 2.836868940016479268e-01 -5.739446665326629615e-01
4.886261619913107590e-01 -2.508790985114394134e-01 1.556463680738474187e+00 -1.664704337569446191e-01 8.823130574770479684e-02 4.818374657385764426e-01 -7.880807726339332797e-01
6.659004058850750418e-01 -1.339340305384666141e-01 1.807366631042398142e+00 1.638439035253922982e-01 -6.349144429567128711e-02 6.588727629270331176e-01 -9.758786365546987529e-01
8.238404700989296892e-01 -2.745273958757636634e-02 1.967664423213539626e+00 4.363599181576805486e-01 -2.024044318160553302e-01 7.579650945403436646e-01 -1.122244813187005530e+00
9.805963396006687205e-01 6.044365722154680653e-02 1.997605122959210444e+00 5.954611664495020884e-01 -3.136316336557047890e-01 7.303580647565163231e-01 -1.207548026031789679e+00
1.129807982291205271e+00 1.218894268620726029e-01 1.850898528895343231e+00 5.893504007666946487e-01 -3.712697356318983566e-01 6.026801816933901046e-01 -1.230527774345042902e+00
1.229047709736529326e+00 1.503816098286069047e-01 1.518303883753309602e+00 4.068839028246153955e-01 -3.580404847879058994e-01 4.343907011745636315e-01 -1.185542797352531430e+00
1.216443547966071792e+00 1.413251075086466302e-01 1.058959137092837066e+00 1.033839816127651023e-01 -2.953160663532544694e-01 2.463995383584886012e-01 -1.036505435282348619e+00
1.031389217024366589e+00 8.425555766760692289e-02 5.758031990771158570e-01 -2.288775966711519561e-01 -2.130855722910483807e-01 4.099148447876211493e-02 -7.459831494948711006e-01
6.482576434122051534e-01 -2.686458068293189061e-02 1.668235247208149363e-01 -5.022749355300319962e-01 -1.175232128385998304e-01 -1.568589060386292866e-01 -3.229873921111468538e-01
1.046200277250822208e-01 -1.738694772538605937e-01 -9.732738811134403201e-02 -6.595786359273716482e-01 -9.499277690376029329e-03 -3.142859512006643818e-01 1.717233870236852256e-01
-5.033909380174230730e-01 -3.217196085998761390e-01 -1.836057057735717701e-01 -6.952823514379806724e-01 8.801307507013943210e-02 -4.216457122159488757e-01 6.551437215384230406e-01
-1.040533192820110697e+00 -4.334055832484645654e-01 -1.188871864486060609e-01 -6.556717495123618455e-01 1.253478534895598462e-01 -4.895200071043852574e-01 1.039872619979840040e+00
-1.363811005098635620e+00 -4.714658582405313325e-01 1.577434437912002968e-02 -6.009100443814922032e-01 5.018609857237773392e-02 -5.273774660848259410e-01 1.242414434994209005e+00
-1.381817863958122450e+00 -4.070734507842773131e-01 1.407569421263967779e-01 -5.549335034804151467e-01 -1.524945397209679643e-01 -5.435574155199379698e-01 1.218096371440362313e+00
-1.115977290991269300e+00 -2.487967493744495107e-01 2.273922456321853247e-01 -4.978797187780029665e-01 -4.268446104344812420e-01 -5.419726730357216082e-01 9.953515536686495802e-01
-6.905687686488963806e-01 -5.445207830676365018e-02 2.942283543698441806e-01 -4.056414290466915928e-01 -6.559401626735541502e-01 -5.072668132312294631e-01 6.573522081594252997e-01
-2.379221857827620579e-01 1.105933723542037728e-01 3.618614356731673087e-01 -2.767356153551416842e-01 -7.324716203265795311e-01 -4.202092147817459433e-01 2.861241129564205954e-01
1.659347576905650656e-01 2.153945305585279746e-01 4.147105806758309976e-01 -1.262803490154096042e-01 -6.186936828070348504e-01 -2.683755812722532497e-01 -7.568402242655392076e-02
4.799162679085711147e-01 2.550995202018370156e-01 4.113056507734916822e-01 3.010672997349524843e-02 -3.508037392450374936e-01 -3.701701018077426658e-02 -4.117197243072604484e-01
6.766370101053591490e-01 2.357537624573574631e-01 3.184248050390108831e-01 1.863746935482057665e-01 -1.797304542555417869e-02 2.654521626077810392e-01 -6.962312315497537485e-01
7.539952004529461016e-01 1.789158515265788785e-01 1.234043684417489711e-01 3.365359240538451924e-01 2.831021818665873657e-01 5.828641554108925371e-01 -8.934638737606375170e-01
7.274526409686620232e-01 1.150155290577624528e-01 -1.583164871310251132e-01 4.605103236144594270e-01 4.977413498657172197e-01 8.440264814360186607e-01 -9.818183377894948993e-01
6.057829721200951312e-01 6.315968960711461355e-02 -4.680938054054218922e-01 5.362273391883448648e-01 6.045315636759307498e-01 1.004038637438385395e+00 -9.533669937980027154e-01
4.004524575967428612e-01 2.981874897184061055e-02 -7.214363424713463591e-01 5.590178675292070132e-01 5.762846247070121386e-01 1.044240024433330083e+00 -8.039329070457433835e-01
1.554048646564052949e-01 1.928648939070623861e-02 -8.598978680153664955e-01 5.290840731192705260e-01 3.978412797651532662e-01 9.583173495839543143e-01 -5.469852867083569992e-01
-5.194473880450672237e-02 2.893892318245700618e-02 -8.812822980148830032e-01 4.321759449010115217e-01 1.105253773444885429e-01 7.511299610208207467e-01 -2.242617931369528805e-01
-1.441343508023330000e-01 4.951987378645886922e-02 -8.173563709242290809e-01 2.616862378234524056e-01 -2.132710014536720322e-01 4.364347989282881257e-01 1.113306747109586020e-01
-8.313057166328166603e-02 9.092458744775541724e-02 -6.951962903014398121e-01 5.681476030488152168e-02 -5.405360162149658310e-01 3.183931274643976572e-02 4.115784287248006601e-01
1.231659640384404203e-01 1.980010192205574060e-01 -5.376670107770331608e-01 -1.090818966879585489e-01 -8.885637333394542647e-01 -4.325267626171759860e-01 6.283887000029023673e-01
4.410500505203082677e-01 4.244936184299288873e-01 -3.894393349574905572e-01 -1.815724453581201714e-01 -1.271463257812512682e+00 -8.925819961284281456e-01 7.127097240841054893e-01
8.109188806268868843e-01 7.905478722505610012e-01 -3.085498872620274780e-01 -1.451789888863261324e-01 -1.674277429925806304e+00 -1.247867202809221920e+00 6.373736486488689179e-01
1.151020474789607784e+00 1.262632534323017364e+00 -3.363040642979858719e-01 -3.904821994649755514e-03 -2.080170753462173394e+00 -1.413716047488021044e+00 4.281356315840799676e-01
1.397382423578451327e+00 1.760709252719828033e+00 -4.837482513695414710e-01 2.162849994882070359e-01 -2.470337261645065396e+00 -1.378925518830501185e+00 1.622743535517636726e-01
1.523978135026586855e+00 2.179313833520244437e+00 -7.172227933414770940e-01 4.464764813810243593e-01 -2.783926026148939137e+00 -1.184863269829397270e+00 -7.466037022319538252e-02
1.522925627516534153e+00 2.415814260954635806e+00 -9.499712136091194026e-01 5.985572011929479741e-01 -2.932528419473436010e+00 -8.753504513367161843e-01 -2.225837204364835842e-01
1.388708475229635031e+00 2.392887905812133287e+00 -1.072043042252755818e+00 6.232058741171122573e-01 -2.857849083145768354e+00 -4.984488787305039192e-01 -2.436224695034100440e-01
1.121469499458502384e+00 2.074958939904575139e+00 -1.011646467354397672e+00 5.235351975810478287e-01 -2.543363216429737506e+00 -1.135868751349294326e-01 -1.254586319153884189e-01
7.438289149488822583e-01 1.493978945136477776e+00 -7.879378649010123636e-01 3.186665787328036292e-01 -2.002906706423053240e+00 2.435787668127616101e-01 9.045467530944806267e-02
3.164848552778692925e-01 7.571448115813766977e-01 -5.020609579544634826e-01 2.615497018782165367e-02 -1.289325427664392620e+00 5.765985054797109211e-01 3.103826953237012187e-01
-6.438032399303721121e-02 1.776146536139081369e-02 -2.672490688900996947e-01 -3.096955847691938990e-01 -5.111002412315130972e-01 8.774247907215058095e-01 4.447288628972033142e-01
-2.928541498598711268e-01 -5.644504553855863582e-01 -1.455807510761618073e-01 -5.963076051454890836e-01 1.664366823182492627e-01 1.089301825754745323e+00 4.574361769056583538e-01
-2.987066774494712695e-01 -8.729550189991378550e-01 -1.366844087909743488e-01 -7.305569975902717061e-01 5.761671311299977338e-01 1.145706672654089653e+00 3.628896176993298139e-01
-7.885055682297052726e-02 -8.743783131307766299e-01 -2.069108312520742399e-01 -6.556308280749308937e-01 6.403648999388524832e-01 1.019802441084548539e+00 1.956303163195516059e-01
3.158529160836755501e-01 -6.032476501052019824e-01 -3.150352647799470329e-01 -3.733054078748404003e-01 4.050338910660316039e-01 7.338415258396622232e-01 -1.667209165332515786e-02
8.092380942057252335e-01 -1.255912156373924504e-01 -4.152745195182207527e-01 6.572138346549404042e-02 -1.011159669521596340e-02 3.520314244816031279e-01 -2.573310184228818631e-01
1.303002931422786226e+00 4.603650897042170231e-01 -4.651464836291619998e-01 5.570169119700028038e-01 -4.789768786729346473e-01 -3.043135372802288630e-02 -5.001298693597079348e-01
1.672252865031462310e+00 1.017837877346228659e+00 -4.517888517084017175e-01 9.568164603576514438e-01 -9.000312820696383387e-01 -3.124565199563258955e-01 -7.003580382334937404e-01
1.797623006496776865e+00 1.414365907392126642e+00 -4.126071709035926127e-01 1.142047765769191425e+00 -1.197098835141203299e+00 -4.225247751367257054e-01 -8.187788429124126521e-01
1.625739603836898750e+00 1.580102492708201911e+00 -4.196294183182117110e-01 1.068927291665468848e+00 -1.315343786349456146e+00 -3.455116024144613829e-01 -8.438187210770382585e-01
1.201582870855163687e+00 1.518141334522993491e+00 -5.347671194612922951e-01 7.787158391414942260e-01 -1.243514380145988918e+00 -1.320518557864866771e-01 -7.749990413114558052e-01
6.417366661257569715e-01 1.281917075699210429e+00 -7.755956813681201822e-01 3.592140537018866375e-01 -1.043876166608792566e+00 1.135671698910981908e-01 -5.990304688930075949e-01
7.734797356251921219e-02 9.564416548760893422e-01 -1.109777741129638784e+00 -1.018135923727453290e-01 -8.255332459551908419e-01 2.781927207146943637e-01 -3.072770999070967290e-01
-3.852229371352718368e-01 6.361838998372887355e-01 -1.464851484182585262e+00 -5.366156421720098546e-01 -6.844761618072144893e-01 2.933880472835447839e-01 7.569980208127381760e-02
-6.776462157576252920e-01 3.937469758079820137e-01 -1.740303296152182488e+00 -8.815795974204341245e-01 -6.749418843737046148e-01 1.440456627781437349e-01 5.038276091540593304e-01
-7.774650951006207844e-01 2.554566852495740448e-01 -1.844962951808659657e+00 -1.076483642550182473e+00 -8.047370484284634973e-01 -1.484899595351770740e-01 9.336852648418556555e-01
-7.092453777789036184e-01 2.017904931997362705e-01 -1.752653168062484612e+00 -1.105280655357077091e+00 -1.032737409734644229e+00 -5.132962015291351321e-01 1.317615553066216361e+00
-5.295972331132456912e-01 1.900570653107453711e-01 -1.500587731846859452e+00 -1.009345647221139508e+00 -1.280510889255539242e+00 -8.287692119925681444e-01 1.598011200485695005e+00
-3.094312314496946437e-01 1.778344411985932627e-01 -1.131344880558549093e+00 -8.363140685561025744e-01 -1.467705573451462353e+00 -9.849947095157632893e-01 1.736958134595316894e+00
-1.243741925640030610e-01 1.365170901709779894e-01 -6.709092562784501057e-01 -6.001106515680625364e-01 -1.547445278981820049e+00 -9.397289055030844107e-01 1.736740444405418859e+00
-3.928485715699907982e-02 5.612317101034989403e-02 -1.579736326423022419e-01 -3.046208697671465293e-01 -1.513525512138547802e+00 -7.040420331637541329e-01 1.617370706627608845e+00
-7.900232564739957664e-02 -5.620719645997692554e-02 3.442036675087308817e-01 2.343592696097123937e-02 -1.377195336565647077e+00 -3.148849337557859118e-01 1.390231482891160386e+00
-2.152472879653956894e-01 -1.751871043430817954e-01 7.687768101982768165e-01 3.444763604437778293e-01 -1.145984926911981283e+00 1.643928244649971171e-01 1.059383240958336359e+00
-3.861632320094723347e-01 -2.545190816642388665e-01 1.065459685897975461e+00 6.376049898843099140e-01 -8.414320464470159688e-01 6.437214612198302044e-01 6.395960968687355308e-01
-5.300902773756513975e-01 -2.433414399207650958e-01 1.204352278705083767e+00 9.073040148697166796e-01 -5.124247396517541686e-01 1.032936456871848430e+00 1.625382285300432383e-01
-6.156335769410805625e-01 -1.162819000006175968e-01 1.164729289200778117e+00 1.154087709802328554e+00 -1.944463620990563024e-01 1.300801830519237035e+00 -3.466687070713101448e-01
-6.464317370368047877e-01 1.139995487075847469e-01 9.396340770173563506e-01 1.353740509444967710e+00 1.254675691669432658e-01 1.492289281085017905e+00 -8.814639707038974814e-01
-6.422244906871973358e-01 4.040809942113018915e-01 5.649377743811324626e-01 1.481551986229696194e+00 4.700099657983918822e-01 1.654591181725322713e+00 -1.418930472616155569e+00
-6.197748052815539310e-01 6.991295315733376814e-01 1.195227015120212122e-01 1.546167724870369353e+00 8.086757374990806158e-01 1.774442567054075992e+00 -1.896826676368922548e+00
-5.839117794943519124e-01 9.578375400605032564e-01 -3.159458555682539971e-01 1.581372691098143823e+00 1.070376567773380305e+00 1.805655666317641517e+00 -2.250193128805372922e+00
-5.338320509266831770e-01 1.161256987073902236e+00 -6.848185260814639852e-01 1.609853168623872843e+00 1.214860336160728860e+00 1.721531722258644370e+00 -2.450881197122992905e+00
-4.815080522091775839e-01 1.294691081563141832e+00 -9.422276065866560524e-01 1.626279255586598582e+00 1.261274713081707022e+00 1.527865205923444991e+00 -2.496498647471085075e+00
-4.646909632359138009e-01 1.326237375403563234e+00 -1.042995707291442864e+00 1.608039694130958486e+00 1.255527826563641813e+00 1.258514110679964659e+00 -2.383521082809131553e+00
-5.256461563482220933e-01 1.218665231293329265e+00 -9.584821065913581295e-01 1.527482225530698345e+00 1.237805437313590717e+00 9.648953536588662505e-01 -2.113214300317721950e+00
-6.667639835955138095e-01 9.647731076766130620e-01 -7.006196179359294174e-01 1.353946391730605825e+00 1.238143289574359152e+00 6.872191257250274132e-01 -1.713645331810950356e+00
-8.426321990654195293e-01 5.952712314103868474e-01 -3.157850984990333010e-01 1.066364710225126355e+00 1.268724756885689420e+00 4.297267659339162882e-01 -1.231141873145107812e+00
-9.896786668611955440e-01 1.541721233621355103e-01 1.425631864381026737e-01 6.760128742966422521e-01 1.306742301313635890e+00 1.618606490611733950e-01 -7.011849164498229481e-01
-1.048734488349842842e+00 -3.176447990661895315e-01 6.255018282620619097e-01 2.223682988912928926e-01 1.310824782294808255e+00 -1.485291138463760985e-01 -1.492971603350879140e-01
-9.785792162146732531e-01 -7.799742264094053912e-01 1.087133897468842259e+00 -2.496535927373333963e-01 1.259579324978016501e+00 -4.984006424186371298e-01 3.897201236779285760e-01
-7.718577782815086996e-01 -1.191008997868566732e+00 1.492998518841706757e+00 -6.871180372012636317e-01 1.153026426154374784e+00 -8.579922781684616861e-01 8.798442491712016311e-01
-4.624490152796749132e-01 -1.509012284975454810e+00 1.817225278599592153e+00 -1.018748132929853556e+00 9.840169373986403789e-01 -1.195653206099967392e+00 1.296531571026599439e+00
-1.094077688340408527e-01 -1.687830449114666065e+00 2.016647296839585213e+00 -1.180553797957043960e+00 7.335728706186791515e-01 -1.473802103485358783e+00 1.610917212254090236e+00
2.336949394758681686e-01 -1.676040616785952508e+00 2.033587703793233281e+00 -1.153339124528310444e+00 3.975159194391594264e-01 -1.650635049236356400e+00 1.780662075627473140e+00
5.291855070008550932e-01 -1.441115125692060017e+00 1.833950958739018366e+00 -9.654932542602718826e-01 1.499686580110573585e-03 -1.701738015463754916e+00 1.776509163672048475e+00
7.343996365737218701e-01 -1.006352440373293744e+00 1.425069485361078359e+00 -6.744266276729168341e-01 -4.141906237575499472e-01 -1.622800627513613536e+00 1.613965589339802831e+00
7.904657138313572196e-01 -4.635415342747044587e-01 8.517832483093835672e-01 -3.616344121637228293e-01 -8.089713169910576207e-01 -1.421861040008497445e+00 1.358757649016884894e+00
6.524685665821038372e-01 5.195341239081766732e-02 2.051436099222700427e-01 -1.283176954239053646e-01 -1.141173823463200288e+00 -1.134612635460023000e+00 1.111190002917956443e+00
3.263961621166878713e-01 4.081057301151169714e-01 -3.847229737969466989e-01 -6.208414596870356905e-02 -1.368894197566212556e+00 -8.311046185390278396e-01 9.719929191207912211e-01
-1.296424667608901404e-01 5.271649311694344142e-01 -8.169396958459581581e-01 -1.906212996235296664e-01 -1.453162528853683799e+00 -5.752133742018950002e-01 9.845625777990174576e-01
-6.276232445398386428e-01 4.183959395137092918e-01 -1.081096105306118327e+00 -4.690044634104557075e-01 -1.364312772984423106e+00 -3.811729087305324448e-01 1.101054061553100372e+00
-1.073438929760871297e+00 1.640122342377126063e-01 -1.225815958127102201e+00 -8.146340605581900984e-01 -1.095135209880537586e+00 -2.162390780397730750e-01 1.219502419412607619e+00
-1.392069230249384670e+00 -1.311783056328545138e-01 -1.286986219748930571e+00 -1.143208223001473289e+00 -6.724565724073477968e-01 -3.974581466360902621e-02 1.251490905040054891e+00
-1.545967433702257532e+00 -3.787499204546934117e-01 -1.257138405678501325e+00 -1.372321006648455022e+00 -1.653879667348835958e-01 1.490976665548854052e-01 1.162164264271000169e+00
-1.537242136980091933e+00 -5.208513237474695634e-01 -1.105431084653674789e+00 -1.425467393445021269e+00 3.288651165348173144e-01 3.058622195256288645e-01 9.658169387436991160e-01
-1.397989818935833295e+00 -5.353980113423794096e-01 -8.190248855827975127e-01 -1.257783227266972004e+00 7.280000929217118610e-01 3.981368066494406222e-01 6.912471520786683810e-01
-1.171450120515890925e+00 -4.310353193247332682e-01 -4.227343084175678722e-01 -8.733314619793699496e-01 9.898823343022757903e-01 4.381439215303172263e-01 3.612603860800935318e-01
-8.921863936371137171e-01 -2.371626234337436412e-01 3.795124555754091772e-02 -3.159702554283062015e-01 1.102253658032482875e+00 4.356615249667220024e-01 9.277984075626036220e-03
-5.815475723332813596e-01 1.032039655304699179e-03 5.163300085759860991e-01 3.453931152201425436e-01 1.071682606961512629e+00 3.648822781410551719e-01 -3.121444210534635721e-01
-2.574186041382885981e-01 2.366469211914031812e-01 9.613763157677731597e-01 1.023154599998753689e+00 9.286116135816853134e-01 2.215592983416157513e-01 -5.704146947266863776e-01
6.071258434080266386e-02 4.422241581361178175e-01 1.313993901678164544e+00 1.626698276301515200e+00 7.314264887439460017e-01 7.167139844994341313e-02 -7.870488235239841979e-01
3.626200999452243168e-01 6.145753442409305212e-01 1.515021249006265780e+00 2.091448803811062795e+00 5.398467286509461838e-01 -1.117434599820988153e-02 -1.007238267977094814e+00
6.507835626752496161e-01 7.606969804948905400e-01 1.515402388559057290e+00 2.385476164678148603e+00 3.740361823578196576e-01 -1.208686824059375907e-02 -1.251348621123999916e+00
9.122867183948277781e-01 8.731950426448835678e-01 1.300664763395962931e+00 2.482451735490435407e+00 2.331119893961624834e-01 7.141617102651354188e-02 -1.512424739846886856e+00
1.098882059765816654e+00 9.167494957662777333e-01 9.174852043745760355e-01 2.351111149277104406e+00 1.523912792769972213e-01 2.744074682565911805e-01 -1.771992783776143332e+00
1.154454875734386432e+00 8.493289227938646269e-01 4.650034042274554524e-01 1.992643555136588640e+00 1.907270476845571439e-01 6.074653944664318850e-01 -1.992277183563120557e+00
1.048062233635604690e+00 6.550225865715331164e-01 5.475963926372848928e-02 1.472847594739339572e+00 3.616285848317425944e-01 1.016981689078902074e+00 -2.114583360115573907e+00
7.829069423034247244e-01 3.606841292886998063e-01 -2.365973845946263976e-01 8.994268651423781291e-01 6.076624931507377259e-01 1.432353647726734236e+00 -2.094243898675952842e+00
4.018002745494481665e-01 3.389038197289784976e-02 -3.934870003034315888e-01 3.798678550455831249e-01 8.382221491996271201e-01 1.794309842522113341e+00 -1.929425308875641010e+00
-2.513941448365213452e-02 -2.525587130072065034e-01 -4.474657049831457512e-01 -5.988310788801871204e-03 9.874056600729709254e-01 2.037446446117300525e+00 -1.644411563699913259e+00
-4.356634856400610767e-01 -4.654905767507058756e-01 -4.541257217821627057e-01 -2.256258449256871579e-01 1.042247913448975716e+00 2.107009826570264810e+00 -1.267024216794988778e+00
-7.890769740858324388e-01 -6.085922298925579010e-01 -4.821262710322462008e-01 -2.966438380439906375e-01 1.026080588256188308e+00 1.999390672182314255e+00 -8.371368156559337859e-01
-1.050179963120237314e+00 -6.883244458783006614e-01 -5.813163206747683498e-01 -2.648000253926188208e-01 9.701736539074197196e-01 1.748236284040538546e+00 -4.093053270608223437e-01
-1.181014273402605230e+00 -7.055708556956359345e-01 -7.400923151972526037e-01 -1.764407723732199507e-01 8.956322991603901107e-01 1.369395987180909380e+00 -2.121739577327657472e-02
-1.160402610066244344e+00 -6.717940024355633089e-01 -8.976221782180355824e-01 -6.790790193741699787e-02 8.060645645347344068e-01 8.638991119864902757e-01 3.229772830459251565e-01
-1.005610510882765762e+00 -6.049651898547627749e-01 -1.001279191276593039e+00 3.072117235567394661e-02 6.934883188705198709e-01 2.845814606570265526e-01 6.173021475080553433e-01
-7.595963276483269633e-01 -5.045831824738571392e-01 -1.034598867717239967e+00 1.012162264567990910e-01 5.454073844489126799e-01 -2.585968166046000438e-01 8.278713051558210800e-01
-4.631243883948876761e-01 -3.562800002428207491e-01 -9.998105890000470453e-01 1.472865767164937556e-01 3.438098538648981517e-01 -6.814880581176930852e-01 9.291029535354149438e-01
-1.485909299634257108e-01 -1.635136311826587141e-01 -8.989876720012763833e-01 1.837573451014861414e-01 7.312223254935379391e-02 -9.700794228705372779e-01 9.375270181675894321e-01
1.592610433444233697e-01 5.026138506635893788e-02 -7.378617281226330649e-01 2.167634153475442305e-01 -2.637187762254857848e-01 -1.142357781325685329e+00 8.859568835913855800e-01
4.508029200010836290e-01 2.588006023149712620e-01 -5.297861872703212294e-01 2.420453626470772390e-01 -6.387104316490235245e-01 -1.226665590880779311e+00 7.978649327554511173e-01
7.274527336521863230e-01 4.294061703777392602e-01 -2.896834694248953124e-01 2.551902232143940519e-01 -1.000132303429698499e+00 -1.278454348745611258e+00 6.985900861139526796e-01
9.830825746331386394e-01 5.280943122746989404e-01 -4.056015094920899927e-02 2.546582382089832564e-01 -1.289811370603930918e+00 -1.344878556353165999e+00 6.082469500197287271e-01
1.197215998888625954e+00 5.458386370893881789e-01 1.806021980223339318e-01 2.392381726591510105e-01 -1.470883883760154998e+00 -1.412512193849471576e+00 5.196506260640915142e-01
1.349141231830927268e+00 4.997294089834760089e-01 3.418224372824214541e-01 2.112155485767646945e-01 -1.535339284688389760e+00 -1.445839275173591787e+00 4.183039680737958843e-01
1.433654202669563338e+00 4.110421324810342170e-01 4.314557981470940051e-01 1.765816765050957082e-01 -1.493756329145594641e+00 -1.451348815563269445e+00 3.132346342727069799e-01
1.466346645831558160e+00 3.042658276482249069e-01 4.492700643323200294e-01 1.332266075848648201e-01 -1.362984415215739764e+00 -1.460506680835841564e+00 2.197246346306205578e-01
1.477509634927520299e+00 2.197959564917124631e-01 3.979449204835759368e-01 6.784667271442715308e-02 -1.160714534007521115e+00 -1.482278366273882320e+00 1.309054173765838713e-01
1.486083819296886599e+00 1.962688925911101334e-01 2.903499423294308435e-01 -3.331990874744988895e-02 -9.156255993528401582e-01 -1.496620043521278642e+00 3.419760872883197828e-02
1.475001111185429536e+00 2.356098268689895137e-01 1.553036639717340350e-01 -1.821692222319949706e-01 -6.680555991849683739e-01 -1.466149397823341083e+00 -6.277090375809490919e-02
1.415787706233917032e+00 3.053228174441276477e-01 2.564532976863987540e-02 -3.867302792623998342e-01 -4.466362836991378260e-01 -1.355250201309544877e+00 -1.415206222838261974e-01
1.312745054447304272e+00 3.678430353183767543e-01 -7.367012067835196354e-02 -6.322471860948831734e-01 -2.654966548116921010e-01 -1.167777676245175478e+00 -1.826776087013446404e-01
1.198248221993728713e+00 3.885528564019860021e-01 -1.212292326955042160e-01 -8.654922261347546275e-01 -1.516058507250472587e-01 -9.723570572582480587e-01 -1.502841570681667238e-01
1.096665512203729431e+00 3.350010040742229522e-01 -1.065534459314969457e-01 -1.018446554290314054e+00 -1.356707900611804907e-01 -8.620889877830656411e-01 -2.853508523544056891e-03
1.006856887062379746e+00 2.020105600851125616e-01 -5.311968380737801948e-02 -1.058612695264491199e+00 -1.988128954547914995e-01 -8.583820757608950913e-01 2.471811440584049668e-01
9.013537952845457335e-01 3.201968296030548167e-02 -5.235422259674639422e-03 -9.964507972446855488e-01 -2.693343415051336898e-01 -8.765534637491404490e-01 5.160031183339558458e-01
7.391668190108576786e-01 -1.035112654203657334e-01 8.901347359989817895e-03 -8.464989743701439862e-01 -2.952038796576633706e-01 -7.994353796717753591e-01 7.082300881150845884e-01
5.057715390857926430e-01 -1.318505971068498761e-01 -2.761541180409168503e-02 -6.166732310552514029e-01 -2.914814478970511047e-01 -5.567106705548641177e-01 7.605819617435708446e-01
2.380992830438541374e-01 -2.586171256514257707e-03 -1.428242670576868045e-01 -3.332245444024146130e-01 -3.061343348307533629e-01 -1.481821888918538610e-01 6.442350644140145688e-01
-8.433548724520246662e-03 2.811660192661672997e-01 -3.641627987276848666e-01 -4.051811797707200596e-02 -3.668924129836882431e-01 3.640444080713671204e-01 3.792837036284156804e-01
-2.040582119988453846e-01 6.526573751585497130e-01 -6.936501791270128781e-01 2.311045984636537765e-01 -4.731916017916709127e-01 8.701417686504498983e-01 4.852394365676367116e-02
-3.433802174108647742e-01 1.021460354972685725e+00 -1.098914313299548029e+00 4.748164923477688482e-01 -6.154089074485248334e-01 1.241888542579107746e+00 -2.379932877120601864e-01
-4.231938319891676015e-01 1.325985510922161437e+00 -1.524733780633773295e+00 6.837163440652972435e-01 -7.793593904241237214e-01 1.392926897911438422e+00 -4.107740712986581166e-01
-4.457028493116742540e-01 1.537972460930733476e+00 -1.914511158123739953e+00 8.409469378728665623e-01 -9.481083986609784020e-01 1.323887521237792519e+00 -4.627406785331955597e-01
-4.234494008574943846e-01 1.638319701850740273e+00 -2.217011000846348168e+00 9.338277798618215275e-01 -1.119170979412529299e+00 1.090931773677334071e+00 -4.110556363105684619e-01
-3.524314699946999863e-01 1.621836484298322834e+00 -2.382301543769721253e+00 9.600538213752115579e-01 -1.299626760173353102e+00 7.467172019102132907e-01 -2.766759546871056519e-01
-2.006288871504288418e-01 1.515700986552393381e+00 -2.368273455680657058e+00 9.234026390983527399e-01 -1.477079381851034157e+00 3.401891206992416761e-01 -1.028284440019292256e-01
4.870631655846414249e-02 1.365609064382134807e+00 -2.155516121129173790e+00 8.366476758913782286e-01 -1.619704771637265228e+00 -4.976008378965909168e-02 4.788954761878023297e-02
3.627085890004342339e-01 1.204810842637075829e+00 -1.760183883030374874e+00 7.225160243049625342e-01 -1.692133152027874177e+00 -3.214535090620032065e-01 1.220976383160196910e-01
6.862304962523284591e-01 1.048395623229256834e+00 -1.231012179530636796e+00 6.019943779552388019e-01 -1.656994965665623099e+00 -3.929512915778223259e-01 8.571198793447749875e-02
9.693116310885903086e-01 8.974683214746014270e-01 -6.220733120326048526e-01 4.874522772551972971e-01 -1.490867302412332895e+00 -2.320562369301758798e-01 -6.812337474172362739e-02
1.156565331167757060e+00 7.315949358356955701e-01 2.959002115472059158e-02 3.902708021529492921e-01 -1.202548096095216845e+00 1.349694916682452062e-01 -3.025495801471975166e-01
1.202775412617321571e+00 5.289289804212995438e-01 6.872667291930608657e-01 3.238308123366158142e-01 -8.261087734735418353e-01 6.272660884590740560e-01 -5.582513432770327411e-01
1.107001557074859699e+00 3.015952721954510696e-01 1.286926439331905314e+00 2.908367438182383191e-01 -4.091137116796942363e-01 1.135306904274591133e+00 -7.948183863744073818e-01
8.925501725227931171e-01 7.713745062219780346e-02 1.751664036658967749e+00 2.815955894006269000e-01 -1.741147831754405115e-03 1.553782096735327745e+00 -9.841144746582251024e-01
5.786881423728721385e-01 -1.434925842230136417e-01 2.029520425328286581e+00 2.927786630163713988e-01 3.556115031800948234e-01 1.787356343543083703e+00 -1.077692380493700197e+00
1.993066058013640285e-01 -3.763842209476532807e-01 2.099655085584999803e+00 3.199296241794561402e-01 6.462458866773310717e-01 1.767299797659106497e+00 -1.027525613314245412e+00
-1.832530899155914439e-01 -6.097943085548224174e-01 1.955420301101771452e+00 3.301916266260547239e-01 8.788032290803351465e-01 1.497948807935379767e+00 -8.423682118262837415e-01
-4.993481424842289851e-01 -7.922959960341054986e-01 1.611452855393343153e+00 2.858282457040002833e-01 1.051710279506553380e+00 1.047187087304711106e+00 -5.823672567690117985e-01
-6.921642117382769133e-01 -8.646639886771532169e-01 1.126136738489490252e+00 1.957196187933362697e-01 1.121364835047118813e+00 4.850718295455912488e-01 -3.051648086130824833e-01
-7.042655438903032694e-01 -7.758852399943547695e-01 5.885916139681779402e-01 1.171143428408200488e-01 1.019641995766507492e+00 -1.230268808402481817e-01 -6.715206583031733956e-02
-4.767562239899206245e-01 -4.872910640835136920e-01 7.533618383681692232e-02 1.084215641342524822e-01 7.023036404927749388e-01 -6.778877142309448489e-01 4.703923144973671394e-02
-2.970218671120329959e-02 -2.802726752636413091e-02 -3.665590955723376232e-01 1.789429282208326033e-01 1.993735364431835078e-01 -1.054024596195390906e+00 -2.461537466588764600e-02
4.763369939310828083e-01 4.649468173488027212e-01 -6.897659451686775078e-01 2.881158186356466144e-01 -3.728347844814517975e-01 -1.164521924701998001e+00 -2.386885842629623833e-01
8.171772914325201587e-01 8.197126939581543814e-01 -8.254769456570546504e-01 4.010712253018066109e-01 -8.475515528075104887e-01 -9.934794176645858066e-01 -4.695376448845537953e-01
8.314182690249604102e-01 9.363375161312725847e-01 -7.242483482886507007e-01 5.214510234345227646e-01 -1.056037755259750854e+00 -5.563634257660446947e-01 -6.165061815260397537e-01
8.314182690249604102e-01 9.363375161312725847e-01 -7.242483482886507007e-01 5.214510234345227646e-01 -1.056037755259750854e+00 -5.563634257660446947e-01 -6.165061815260397537e-01
1.645720290812180409e-02 5.621763288294916450e-01 -1.852372403866861181e-02 7.674495936065910406e-01 -4.593793738925850412e-01 8.741409515199501934e-01 -6.632030322095114894e-01
1.645720290812180409e-02 5.621763288294916450e-01 -1.852372403866861181e-02 7.674495936065910406e-01 -4.593793738925850412e-01 8.741409515199501934e-01 -6.632030322095114894e-01
-5.572149178835795746e-01 -6.661047883385444457e-02 5.873386642228476395e-01 5.998106611398783539e-01 6.296164918024543811e-01 1.905410380047783292e+00 -7.199942537967682910e-01
-4.130510348827259870e-01 -3.485612456779686452e-01 7.254416896994940744e-01 2.800190411985106209e-01 1.033240921251271427e+00 1.873719634185544880e+00 -7.889308319449976903e-01
-5.006997643123883152e-02 -6.032980906150398059e-01 7.951087405554375653e-01 -9.769152818681868522e-02 1.287066556952593421e+00 1.439496178009368688e+00 -8.054254909108591320e-01
3.691058568543421625e-01 -8.570341760854073287e-01 8.367085382984434938e-01 -4.418243421174682384e-01 1.377028840840431201e+00 6.665592761151534207e-01 -6.785007803750813249e-01
6.994658274974110412e-01 -1.124133892495433384e+00 8.807455889607103128e-01 -7.093994408315790201e-01 1.308539895653620500e+00 -3.255601163556520183e-01 -3.706625627190077710e-01
8.736843650885013357e-01 -1.393574747369251021e+00 9.588330682986634379e-01 -8.981323924653576984e-01 1.125245223339436773e+00 -1.386114221529144430e+00 7.939875164541271291e-02
8.823871696073050108e-01 -1.650568841927587016e+00 1.100903001340000742e+00 -1.029728605152379073e+00 9.043541435685075180e-01 -2.366869816161642603e+00 5.932056700170164065e-01
7.280055626237723621e-01 -1.893984228043869233e+00 1.307650675475343194e+00 -1.164414708944857324e+00 7.368640194013899025e-01 -3.108626445062824040e+00 1.073846150222872220e+00
4.063887387802641582e-01 -2.136583188812346989e+00 1.541954498903721049e+00 -1.399609022456123064e+00 7.137457798676806187e-01 -3.440276612657723998e+00 1.417212112770405374e+00
-7.891469746970532217e-02 -2.394364836500801452e+00 1.757365509198062226e+00 -1.806646560676083757e+00 8.957293822758747304e-01 -3.271765817304362667e+00 1.559843327552539183e+00
-6.964233693291917993e-01 -2.671047707766123658e+00 1.927238706984509387e+00 -2.359091302882410535e+00 1.268422752611065851e+00 -2.690282869541897881e+00 1.526883611415927877e+00
-1.382594282453871060e+00 -2.952519847260474783e+00 2.044634216754590117e+00 -2.936077264807266385e+00 1.741533960014307381e+00 -1.924898940050868701e+00 1.413319820797731552e+00
-2.060288485133179304e+00 -3.215195462305488583e+00 2.105235956996430957e+00 -3.401494803718117854e+00 2.204189605679954589e+00 -1.199815940509109558e+00 1.311776203605296676e+00
-2.664007205470201534e+00 -3.436045247159362770e+00 2.107601412615084602e+00 -3.672411222780585849e+00 2.580284479947680065e+00 -6.358259051796160133e-01 1.268132841050133797e+00
-3.142803061045114976e+00 -3.596296968082696388e+00 2.062699648443095946e+00 -3.718508499733850670e+00 2.836020315932899383e+00 -2.886469636401391425e-01 1.300404875831349782e+00
-3.442474564350726407e+00 -3.679640244848884745e+00 1.980440361079257583e+00 -3.538243927397578314e+00 2.951037469543508873e+00 -2.171405412525115042e-01 1.424963721870162070e+00
-3.512246955203195853e+00 -3.675753662852305759e+00 1.854751508516424563e+00 -3.167557927175980392e+00 2.920154834603511773e+00 -4.543969053212634224e-01 1.640358029687093877e+00
-3.347771843996294905e+00 -3.587047485711088779e+00 1.675274969824503080e+00 -2.691420583914251985e+00 2.787027037766766746e+00 -9.281803964418121611e-01 1.900731317848889379e+00
-2.999632390323999864e+00 -3.418480965944473038e+00 1.446261342598417432e+00 -2.208261124328765312e+00 2.625130188676640497e+00 -1.475678264010789276e+00 2.131100016579027479e+00
-2.534847438911346007e+00 -3.168788518661892706e+00 1.189914609764343156e+00 -1.777430133989815975e+00 2.475302808636195007e+00 -1.944567451958207460e+00 2.271293817251939906e+00
-2.023953308472451695e+00 -2.846359221692122521e+00 9.288971793829258194e-01 -1.416792347119289364e+00 2.334245630752136869e+00 -2.229510077155553383e+00 2.291578356928695381e+00
-1.536497829799525539e+00 -2.469247253666718489e+00 6.691088610387133651e-01 -1.138721584709717405e+00 2.187713462566837297e+00 -2.251552040556169754e+00 2.174219854376034267e+00
-1.112365283015840145e+00 -2.042257610187895533e+00 4.101315615085481814e-01 -9.597913185110432677e-01 2.018959259048379806e+00 -1.987066796818304448e+00 1.911925530715195665e+00
-7.635649365206259587e-01 -1.568200505362362884e+00 1.694159323044850396e-01 -8.737263042922633893e-01 1.802996324137336126e+00 -1.498585421144391860e+00 1.534960225002114598e+00
-5.041283393471964747e-01 -1.081016643033082314e+00 -1.761089579050549928e-02 -8.410881414188403626e-01 1.524526832318622294e+00 -8.920324096513601031e-01 1.116051955370730875e+00
-3.461105653763079104e-01 -6.397891190831469510e-01 -1.293907594857768295e-01 -8.210966442273779364e-01 1.199845223835226848e+00 -2.603699512041842690e-01 7.313609056057189806e-01
-2.776806694533839881e-01 -2.948878952419745625e-01 -1.811333770975696311e-01 -7.911876647721232114e-01 8.727254580826488972e-01 3.242329744292753446e-01 4.261798425076616104e-01
-2.667500566245530891e-01 -6.645149742980807628e-02 -2.139747105787034032e-01 -7.236904762629512433e-01 5.853246362337652942e-01 8.117307252902807857e-01 2.121025364105636468e-01
-2.651516171839800595e-01 6.772025880389330454e-02 -2.742805241418450057e-01 -5.759367015240451915e-01 3.520887707447533099e-01 1.192012360387222358e+00 6.434663399521167726e-02
-2.090025370502293367e-01 1.691747106838694392e-01 -3.932518061110033547e-01 -3.245927917791279760e-01 1.639940494782429203e-01 1.491154451976305806e+00 -7.830969717436646327e-02
-5.289517467564679859e-02 3.046784754662291150e-01 -5.683781444190545429e-01 1.088228225065835005e-02 2.464257970675897379e-03 1.742309398113187857e+00 -2.770713255044439105e-01
1.914012043613309844e-01 5.124118795896503986e-01 -7.691990031463404875e-01 3.895148495076754536e-01 -1.608155386449723612e-01 1.961242072139112169e+00 -5.486833937857688026e-01
4.728121973229439390e-01 8.045193109780376384e-01 -9.652581635163421936e-01 7.730567183056975544e-01 -3.613070495452451736e-01 2.138717293474951209e+00 -8.672639191552391491e-01
7.537927365734865548e-01 1.183680954648837158e+00 -1.144333501505020223e+00 1.127057459595310007e+00 -6.291674700013105692e-01 2.242862054961724638e+00 -1.195911082386394320e+00
1.017552283396098600e+00 1.632209376338861651e+00 -1.304658081182420881e+00 1.420444332773610263e+00 -9.706646790813058256e-01 2.241574047170793893e+00 -1.500016674826664564e+00
1.235115769715305900e+00 2.093749349791320213e+00 -1.436139499928193120e+00 1.633315786742894238e+00 -1.350545225536357252e+00 2.139135503671744321e+00 -1.746829575983763094e+00
1.370986193529732056e+00 2.497350395170575332e+00 -1.520795416138546852e+00 1.761759716254797770e+00 -1.706947622649802154e+00 1.976056703110979695e+00 -1.915246629317265192e+00
