-7.783464169896660012e-01 2.384622130934804796e-01 2.285659134450826468e-01 1.861752359359051923e+00 -1.034141698032084333e+00 -6.308963844125713427e-01 1.220658457535122920e+00
-7.187362172202494959e-01 3.143068042249129168e-01 7.614679951016287140e-02 1.938553740147077598e+00 -9.587873182845213504e-01 -8.249174220713434424e-01 1.167073884731981925e+00
-6.229776372975909249e-01 2.663402240584891723e-01 1.786111395456567094e-02 1.678036700790106028e+00 -7.889577776432983303e-01 -7.577686205671744224e-01 9.855588651928345323e-01
-4.885495087214616894e-01 9.865122053982676442e-02 8.538637686553063322e-02 1.154316012688499482e+00 -5.669644951227609253e-01 -4.733792792927297710e-01 7.192221709793716888e-01
-3.129404297456898632e-01 -1.179596591522940191e-01 2.578460187216938815e-01 4.818119095890401327e-01 -3.879185120275426835e-01 -1.070342349050228820e-01 4.407995758008846909e-01
-9.074867294105863624e-02 -2.871189360207647145e-01 4.617129585544403336e-01 -2.220354147689396207e-01 -3.157492200630486190e-01 1.892864486014623204e-01 2.060009390676827146e-01
1.792241274108367088e-01 -3.465417331659249589e-01 6.078029050327511396e-01 -8.344687471782882282e-01 -3.305484418195676621e-01 3.232431879049539880e-01 2.777264500545673434e-02
4.769657117596966533e-01 -2.859213905717309934e-01 6.299671776999871131e-01 -1.250189105173887816e+00 -3.734936516591603750e-01 2.947455835977999539e-01 -1.209956989025623708e-01
7.355895434129465782e-01 -1.453933621995481540e-01 5.253962687580858715e-01 -1.399492166411434591e+00 -4.040676827525403469e-01 1.776815469183146146e-01 -2.727408789092522490e-01
8.463976819841193544e-01 -4.905962848759474852e-03 3.657220058911622163e-01 -1.246586310377699069e+00 -4.004498692609380073e-01 6.969082998687972652e-02 -4.226530323019347946e-01
7.432325318459376273e-01 6.495896025356391601e-02 2.317747614717932669e-01 -8.134249249336408250e-01 -3.391426763097417085e-01 3.251327884710902838e-02 -5.247138383969174313e-01
4.696434505534599069e-01 5.249997663727309916e-02 1.449303434213859709e-01 -2.103719204453261549e-01 -2.052224446931831814e-01 4.757676864698438812e-02 -5.136854770091525690e-01
1.108405995223082779e-01 -6.824944526798072501e-03 7.778481212566372427e-02 4.011091456353392259e-01 -7.989929339319681509e-03 2.723425816447622161e-02 -3.330205084592845477e-01
-2.970433057572660074e-01 -7.900120057157233866e-02 -4.263478839175375255e-03 8.936830001606907992e-01 2.382347211336261206e-01 -1.034383029628670320e-01 1.824486567875244561e-02
-7.293951601962340714e-01 -1.469601921234102160e-01 -1.277586983877936622e-01 1.216410944768640645e+00 5.280578636352497579e-01 -3.317700169962973789e-01 4.479819413507041825e-01
-1.096577379158386378e+00 -1.890713705832287872e-01 -3.041073502966110675e-01 1.374098202601133245e+00 8.418494562982534735e-01 -5.718257559253639988e-01 7.956491807578496278e-01
-1.272777771720749795e+00 -1.771699795307528913e-01 -5.186226156478735971e-01 1.387237348103421697e+00 1.133678779589316621e+00 -7.283821140948967265e-01 9.154403774873145494e-01
-1.188673139002256463e+00 -9.964327813651482901e-02 -7.321889545765778440e-01 1.265612691476567964e+00 1.340286090126239671e+00 -7.395118938056628455e-01 7.572281505957858538e-01
-8.683142118266939935e-01 3.129395235111313844e-02 -8.925847005691920355e-01 1.012128232411863671e+00 1.385567094314847036e+00 -5.926998012576977226e-01 3.775603445925880819e-01
-3.887120704879877264e-01 1.924874163414796446e-01 -9.465796383366901212e-01 6.530032119511596234e-01 1.203556343011124019e+00 -3.242327539633643174e-01 -1.207734360659328265e-01
1.647010430367860101e-01 3.594403689487716824e-01 -8.608645041163355272e-01 2.596430351582765250e-01 7.876697088172230909e-01 -3.719969700037516723e-03 -6.391422385067132561e-01
7.000693865654046277e-01 5.057314507592349795e-01 -6.454543899711948640e-01 -7.505606655589419640e-02 2.157856270241800267e-01 2.856996367656097213e-01 -1.075223718568872666e+00
1.115584463768023893e+00 6.013221057385940149e-01 -3.467818315422573905e-01 -2.993331128474678304e-01 -3.947711895943097904e-01 4.648674086338843159e-01 -1.306609373500729143e+00
1.326218642586647789e+00 6.126352648270849688e-01 -1.433485946041087623e-02 -4.320903122221670944e-01 -9.485249343057192695e-01 4.836745797873299724e-01 -1.225679398794988106e+00
1.295992889197974840e+00 5.122144802598251889e-01 3.098739043821513439e-01 -5.200414720600948781e-01 -1.376539550397193556e+00 3.471996374397008922e-01 -8.035841547718808320e-01
1.047405893373936303e+00 3.061332529927904278e-01 5.762199483619245832e-01 -5.817678191181521186e-01 -1.623549262605006538e+00 1.074426403720324247e-01 -1.215484637808475765e-01
6.538692009551413387e-01 4.546838134393543090e-02 7.309185512055434986e-01 -5.908486767920025917e-01 -1.651368916043788326e+00 -1.739010012837575170e-01 6.494703234844187989e-01
2.208338308153954266e-01 -2.069994850265547970e-01 7.429632712429066199e-01 -5.082527993246119813e-01 -1.441684511327186335e+00 -4.427363246210173076e-01 1.313084761209576179e+00
-1.565053336415793694e-01 -4.149718576123893055e-01 6.200284683991635903e-01 -3.332600251188878038e-01 -1.005968559814098828e+00 -6.399836567716399305e-01 1.723143977514550285e+00
-4.458640589441340563e-01 -5.653952178582046795e-01 3.992241535169255284e-01 -1.017983669254028389e-01 -4.023529730254339354e-01 -7.003539864556415084e-01 1.818067907548919004e+00
-6.850201520510970088e-01 -6.350724609534632581e-01 1.220238220023924236e-01 1.527647524913398613e-01 2.616754735919721853e-01 -5.871404957429787741e-01 1.606468272996427027e+00
-9.219085284460662999e-01 -5.725422177879679886e-01 -1.901140804948031893e-01 4.012626677947478404e-01 8.556824505093173494e-01 -3.286175473026790028e-01 1.137085076657498695e+00
-1.156327015699727845e+00 -3.300101121472218124e-01 -5.300092171254241480e-01 5.965977039006177263e-01 1.269016902305587724e+00 -1.279222825452674094e-02 4.888980227862871342e-01
-1.350966071336903829e+00 7.400531444998272035e-02 -8.695341658053714617e-01 6.805090977312224787e-01 1.443982179795739507e+00 2.653055752033580683e-01 -2.189421416298026613e-01
-1.470804202875776623e+00 5.354743060425807277e-01 -1.147782041405750908e+00 6.159596424772283418e-01 1.393318567452654255e+00 4.662058068460243621e-01 -8.515958434200726623e-01
-1.492777318726441926e+00 9.246051276524895890e-01 -1.307244349123379390e+00 4.106506559737171935e-01 1.189451417675512879e+00 6.106174640273615006e-01 -1.319073884719066614e+00
-1.406738557928361777e+00 1.158360517127402067e+00 -1.333622381357343345e+00 1.102621998614696230e-01 9.233969226000934283e-01 7.242148711259082106e-01 -1.596738129287386343e+00
-1.217984308145468653e+00 1.213623699978855885e+00 -1.256378884553178255e+00 -2.281695780451472866e-01 6.714658578073940953e-01 8.027543569692966452e-01 -1.691811413612611892e+00
-9.408928512291536705e-01 1.098401964883328974e+00 -1.117602482488397220e+00 -5.518967046565471657e-01 4.821497806086856852e-01 8.304588820294724894e-01 -1.615582463759973608e+00
-6.080171717739862869e-01 8.307919795417311182e-01 -9.407496031721042096e-01 -8.052495709106650690e-01 3.680536064976022703e-01 8.111861172427358158e-01 -1.384270580904351844e+00
-2.848123870490572584e-01 4.413808324637007452e-01 -7.228362508852492763e-01 -9.217039649569938042e-01 3.117584782229292362e-01 7.707492490281120379e-01 -1.033087510903403672e+00
-4.158628205558688451e-02 -1.296994494727668826e-02 -4.538554651053341993e-01 -8.474514997078277379e-01 2.842085485605229667e-01 7.250397942141442176e-01 -6.253259087214648737e-01
9.932030924810225647e-02 -4.536630273975177374e-01 -1.436372784984299156e-01 -5.966394372313867933e-01 2.523087842312928264e-01 6.528341835845475893e-01 -2.231561084811919116e-01
1.679529674376479820e-01 -8.127042468786164209e-01 1.744601147199968394e-01 -2.762079578902013610e-01 1.740434152812767865e-01 5.110089706001256227e-01 1.636562518595116589e-01
2.011781103604733112e-01 -1.060065440278646465e+00 4.671305998500782097e-01 -2.321380718086716796e-02 9.833565436781590771e-03 2.813634204203873668e-01 5.695512286528444656e-01
2.176452588952651201e-01 -1.199467836203400140e+00 7.157972970016379666e-01 9.325795797993263747e-02 -2.403836885729194739e-01 5.064315838578954329e-03 9.998110700467289780e-01
2.304481117632196374e-01 -1.241504110653432358e+00 9.014720380623844065e-01 9.879048770020064374e-02 -5.209110256583374676e-01 -2.364752296691401412e-01 1.386943205476076413e+00
2.602344656024160319e-01 -1.183922454116970391e+00 9.867239743236366767e-01 5.623317562065964503e-02 -7.509465169741352808e-01 -3.791846853512418347e-01 1.628184975094911113e+00
3.351732462235169074e-01 -1.016164817169467938e+00 9.227255124065895098e-01 1.116343224447916178e-02 -8.631996111379170999e-01 -4.077709155130352925e-01 1.648277704262417931e+00
4.772167874466233251e-01 -7.377641130901116950e-01 6.803673167961287183e-01 -9.476803928115682188e-03 -8.250283037824515109e-01 -3.390028499442597210e-01 1.426253263121188830e+00
6.763264755262908823e-01 -3.695693210491641789e-01 2.784261127811241687e-01 2.493048366152881765e-02 -6.447304542219437495e-01 -1.956269047138340378e-01 9.882666191403988165e-01
8.813143124531969130e-01 6.037507042266006263e-02 -2.233220609614573748e-01 1.624209730930488149e-01 -3.608102566666474553e-01 -6.777597192720810453e-03 3.786664653651169443e-01
1.027693876184821109e+00 5.392453301959555523e-01 -7.575946551262749962e-01 4.546269879121069835e-01 -2.174226038303066211e-02 1.782911849267337367e-01 -3.667219428645002721e-01
1.071473647899764403e+00 1.063206446098224900e+00 -1.270445556033931389e+00 9.098486523505496804e-01 3.211980530504639497e-01 2.930080416468663351e-01 -1.198687485623590065e+00
9.919477334341388897e-01 1.605917040725020062e+00 -1.711904384870132079e+00 1.461115910717106336e+00 6.065332930000482126e-01 2.737502859870490912e-01 -2.005783857402221315e+00
7.815042747991268746e-01 2.099889871513087147e+00 -2.022661268645803201e+00 1.995342608396711848e+00 7.763780244227163063e-01 9.332000370839550751e-02 -2.629882317669614444e+00
4.540255841391120373e-01 2.463852711832358988e+00 -2.151493812974717645e+00 2.406738411037984360e+00 8.030405451740018075e-01 -2.214610178063119161e-01 -2.952150517654072104e+00
5.765108374859266582e-02 2.653147357846068921e+00 -2.083628541026853132e+00 2.621741149871924303e+00 6.835111816474807034e-01 -6.244287507324720599e-01 -2.944007879931153759e+00
-3.326812043445381284e-01 2.671931827781435231e+00 -1.845995970623106830e+00 2.599655677581785618e+00 4.312471029528071043e-01 -1.091416490500238812e+00 -2.639109573702197231e+00
-6.437218914500852929e-01 2.541411857090387638e+00 -1.496401814801810559e+00 2.330083155402149497e+00 9.770025991378186725e-02 -1.603948384185065468e+00 -2.090141276967325545e+00
-8.349092723270905569e-01 2.269960628671371161e+00 -1.104324280365027278e+00 1.839638816732957816e+00 -2.179728303613395202e-01 -2.097873593584187013e+00 -1.363676036248069989e+00
-9.036240090416820525e-01 1.858217720197466782e+00 -7.293970850982085530e-01 1.205320888498670584e+00 -4.020269423980140644e-01 -2.457246144412408739e+00 -5.617796924117063329e-01
-8.627983880559764174e-01 1.328223544532604716e+00 -4.085809254168524252e-01 5.449598256294788667e-01 -3.842706176473213442e-01 -2.580985851229312456e+00 1.796494522219462542e-01
-7.227107788349552697e-01 7.334088173353804363e-01 -1.539230247405111995e-01 -2.740596571084092867e-02 -1.711950987417767134e-01 -2.447690147432356245e+00 7.416455058175406290e-01
-4.932742630608884515e-01 1.303520998958010990e-01 4.037421356195646654e-02 -4.511366425990087636e-01 1.779443264061658370e-01 -2.105858816206323425e+00 1.079628126256744647e+00
-1.897266231439131423e-01 -4.564136591653649155e-01 1.951236116804925258e-01 -7.317433119084975068e-01 5.951523317409477265e-01 -1.609497702096053029e+00 1.224658671255662634e+00
1.608319201920489216e-01 -1.029505985856327355e+00 3.466043599514943008e-01 -8.990133220015813498e-01 1.022773133207439011e+00 -9.842804554939895700e-01 1.229480671300607675e+00
5.051232192484080841e-01 -1.577700566621101252e+00 5.329557978059226153e-01 -9.562477440734407086e-01 1.411033512014665536e+00 -2.641905874552269440e-01 1.123566035150564968e+00
7.642424359244088805e-01 -2.054622298594102947e+00 7.718091975664149729e-01 -8.880449828266477885e-01 1.715288790610242531e+00 4.673011218313211090e-01 9.230320876242887884e-01
8.627382996384149738e-01 -2.399204054859047197e+00 1.042037993380341421e+00 -7.134835874825256052e-01 1.899010135041973690e+00 1.088641198373051067e+00 6.723454311381793502e-01
7.684247560329662274e-01 -2.572615812104587452e+00 1.290917937185609654e+00 -5.045998104120741345e-01 1.936524606386209157e+00 1.490595725616731704e+00 4.515829317366997775e-01
5.168411861400143970e-01 -2.579728079941887131e+00 1.473639937281620682e+00 -3.441643063241867084e-01 1.811783193707838580e+00 1.626422190733288087e+00 3.319220040199503119e-01
1.951722654229310627e-01 -2.449233664293204882e+00 1.575767855549148333e+00 -2.724069305089795723e-01 1.519450992091294417e+00 1.513091566945873767e+00 3.300183743947979198e-01
-1.092484595260204971e-01 -2.192000171158380084e+00 1.595990512002036565e+00 -2.644610988651160399e-01 1.073780345390953794e+00 1.190488381378865146e+00 4.004472280473094226e-01
-3.469091399560015332e-01 -1.794341826955728303e+00 1.526517953831787899e+00 -2.602105542581736319e-01 5.151864896718109099e-01 6.999201473538368967e-01 4.736412008359074943e-01
-4.972459219689386867e-01 -1.253315235200914923e+00 1.348535510890108924e+00 -2.341475025198294646e-01 -9.719225024150904280e-02 9.659899993660024664e-02 5.117726221560449096e-01
-5.393099530960069332e-01 -6.088461917765931597e-01 1.047002148930055387e+00 -2.249920825728191354e-01 -7.020267942596558619e-01 -5.285049685305266420e-01 5.230692881501827207e-01
-4.520072999733207308e-01 5.746165708558485102e-02 6.409214893914895184e-01 -2.768542644666227570e-01 -1.243172322207114933e+00 -1.047336881059111935e+00 5.222153200496266745e-01
-2.562563345487897659e-01 6.545532728118030885e-01 1.947544104816136823e-01 -3.639184319752498675e-01 -1.669837836029997025e+00 -1.338314890677078317e+00 4.959330144894077974e-01
-4.023275742467064681e-02 1.118543133281243440e+00 -2.107746458615104013e-01 -3.999727014691082938e-01 -1.943319612504969873e+00 -1.344367817570863544e+00 4.197875699738669031e-01
9.914491136142927763e-02 1.422102477061524484e+00 -5.305103686055048229e-01 -3.320042528906999024e-01 -2.042697669946518246e+00 -1.095436368054525600e+00 3.051498792724984255e-01
1.423426563369862008e-01 1.554638711410092133e+00 -7.751778980896708582e-01 -2.038848076524199804e-01 -1.968871344445401794e+00 -6.805643502759517460e-01 2.094140845219513714e-01
1.542024590210971380e-01 1.506418679328863641e+00 -9.781625913002569561e-01 -1.214286175382646993e-01 -1.749115879509078875e+00 -1.949531194226727937e-01 1.813911201402255702e-01
2.181176901879851859e-01 1.283302495235225216e+00 -1.156650953304162899e+00 -1.715322084460028373e-01 -1.423642571370874910e+00 2.856938969991056898e-01 2.003747586815550485e-01
3.623060825667426821e-01 9.316591894741974578e-01 -1.301104982201763516e+00 -3.555836868577024745e-01 -1.009914699367931101e+00 6.990617480984339105e-01 1.776360063842857551e-01
5.359723101643218968e-01 5.328570601115727445e-01 -1.392542967045398816e+00 -5.918553511077331297e-01 -4.879908187628557714e-01 9.907096892801241506e-01 3.616224259736315616e-02
6.541225661126929269e-01 1.630911540034081508e-01 -1.418115579285201155e+00 -7.831192026708408971e-01 1.547157196977024252e-01 1.116649559590049412e+00 -2.069211270328084051e-01
6.583896559752010491e-01 -1.444030664864051072e-01 -1.353611013977923605e+00 -8.473900070092776904e-01 8.733658813420173139e-01 1.062853382632651389e+00 -4.646303078910800632e-01
5.423606495437389707e-01 -4.025814770178649526e-01 -1.154651024092045786e+00 -7.144813816172393972e-01 1.572491959398127248e+00 8.699277369285312034e-01 -6.678957883433961351e-01
3.464156727318491447e-01 -6.423616311576735294e-01 -7.938836967195751493e-01 -3.647557977980311894e-01 2.142585980293750580e+00 6.199577323057545719e-01 -7.974491872971867235e-01
1.532266904233122451e-01 -8.721313404906732014e-01 -3.032340308827140563e-01 1.322055719279081332e-01 2.493664174104489817e+00 3.837094196418111003e-01 -8.581516370496742319e-01
6.957690584350149920e-02 -1.050004837518433431e+00 2.219647264716815838e-01 6.333828723446517373e-01 2.562311255033790314e+00 1.724340046474080179e-01 -8.415188224945435724e-01
1.642673043873592309e-01 -1.095634387572783419e+00 6.537570987171736903e-01 9.725274985834611030e-01 2.287614519693765835e+00 -5.812328280272809761e-02 -7.097959407607922211e-01
4.054741325525706985e-01 -9.345403815525624713e-01 8.781701203231735420e-01 1.023005104880796878e+00 1.621694783742654522e+00 -3.564983839334053828e-01 -4.281379158831640774e-01
6.755491834695909192e-01 -5.455889601066681305e-01 8.491270544738599435e-01 7.577749906122561718e-01 6.004963789349692105e-01 -7.391316605509815618e-01 -1.451696558490057562e-02
8.682903483597987915e-01 7.505515993662283461e-03 6.119852012643491879e-01 2.800698975226439957e-01 -5.968559164888267432e-01 -1.177199039752419463e+00 4.451662198200110332e-01
9.604460130333972723e-01 5.872941893660876822e-01 2.635298872725751473e-01 -2.167909679687942126e-01 -1.678248299291790868e+00 -1.586844550301553580e+00 8.286062049301128329e-01
9.784399826838731107e-01 1.044494951923497839e+00 -1.036700451752061991e-01 -5.547928897281867444e-01 -2.361141922892166178e+00 -1.859491523279916958e+00 1.031608550935229740e+00
9.368714891817699897e-01 1.281512523113993884e+00 -4.224010860891621033e-01 -6.450589989715278527e-01 -2.491554659695632168e+00 -1.923385723198644204e+00 1.006605112268787350e+00
8.230918188948318504e-01 1.268110099854187434e+00 -6.377947752581034635e-01 -4.757891707226744593e-01 -2.077994425720558258e+00 -1.766944471479500178e+00 7.696088402495219194e-01
6.057325440791494486e-01 1.023456964738859165e+00 -6.903597182569176649e-01 -8.028634474353980865e-02 -1.264685797699366621e+00 -1.417980117267098494e+00 3.923084973739502379e-01
2.688371496909322533e-01 6.045231495524513443e-01 -5.459960971227477700e-01 4.528407193821389898e-01 -2.734378862233990404e-01 -9.236857096233965780e-01 -2.532700035328032742e-02
-1.272702281169035554e-01 1.001007588668109682e-01 -2.505855767230946718e-01 9.679761987845324489e-01 6.849650526928516836e-01 -3.469439444115791082e-01 -4.009141828314998768e-01
-4.431291035492541108e-01 -3.905405670011571351e-01 7.810854570985692469e-02 1.285312263713324743e+00 1.475587826387039003e+00 2.310256503349761847e-01 -6.818703153837057940e-01
-5.646299835987689253e-01 -7.848233708969287736e-01 3.173582975062944622e-01 1.281546707304681343e+00 2.038460358039460463e+00 7.158051324261611725e-01 -8.173903112492050260e-01
-4.999371770897593215e-01 -1.027776431466252749e+00 3.925904380520508496e-01 9.557124683872184612e-01 2.352904853738689184e+00 1.021107839607216183e+00 -7.643588602678275112e-01
-3.513927608365292610e-01 -1.091252564042595408e+00 3.027163643607785892e-01 4.244394659319744578e-01 2.391371895095826705e+00 1.097514010517644412e+00 -5.381119671432773588e-01
-2.265747871951558079e-01 -9.757278651974777839e-01 1.204268007925676648e-01 -1.487416253839368707e-01 2.098526564780102355e+00 9.528408067822750072e-01 -2.293336665847841294e-01
-1.829574127112812698e-01 -7.093927858065143255e-01 -6.190813398016870028e-02 -6.155488118016277932e-01 1.456687440827215685e+00 6.554613203532179133e-01 3.104219634595408242e-02
-2.001569561746211756e-01 -3.380710470418999969e-01 -2.096401807959347441e-01 -8.821221097549437618e-01 5.799884111457801472e-01 3.184296204678757625e-01 1.188971619780809508e-01
-1.846092176766724047e-01 8.279105089232928483e-02 -3.558978288914787513e-01 -9.552390569528447228e-01 -3.124138620810247291e-01 5.533522643447332662e-02 -1.911041367609261216e-02
-4.222983457097161109e-02 4.848221508245162403e-01 -5.260143589946739695e-01 -9.476682140705695589e-01 -1.042442269943872457e+00 -7.814386139218054694e-02 -3.057347677039177758e-01
2.266769994716207604e-01 7.876839731395810507e-01 -6.691614908192763389e-01 -9.971570413659622822e-01 -1.566776882578838181e+00 -9.938903612432151147e-02 -5.618015976876664652e-01
5.198113152525110081e-01 9.288829928144394232e-01 -6.911057548119665661e-01 -1.155994723500104682e+00 -1.922778426877980174e+00 -5.671076662169360905e-02 -6.348206356162158226e-01
7.266445511524989298e-01 9.044385891038456693e-01 -5.503516033820518016e-01 -1.352587084388729544e+00 -2.119351119890228397e+00 1.342427559388299427e-02 -5.113759565345404878e-01
8.115331288338468729e-01 7.686340540223802753e-01 -2.980951960370434306e-01 -1.463841830429154944e+00 -2.103977610604879978e+00 9.166856438934942175e-02 -2.970427480533761044e-01
7.914764054846386010e-01 5.869621207329926982e-01 -1.688149869594730845e-02 -1.409043073853267325e+00 -1.834163541811981712e+00 1.560310151509101684e-01 -9.364085162299294607e-02
6.490970222193590544e-01 3.964368958317868175e-01 2.628689452958882788e-01 -1.165582113505321704e+00 -1.371176403271729072e+00 1.721387098723048681e-01 8.582600782533214567e-02
3.095717674471388237e-01 2.177531362146868654e-01 5.490660784716495657e-01 -7.328390902574422050e-01 -8.800346299433110531e-01 1.141325863615966774e-01 2.845493454064088601e-01
-2.608957722651025213e-01 9.177896234843344048e-02 7.967955302703952913e-01 -1.373530736877682790e-01 -5.249167222581044845e-01 -9.948691612676337573e-03 5.063880685228764333e-01
-9.389188941491014573e-01 6.937782530004359127e-02 8.930907817541615668e-01 5.196182457287708001e-01 -3.562808965823688889e-01 -1.595756029155561695e-01 6.679404965851166720e-01
-1.494848906426195834e+00 1.500263706146356957e-01 7.605837901535896783e-01 1.079716122593690431e+00 -2.890975384521367597e-01 -2.761863409242713563e-01 6.580237342835536518e-01
-1.773532038420659651e+00 2.557226577978649606e-01 4.423289088451286544e-01 1.405459582116732387e+00 -1.986178855830745549e-01 -2.967372720938106223e-01 4.444489544801570879e-01
-1.764333468051089371e+00 2.863341453568777339e-01 6.877052503128674998e-02 1.409592918150530005e+00 -3.778620316510054172e-02 -1.806031601727813019e-01 1.139444031182513251e-01
-1.540209602627182761e+00 1.935071996694773533e-01 -2.284172489286749874e-01 1.061451248525330904e+00 1.384831914825173094e-01 5.870828831748054616e-02 -1.857651210793751229e-01
-1.196924752965147665e+00 7.741665490387589048e-03 -3.788241607073676853e-01 4.366253514954013815e-01 2.561956918453107135e-01 3.502851552290559001e-01 -3.535683256959031850e-01
-8.077353961384429182e-01 -1.851230406232590442e-01 -3.925711529203100847e-01 -2.683238332318996222e-01 3.096892376620639653e-01 5.897754516275430792e-01 -3.939109528555922446e-01
-3.980662741734273813e-01 -2.993466192258980585e-01 -3.247952067868199455e-01 -8.343423679906939450e-01 3.480189262721368193e-01 6.677947801199765054e-01 -3.625933995329983506e-01
2.205519736358171889e-02 -3.032193052851404613e-01 -2.207701143877260075e-01 -1.136942098042765581e+00 4.152366775954388078e-01 5.080154933298337561e-01 -2.865998322801546760e-01
4.147046696750710248e-01 -2.310265929957624198e-01 -9.362046736576076778e-02 -1.163952192483736159e+00 5.353422986241812565e-01 1.157595509473965945e-01 -1.635102728646021519e-01
7.298725105246628431e-01 -1.487495994716312997e-01 6.782457558395939279e-02 -9.675716887612485495e-01 7.083344318574681386e-01 -4.076514077822839810e-01 -7.493791095671015895e-03
9.357468825465559137e-01 -1.016930817932197723e-01 2.760511398498974311e-01 -6.171502995864728280e-01 8.892001069375877753e-01 -9.206023849492254163e-01 1.360980987770055439e-01
1.022682459312267422e+00 -7.981731354861100469e-02 5.142981922150907659e-01 -1.666266117229760479e-01 9.982271380522039772e-01 -1.324446314140740766e+00 2.101925607832021425e-01
1.010632203875342805e+00 -3.605447159811177998e-02 7.288816602330578931e-01 3.439720972175543956e-01 9.762998464537842036e-01 -1.594847075347858079e+00 1.734999039654727959e-01
9.395897923287900300e-01 6.086413089855404607e-02 8.530967823713671017e-01 8.649139547018319663e-01 8.272458538460120137e-01 -1.745026844893700302e+00 2.729677662720319392e-02
8.335956202225894840e-01 2.011257329466214216e-01 8.391079231449459774e-01 1.341088874562204269e+00 6.012233727599962663e-01 -1.783164623153854711e+00 -1.804260122898141694e-01
6.883117979712953804e-01 3.421512600245627533e-01 6.896532136857900230e-01 1.741995612125589066e+00 3.497696816987139745e-01 -1.709355619532654247e+00 -3.777975700008826543e-01
4.904427652435690010e-01 4.281784343453960973e-01 4.624024808217896410e-01 2.066997048567247308e+00 1.054164843091112413e-01 -1.532669155353747925e+00 -4.963541305216814248e-01
2.398901326253427280e-01 4.274573953037263396e-01 2.201008687923180773e-01 2.323145323897130243e+00 -1.106283960973812736e-01 -1.286502320906119268e+00 -4.944522267126884585e-01
-3.937040665951820756e-02 3.598952804707236663e-01 -1.513142905228435919e-02 2.510545030091466678e+00 -2.789922832584569301e-01 -1.033219594857882395e+00 -3.639547730835572259e-01
-2.987307025367660906e-01 2.702196066712946876e-01 -2.393632638290598136e-01 2.605162428726467638e+00 -3.883267664847869782e-01 -8.405750021534786898e-01 -1.116891070798614466e-01
-4.753116823117622403e-01 1.770385028551489659e-01 -4.222663748953877638e-01 2.546720477953158035e+00 -4.409654676001801277e-01 -7.362081682548087258e-01 2.470101059754779838e-01
-5.124657328699219194e-01 6.730244443904434548e-02 -5.137543307391836400e-01 2.275608821036104512e+00 -4.430719823644266309e-01 -6.867829449431201994e-01 6.609407982648088931e-01
-3.809710758828937505e-01 -6.181823608832333339e-02 -4.898398647930909955e-01 1.787680222905414951e+00 -3.990225866858133630e-01 -6.328523517076559690e-01 1.029106801023267348e+00
-9.515327783319238453e-02 -1.809500298970817544e-01 -3.740869592838920177e-01 1.143363938001936697e+00 -3.137083347865168848e-01 -5.391727680757562036e-01 1.241919851594376567e+00
2.865643828495930134e-01 -2.623940019534585777e-01 -2.051822395983170511e-01 4.264094079594223929e-01 -1.963129836528235694e-01 -4.062893353880905334e-01 1.248258287502461261e+00
6.819058016631260877e-01 -3.176863522350316660e-01 5.171960310241598656e-03 -2.974240659027831968e-01 -6.767700898714858193e-02 -2.462412455861947846e-01 1.077043126694479547e+00
1.005570470168458908e+00 -3.776874424664251051e-01 2.612923241762068471e-01 -9.766821635697349180e-01 4.093804179009174343e-02 -6.251861373861690441e-02 7.913312812494787130e-01
1.182222842838269727e+00 -4.425101563482430334e-01 5.366687915711523260e-01 -1.550057503711208540e+00 1.051931444299216006e-01 1.399736245028830040e-01 4.348326215526204241e-01
1.168640621550518510e+00 -4.743972061476437463e-01 7.689259945650627204e-01 -1.953993903171828306e+00 1.215698332911497592e-01 3.370138563769926598e-01 2.933816384547493356e-02
9.703952704042022592e-01 -4.434012789518167463e-01 9.128082588152097721e-01 -2.168207137216593416e+00 8.713167762347946710e-02 4.935036094011849839e-01 -3.812563098705066822e-01
6.274929507986531929e-01 -3.626342875639789742e-01 9.764013223440204392e-01 -2.240386479022313360e+00 -2.690876500391058135e-02 5.943206103203880764e-01 -7.099623664001030177e-01
1.941819000376937276e-01 -2.628632242088537740e-01 9.894322302221945087e-01 -2.235269073446108479e+00 -2.494088821668363209e-01 6.566045903197638145e-01 -8.846742812335003370e-01
-2.685293534379724623e-01 -1.415757589102305258e-01 9.508106166397315429e-01 -2.161755652812964890e+00 -5.606750408240696038e-01 7.026156471745801380e-01 -9.168522304554503899e-01
-7.009499328085246894e-01 3.737508261776394808e-02 8.213227026341146653e-01 -1.973034042597886284e+00 -8.855166133302627696e-01 7.333266575702853673e-01 -8.809039072717423924e-01
-1.056587439495574765e+00 2.951045885677188729e-01 5.640319576610739460e-01 -1.624582938676359278e+00 -1.133633680765452789e+00 7.341205032985068657e-01 -8.369907201864164037e-01
-1.313944455444817860e+00 6.100024886639322519e-01 1.844216188670232404e-01 -1.110310110355693602e+00 -1.247224724777673543e+00 6.960837471987251224e-01 -7.978237409710372541e-01
-1.474378680212259374e+00 9.328519980511581489e-01 -2.656373052747103003e-01 -4.617220079558662649e-01 -1.213696756383690234e+00 6.308158165239210469e-01 -7.585356138588302821e-01
-1.547745781443967239e+00 1.209843119018467750e+00 -7.054261959607135424e-01 2.620356410245857082e-01 -1.051102361613527103e+00 5.674997558637505657e-01 -7.319664936564062030e-01
-1.547309834887642621e+00 1.398117921027203003e+00 -1.047798031439092226e+00 9.883917083719035990e-01 -7.979362602025130702e-01 5.346891093528896022e-01 -7.495983686407313717e-01
-1.487669428193517218e+00 1.479568792680141742e+00 -1.226334195034013863e+00 1.642768948465561429e+00 -5.089833995772973241e-01 5.379487023789750744e-01 -8.309242445498824514e-01
-1.381551072588839801e+00 1.461485277650053760e+00 -1.214279419696445261e+00 2.135288681170333991e+00 -2.468784207847166678e-01 5.524842705293674383e-01 -9.440135518037366946e-01
-1.244100591401149147e+00 1.357195447000855371e+00 -1.025637986190037765e+00 2.357021266632519207e+00 -6.596962057678090741e-02 5.509127489842884362e-01 -1.007122965589627883e+00
-1.088504463951680989e+00 1.170979788492119145e+00 -7.028113668033389994e-01 2.237770254855536489e+00 3.766982207768099049e-03 5.437769146269340048e-01 -9.495018133365200619e-01
-9.124396242190192519e-01 9.103176267129470256e-01 -3.078370525529619539e-01 1.805021299812237245e+00 -4.088794712619335525e-02 5.823488025098758625e-01 -7.660608442650121974e-01
-7.051275373516513456e-01 6.079984971517796710e-01 7.549477178893833351e-02 1.165239951974761823e+00 -1.811621605867870799e-01 7.206452509911414062e-01 -5.157482440288571057e-01
-4.738698779589073928e-01 3.187090959630920484e-01 3.547741647154815658e-01 4.454317502182808530e-01 -3.806683281088991677e-01 9.768099744855730515e-01 -2.785278091097800335e-01
-2.570719641385570409e-01 9.052219728967708656e-02 4.658717016821015133e-01 -2.483263620475150146e-01 -6.037733856727484083e-01 1.320910504242549743e+00 -1.007133253231929926e-01
-1.117052114730090751e-01 -5.827766475385846162e-02 4.011804218361497698e-01 -8.434247711734929043e-01 -8.354172882927652921e-01 1.692417841975718540e+00 2.717570317191047094e-02
-9.073907514765398863e-02 -1.405212815670993931e-01 2.055313792421386843e-01 -1.287556956246324269e+00 -1.065816531888634788e+00 2.030556874352003049e+00 1.365465716887982184e-01
-2.189645925463452880e-01 -1.827487681993612278e-01 -5.512003935622879214e-02 -1.544764559693987849e+00 -1.260568968744923524e+00 2.288321879105590373e+00 2.362824783089145786e-01
-4.745134794542666401e-01 -2.069160647014261778e-01 -3.198040776153150411e-01 -1.615995032043981094e+00 -1.368054038083613477e+00 2.426897885188001869e+00 3.107823473436046036e-01
-7.953334508839542405e-01 -2.332468722099940994e-01 -5.307766714531408914e-01 -1.552638349274965135e+00 -1.349720389043882918e+00 2.422215919515502414e+00 3.518219380815967301e-01
-1.097193462128806418e+00 -2.946247443397755350e-01 -6.285149850446345443e-01 -1.444122916739920326e+00 -1.189192353271555591e+00 2.290307339491114647e+00 3.701579330351754682e-01
-1.285262299367004646e+00 -4.272008619545027419e-01 -5.678376481930196285e-01 -1.379660279349543384e+00 -8.958290319225185039e-01 2.084367712134574724e+00 3.740842987314110801e-01
-1.286318498765252949e+00 -6.328544317419160237e-01 -3.524672004083651000e-01 -1.411736077785053167e+00 -5.176258858094385795e-01 1.850294051677271234e+00 3.609096237873592461e-01
-1.092355143883714463e+00 -8.600538101697121629e-01 -5.703402945020391579e-02 -1.551735113428719615e+00 -1.258804420342014563e-01 1.599837849978073212e+00 3.343171824898620303e-01
-7.624211848127880886e-01 -1.038311756158243115e+00 2.079501079007025355e-01 -1.777551456900649196e+00 2.242523450614636316e-01 1.325187127750341531e+00 3.204802548754149827e-01
-3.808898355074670783e-01 -1.132549300954972082e+00 3.632507321296857272e-01 -2.032046542717032001e+00 5.171410902589956837e-01 1.029466225270196933e+00 3.563747429454429128e-01
-1.217020665800777786e-02 -1.157814552540933350e+00 3.912162588588882772e-01 -2.231467137389333555e+00 7.733539696605234992e-01 7.500299374077514791e-01 4.502217994585796523e-01
3.165711475354944793e-01 -1.145702409120766596e+00 3.186477154679261403e-01 -2.297594520541863083e+00 1.019467735038057654e+00 5.392228309242007578e-01 5.661698303115652031e-01
6.085868098243398805e-01 -1.110658462377308808e+00 1.876761417560849909e-01 -2.192548218090828449e+00 1.256611772955466000e+00 4.157777654476439988e-01 6.544381179887442945e-01
8.868096400248891564e-01 -1.055916536818784390e+00 4.496267823600515190e-02 -1.933427459500377310e+00 1.455784913921121415e+00 3.556125611079781756e-01 6.874467592241223501e-01
1.170945149238671545e+00 -9.983799846086948149e-01 -5.642404174644238130e-02 -1.582259979152592866e+00 1.573585688306701424e+00 3.309484163481333230e-01 6.743897894776207380e-01
1.452973981951300564e+00 -9.656565752398681424e-01 -7.195597033607147031e-02 -1.212622388809326157e+00 1.574203492758706524e+00 3.379041933449520863e-01 6.420778570692273757e-01
1.698058644582166377e+00 -9.610011002481326781e-01 9.081675760818631177e-03 -8.641331143743328225e-01 1.440599252158645927e+00 3.736643922494009562e-01 5.979457820320144279e-01
1.857491087268727359e+00 -9.442098329648297428e-01 1.591015155231394196e-01 -5.270141814041875428e-01 1.175025336377239382e+00 3.985858967723786561e-01 5.269135092754828609e-01
1.887071870076144187e+00 -8.679706656116147334e-01 3.330264592993129047e-01 -1.925486777566343677e-01 8.031237846799291757e-01 3.436397091684444405e-01 4.367314563082975720e-01
1.773245564622507597e+00 -7.354565873957937816e-01 4.972213177921193661e-01 9.723314406828184597e-02 3.772215236888799561e-01 1.662582176724726191e-01 3.869530325870328413e-01
1.540855881535798000e+00 -6.088366282954533748e-01 6.400207580325059098e-01 2.786312156558499731e-01 -2.593255514544193230e-02 -9.414522555938809045e-02 4.454286767789327195e-01
1.235623295696250290e+00 -5.597797067496378398e-01 7.524227418068835105e-01 3.237142733610920420e-01 -3.207492784819499509e-01 -3.178595553803268414e-01 6.219595348352262576e-01
9.041309098893243190e-01 -6.105369945388572361e-01 8.075099765073729952e-01 2.617288411684861593e-01 -4.518664081001677602e-01 -3.779960045744991115e-01 8.495623153756733936e-01
5.846280261579184234e-01 -7.103738629336494581e-01 7.642341915505420635e-01 1.627800541339176621e-01 -4.259702576516162797e-01 -2.232939132532835991e-01 1.014479087071235686e+00
3.095519954184884903e-01 -7.692991458048837883e-01 5.910502438588399743e-01 9.234147713548693237e-02 -3.005710095904726153e-01 1.000904016837128874e-01 1.021000377103765455e+00
1.084740021718130776e-01 -7.253579802826402023e-01 2.935090930858487157e-01 7.192052961390506260e-02 -1.449163076745507428e-01 4.945024006662347427e-01 8.526185917928450486e-01
-1.894028050182766871e-03 -5.807912322952463180e-01 -8.055629217742454884e-02 8.535108977120436924e-02 -4.098598909729347581e-03 8.782123408788022889e-01 5.605777198483218315e-01
-2.745192959309026431e-02 -3.734448479561252587e-01 -4.697964283316822254e-01 1.172894247326849021e-01 1.128373849951521679e-01 1.209887288226154878e+00 1.943622972476408695e-01
1.324285892508073742e-02 -1.217896671284644239e-01 -8.320123845557797493e-01 1.780720729434882577e-01 2.088306108122212068e-01 1.449771963425217303e+00 -2.313221132852131545e-01
9.900625556217852730e-02 1.899187070526540122e-01 -1.147981514191518837e+00 2.855145259237101829e-01 2.675278677979906483e-01 1.526314012458098057e+00 -6.957479371840943339e-01
1.952446844767797840e-01 5.714875802956785877e-01 -1.404219761147142753e+00 4.253414961786586845e-01 2.573956630764230313e-01 1.372284443219003114e+00 -1.123417392454971964e+00
2.549927584460536800e-01 9.856700292919449158e-01 -1.584480712527388535e+00 5.402183792336303636e-01 1.570354217137139852e-01 9.889945714519121633e-01 -1.396801796112826510e+00
2.493256352292316236e-01 1.352715931257677084e+00 -1.673817843803672156e+00 5.627752755690915709e-01 -3.446150544691038708e-02 4.628129641034395836e-01 -1.418230597853352037e+00
1.785425576089196831e-01 1.590664323764021670e+00 -1.658996716845046571e+00 4.611233626408931530e-01 -3.036124634654475685e-01 -7.782092265225110106e-02 -1.163612135844768636e+00
5.030352517568097842e-02 1.652728688089858844e+00 -1.526162195431049362e+00 2.536476081118801962e-01 -6.306952514551533717e-01 -5.241114158337605300e-01 -6.913910888888282757e-01
-1.220425415190602852e-01 1.533981984592710512e+00 -1.265181402653986709e+00 -2.203434410943800464e-02 -9.918926132460755829e-01 -8.230449147661051956e-01 -1.056363661898841177e-01
-2.952574708882089172e-01 1.259115691104442547e+00 -8.844429353641339864e-01 -3.448708163758448797e-01 -1.354108814802245542e+00 -9.753732168450106599e-01 4.924070015422199464e-01
-3.944299415777718365e-01 8.798618377581054473e-01 -4.290436304004570101e-01 -7.027808526268176648e-01 -1.666316643624171423e+00 -1.012965877009865734e+00 1.015840813210894034e+00
-3.449121473595249676e-01 4.742702532533069060e-01 1.913043372813310120e-02 -1.065528358136166975e+00 -1.861508597556359668e+00 -9.752825582552722139e-01 1.378439753425598324e+00
-1.147761710004774893e-01 1.254544468406919855e-01 3.691113519785677033e-01 -1.380296144580456019e+00 -1.879845415099770545e+00 -8.949592675003563702e-01 1.511756633992550558e+00
2.562233526721857668e-01 -1.074211788256094202e-01 5.552057696708923018e-01 -1.581308805391387518e+00 -1.696442430394193401e+00 -7.922690268314493967e-01 1.404686630270900682e+00
6.648976077514556771e-01 -1.995195515139784881e-01 5.554462436866264285e-01 -1.597758305359922915e+00 -1.331141813674662888e+00 -6.764370530779054702e-01 1.108236237661980761e+00
9.913010421862411548e-01 -1.597183747560735889e-01 4.024727025280008808e-01 -1.368414485902794686e+00 -8.395546898334415031e-01 -5.500850398562723287e-01 6.963436237050589783e-01
1.145892804238483942e+00 -3.375772785593846720e-02 1.846654559100176785e-01 -8.717484169332212485e-01 -2.932892346303045961e-01 -4.121047988777106208e-01 2.296472946667467152e-01
1.094530804078731823e+00 1.111482242352121452e-01 8.721387320699727774e-03 -1.543532362165052352e-01 2.400618270295982737e-01 -2.700504078343868852e-01 -2.413044045561879847e-01
8.705846177994588375e-01 2.276925814118114788e-01 -5.597127048973546404e-02 6.614366597221575939e-01 6.936437517473694747e-01 -1.694843213572802265e-01 -6.450660985182944396e-01
5.525898318719233426e-01 3.131423776831537276e-01 4.263837962243459748e-03 1.397223555867193046e+00 9.816267296463089265e-01 -2.052735111567617621e-01 -8.758270653086738244e-01
2.089510861701880107e-01 3.868601263092479869e-01 1.670186585308794658e-01 1.883995244558495985e+00 1.020608598381591348e+00 -4.680874454105694027e-01 -8.332550089597672294e-01
-1.203759098446832709e-01 4.519131115685730005e-01 3.923417637976989170e-01 2.044654621282840701e+00 7.933831885871667211e-01 -9.582035524379901581e-01 -4.930240921079102057e-01
-4.026885187229953256e-01 4.933350439730631587e-01 6.307437395337025521e-01 1.924472978745866758e+00 3.778912771721549269e-01 -1.563370186124008132e+00 5.039849319197596544e-02
-6.132978866994893696e-01 5.094817992784866911e-01 8.340250089797281996e-01 1.652897694362958969e+00 -9.323310487896531440e-02 -2.132472046376988839e+00 6.175725150971346222e-01
-7.316274320494133843e-01 5.232729043570343297e-01 9.597577316721462859e-01 1.347076209441491201e+00 -5.050729188775336942e-01 -2.566283976960423097e+00 1.051736460896677494e+00
-7.113335507736581187e-01 5.472070278054756987e-01 9.729581742053496907e-01 1.027672200376072320e+00 -7.968693845116091579e-01 -2.825056995173004903e+00 1.295789167990701207e+00
-5.074544663838927994e-01 5.455109591313871409e-01 8.672992678800963695e-01 6.521860515892167198e-01 -9.392983566842367793e-01 -2.867973281526233098e+00 1.371155921880537809e+00
-1.572929899020288347e-01 4.549861201493011764e-01 6.761545187587200134e-01 2.154591370620297097e-01 -9.115421513156725108e-01 -2.636420210358862981e+00 1.326086117223170602e+00
2.078552721745954568e-01 2.470720316828708130e-01 4.466168529219150529e-01 -2.080436827471305594e-01 -7.087157775851320451e-01 -2.105396776458857477e+00 1.197204772966716568e+00
4.470722498878750839e-01 -4.378006940279927095e-02 2.152582174434450601e-01 -5.077650560362916288e-01 -3.567783977102950144e-01 -1.327253347113662496e+00 9.942208411612909469e-01
4.943990823899899745e-01 -3.490945911073303209e-01 1.276825110819904477e-02 -6.149518883957469928e-01 7.373862481792259338e-02 -4.270464702642046140e-01 7.323578623608640870e-01
3.720261248853405922e-01 -6.145879823346213078e-01 -1.220895377284579447e-01 -5.290685173803507668e-01 4.830450929204908594e-01 4.404748592461087409e-01 4.598980488917931431e-01
1.458401758265171488e-01 -8.244668556653383940e-01 -1.506724071804515230e-01 -2.832723720212741991e-01 7.999525149471954366e-01 1.142389807037169414e+00 2.358680164796136680e-01
-1.224223998578189837e-01 -9.837606541111241221e-01 -6.530267250138184487e-02 7.618965115623978213e-02 1.006487565515336025e+00 1.591788534145909040e+00 1.039102244321711277e-01
-3.857957168911323453e-01 -1.084893814980465443e+00 9.706761991555801217e-02 4.856788240788358357e-01 1.099264076088970477e+00 1.745530036693957898e+00 8.165232582606875289e-02
-5.888835533727295735e-01 -1.102776132209913662e+00 2.724729256820835332e-01 8.634064507241275832e-01 1.067521926271930210e+00 1.600612989330965075e+00 1.568791191856742095e-01
-6.601374257777494758e-01 -1.022147524884889913e+00 4.001054311491348270e-01 1.118834111652226682e+00 9.115998844737543960e-01 1.201851688304450771e+00 2.984956610622917506e-01
-5.504697475668576256e-01 -8.603087883336534292e-01 4.492249842016506345e-01 1.183746451388824061e+00 6.527975556805409862e-01 6.470782207739089742e-01 4.711942316674193054e-01
-2.760885171136804317e-01 -6.545211079326119785e-01 4.228261166151062178e-01 1.049575330785879279e+00 3.229618980056518374e-01 5.535721489223173475e-02 6.406766198752111841e-01
9.025288396362175780e-02 -4.309213259309169763e-01 3.404846199645162330e-01 7.728159868283207556e-01 -3.937906492273233333e-02 -4.834060049865037678e-01 7.685902608198711405e-01
4.678506139249696272e-01 -1.956215343744959756e-01 2.219879110565674829e-01 4.348692978702653478e-01 -3.831777554144610853e-01 -9.236795720475317051e-01 8.158062351895520870e-01
8.029327725793942161e-01 4.790416541193411731e-02 7.826213030160591999e-02 8.949714719754583991e-02 -6.517871112375672737e-01 -1.246400120463005745e+00 7.627654182982941400e-01
1.070069933821875763e+00 2.819653673252981441e-01 -8.449668670857518604e-02 -2.416127872512346397e-01 -7.979728115075690464e-01 -1.437784915875362390e+00 6.100323371181849419e-01
1.254212087090895045e+00 4.817247007081889576e-01 -2.548259137180243772e-01 -5.270513249492764229e-01 -7.926020284607353528e-01 -1.482514689523300344e+00 3.520287647162737565e-01
1.338136137852852903e+00 6.411981292183319692e-01 -4.226236804219494214e-01 -7.091101077626500437e-01 -6.308342372975920265e-01 -1.379145948207528116e+00 -3.114219572181646870e-02
1.312078487231679969e+00 7.845842054468047388e-01 -5.932772418047682628e-01 -7.418623809962235915e-01 -3.419710492244383282e-01 -1.164276895077593243e+00 -5.384077743269974903e-01
1.185672219495932822e+00 9.421987407068398435e-01 -7.766527053344718379e-01 -6.370149142846482926e-01 7.008950640102274473e-04 -9.136085019129158713e-01 -1.104719806609527399e+00
9.884234566016980583e-01 1.109334866828205701e+00 -9.543516997588262774e-01 -4.603703958513916672e-01 2.986747936748573862e-01 -7.044147881824319724e-01 -1.612851108807011435e+00
7.602235756864993421e-01 1.243164227073741079e+00 -1.076864170378093899e+00 -2.747517219214615780e-01 4.751506695667163105e-01 -5.805740844644993182e-01 -1.951108538757164279e+00
5.269183934887541332e-01 1.309018694753158352e+00 -1.103759116042428268e+00 -9.766374585236890782e-02 4.993902534848517760e-01 -5.593756139209763445e-01 -2.048611496979587443e+00
2.954516993109002065e-01 1.296786082181714983e+00 -1.024640214303582431e+00 7.306982195843904349e-02 3.819524663086270033e-01 -6.380131855229066451e-01 -1.876675875268315252e+00
8.854257337366708280e-02 1.186461650304263982e+00 -8.347203347610984148e-01 2.166266723402860417e-01 1.629961777247913579e-01 -7.704932439375272724e-01 -1.458792553224738109e+00
-4.962506372026806445e-02 9.445487078411199944e-01 -5.191994729619013871e-01 2.954564624673331474e-01 -1.107130185892086505e-01 -8.754454058237315373e-01 -8.829055601823946331e-01
-1.048378569497419865e-01 5.675824426436164583e-01 -8.074688820823991420e-02 2.847317946021876711e-01 -4.004068720767013367e-01 -8.902258995416175713e-01 -2.743206219955152680e-01
-1.161513499831078600e-01 9.920123322867364923e-02 4.328525533896423472e-01 1.696779443833085210e-01 -6.646612027340654816e-01 -7.979810442183992159e-01 2.623924348248357630e-01
-1.396311891111443604e-01 -4.036811866903252666e-01 9.504008828543852871e-01 -6.879726504858764413e-02 -8.587867317325632577e-01 -6.114082772261829613e-01 6.861355945520319910e-01
-2.158169345117131044e-01 -8.972303981288225483e-01 1.413678960551652430e+00 -4.312532361148428417e-01 -9.531803062271028137e-01 -3.552406845793418255e-01 1.005262960433408015e+00
-3.623935380795501038e-01 -1.335105210212723437e+00 1.773567227170590455e+00 -8.660439946765570163e-01 -9.364100905117955786e-01 -5.777669610642498926e-02 1.219697603341842296e+00
-5.682018249100052598e-01 -1.656349314563219544e+00 1.980404900882624109e+00 -1.279406883712939091e+00 -8.054724719544658074e-01 2.532931622321981102e-01 1.291211892813902695e+00
-7.875304595681287267e-01 -1.817090023153647094e+00 2.011365016977591846e+00 -1.585758748232956483e+00 -5.675138389421717777e-01 5.563391897780545214e-01 1.175120979562582768e+00
-9.574128885733038663e-01 -1.831540287673819822e+00 1.897562822023706408e+00 -1.747838658050815397e+00 -2.445007234898084747e-01 8.527651118899775007e-01 8.670581710711219303e-01
-1.042149280564887759e+00 -1.764731474013938373e+00 1.709852453455605437e+00 -1.766885483249234001e+00 1.334351124884093909e-01 1.171819134713375066e+00 4.074703547963124395e-01
-1.074213350493001373e+00 -1.677415557608603169e+00 1.522095768403478155e+00 -1.638569135191054071e+00 5.322405912108298942e-01 1.530726562201372598e+00 -1.490614007271669206e-01
-1.147684520112890683e+00 -1.583913719990430735e+00 1.386816745903121095e+00 -1.338602756687167883e+00 9.143230675910041239e-01 1.891766364382734933e+00 -7.489605808913019080e-01
-1.350833227878083020e+00 -1.467345094461523614e+00 1.324806631228661713e+00 -8.728735246065418840e-01 1.251519743525724815e+00 2.176442282980511234e+00 -1.321478674017521948e+00
-1.699273141989648961e+00 -1.329289475862269310e+00 1.329654967135830645e+00 -3.218072512027340126e-01 1.536763277917575277e+00 2.324359277972556814e+00 -1.768906884067533269e+00
-2.131454848821119352e+00 -1.208659085929171484e+00 1.387229542029142504e+00 2.015418144524942501e-01 1.780194076463059716e+00 2.336945572908526447e+00 -2.013141157689051663e+00
-2.553794009931249054e+00 -1.142435354987010543e+00 1.481702720766378434e+00 6.292417973649501173e-01 1.997295646638761690e+00 2.257141846132408869e+00 -2.055576679483313018e+00
-2.894039591031469794e+00 -1.124677480332770374e+00 1.588230840163713964e+00 9.582898807942399344e-01 2.194837594635052902e+00 2.117466100324158607e+00 -1.967303973246692150e+00
-3.118331164273309142e+00 -1.115318424007144316e+00 1.670858850716458122e+00 1.206568944485742145e+00 2.362730176929105141e+00 1.924926539382727064e+00 -1.819780608198918737e+00
-3.204510978158337409e+00 -1.078097746115318945e+00 1.685895394854594942e+00 1.365368064349503641e+00 2.472404554254324260e+00 1.682236102380219922e+00 -1.630313577303034389e+00
-3.120516913519537638e+00 -1.008417487089877884e+00 1.596663992455523262e+00 1.405878168656725880e+00 2.485591559115849947e+00 1.416132167720787871e+00 -1.372384763831370647e+00
-2.836620259041208847e+00 -9.277213202089185096e-01 1.392898626712470334e+00 1.327473931376938587e+00 2.369886202809646569e+00 1.183574440485225088e+00 -1.031749443667798305e+00
-2.357531053096634466e+00 -8.531522992101518987e-01 1.099018649357720312e+00 1.183085011506845863e+00 2.102925026057699931e+00 1.038253123654103938e+00 -6.410390754059226426e-01
-1.734881782330896183e+00 -7.802751019625511208e-01 7.622821610848091733e-01 1.049561414378259450e+00 1.681476458518099459e+00 9.940401420082463080e-01 -2.607371767263622075e-01
-1.028217705715162689e+00 -6.937269564302770419e-01 4.221288018773263206e-01 9.638547816898963561e-01 1.137678762462176252e+00 1.020704770998797972e+00 6.962002347976206651e-02
-2.658979995699963794e-01 -5.885267845034535261e-01 9.129448290331468319e-02 8.925644918033430741e-01 5.347817102878793527e-01 1.074671614414961507e+00 3.547320524459475211e-01
5.325354208547021795e-01 -4.722907029642046672e-01 -2.366646646599215587e-01 7.751189413753996060e-01 -5.397816022550074033e-02 1.134404596653372455e+00 6.078805049296092111e-01
1.315940670708314109e+00 -3.414988922259640791e-01 -5.741146396022902554e-01 5.834943513385387748e-01 -5.637210362809506048e-01 1.194402636178203858e+00 8.014326342858247854e-01
1.995363054486642085e+00 -1.765003002695170742e-01 -9.276678571948224761e-01 3.328607352655111318e-01 -9.399816855419125261e-01 1.239594159864516598e+00 8.796565956588806579e-01
2.464336371388461622e+00 2.520652798323826799e-02 -1.289757977950654277e+00 4.259302539582336677e-02 -1.145509798389899636e+00 1.245267023579449850e+00 8.381715699834718647e-01
2.638001469133951282e+00 2.333898143403896619e-01 -1.643611400403896861e+00 -2.895312691297919350e-01 -1.184825233215633045e+00 1.195234838403339328e+00 7.557132643466738520e-01
2.495498666093229900e+00 4.182942053856338882e-01 -1.971168352291888581e+00 -6.494244268044440105e-01 -1.102321799134764913e+00 1.090210116008422547e+00 7.046855022940685664e-01
2.091283646181028022e+00 5.814166531036434327e-01 -2.247245861336379935e+00 -9.662905496301973374e-01 -9.463108903100471148e-01 9.342163667930885040e-01 6.657524001265265889e-01
1.534630672752575142e+00 7.386388991887535838e-01 -2.433168803156125382e+00 -1.146748278559666323e+00 -7.432007258757984403e-01 7.245822993112289723e-01 5.666617679294004839e-01
9.568694098498237155e-01 8.791952645318391601e-01 -2.481710685465559063e+00 -1.143242753917208310e+00 -5.017903765953239947e-01 4.700606688163406766e-01 3.693336510455960120e-01
4.712932466634206508e-01 9.555819463793734370e-01 -2.347752430894687770e+00 -9.714332222849407783e-01 -2.295295465476926144e-01 2.102307155096879709e-01 8.849179351427755025e-02
1.403845338875404636e-01 9.214392045993118341e-01 -2.010740578536398537e+00 -6.779819348292970282e-01 6.446155789571857142e-02 7.728945754751556912e-04 -2.441042103497572946e-01
-3.169197226623562264e-02 7.700393468119555163e-01 -1.501287979559835062e+00 -3.172628071434988040e-01 3.786577403936802755e-01 -1.149912884796343154e-01 -5.971482823784124427e-01
-8.200726933421075004e-02 5.306976584685538789e-01 -9.038073078003979743e-01 4.753111604038397914e-02 7.225619843009293275e-01 -1.091127614730921375e-01 -9.353455703868943649e-01
-6.679169568973823690e-02 2.426730555328099892e-01 -3.292813078113316361e-01 3.439834883541982857e-01 1.099803869813825274e+00 3.812919174045989457e-02 -1.218930454968484067e+00
-5.609052310086527077e-02 -5.532140486407145091e-02 1.219395896170646088e-01 5.126421338736588673e-01 1.482284537153109039e+00 3.248428054588762826e-01 -1.409641840267812141e+00
-1.274049257284971259e-01 -3.174998164070782503e-01 3.865470573799199561e-01 5.359222234811671370e-01 1.809408481388794510e+00 7.086113940217820817e-01 -1.486523402800776994e+00
-3.283725819950865099e-01 -4.919152275049872292e-01 4.495488930749435008e-01 4.365903728827552621e-01 2.015020004306263601e+00 1.108259097759057621e+00 -1.458843575419090266e+00
-6.411128758965324304e-01 -5.449359678247864824e-01 3.439730756620134056e-01 2.502594042138997499e-01 2.051971552360220663e+00 1.428811227932859085e+00 -1.348424771841492120e+00
-9.941313489431534700e-01 -4.856814430603659805e-01 1.387994209861277972e-01 7.071701261730387912e-03 1.899173878711445163e+00 1.595960814860484245e+00 -1.162967132045878538e+00
-1.302920962521236792e+00 -3.571016673192395907e-01 -8.301050974949662764e-02 -2.629710788953482092e-01 1.559302213221956945e+00 1.573709224513283544e+00 -9.065340920859179530e-01
-1.498615181608933922e+00 -2.062954053344873695e-01 -2.491600123032386149e-01 -5.234112158623444033e-01 1.058956432894827770e+00 1.356507165468056275e+00 -5.997342631534644530e-01
-1.531400452560218062e+00 -7.315172976686280804e-02 -3.150958985907333920e-01 -7.456295304736320073e-01 4.516804023044493355e-01 9.627691158840080421e-01 -2.626798925773510818e-01
-1.367701894231375670e+00 -2.331415025172111233e-03 -2.663269529268527669e-01 -9.196765406139925103e-01 -1.831612797438635365e-01 4.501668847458548672e-01 1.070168136418652022e-01
-1.001331520084407956e+00 -4.704164846199973549e-02 -1.109990180304110813e-01 -1.037145793046843290e+00 -7.510702264094311076e-01 -6.860697814124562532e-02 5.146371889586802695e-01
-4.695502892272094275e-01 -2.348011844461690423e-01 1.203686023352665141e-01 -1.062920908703204992e+00 -1.160588235831865322e+00 -4.535655519672122105e-01 9.154275872597165131e-01
1.489223762155807151e-01 -5.202941755922455558e-01 3.651310580711656928e-01 -9.339774286762450028e-01 -1.337708865776319644e+00 -6.056774120977069797e-01 1.187862350093233044e+00
7.708012155582465441e-01 -7.872255027821759565e-01 5.287654345818109114e-01 -6.179597192294966623e-01 -1.241364559879782004e+00 -5.166283613476574388e-01 1.192344873736107314e+00
1.337947447534693746e+00 -9.020541997737454576e-01 5.123642873369118611e-01 -1.761073704479535207e-01 -8.969206802473861373e-01 -2.651363564119811889e-01 8.736979784471717858e-01
1.797139577206722683e+00 -7.731801054424970454e-01 2.631349308659085562e-01 2.656092323597064042e-01 -4.187170296107132206e-01 2.745771104897439668e-02 3.012073739184423227e-01
2.084720031300067777e+00 -3.863647305948537669e-01 -1.900149790979570319e-01 6.030351333155116178e-01 2.753240463350337466e-02 2.538678961675263079e-01 -3.796496875761042888e-01
2.142242943262667954e+00 2.007801948141836601e-01 -7.494641206219558871e-01 8.079052243965336721e-01 3.047411658848757643e-01 3.579406204078808273e-01 -1.029340357863351985e+00
1.931054015847184058e+00 8.963176210288571477e-01 -1.290409759950403190e+00 9.311807219799771440e-01 3.651861375450113911e-01 3.320753490424699361e-01 -1.571328516547573440e+00
1.457757895746069288e+00 1.605646609956267845e+00 -1.705439825226946704e+00 1.050544612414455292e+00 2.538561191409468010e-01 1.890224030149610657e-01 -1.980945418870001751e+00
7.990183654822716752e-01 2.243260974119498208e+00 -1.942011871646252663e+00 1.187594975084915294e+00 5.315463293861582422e-02 -5.499673788794302159e-02 -2.231519720225974446e+00
8.295599954212061478e-02 2.735444681233538677e+00 -2.006772231963052544e+00 1.278345993863463592e+00 -1.858208249292065406e-01 -3.703536157730234479e-01 -2.279751731218786936e+00
-5.602530439029456133e-01 3.027758850091474496e+00 -1.942865951222380705e+00 1.230568247885146294e+00 -4.573961979218101326e-01 -7.009907598997326961e-01 -2.107590502308519742e+00
-1.043904560053277031e+00 3.104981357715865364e+00 -1.810815833252277240e+00 1.019435164815410300e+00 -7.509016413677546131e-01 -9.736559025462718786e-01 -1.772281205398085868e+00
-1.348899211328959069e+00 3.003347484903561959e+00 -1.672568847234177092e+00 7.286601491868985869e-01 -1.008652976115598454e+00 -1.125617995749823796e+00 -1.403009065214850359e+00
-1.513605969304608667e+00 2.789773757300469725e+00 -1.579032887333316149e+00 4.717470384284775942e-01 -1.157030124202805377e+00 -1.131748127879159460e+00 -1.109813632800050520e+00
-1.597192291929389052e+00 2.515689060455241766e+00 -1.559371115682297360e+00 2.821552102630485170e-01 -1.167609727270578102e+00 -1.001945822390956753e+00 -8.997715588603701908e-01
-1.648953639903690149e+00 2.193520205405141699e+00 -1.611535431939300045e+00 1.156599812576108444e-01 -1.068884053907557474e+00 -7.510452153011012433e-01 -7.129380035646987190e-01
-1.703693407917743041e+00 1.833487212330259908e+00 -1.714084594712620424e+00 -5.312839039502881278e-02 -9.156193622509373187e-01 -3.945639986438206903e-01 -5.180117809124189510e-01
-1.786359941237126048e+00 1.481295241607993640e+00 -1.838375847340081526e+00 -1.703059091655476365e-01 -7.530266487063249636e-01 2.715594330829545350e-02 -3.490785414440970014e-01
-1.899939637483712085e+00 1.186402463908937222e+00 -1.937699662816090740e+00 -1.552656345033770480e-01 -5.967829829232864647e-01 4.412826978163092440e-01 -2.525108063751603793e-01
-2.007661142725447601e+00 9.579518218015907749e-01 -1.951421592070611277e+00 2.677471303522855565e-03 -4.496441124029154635e-01 7.607191431989341890e-01 -2.184607117591318703e-01
-2.042242766146563415e+00 7.787908094847535434e-01 -1.836216307827101879e+00 2.363307549898318316e-01 -3.272788932352351243e-01 9.171738312473840526e-01 -1.919092463866780562e-01
-1.940361742757872321e+00 6.387224308085878155e-01 -1.586748542647505866e+00 4.657709108932052144e-01 -2.533368852642594038e-01 8.855069296752200447e-01 -1.298806896110011599e-01
-1.670036296962079669e+00 5.353675277692419021e-01 -1.231365703422218738e+00 6.247488709315445199e-01 -2.402023897123498064e-01 6.852350732774997732e-01 -1.920288135453801504e-02
-1.240692073920766747e+00 4.575557659450193437e-01 -8.146552868872301012e-01 6.530608889612334877e-01 -2.816081381779763082e-01 3.740869961535611132e-01 1.337889756250283946e-01
-7.078630395815380671e-01 3.869185419719416430e-01 -3.787193548968874057e-01 5.253106429189379201e-01 -3.567123332048864337e-01 2.986675251000824732e-02 3.050659931383869483e-01
-1.602622625050188210e-01 3.205694046960534949e-01 4.115463870973596477e-02 2.888931383834172362e-01 -4.400161466962693724e-01 -2.902779234746862835e-01 4.595474113951841799e-01
3.257835401631662964e-01 2.770969811762534762e-01 4.084454766292450745e-01 3.342657557058633516e-02 -5.072399990700957595e-01 -5.711096465570727476e-01 5.638528439170651385e-01
7.189901486508256667e-01 2.711639128348745653e-01 6.911370162603271972e-01 -1.780712768398485801e-01 -5.359823192736791198e-01 -8.127666438089612422e-01 5.887023384326379727e-01
1.008402033261251773e+00 2.981445155716086481e-01 8.752896094682832695e-01 -3.193574245401738509e-01 -5.067115721728856492e-01 -1.006558885096313194e+00 5.107022000586405319e-01
1.172962940602461535e+00 3.401293051783260135e-01 9.634241982482987243e-01 -3.735516891167871556e-01 -4.028150104050173819e-01 -1.139781826460495306e+00 3.257894865935839768e-01
1.193418336610019281e+00 3.667828977120706768e-01 9.667571223455482254e-01 -3.424075224023542807e-01 -2.198532606124783129e-01 -1.199890478383517589e+00 6.705632564539176776e-02
1.071357987313272364e+00 3.431633243547803636e-01 8.990502462130860462e-01 -2.555532077547215120e-01 2.074453918874214278e-02 -1.173094356595267174e+00 -2.043383861590621076e-01
8.272911133373227477e-01 2.597665630218271571e-01 7.687979688285616620e-01 -1.356243972679696541e-01 2.788398994463321956e-01 -1.052661285164714355e+00 -4.503237207125133645e-01
4.908032753002050108e-01 1.522350046447600025e-01 5.779773467845785717e-01 2.852737348363097725e-02 5.198978138481562539e-01 -8.533575772855274133e-01 -6.885283267410058361e-01
1.121856737697868589e-01 7.592536690818685319e-02 3.306694433670020472e-01 2.501656888333820827e-01 7.308301039449741632e-01 -6.152337367042998162e-01 -9.520826466413372380e-01
-2.225563284873228465e-01 5.423634067474113890e-02 4.690485249537201806e-02 5.023272260655133881e-01 9.122702539318739978e-01 -3.811574052348413733e-01 -1.227297545374071097e+00
-4.322265034389767835e-01 5.965133307225888720e-02 -2.293633762960767264e-01 7.312234088162912204e-01 1.053002729625120759e+00 -1.692918498373140734e-01 -1.438536362766253740e+00
-4.919178193462421800e-01 4.898023492514256422e-02 -4.505098919344490138e-01 8.945607948035537715e-01 1.123373101409368857e+00 1.837610259651729569e-02 -1.492057066797909171e+00
-4.122917729676583987e-01 2.279164244686432764e-03 -5.966080493864223122e-01 9.723326867665040840e-01 1.107507312260632037e+00 1.721384377905735286e-01 -1.346484864787248714e+00
-1.949221059585626303e-01 -7.755527356780282655e-02 -6.735348240426385358e-01 9.529124601458767163e-01 1.021966824409229257e+00 2.751972812003357638e-01 -1.033735891987598965e+00
1.549972306807805289e-01 -1.849362354488917060e-01 -6.912487630263055571e-01 8.189975946341618851e-01 8.880394259650921107e-01 3.207762356264137749e-01 -6.139692602985771241e-01
5.905178791816587669e-01 -3.208836292551120462e-01 -6.522645743469802637e-01 5.600082435314444051e-01 7.093031044566997512e-01 3.270546772913525690e-01 -1.496917856366395683e-01
1.022844721570242532e+00 -4.816632281794206993e-01 -5.502903117989986770e-01 2.077188299194070720e-01 4.870867456801450390e-01 3.271085160442651074e-01 2.822194207284460243e-01
1.356816128293275359e+00 -6.385156734587612570e-01 -3.880707804839215180e-01 -1.602660698493286462e-01 2.412632605829234667e-01 3.309824620291837993e-01 6.100994782223776447e-01
1.525716258358790878e+00 -7.419511913428760153e-01 -1.963458627199660689e-01 -4.738838057868721143e-01 6.070905169899339961e-03 3.050465852652249898e-01 8.202497482452232314e-01
1.497738527576439216e+00 -7.567960450228761182e-01 -1.232256974572325248e-02 -7.186801528547944740e-01 -1.954591306372695236e-01 1.903262203419167353e-01 9.752523092436922170e-01
1.270137596883770925e+00 -6.930182869927709044e-01 1.580309590853882784e-01 -9.350777874658974254e-01 -3.755654558481968386e-01 -6.052209943066355624e-02 1.173267121240791688e+00
8.807770390827939222e-01 -6.027994815459085665e-01 3.373628033573594087e-01 -1.181953822905622120e+00 -5.746287911103431512e-01 -4.494862530104831722e-01 1.481754435093452837e+00
4.147059650262793773e-01 -5.443441489593712213e-01 5.434021887636331094e-01 -1.467977409221871588e+00 -8.105764384926626986e-01 -9.252533519151951991e-01 1.882021178781987825e+00
-2.501675532494077731e-02 -5.494747024408502822e-01 7.795368259508784758e-01 -1.700722286238921743e+00 -1.030782070438233555e+00 -1.403862567343350465e+00 2.261613756009324572e+00
-3.573161321935267587e-01 -6.253922769033329887e-01 1.048671253973819661e+00 -1.744878240923584567e+00 -1.137667515229367821e+00 -1.803344388421448841e+00 2.490698294425082171e+00
-5.378319022035227270e-01 -7.750307748040761169e-01 1.352625334673054125e+00 -1.543113974357699814e+00 -1.067842556891005268e+00 -2.069118013379074306e+00 2.523171274711239143e+00
-5.522158874894864677e-01 -1.009031232090671804e+00 1.687994757711360094e+00 -1.154777148995192348e+00 -8.354913823183209853e-01 -2.166905288805025531e+00 2.406487601796169162e+00
-4.139999366427038474e-01 -1.331286935998339027e+00 2.048167697654684982e+00 -6.890269278278216003e-01 -5.145684538608148451e-01 -2.072080987309361078e+00 2.208329647147656338e+00
-1.738762949785740974e-01 -1.708476942798995868e+00 2.417106697714918262e+00 -2.233667109872292389e-01 -1.944292736258766141e-01 -1.789511638926875481e+00 1.963526214533047209e+00
9.188858897426618877e-02 -2.066915416915585890e+00 2.766975571982560833e+00 2.098952063439022964e-01 5.206118500302267527e-02 -1.377400158346585579e+00 1.694225029679130579e+00
3.060695548808026190e-01 -2.331552950503555710e+00 3.068401196322973590e+00 5.746457850345078056e-01 1.719573023607319506e-01 -9.373353689516095155e-01 1.467189515778854814e+00
4.023969369392091378e-01 -2.470497107244745028e+00 3.299047122908560503e+00 8.116144367613645771e-01 1.366304859292369056e-01 -5.642307608543892794e-01 1.393274769040220074e+00
3.643839556553595815e-01 -2.497422579924989616e+00 3.437806164730170089e+00 8.793430128223379549e-01 -4.217191727587054489e-02 -2.990322060302104124e-01 1.538563497293105931e+00
2.635966756609502970e-01 -2.431398795152903691e+00 3.450109435210100273e+00 7.895244905663096890e-01 -3.144568801147771264e-01 -1.341781552038087133e-01 1.851781644446189867e+00
2.282520907299729340e-01 -2.273801278648440505e+00 3.294683241883592739e+00 5.995554758903914871e-01 -6.110215129158141911e-01 -4.215741708837153490e-02 2.188524729731529117e+00
3.770135766250354292e-01 -2.032483694021745002e+00 2.961149760016017485e+00 3.755556055449347785e-01 -8.649754907105788870e-01 2.131768104520938290e-02 2.390508906206699535e+00
7.604169653999625078e-01 -1.744089467181512143e+00 2.494467481450611590e+00 1.580380341684161360e-01 -1.035306294414613637e+00 1.157281618259310002e-01 2.354327440788504866e+00
1.315134389132812665e+00 -1.451738202105657072e+00 1.972935309815231797e+00 -3.257971750802213240e-02 -1.114255087978230030e+00 2.888997654849292385e-01 2.053537292266030434e+00
1.869285744925761161e+00 -1.166726760874505775e+00 1.465431916319562600e+00 -1.689035185555490259e-01 -1.112905591903604829e+00 5.477359115536377665e-01 1.523736385306413643e+00
2.233006306910093830e+00 -8.666198483782424633e-01 1.008757681068395362e+00 -2.340368019352579709e-01 -1.051838752020567203e+00 8.474964986977413517e-01 8.555982693868380284e-01
2.306022596235766109e+00 -5.368368798915752471e-01 6.192155474633523893e-01 -2.629082382348137403e-01 -9.600232091318239291e-01 1.108483803125220213e+00 1.882276918357108086e-01
2.104462238408521646e+00 -2.036934736026459192e-01 3.131664446968473459e-01 -3.203443097959833841e-01 -8.619041824629188886e-01 1.259166161209679391e+00 -3.381837805964154620e-01
1.723364560073589180e+00 8.916893997534845739e-02 9.618366168720456078e-02 -4.397955524815165829e-01 -7.625563743264398564e-01 1.270203217639441773e+00 -6.514559096867602594e-01
1.286676879423418240e+00 3.292938539595222092e-01 -5.879424773162566370e-02 -6.012479570468282075e-01 -6.496198465075849748e-01 1.156373469305549406e+00 -7.826407705285762795e-01
8.959409040696503235e-01 5.413805649703161693e-01 -1.970774795319653605e-01 -7.513308929993602892e-01 -5.052859247088357098e-01 9.618217047641742790e-01 -8.332898162706486866e-01
6.005846360773557935e-01 7.458119621586390968e-01 -3.494794413641522102e-01 -8.390389200283963067e-01 -3.187209096091149219e-01 7.422965829343751709e-01 -8.968186585445325765e-01
4.019293213959447830e-01 9.262778987549309395e-01 -5.172487295104843952e-01 -8.429077440476433480e-01 -9.592346106098575964e-02 5.514255314501874672e-01 -1.007734204429901359e+00
2.675394675239585740e-01 1.048376655959657677e+00 -6.771690961115854890e-01 -7.683499089750684963e-01 1.397388298132657969e-01 4.267055275137343062e-01 -1.157136980595629971e+00
1.459117634205678304e-01 1.103587331339758393e+00 -8.007893930526457371e-01 -6.250454043419693129e-01 3.586286081710501339e-01 3.712568059434583900e-01 -1.331925875412532267e+00
-1.650815888334297710e-02 1.120695817851679932e+00 -8.752841923589911310e-01 -4.270179898140655794e-01 5.321396522501455895e-01 3.465868155767238834e-01 -1.508669288442629375e+00
-2.533465489445290153e-01 1.133607973719090056e+00 -9.035045358084703437e-01 -2.178577520269908419e-01 6.267804892407731199e-01 2.855515138734538994e-01 -1.616586780014251268e+00
-5.465075820472031776e-01 1.147651882228480025e+00 -8.896821474868238377e-01 -6.071909491930418956e-02 6.149350070473371677e-01 1.282445573870236999e-01 -1.562464638768201297e+00
-8.234819490182885282e-01 1.142187050417311944e+00 -8.438941586843531351e-01 9.554651737118691548e-03 5.054765782654521145e-01 -1.399226933460217537e-01 -1.304992282573138151e+00
-1.004369885028852494e+00 1.104007289743199838e+00 -7.906035830757308647e-01 1.576068290366529345e-02 3.397872449801598860e-01 -4.890420296679096057e-01 -8.886370272193203634e-01
-1.037685608590513064e+00 1.045574143700764180e+00 -7.437975673417703826e-01 3.028551250247018753e-02 1.561860512057400563e-01 -8.750276653015076622e-01 -4.237948646132678743e-01
-8.963699560372940800e-01 9.808668145611287859e-01 -6.814800398206218857e-01 1.258396275305382617e-01 -2.487769442593440114e-02 -1.263079544265428344e+00 -1.935593594649272220e-02
-5.681266111965060928e-01 8.949023474792230370e-01 -5.612815470241776517e-01 3.170920200587884485e-01 -1.930276696104167578e-01 -1.625726152925296208e+00 2.847689539025375360e-01
-6.163095012526035449e-02 7.479582440838102864e-01 -3.476311632051225509e-01 5.619208263199805264e-01 -3.379166996233732290e-01 -1.919746948161652700e+00 5.013503135836406832e-01
5.713436378428198292e-01 5.086542444072883473e-01 -2.423274330594408013e-02 8.059542565252989510e-01 -4.470764688824559463e-01 -2.085618329461852216e+00 6.425199658949110049e-01
1.225769473326621783e+00 1.831201337010809616e-01 3.937248279546563534e-01 9.974204998771369901e-01 -5.139761855662219325e-01 -2.081011145087478642e+00 7.188383545277544640e-01
1.775964555084284857e+00 -1.883947869874302572e-01 8.536870662279183453e-01 1.069370772333771535e+00 -5.483422573287629609e-01 -1.903436056475274141e+00 7.649533566164969933e-01
2.123337361244955979e+00 -5.587357565719018870e-01 1.278505516294442756e+00 9.461298202179597716e-01 -5.756832691811318847e-01 -1.582836746007212803e+00 8.330759206064917155e-01
2.217408272906304934e+00 -8.933160661503918298e-01 1.582094263921633326e+00 5.928567095732177883e-01 -6.106403653642860085e-01 -1.160423719058061964e+00 9.547210174003959438e-01
2.059837097052824362e+00 -1.170524145379927550e+00 1.691792144143608789e+00 6.100167324725980222e-02 -6.273428458339681546e-01 -6.777825895130156209e-01 1.102957375662333428e+00
1.697847226833735013e+00 -1.370363029907111008e+00 1.582378072267579316e+00 -5.179803793581282401e-01 -5.687385006300114121e-01 -1.840646633526250575e-01 1.193601872237854300e+00
1.197655742776348564e+00 -1.470224073828226619e+00 1.286458194109530995e+00 -9.979441712882645144e-01 -3.874375670116123049e-01 2.590041706985318215e-01 1.151734225019167113e+00
6.232272832482773639e-01 -1.460984683519482852e+00 8.729246846858639275e-01 -1.291954094339351711e+00 -7.921332342433504148e-02 5.905901801066157919e-01 9.853377235091097530e-01
3.971908584995260949e-02 -1.366667736383210929e+00 4.254824357874017471e-01 -1.385175125389791040e+00 3.159994607458961324e-01 7.788472775630255196e-01 7.739665716178828481e-01
-4.743415403532445507e-01 -1.241850666700658801e+00 3.247392820457493945e-02 -1.299465980800985188e+00 7.327424196950393931e-01 8.417585633846642601e-01 5.903047490079287307e-01
-8.491287985992862497e-01 -1.144511110039086788e+00 -2.210654999923271635e-01 -1.059228943898373521e+00 1.099955986455435797e+00 8.400323799448167206e-01 4.416178156598210003e-01
-1.075161333674370834e+00 -1.103638789672362952e+00 -2.699190208966916749e-01 -6.749875157026195005e-01 1.365664312629424781e+00 8.404372896480761801e-01 2.789364173482557496e-01
-1.191250133016999557e+00 -1.100275722658969668e+00 -1.063740288025009501e-01 -1.778465051645977679e-01 1.505744669263129998e+00 8.627140162701740778e-01 7.099484421937592160e-02
-1.226020829601994988e+00 -1.072672605063949236e+00 1.873333870762373399e-01 3.263515669544979070e-01 1.501463238189618243e+00 8.586771506713164470e-01 -1.303957872330803736e-01
-1.194377518708584551e+00 -9.427775596913391398e-01 4.636288161684035125e-01 6.925130481640149327e-01 1.324387448013791158e+00 7.579454092494231077e-01 -2.222094094863390212e-01
-1.108579958615252714e+00 -6.567229239254873674e-01 5.882140250768156386e-01 8.287697855525799628e-01 9.523757359346540774e-01 5.309222584944638390e-01 -1.420771739253543775e-01
-9.680784011023397806e-01 -2.353668046860857843e-01 5.222668795944693798e-01 7.271863179872487537e-01 3.972278810421902562e-01 2.139229516386211005e-01 8.604378627842702854e-02
-7.872474518704055679e-01 2.145204102007399194e-01 3.422776322568052421e-01 4.529227585300427683e-01 -2.734078401187526319e-01 -1.069378237686482158e-01 3.696676271254538682e-01
-6.173174565799204316e-01 5.694555954290582145e-01 1.649139275775281521e-01 1.278977022439088951e-01 -9.352599046433807128e-01 -3.351029224385273508e-01 5.909514128490492846e-01
-4.820355545008877529e-01 7.668721238867530765e-01 4.740216582335291667e-02 -1.447951977102509835e-01 -1.447766161389409278e+00 -4.091787009007386011e-01 6.665455211534814239e-01
-3.336964075556511089e-01 8.145934482987676750e-01 -3.352704393021117141e-02 -3.587768627317307057e-01 -1.718220503217356310e+00 -3.397524636089481187e-01 5.999221661624170032e-01
-1.346951531880727915e-01 7.590015155964507931e-01 -1.231249890267336194e-01 -5.601328382147371387e-01 -1.731369572008646385e+00 -2.051802458267037721e-01 4.681922862561468945e-01
7.403295434897555483e-02 6.575561651459320700e-01 -2.356486005794999894e-01 -7.526616781747654805e-01 -1.532057191769549798e+00 -1.000597149297628718e-01 3.486243677972304944e-01
2.268285091266346032e-01 5.600338059980258798e-01 -3.565419281548456443e-01 -8.845119774720940908e-01 -1.191492434912977849e+00 -7.716031546710279410e-02 2.600018883759768196e-01
2.971493043414011326e-01 4.979839200360051121e-01 -4.735314954577206081e-01 -8.771100911024161118e-01 -7.631897338546174137e-01 -1.172897500112632385e-01 1.515657278089640181e-01
2.889863518780849683e-01 4.856086379607387760e-01 -5.876342690182398965e-01 -6.447082395729076820e-01 -2.575218025497665875e-01 -1.450735415765709024e-01 -7.073506569033516378e-02
2.060642357350977172e-01 5.255813185834926626e-01 -7.018004300397584494e-01 -1.527394522567853130e-01 3.186512028348368331e-01 -8.686294723901415160e-02 -4.705391404473089900e-01
4.412157889911084985e-02 6.116024690785153428e-01 -8.178765983106242032e-01 5.103382657754850227e-01 9.012384804684604456e-01 7.574689129750999950e-02 -1.000671668336912568e+00
-1.935468071315297744e-01 7.244591205650113830e-01 -9.359400790031554562e-01 1.157797436254526469e+00 1.378753521902296830e+00 3.066504167339400011e-01 -1.517078122005589558e+00
-4.758403067030982370e-01 8.324109395997947303e-01 -1.047676561004940776e+00 1.613550919924810367e+00 1.660213163619310484e+00 5.544507610246567353e-01 -1.880751711120225655e+00
-7.491580318060937493e-01 9.049239983494714590e-01 -1.141766300134740453e+00 1.785563652131115564e+00 1.717630935193230401e+00 7.795938069583961960e-01 -2.030343208353817541e+00
-9.688988687505324382e-01 9.271729817483584934e-01 -1.213338158350622864e+00 1.672870193017121476e+00 1.581242694946392247e+00 9.598427611632449619e-01 -1.978775514421447390e+00
