6.479642776516926217e-01 4.692127356236630020e-01 5.048604326426430616e-02 -1.293884080625998523e-01 -1.146607544331238238e+00 -8.150024064558059056e-01 1.232661382094947244e+00
2.376927018128635050e-01 2.144398588771846137e-01 2.975786620499854540e-01 -2.613321328637702168e-01 -6.990756428442947978e-01 -1.920491286441723677e-01 9.530134142624281379e-01
-2.414712557218924582e-01 -1.085394665684154270e-01 4.333071882325778557e-01 -2.643055304633474267e-01 -1.805584947435507348e-01 5.129660522077327256e-01 5.428722222376816120e-01
-6.520249549725743998e-01 -4.962705839346205905e-01 4.928677068224607827e-01 -1.935717507213890187e-01 3.092563272757893333e-01 1.108408836996454427e+00 1.850225749054421054e-01
-8.718019391568189169e-01 -8.461500192554739508e-01 5.545465755705877298e-01 -7.157943071863273610e-02 6.916026139028982334e-01 1.365378292992173392e+00 3.964716239741179066e-02
-8.499522563933405994e-01 -1.004723674166456249e+00 6.618249968853870957e-01 1.235194032204556397e-01 9.467861428270986091e-01 1.174832813550178878e+00 1.091043154092700140e-01
-5.970800781660007273e-01 -9.273492190221352960e-01 7.660607137253448995e-01 3.477803069353082033e-01 1.065641971441918523e+00 6.572282726899718597e-01 2.549049441728837850e-01
-1.703371614795286260e-01 -7.404636556143211479e-01 7.656625756541755035e-01 4.609874241020685548e-01 1.015180123678835811e+00 9.470963126473080917e-02 3.309241179685375456e-01
3.254121612341162595e-01 -5.882067753732291848e-01 6.100174220933299862e-01 3.714108532517597094e-01 7.809003227664337299e-01 -2.870164203693441607e-01 2.889089940383170463e-01
7.606729596435006791e-01 -4.504663164490608218e-01 3.420097577563681601e-01 1.570857840556875995e-01 4.110483463657495506e-01 -4.661686087516290766e-01 1.546655254401016755e-01
1.041510985648355980e+00 -1.901257051490073957e-01 2.997944295864213987e-02 -1.845117782481820942e-02 -7.918972243648212533e-03 -5.475523307820807650e-01 -5.719587698224846972e-02
1.139130204811505065e+00 2.243145621591876304e-01 -3.081050509776432356e-01 -9.235885171530280879e-02 -4.240029576165353919e-01 -5.739544580295943277e-01 -3.520000268318869696e-01
1.068592435054139145e+00 6.369824817034298592e-01 -6.829931176135948245e-01 -1.403314467272986088e-01 -8.430249154380033971e-01 -4.878470308989633075e-01 -6.838248041455569082e-01
8.711123042064323752e-01 8.830318670140216986e-01 -1.059595954792874828e+00 -2.278302977155871878e-01 -1.271649113620020088e+00 -2.845216674722415018e-01 -9.369583090529870484e-01
6.119928763263329241e-01 9.604601160263878112e-01 -1.345888727961804809e+00 -3.004179827464750763e-01 -1.668358336384024199e+00 -9.589086546607766826e-02 -1.011173338652901599e+00
3.693217451687313968e-01 9.729995626787386609e-01 -1.463358491303655917e+00 -2.481521446289262633e-01 -1.956992911529532364e+00 -6.766495812682066235e-02 -9.054304874478482645e-01
2.047691049392105223e-01 9.532336237995144845e-01 -1.413665096154106626e+00 -5.090426984593507398e-02 -2.084431209785176708e+00 -1.927507581048577834e-01 -7.071769293300692594e-01
1.406409479318692923e-01 8.003621541758160207e-01 -1.253933134613417710e+00 1.829301559201156613e-01 -2.044661363707933610e+00 -3.294948140183444618e-01 -4.860807037305984180e-01
1.621131036664237579e-01 4.176434266221107916e-01 -1.013583017724153157e+00 3.466762205217772119e-01 -1.831405864298894404e+00 -3.898503310937676547e-01 -2.151575451507310166e-01
2.307035761038034871e-01 -1.313879609847621588e-01 -6.778461978793608456e-01 4.514785795705069660e-01 -1.416694298024144594e+00 -4.261614756394822012e-01 1.507134266334232975e-01
3.039611986587344439e-01 -6.665378262653763874e-01 -2.517720897994745188e-01 5.728511768292061657e-01 -7.958902276200543469e-01 -5.174905168406532807e-01 5.597693196520636683e-01
3.542863654364983850e-01 -1.081931176159007801e+00 1.958343143405202325e-01 7.079743260887032541e-01 -2.549771660573087184e-02 -6.387225729570513710e-01 9.005309136970461870e-01
3.657975428342202240e-01 -1.418864421746759419e+00 5.663515302251732608e-01 7.458343088940354582e-01 7.856031200803512693e-01 -6.819325285027372230e-01 1.124527918342237642e+00
3.207810155256128337e-01 -1.708994337813546371e+00 7.968036297503195975e-01 6.097145473984415531e-01 1.516240580040904673e+00 -6.020305942946481137e-01 1.265958135097179138e+00
2.034675518909529746e-01 -1.828916670104341780e+00 8.687928677126459664e-01 3.561816601226058809e-01 2.064434614929157252e+00 -4.820035541070135099e-01 1.339043665331646427e+00
1.946056526590483199e-02 -1.603308808823626919e+00 7.636367092667719625e-01 7.519421488819444388e-02 2.340476490229689066e+00 -4.204536755250525837e-01 1.276069936165568741e+00
-1.912702602292440934e-01 -1.017598776091709789e+00 4.537928853878951396e-01 -2.440735872650402483e-01 2.260456935834092906e+00 -4.135635736323631240e-01 1.003845708764758982e+00
-3.735591789136945007e-01 -2.495400568706281075e-01 -4.057597287138868525e-02 -6.742453022353372960e-01 1.800800861328343716e+00 -3.924969006944319938e-01 5.538079650147846866e-01
-5.029710829427472829e-01 5.057699740136205602e-01 -6.099801698844331543e-01 -1.198977055683334125e+00 1.059316388639317763e+00 -3.304757217571251959e-01 5.424993886660312709e-02
-6.048977596417711711e-01 1.180060425465403240e+00 -1.093180479436911989e+00 -1.660059129619354312e+00 2.306828810079449010e-01 -2.659849338111727191e-01 -3.742422070364591624e-01
-7.213754380478996087e-01 1.772874614252810010e+00 -1.358514908060462156e+00 -1.879578651152705504e+00 -4.756986195904299719e-01 -2.250211885210105234e-01 -6.784462229794097077e-01
-8.705132441340371896e-01 2.205277894969477348e+00 -1.356728642028561360e+00 -1.822243101379055208e+00 -9.139290656162892823e-01 -1.482430977228238189e-01 -8.477062229181592246e-01
-1.052865904543711650e+00 2.338790602539051910e+00 -1.102540299990086625e+00 -1.579663752863261106e+00 -1.036993032318613617e+00 5.652763610736417227e-02 -8.679547856249794080e-01
-1.282042047776125182e+00 2.147575119302155500e+00 -6.165230622506326918e-01 -1.201311206793726827e+00 -8.625931377866957739e-01 3.903973654296836182e-01 -7.176768583172239424e-01
-1.573262091095926518e+00 1.774331905822658095e+00 8.374663437890000894e-02 -6.444286504713568897e-01 -4.241315532699454494e-01 7.523848737218395977e-01 -4.183121827287117900e-01
-1.905336458093792373e+00 1.373229460443199601e+00 9.284410755241104818e-01 8.054858454812176272e-02 2.201854264925390825e-01 1.063613618791836357e+00 -5.765595419697547297e-02
-2.215034808976112046e+00 9.546354590486103575e-01 1.771420776103000083e+00 8.029133016526933675e-01 9.500811282013564840e-01 1.344547613255905105e+00 2.750734275070369494e-01
-2.431718660793073639e+00 4.476647096672657922e-01 2.454943687603094560e+00 1.301633081102486988e+00 1.601508757653390846e+00 1.634744917712327439e+00 5.584161602371348065e-01
-2.512923866703318687e+00 -1.266982936685010774e-01 2.895441697806307779e+00 1.482453664399195015e+00 2.048561956491713243e+00 1.888438759265201217e+00 8.137506384680117666e-01
-2.448369429736619196e+00 -6.391781591057449363e-01 3.098044614020576848e+00 1.388806416498803653e+00 2.261825718720176237e+00 2.012770525313899217e+00 1.034808037987504425e+00
-2.250818383946146639e+00 -1.007758555540837708e+00 3.100711220176180394e+00 1.072870245970615866e+00 2.276170544524148021e+00 2.000779552603135780e+00 1.175018676716450328e+00
-1.945430775450011973e+00 -1.281863702342661115e+00 2.934540261308093978e+00 5.322416283393479608e-01 2.124444295640516955e+00 1.955230866093823572e+00 1.200383720974565804e+00
-1.555144804617747623e+00 -1.521706456854546641e+00 2.643991653128911601e+00 -2.008006971826272469e-01 1.832761058668609833e+00 1.945553276742197468e+00 1.127571467955702733e+00
-1.100982195764090843e+00 -1.668478714948411268e+00 2.298183632770296914e+00 -9.887138699309435674e-01 1.454807872523837808e+00 1.919237790389032750e+00 9.883029892377918069e-01
-6.095961646828494951e-01 -1.630448250857026160e+00 1.949011970315829734e+00 -1.693416000571455804e+00 1.056665159470720150e+00 1.810513975090900729e+00 7.801701569810639558e-01
-1.109067455278076597e-01 -1.441137856510316562e+00 1.603373007995142263e+00 -2.301701881930911853e+00 6.614866416973023133e-01 1.653602693628425824e+00 4.919326936075937295e-01
3.582510930869177157e-01 -1.211091059270917647e+00 1.261199389798131953e+00 -2.857490008908700752e+00 2.490781792546935269e-01 1.512431992726483987e+00 1.558317956935055537e-01
7.454909731294310227e-01 -9.583947072127474431e-01 9.607384484031267213e-01 -3.303079606424812464e+00 -1.785609211657162854e-01 1.361751329864050897e+00 -1.681358846804770213e-01
9.975642943049031208e-01 -6.151973102132318738e-01 7.507026371048863833e-01 -3.484476837516604864e+00 -5.723865986499779845e-01 1.129095333034127346e+00 -4.441249359519810480e-01
1.086586961713206678e+00 -2.013332171969093032e-01 6.309772159550739445e-01 -3.315597130736354536e+00 -8.855634586828725618e-01 8.299683984157605332e-01 -6.520220077402992809e-01
1.015760973936189471e+00 1.366676653641950012e-01 5.727678952560466552e-01 -2.847016601590588003e+00 -1.095542435066410469e+00 5.613139879366849661e-01 -7.357978918632297471e-01
8.106036576031294683e-01 3.093749833197116383e-01 5.861478059896404469e-01 -2.149694567452222316e+00 -1.163275677821808296e+00 3.511002690297160278e-01 -6.197281052439727045e-01
5.096998937631904703e-01 3.907013890071459050e-01 7.067621798974453862e-01 -1.242099523015668394e+00 -1.025380979726603359e+00 1.250970618928550770e-01 -2.943009062043583923e-01
1.624990102067626618e-01 4.604642296574470439e-01 9.169936268609748531e-01 -2.099257326756688302e-01 -6.636787356811518768e-01 -1.424711991237102016e-01 1.511930608742695081e-01
-1.605473741563994972e-01 4.579067773275487530e-01 1.124679731735091393e+00 7.038627586650395562e-01 -1.657481835490904887e-01 -3.578867062677562050e-01 5.868864036518458560e-01
-3.766131017710485640e-01 3.058046763255715672e-01 1.230557382824827295e+00 1.253380637259269070e+00 3.119883303724522161e-01 -4.471520321316374558e-01 9.040581807459066033e-01
-4.301370453194738319e-01 7.994919859068458368e-02 1.200768651190825986e+00 1.387634215263026549e+00 6.469203732082070557e-01 -4.719859152795195523e-01 1.028606052948124239e+00
-3.091456115449402464e-01 -7.687092118894248149e-02 1.067053314628373162e+00 1.211399055517571766e+00 8.034415485507214738e-01 -5.378307947578256920e-01 9.258723404440486471e-01
-2.637108772342478674e-02 -1.441038269580056930e-01 8.751426537863030708e-01 8.163663562561624953e-01 7.964682367738004087e-01 -6.598568984092966216e-01 6.285370272149538584e-01
3.854769349848075066e-01 -1.929165136006134040e-01 6.570830376792442529e-01 2.561479275235098996e-01 6.465163147978915115e-01 -7.958453767773556731e-01 2.366282942210523044e-01
8.669807786256489290e-01 -2.089912205357676300e-01 4.401849278352106820e-01 -3.619177603766851603e-01 3.841784648674094749e-01 -9.531618737020428611e-01 -1.530861727824031626e-01
1.347055722178291948e+00 -1.077623928466781705e-01 2.393820910099602461e-01 -9.000736095405156290e-01 5.550473209856011253e-02 -1.155061368603886418e+00 -5.105085665119950544e-01
1.762126743626855951e+00 8.897623373984366035e-02 3.898866454450186647e-02 -1.306756311856568598e+00 -3.072318869680943365e-01 -1.335100291138411110e+00 -8.392839899471580267e-01
2.057690580307894646e+00 2.562970923292868242e-01 -1.790967305120640674e-01 -1.609974960221940643e+00 -6.852600490711180381e-01 -1.386028602135207066e+00 -1.108447071406819973e+00
2.190095096107269601e+00 3.369115895056515320e-01 -3.960014171384939052e-01 -1.812016054574042689e+00 -1.029329891783744122e+00 -1.289081861180883859e+00 -1.265388092350852922e+00
2.144457559864221263e+00 3.623819722609468164e-01 -5.797768372838150164e-01 -1.889370313510283950e+00 -1.267432905410056598e+00 -1.096437639336384606e+00 -1.297168115823643442e+00
1.945802896465226750e+00 3.131538333819368636e-01 -7.260036352771115364e-01 -1.884377814177604638e+00 -1.368376555849031950e+00 -8.244307258577768804e-01 -1.220289369147367964e+00
1.634555112817640321e+00 1.090372514675852778e-01 -8.326141399208489835e-01 -1.890405989781473117e+00 -1.351609694673372442e+00 -4.621864775797232539e-01 -1.023924317987446653e+00
1.239518612902045680e+00 -2.379752146788529088e-01 -8.571507941499723060e-01 -1.932748443871837418e+00 -1.225219273063220538e+00 -6.467079877219841788e-02 -6.828354934720100022e-01
7.816202202181635750e-01 -5.913990026543046730e-01 -7.412382575253724237e-01 -1.951668626766673409e+00 -9.516844963490660447e-01 2.652640297624203614e-01 -2.230082610826639167e-01
2.765314096740296157e-01 -8.554127770340290704e-01 -4.648744588168239322e-01 -1.918605665280507910e+00 -4.947997331404965782e-01 5.087591541983782495e-01 2.709617191577802786e-01
-2.642786001433633514e-01 -1.089539372759411151e+00 -5.651547396465383954e-02 -1.890620450738257574e+00 1.199810929070833920e-01 7.648732119656762585e-01 7.255698280575262338e-01
-8.165905266552005992e-01 -1.405307606117958796e+00 4.361533549439426394e-01 -1.912110818293064174e+00 8.157287265279173916e-01 1.111959888618265557e+00 1.133676032442824777e+00
-1.344350770669275885e+00 -1.792275357328102059e+00 9.755302749425684983e-01 -1.911540856853475523e+00 1.520707220506859247e+00 1.491170924228111039e+00 1.524836491485811241e+00
-1.815063838363144777e+00 -2.102521038882320337e+00 1.531006721505405066e+00 -1.741181742288735013e+00 2.193283420377225568e+00 1.760926474130107389e+00 1.893992595233003229e+00
-2.199176770097828637e+00 -2.210146356647229027e+00 2.041811602721052665e+00 -1.325987652719859744e+00 2.788919396625638036e+00 1.843422901799213864e+00 2.180286707613142472e+00
-2.467076561726972539e+00 -2.150090326742325697e+00 2.407621286485845058e+00 -7.574348858481043667e-01 3.216594132805691952e+00 1.794815467892553196e+00 2.320140575895078605e+00
-2.593439914450673456e+00 -2.047561101319623322e+00 2.544449351027375350e+00 -2.037569944332791871e-01 3.363499040531658046e+00 1.706230225953282220e+00 2.308061017216554767e+00
-2.563217288869226618e+00 -1.928059091544714443e+00 2.440392484700928843e+00 2.588401079797839066e-01 3.178813396253684864e+00 1.562681090042232768e+00 2.185314278683341715e+00
-2.383583196614281530e+00 -1.685514433159995384e+00 2.145222625637781544e+00 6.782761105689072423e-01 2.723445161489579824e+00 1.270736730130745062e+00 1.977380941938520209e+00
-2.094830192204605535e+00 -1.265061074681631537e+00 1.717041687849782283e+00 1.095458440570180825e+00 2.127542767698734849e+00 8.315714540025355150e-01 1.672497774584777774e+00
-1.754549150774495914e+00 -7.991604796771065722e-01 1.196080144824802183e+00 1.439854953385939940e+00 1.499377267684539383e+00 4.093107047684946820e-01 1.267270425543513657e+00
-1.409986499192479759e+00 -4.850790437921868037e-01 6.266616064720191837e-01 1.599303996903044478e+00 8.918403354357222756e-01 1.813129166697851347e-01 8.066362536843184605e-01
-1.096399471980328277e+00 -3.621971831635150685e-01 7.423162210955863705e-02 1.551889647626141011e+00 3.388249888679306654e-01 1.749886851765641016e-01 3.503208736993382311e-01
-8.462619573469774004e-01 -2.875477905284718472e-01 -3.893196094738536894e-01 1.381401188150542581e+00 -1.101746687874625569e-01 2.856635744737149318e-01 -7.800647248208324169e-02
-6.897636242096114589e-01 -1.355976468743472496e-01 -7.105480121655398662e-01 1.170865341432365758e+00 -3.964295748663047014e-01 4.246152910948181036e-01 -4.740706549435869110e-01
-6.424757005641701380e-01 5.008214341671581721e-02 -8.740765661895997241e-01 9.147458288071064203e-01 -4.974363509313148302e-01 6.018735622788690121e-01 -8.069354981531002835e-01
-6.860993604750869057e-01 1.613277257249901286e-01 -8.941511958602041954e-01 5.783078511991140980e-01 -4.523969803341148510e-01 8.276191230260530052e-01 -1.014980445384497276e+00
-7.739776817427425071e-01 2.225246095024344950e-01 -7.869089971369807035e-01 2.197752237931439867e-01 -3.185983680631158110e-01 9.955012084373150438e-01 -1.050917212175379367e+00
-8.563815495897335595e-01 3.910865367239764190e-01 -5.773341921728614157e-01 -1.861411585729268528e-02 -1.271387732527062553e-01 9.475263322143869793e-01 -9.330035273456943612e-01
-8.944468968884693449e-01 7.497795242999414356e-01 -3.262384368067506313e-01 -6.113164164014885799e-02 9.066668930480582811e-02 6.426181999901855457e-01 -7.395663386527421279e-01
-8.601513225081333092e-01 1.167439302601452233e+00 -1.097643768980238743e-01 8.779876158310846029e-03 2.728953699727853510e-01 2.082650582768253433e-01 -5.444556586691913225e-01
-7.361642123110766489e-01 1.445114831743885775e+00 2.936056698974394766e-02 5.594368291792455039e-02 3.627193754128935077e-01 -2.019268054131120038e-01 -3.747560795629723551e-01
-5.205290057927964842e-01 1.557310745661266260e+00 9.011909007427791607e-02 6.148949362591120404e-02 3.512225135779342700e-01 -5.655104271763553569e-01 -2.391655479430981890e-01
-2.298266963476390812e-01 1.643950125509651583e+00 7.978165886544633101e-02 1.304427240982443670e-01 2.658041044038781386e-01 -9.552679266924358759e-01 -1.656546672149077915e-01
1.088153062450596675e-01 1.784869137573982023e+00 -1.631401634441302650e-02 3.444164023297791588e-01 1.301214631676894662e-01 -1.385830857933650684e+00 -1.774771618518703742e-01
4.765009473521379380e-01 1.893309392673437008e+00 -2.241363022024710494e-01 6.610832603607962321e-01 -5.737738477618082450e-02 -1.784157251464236316e+00 -2.459121162579375741e-01
8.597285937256476940e-01 1.862304812366933238e+00 -5.346289516574340706e-01 9.863713666502569311e-01 -3.031541882522691411e-01 -2.099695393665885312e+00 -3.037869363937960032e-01
1.225429306860362333e+00 1.719307826916373072e+00 -8.849191314564474053e-01 1.290078071767332135e+00 -5.794319949063201358e-01 -2.351947572421696719e+00 -3.138089092269796265e-01
1.519945051716550033e+00 1.553431694705657007e+00 -1.201626603953771522e+00 1.587218764525608838e+00 -8.219285757953493921e-01 -2.539567893776450092e+00 -3.056300320910889656e-01
1.695969640919903654e+00 1.342722441019984947e+00 -1.447138911249300719e+00 1.838741111521414284e+00 -9.739343522353859361e-01 -2.562815721727504492e+00 -3.289279201002735520e-01
1.737044653932070970e+00 9.634141443594672616e-01 -1.608147265645214263e+00 1.952041565077734520e+00 -1.019727798066611735e+00 -2.310260625732404538e+00 -3.792022327637911139e-01
1.659007426287875786e+00 3.832139241039976274e-01 -1.664989001260031909e+00 1.891747531833212204e+00 -9.744605764809284310e-01 -1.807164853443025132e+00 -4.075856560571092246e-01
1.500180672524292103e+00 -2.396193098841399027e-01 -1.606910253277602951e+00 1.731794618766421934e+00 -8.640565583884877165e-01 -1.213745836822366142e+00 -4.097341046649205509e-01
1.323729865806807071e+00 -6.984325531141930554e-01 -1.478010730638124492e+00 1.564085681236934144e+00 -7.371614199693298231e-01 -6.724493451272808286e-01 -4.710543749723815066e-01
1.216936122488019745e+00 -9.437158360098235610e-01 -1.386168773277828059e+00 1.382646154916353787e+00 -6.908360047295727391e-01 -1.927784312631831698e-01 -7.029798399387735541e-01
1.259440050102757613e+00 -1.090830307767046925e+00 -1.436127986199633222e+00 1.112080156141177278e+00 -8.324700912118894180e-01 2.845527081717943441e-01 -1.128986999386859313e+00
1.473727778571882752e+00 -1.230801873062810969e+00 -1.648370625932561451e+00 7.418887383632667420e-01 -1.189898647669768161e+00 7.438528384218661138e-01 -1.653815528690130598e+00
1.807839389575716327e+00 -1.304009826964842800e+00 -1.958239758366240757e+00 3.756260965329597523e-01 -1.678548298207622302e+00 1.075383022877688166e+00 -2.153986692029988603e+00
2.167032633632614225e+00 -1.197258195189530250e+00 -2.279035507786287607e+00 1.408866394881402306e-01 -2.151860537987515531e+00 1.190910761667109741e+00 -2.558803763016757493e+00
2.460696197517541872e+00 -9.262928221080485303e-01 -2.550963846966235238e+00 6.701436762305625072e-02 -2.480214577378293761e+00 1.124675899255945133e+00 -2.840361997480061795e+00
2.632245897232855292e+00 -6.585741141786783936e-01 -2.739082794380128583e+00 6.902232466646224252e-02 -2.594277003041132623e+00 1.001735527582324981e+00 -2.970510001199708761e+00
2.658226681608739206e+00 -5.570176392661407849e-01 -2.804970747538625186e+00 4.913522440144564574e-02 -2.472718078898282101e+00 9.172153732907846191e-01 -2.911529591528673411e+00
2.534099251905777894e+00 -6.498509103840666157e-01 -2.704939533764872284e+00 -2.164968541930543597e-02 -2.119802618367744973e+00 8.720000299580483727e-01 -2.646805149665827361e+00
2.273265853298695571e+00 -8.603655359570706596e-01 -2.421248661824642934e+00 -1.193534992220309926e-01 -1.561090290547620496e+00 8.191186118037627750e-01 -2.208320967296065085e+00
1.915375272059761658e+00 -1.140636357039477522e+00 -1.989704998572954464e+00 -2.407094148449353266e-01 -8.637350649102426559e-01 7.553214880522501895e-01 -1.666206288244894917e+00
1.530106975777297595e+00 -1.525642418391907507e+00 -1.490069193465517694e+00 -4.373085386176158162e-01 -1.585437744563908680e-01 7.304504469883631446e-01 -1.093824010423607218e+00
1.198963426934474219e+00 -2.017675110112159942e+00 -9.986483033404676135e-01 -7.419282257872628072e-01 4.009848433177956029e-01 7.493151409733928014e-01 -5.499529878545138528e-01
9.696732348265737489e-01 -2.468015174744128348e+00 -5.489637266509708180e-01 -1.065402989541629486e+00 7.364325309994504964e-01 7.149342182490356912e-01 -8.720808510136664193e-02
8.209390768987808729e-01 -2.648961208466039885e+00 -1.466439449503211256e-01 -1.210803646220024676e+00 8.979870456518812549e-01 5.107817072078196796e-01 2.517693768480856464e-01
6.744092817177933519e-01 -2.460898496187704509e+00 1.736833335422619251e-01 -1.027863174091931064e+00 9.920407756909275232e-01 1.447887979916564205e-01 4.545337181366526647e-01
4.420678378537652997e-01 -2.014973231608801818e+00 3.315126393765175372e-01 -5.269902042039001921e-01 1.061454619185778103e+00 -2.279685995282934308e-01 5.470140693659476527e-01
7.112949358905720776e-02 -1.472421070283256306e+00 2.657399751650352249e-01 1.896884146021176054e-01 1.079535013965021495e+00 -4.650810257420580629e-01 5.778377119386016725e-01
-4.343846126560826360e-01 -8.761938875230538271e-01 -7.356015530896858196e-03 1.035690510545016485e+00 1.028171638694529655e+00 -5.655294886722791459e-01 5.756818329727356742e-01
-1.007582807030245275e+00 -2.175238235167758216e-01 -4.278124390607295768e-01 1.915213661229710151e+00 9.097320994357533941e-01 -5.943999102840800131e-01 5.229235405048754393e-01
-1.527075621319173182e+00 4.080381852128596720e-01 -9.544501555564166573e-01 2.656278053644183679e+00 6.975470368405561894e-01 -5.532390215527900335e-01 3.905718841496809146e-01
-1.865300607651979803e+00 8.560483889197433305e-01 -1.547210382506404747e+00 3.072037064288718700e+00 3.498927200618819344e-01 -4.088232746084648483e-01 1.769819163603186529e-01
-1.957772058747605959e+00 1.116197626059534320e+00 -2.111664078529622124e+00 3.085750341354219550e+00 -1.175507248211619948e-01 -1.889855563556765150e-01 -1.186250189645579045e-01
-1.820832113620915793e+00 1.274901539414554863e+00 -2.524313104971419364e+00 2.721523099267832091e+00 -6.252685290357644643e-01 6.089450268431522567e-02 -5.150088039582392252e-01
-1.510356795534508745e+00 1.324507256884343676e+00 -2.702964656491329443e+00 2.012783029483196540e+00 -1.082778908073904756e+00 3.599366377225798885e-01 -9.834434809289085422e-01
-1.087906162496735440e+00 1.184476471432157618e+00 -2.619926785003812153e+00 1.020957030585444514e+00 -1.412862998007705428e+00 7.301475944060472623e-01 -1.414119369507540913e+00
-6.219264670800532802e-01 8.830220832221833405e-01 -2.275065421895029250e+00 -8.534912422743301530e-02 -1.544275956879978207e+00 1.109515706052850215e+00 -1.698078038013524527e+00
-1.893374708204562384e-01 5.578127076115354521e-01 -1.698273388854691035e+00 -1.072837292106633589e+00 -1.415355997679676126e+00 1.408489238613259031e+00 -1.798603374455895576e+00
1.430248981554642085e-01 2.752940084493728512e-01 -9.794646215164152236e-01 -1.787732690245827039e+00 -1.023400312122898947e+00 1.624179060204744784e+00 -1.730137464153004512e+00
3.392985310681446709e-01 -2.363886868828296225e-02 -2.571043859123072206e-01 -2.209629254946372967e+00 -4.730105717066000470e-01 1.824532654090490702e+00 -1.515238608003419474e+00
4.026615103141403806e-01 -3.614850265332815726e-01 3.549268023760374091e-01 -2.359233375062607774e+00 7.122900109971877503e-02 2.008658929680036564e+00 -1.182724076598466345e+00
3.662588770891743728e-01 -5.964008815273541542e-01 8.166189060783565212e-01 -2.203110667077582630e+00 4.944268420125920160e-01 2.046620074035530479e+00 -7.922779418675954810e-01
2.610968209855371591e-01 -5.322389143318142501e-01 1.127627175927962355e+00 -1.685585182794207437e+00 7.668286974647324783e-01 1.809567285400797143e+00 -4.307885475205920356e-01
9.220472320384384690e-02 -1.457726207115868089e-01 1.279894522670593560e+00 -8.583630508901906042e-01 8.839797107137237209e-01 1.334165530641300723e+00 -1.606331870123056671e-01
-1.383512784055432321e-01 3.759968766335096135e-01 1.272962364355230358e+00 8.391733728904733625e-02 8.375514237963188613e-01 7.911934603095130969e-01 2.324310704764553578e-02
-4.101836145971627379e-01 8.598546985309556412e-01 1.146297553820094572e+00 9.505505069546925645e-01 6.480387942997488659e-01 3.054909933334521432e-01 1.631404785741246422e-01
-7.057883994486718882e-01 1.316509888597945599e+00 9.658508233217768524e-01 1.680957279917864700e+00 3.713833541013979445e-01 -1.152311294063178282e-01 2.673959739727929108e-01
-1.021160129386385007e+00 1.821310532525207693e+00 7.917174210367373677e-01 2.279113239307039684e+00 6.796431440298289495e-02 -4.797269359654230403e-01 2.999236886646348133e-01
-1.338834277241652160e+00 2.321786162080393012e+00 6.637019440153577587e-01 2.693605913351692305e+00 -2.262514746261118648e-01 -7.340144536173215384e-01 2.469819544433306258e-01
-1.610706985686306325e+00 2.682371773651845537e+00 6.022087727942577740e-01 2.842362759023450369e+00 -5.008829652688676637e-01 -8.318367193669592430e-01 1.561873531606367826e-01
-1.780085048836408612e+00 2.865581199955246294e+00 6.126546220287742983e-01 2.716154884353999766e+00 -7.393446767451974377e-01 -8.212650753039099083e-01 8.477562755508558090e-02
-1.813531385816607999e+00 2.940236016647726824e+00 6.829208939770700093e-01 2.375537359878842292e+00 -8.957471046178244745e-01 -7.841460465827396753e-01 3.484204270795542707e-02
-1.712272655246895425e+00 2.912439518048847820e+00 7.800583503953404385e-01 1.849987607368759557e+00 -9.184273711749354474e-01 -7.066579171071019072e-01 -2.895272625994551458e-02
-1.504656142443549172e+00 2.657713895524076886e+00 8.659409622489601110e-01 1.107485802370886008e+00 -7.959744391617622483e-01 -4.821710969914216882e-01 -1.075807777948087213e-01
-1.233646015680704755e+00 2.078783804017382941e+00 9.266853412882858354e-01 1.603710912678815992e-01 -5.633690711431769138e-01 -6.287419330187028754e-02 -1.458831104054353900e-01
-9.448398445283985314e-01 1.271587312160295191e+00 9.755685995816616440e-01 -8.422965350757821712e-01 -2.610577305073513155e-01 4.458035998915902964e-01 -9.152032176873717284e-02
-6.732859882620958469e-01 4.595172487152048291e-01 1.021692545213747527e+00 -1.679214557201390345e+00 9.037256986443263640e-02 8.762127902773748644e-01 4.763313277206481650e-02
-4.364613447356759379e-01 -2.224732071429666724e-01 1.051570214272421255e+00 -2.206738278529562169e+00 4.643115554722079819e-01 1.150413228596124826e+00 2.266055862054289494e-01
-2.342835827363735912e-01 -7.992416950179720425e-01 1.044036988438281188e+00 -2.415300565242373576e+00 7.925596500538379940e-01 1.289558755076242846e+00 4.269930175752772450e-01
-4.987518643753822978e-02 -1.299916193973575940e+00 9.943593209681156342e-01 -2.341826248844358194e+00 9.910484386594055062e-01 1.288221635806632293e+00 6.637286515797516939e-01
1.400351858804382843e-01 -1.636675145656005803e+00 9.209884412735627190e-01 -1.983201677444256239e+00 1.032171049235665272e+00 1.067345376211626506e+00 9.342211708923936486e-01
3.417077156612786104e-01 -1.711971481715515164e+00 8.329908509040770959e-01 -1.341640932703296984e+00 9.496834925619063172e-01 5.969481467597286262e-01 1.189474829983122817e+00
5.420685136630295498e-01 -1.577429920176895317e+00 6.989650728564975601e-01 -5.196148967901291771e-01 7.659744509605065366e-01 -8.002711016154948065e-03 1.370286290440654531e+00
7.301105534147797060e-01 -1.383832116656924738e+00 4.912010629020962527e-01 3.016824846176425767e-01 4.820140662514581509e-01 -5.878937388025392563e-01 1.457281551158446709e+00
8.942912408823641135e-01 -1.213785220500591233e+00 2.432843051044275562e-01 9.649304785938335183e-01 1.427445097455313228e-01 -1.057283391167383124e+00 1.445028054594619249e+00
1.015309684010370139e+00 -1.079244890811579038e+00 2.251194942060025586e-02 1.362728332650592566e+00 -1.618746008545288717e-01 -1.364879351576087085e+00 1.299799497707406992e+00
1.087422056195290310e+00 -1.040674613572941887e+00 -1.263259673889293999e-01 1.412831565884599794e+00 -3.665510811692346271e-01 -1.442991771870743456e+00 1.017914870182291986e+00
1.124625889865335848e+00 -1.178072315307931550e+00 -1.804570137768497784e-01 1.105654302243660458e+00 -4.458053838321630602e-01 -1.279219143249483492e+00 6.892968336420560727e-01
1.133273657951845870e+00 -1.436831254365044108e+00 -1.145898704103932436e-01 5.756492431165493029e-01 -3.653133284788031565e-01 -9.870125113832336483e-01 4.348278442257993426e-01
1.093333885720275234e+00 -1.622068530368727668e+00 7.789399787683219667e-02 5.195298298689925848e-02 -7.953164589722978850e-02 -7.311191547623996367e-01 3.016389695036151841e-01
9.722595583886368686e-01 -1.601321917923455684e+00 3.431173454429687353e-01 -3.082090198862360575e-01 4.033496677192094371e-01 -5.680995722513794144e-01 2.558550744760595963e-01
7.520150697229200931e-01 -1.455664753418342450e+00 5.849207414913877301e-01 -5.190323304933904813e-01 9.829113269744267356e-01 -4.002773772337455682e-01 2.642123700993650459e-01
4.441185206769214244e-01 -1.362772345535703700e+00 7.373747685444644873e-01 -6.771183438776309238e-01 1.514681190761187457e+00 -1.285643200422173782e-01 3.550603047553895220e-01
9.594394731088791428e-02 -1.363745777104675705e+00 8.083602467635861988e-01 -8.216470168703076116e-01 1.899049325443363356e+00 1.729876880303017339e-01 5.918987092555376694e-01
-2.145516595048292119e-01 -1.307782271655701711e+00 8.477835901094987747e-01 -9.140078084588832974e-01 2.126476674284881518e+00 2.865142979729728978e-01 9.900318098435811898e-01
-4.197967571844546941e-01 -1.014095980690835619e+00 8.744409926772283015e-01 -9.129749146544617888e-01 2.239552803780627155e+00 5.870831380411879741e-02 1.461287347661043068e+00
-5.075499030283229240e-01 -4.689131666320087710e-01 8.442519057880446542e-01 -8.508048209934869766e-01 2.247100378041392510e+00 -4.456028770588776333e-01 1.860425242540954871e+00
-5.139467395309678110e-01 1.429770161970867759e-01 7.028391921350976013e-01 -8.298016204526021955e-01 2.095670892560912435e+00 -1.007186075804605174e+00 2.099000251576936371e+00
-4.870847065616044080e-01 6.133621666481762214e-01 4.601291643851069257e-01 -9.260997058759468104e-01 1.742371158740989578e+00 -1.441211540419981008e+00 2.189319349710299178e+00
-4.610147558093515285e-01 8.981350262245996197e-01 2.038225163653021865e-01 -1.102864322261651209e+00 1.235857541655076108e+00 -1.715343843409136815e+00 2.185177321773100534e+00
-4.444732838561586963e-01 1.119011129708356478e+00 4.115252151053148261e-02 -1.224963604417818042e+00 7.069719668058266349e-01 -1.914425167188986254e+00 2.114416123321305907e+00
-4.349662338118897020e-01 1.389474686054646080e+00 1.611266894588106457e-02 -1.173553043427776554e+00 2.683933341248070925e-01 -2.086982187999400828e+00 1.955997485673544034e+00
-4.371277225439406666e-01 1.662077967165073167e+00 8.322787443687705566e-02 -9.496450438360396484e-01 -6.782340638069835059e-02 -2.147355503378613584e+00 1.675720041878569155e+00
-4.512343396457668132e-01 1.784907027201084073e+00 1.678627161253892497e-01 -6.439263934037169346e-01 -3.625596692436646729e-01 -1.979823906109790421e+00 1.290029085184535740e+00
-4.558103661470301327e-01 1.688704704405354695e+00 2.349021843503344142e-01 -3.304060207568250140e-01 -6.689272880840066993e-01 -1.603157500114084977e+00 8.684116973096208669e-01
-4.073516643058513464e-01 1.478718135259067035e+00 2.931844839696556293e-01 -9.258554896263131856e-03 -9.849492943601322326e-01 -1.195146861477530242e+00 4.713010693582137534e-01
-2.605916689162763311e-01 1.347286647850125529e+00 3.475075744592868165e-01 3.679166566724083043e-01 -1.258287450620550141e+00 -9.626649640485964721e-01 1.044994359940080303e-01
-3.532197223980187636e-03 1.378151262285788770e+00 3.609721282762188288e-01 7.966220848950236189e-01 -1.436752311887864231e+00 -9.622676665654167349e-01 -2.657386308392348795e-01
3.284555636887455110e-01 1.439916560316302663e+00 2.780274876981703724e-01 1.148868544541407744e+00 -1.516167515209475347e+00 -1.049027183979236000e+00 -6.517891534777883189e-01
6.675033057639248035e-01 1.333489147090286986e+00 8.528605026599889172e-02 1.268677866634855489e+00 -1.525682265803313120e+00 -1.036105611516265679e+00 -1.005925217006933048e+00
9.387084772129635768e-01 1.035233824964320259e+00 -1.627524450464434835e-01 1.133928869781548832e+00 -1.478093028722994529e+00 -8.921615011598694744e-01 -1.250899137443238995e+00
1.090532260349576843e+00 7.309862713840619142e-01 -3.907220004108597489e-01 8.718910652731544086e-01 -1.364048336101504777e+00 -7.458318175597005162e-01 -1.345381925244066190e+00
1.116190800423684459e+00 6.041777814393424206e-01 -5.730521520368667687e-01 6.125989172971542107e-01 -1.193712082484538195e+00 -7.075873546493619548e-01 -1.316007167438703718e+00
1.045806665603606689e+00 6.309051595116235145e-01 -7.404735740095774732e-01 3.678359688239647429e-01 -1.016967183237963424e+00 -7.431378217697122146e-01 -1.206849483579722770e+00
9.047050181931336477e-01 6.273698005130876609e-01 -9.156726626830232751e-01 8.058800914070167465e-02 -8.910014790489590997e-01 -7.373922238294416953e-01 -1.009382879239765218e+00
6.884024471461575034e-01 4.876854881702795130e-01 -1.066418816578110551e+00 -2.469129155966384159e-01 -8.340860885144619763e-01 -6.395938433949495128e-01 -6.970363257295938419e-01
4.013897848320219230e-01 3.095704611451821076e-01 -1.134021028241466666e+00 -5.181146748415842440e-01 -8.121783376021174394e-01 -5.219037108687070159e-01 -3.118450043689297013e-01
9.975220874285418982e-02 2.539961684944857523e-01 -1.096075999581058502e+00 -6.376725423741713694e-01 -7.713764642865975629e-01 -4.871127388324895668e-01 3.861271871908871639e-02
-1.282907484739252701e-01 3.308155298011308254e-01 -9.895998439090768484e-01 -6.287362124776023631e-01 -6.929831658802571015e-01 -5.338844632227729425e-01 2.620240879680058033e-01
-2.179274631651749172e-01 4.127253394245053442e-01 -8.702132135646301059e-01 -5.995159004090919730e-01 -6.154679542944749837e-01 -5.822848577219701394e-01 3.447870836914168069e-01
-1.583439707566229870e-01 4.440547399146368424e-01 -7.551434961254684941e-01 -5.873930828485245392e-01 -5.874160090027550352e-01 -6.230552109627600643e-01 3.381549737044987625e-01
2.302961524841807064e-02 5.161135309107548474e-01 -6.256197054709844441e-01 -5.191148995290369994e-01 -6.101416342764265366e-01 -7.348806695019989288e-01 2.805333911281842618e-01
2.895760278428651802e-01 7.107500101048450647e-01 -4.888647225092416226e-01 -3.413579136967331285e-01 -6.556958447507129639e-01 -9.376332813672785260e-01 1.524218525777444322e-01
6.145267428443665914e-01 9.628599098398624712e-01 -4.058809481600382241e-01 -1.161309724370849367e-01 -7.228348701319742275e-01 -1.124222283881068707e+00 -8.006683651548142377e-02
9.710750309634518240e-01 1.138786039715089071e+00 -4.407190773883392643e-01 5.287297540275128632e-02 -8.394502652350435135e-01 -1.168128071377466215e+00 -4.077554752510994529e-01
1.295250798086210242e+00 1.201565268397130071e+00 -6.047879688421217148e-01 1.418746350152214064e-01 -1.024488460626365116e+00 -1.023533889628424065e+00 -7.997314034325782028e-01
1.496620506860255384e+00 1.232536007114814147e+00 -8.601469626796618417e-01 2.144191451938115001e-01 -1.260186648621580696e+00 -7.059226336224863063e-01 -1.256735570195346874e+00
1.534182237097636126e+00 1.284461765671383260e+00 -1.156061386977563110e+00 3.176817352260236094e-01 -1.494944922849427815e+00 -2.320666993690665425e-01 -1.786007933601881703e+00
1.460059847367047636e+00 1.262351502457066177e+00 -1.449825436539916135e+00 3.980022336392535776e-01 -1.692016319852334139e+00 3.901684057643885484e-01 -2.326528812836515581e+00
1.364541379750029426e+00 1.033796996998382678e+00 -1.699779761159998293e+00 3.664800671812613042e-01 -1.867490254049274601e+00 1.099511264629707163e+00 -2.751636014245389728e+00
1.284051438345471308e+00 6.344832268994685665e-01 -1.861817961893734941e+00 2.269842457789011392e-01 -2.051268288511605142e+00 1.751996491122625343e+00 -2.969400920755188356e+00
1.180632904337051370e+00 2.584356108567741339e-01 -1.903776390641056748e+00 7.421517238533603678e-02 -2.219412243382272276e+00 2.207130961986014217e+00 -2.989668273911516572e+00
9.948450523297848180e-01 5.552973223567744115e-02 -1.813413797166652186e+00 -1.180926478278532255e-02 -2.285895331382481910e+00 2.426410610794502709e+00 -2.870355855091969666e+00
6.977757059064626510e-01 -9.560909199365487041e-03 -1.603562824552225097e+00 -4.697183471853619285e-02 -2.176070212681890936e+00 2.488793693321275313e+00 -2.636934878064263188e+00
3.058807226605104734e-01 -9.822428315929153386e-02 -1.309658588579876604e+00 -1.251968869432169007e-01 -1.890666736718523477e+00 2.519743139457807146e+00 -2.278900586151971552e+00
-1.318614041314031260e-01 -3.054431631254375112e-01 -9.619851724858329289e-01 -2.975759473932680921e-01 -1.478212024874736796e+00 2.572237254231487746e+00 -1.796171749730253842e+00
-5.457613208863084653e-01 -5.574128369578641440e-01 -5.725816441363774656e-01 -4.892625731674036249e-01 -9.801643743290190391e-01 2.571720945126221292e+00 -1.227506427382521359e+00
-8.530304015647147686e-01 -7.300214883102940089e-01 -1.609389156251942732e-01 -5.836543412476690174e-01 -4.278391459022917731e-01 2.408626697153375407e+00 -6.363483148053246108e-01
-9.852456899725927641e-01 -8.286793523559944363e-01 2.270258025334606355e-01 -5.625890837605624917e-01 1.273164093234415151e-01 2.076602998399978084e+00 -7.341664261335885400e-02
-9.274631671579230963e-01 -9.695753098426951322e-01 5.470068357423627514e-01 -4.924944356044786420e-01 6.134840370176645186e-01 1.662842228653377274e+00 4.497202999518307709e-01
-7.302020932086892291e-01 -1.188579377398267800e+00 7.982165425492329103e-01 -3.900271102284174618e-01 9.791753473701677590e-01 1.215668163646995481e+00 9.420497640637093273e-01
-4.736629111013030968e-01 -1.373132466889000369e+00 1.007992547994828181e+00 -1.883112837359945391e-01 1.209325704660808798e+00 7.102511629110190849e-01 1.378513115227310015e+00
-2.100817775732063963e-01 -1.425725035118521999e+00 1.175687103842105286e+00 1.448489098564169075e-01 1.296179498781596218e+00 1.519975807022749259e-01 1.692197875275171848e+00
5.456421190689558776e-02 -1.412600495281667978e+00 1.271259212043211351e+00 5.228823271185839561e-01 1.231310742557174098e+00 -3.645230833322525288e-01 1.842890790277720736e+00
3.134280722091713489e-01 -1.464790018462532428e+00 1.289865765449526469e+00 8.302659720594907089e-01 1.038383170909640274e+00 -7.345826172644042140e-01 1.859248313225230653e+00
5.149091308433461078e-01 -1.581915423568371448e+00 1.269161337542213941e+00 1.050263563967364311e+00 7.869750868693611290e-01 -9.372034736517803610e-01 1.789576411493603247e+00
5.901666571031670694e-01 -1.638171238009242581e+00 1.245879930857503037e+00 1.240029364982632387e+00 5.614385113281975537e-01 -1.011668157019503189e+00 1.647314098449489617e+00
5.111378765851271044e-01 -1.558581999845200183e+00 1.212812926225461441e+00 1.407295799656521185e+00 4.081224320042862175e-01 -9.726853218587311334e-01 1.430158013585917987e+00
3.128922950231572964e-01 -1.391339994470696340e+00 1.131996137383327383e+00 1.472872518625437666e+00 3.050406170266981576e-01 -8.072453410183613176e-01 1.164210710972920504e+00
7.022566153290640822e-02 -1.188832824379314479e+00 9.886927795354093496e-01 1.373226463331293612e+00 1.974138721689430997e-01 -5.586718259854268620e-01 9.001820996355852644e-01
-1.449619464857779816e-01 -9.017848935757198925e-01 8.047794131193508615e-01 1.151734290104107661e+00 5.930278210503148184e-02 -3.443855980003568962e-01 6.631946164490023499e-01
-2.908787397500295913e-01 -4.640330768967574349e-01 5.886197546392395452e-01 9.027852716117009679e-01 -1.049441104538963304e-01 -2.406964680662987133e-01 4.229126234477488255e-01
-3.565797105070755979e-01 6.469915793766169154e-02 3.096773077551538411e-01 6.646782313657673136e-01 -2.989269457858440004e-01 -1.994603846000372049e-01 1.383266760541654317e-01
-3.567387161158908082e-01 5.331240587832557498e-01 -4.626181190539037369e-02 4.151515618792024354e-01 -5.293700679590715996e-01 -1.274291350162036762e-01 -1.824572708817055744e-01
-3.335789923070088259e-01 8.677213719053956664e-01 -4.220385889596622309e-01 1.482978372692342339e-01 -7.719610932348012211e-01 -2.900888487749657841e-03 -5.036015734845229463e-01
-3.460098584089646989e-01 1.130950282655559525e+00 -7.166333868638256055e-01 -8.465998442671021640e-02 -9.623766179846083846e-01 1.197991462358940912e-01 -8.116296770696929119e-01
-4.386228661286306618e-01 1.393035332517189140e+00 -8.581664397121605559e-01 -2.210912540774390145e-01 -1.025853102085543256e+00 1.920056906041079925e-01 -1.095080273903508150e+00
-6.189520754441848460e-01 1.599425852708115547e+00 -8.458149550886376877e-01 -2.628730099016135524e-01 -9.303990047667767271e-01 2.344918579964274385e-01 -1.302244327951219027e+00
-8.686953178759286853e-01 1.621416519962984637e+00 -7.172848680932882859e-01 -2.714640183936017914e-01 -6.988482755712640548e-01 3.031270152818176244e-01 -1.352812625413844838e+00
-1.168074740322337046e+00 1.433311194759126384e+00 -4.863539230269980362e-01 -2.729172823631161315e-01 -3.621823748526953324e-01 3.896771208021321820e-01 -1.186028169229794038e+00
-1.492240443365862701e+00 1.166639070196586303e+00 -1.527519685650799430e-01 -2.149162787372576044e-01 6.341105590904788647e-02 4.076213590057024549e-01 -8.034478062864706116e-01
-1.787017985818452726e+00 9.409041705815305301e-01 2.321669963855134411e-01 -6.034787621544129843e-02 5.456337270481629309e-01 3.064054315386618987e-01 -2.672934092522156191e-01
-1.961551410910190141e+00 7.083724943473641567e-01 5.555663904959415866e-01 1.164229047062288330e-01 1.010354963879787071e+00 1.427273564046064869e-01 3.441921442141396836e-01
-1.932346210246160823e+00 3.603237761076195644e-01 7.155969420961455496e-01 2.011932752333729923e-01 1.369424400556770394e+00 -3.357387677662201832e-03 9.599744394347745624e-01
-1.690653933615662741e+00 -6.589925976280645858e-02 7.003392036551471245e-01 1.913205722104089623e-01 1.579893941771000732e+00 -1.311629389736477802e-01 1.490300795211080720e+00
-1.303873214476316544e+00 -4.005558938157257609e-01 5.904507570826302842e-01 1.983068920677684976e-01 1.662351875283107683e+00 -2.955498131107243132e-01 1.823626699772933568e+00
-8.544245019052019163e-01 -5.558777529894709524e-01 4.846403907518681553e-01 2.792295302860473005e-01 1.657624368727833142e+00 -4.924744980774846126e-01 1.896372564453230547e+00
-4.008135418136466455e-01 -6.346570532620009475e-01 4.378431804801384830e-01 3.326189695805368829e-01 1.583778157226165550e+00 -6.132677847917780145e-01 1.751257436803588918e+00
7.186421222757576402e-03 -7.803972248026337377e-01 4.675969670948277312e-01 2.260504372784807037e-01 1.433674653600313764e+00 -5.625337177409166500e-01 1.509871594164014619e+00
3.103546343966912535e-01 -9.823004841649876084e-01 5.793366219485509561e-01 -2.607978829376366228e-02 1.200179936676859072e+00 -3.863995345683599036e-01 1.296051922729513306e+00
4.655865509703197569e-01 -1.089574057468851054e+00 7.609548893271967929e-01 -2.717728292219226405e-01 9.059729357364679769e-01 -2.286555660989984529e-01 1.171363030822548446e+00
4.709254985225648227e-01 -1.003222267914776644e+00 9.557531484045359571e-01 -3.809470618336379122e-01 5.931201416460636366e-01 -1.721960717715953215e-01 1.129853921337619083e+00
3.581102883847402385e-01 -8.107854762520669833e-01 1.054783247065424590e+00 -3.614189396563844414e-01 2.770688867672907452e-01 -1.555119008708832629e-01 1.140705823658275220e+00
1.700880403246462225e-01 -6.827115494905426907e-01 9.472765927342936543e-01 -3.007677551452807574e-01 -5.456288377980189619e-02 -6.097051302179887916e-02 1.168009174374303738e+00
-6.822373981133367238e-02 -6.569196246076328682e-01 5.998348488436542336e-01 -2.253533368355221667e-01 -3.865271317009584262e-01 1.501144237645433976e-01 1.147232177401677156e+00
-3.504204954199516275e-01 -6.092053954962025619e-01 8.303040850716489341e-02 -7.680914537221172900e-02 -6.463448644469630411e-01 4.258899344110408380e-01 9.820540853006737292e-01
-6.482877060569639527e-01 -4.575770887567502387e-01 -4.769127969184416838e-01 1.525291726436486806e-01 -7.493998674368196333e-01 7.207844533203270343e-01 6.141641888686515394e-01
-8.906050699202464616e-01 -3.258495808042040642e-01 -9.550905931901162438e-01 3.153107770614840821e-01 -6.578947517976367898e-01 1.047446284036883890e+00 1.157733612198505596e-01
-1.006998900025840360e+00 -4.110911761640779760e-01 -1.238356141443637704e+00 2.410273241378289300e-01 -3.800220232097878958e-01 1.381244306774841224e+00 -3.052342536464703326e-01
-9.740630733149467924e-01 -7.042694523216501690e-01 -1.215699760645681415e+00 -2.799872172589200001e-02 5.528070932878615534e-02 1.534166530045874666e+00 -4.234548953921903891e-01
-7.887841370966853782e-01 -9.281358025168229275e-01 -8.183688368286935466e-01 -2.155240516501022996e-01 5.767417470207948371e-01 1.214994401327655016e+00 -1.566954885446343038e-01
-4.597218084204158228e-01 -7.902700898612610159e-01 -1.312034799395081219e-01 -7.379400083292607382e-02 1.027233403199181883e+00 3.303392124313334621e-01 3.434545412149898058e-01
-7.380765309871059610e-02 -3.050304471350628877e-01 5.718600598298420046e-01 3.343607886386990580e-01 1.210019742685182198e+00 -7.638660001385025877e-01 7.740436390615308415e-01
2.084246568074258343e-01 2.168883415636161105e-01 1.019952980749674554e+00 7.019094397874969804e-01 1.035123996530131540e+00 -1.498427973066949415e+00 9.236105485660388581e-01
2.720219664425671535e-01 5.215340365638313491e-01 1.158689443466753399e+00 8.196297497406216381e-01 5.966054179813686797e-01 -1.608871736353150839e+00 8.222633485167089029e-01
1.251559208530184930e-01 6.169252362863809624e-01 1.104556281522135697e+00 7.257042154557873381e-01 9.057769891213988955e-02 -1.262919805799490591e+00 6.301566297168257336e-01
-1.369578399377871514e-01 6.352104354709861012e-01 9.643402647452145038e-01 5.630915688307851497e-01 -3.137808883593123377e-01 -7.629897339312956550e-01 4.561714632479311193e-01
-4.127683024282633450e-01 6.294455903360861582e-01 7.628520289927055442e-01 4.128615882423145589e-01 -5.399818323162285383e-01 -2.862786600320386121e-01 3.173130120856858527e-01
-6.454707586465934233e-01 5.553762105235479085e-01 4.907628977220136468e-01 2.748720564493789542e-01 -5.972977397076320027e-01 1.279689504675709244e-01 1.974021697125554475e-01
-8.185687297367165716e-01 4.177553233052788140e-01 1.615874836760414490e-01 1.611483934188023825e-01 -5.335494914246199372e-01 4.506789322326681391e-01 7.997167738516627877e-02
-9.226453669476469832e-01 3.393499080535531398e-01 -1.863795109898016278e-01 1.366895180596409687e-01 -3.930982896555000883e-01 6.000708874100020296e-01 -5.695255169871955153e-02
-9.474594478531045416e-01 4.225260032429551393e-01 -5.129853987493404599e-01 2.351674644515361901e-01 -2.070126429258764833e-01 5.266750274975569024e-01 -2.242608920335918410e-01
-9.015895045065012159e-01 5.950594118496856932e-01 -7.784025725607213175e-01 3.805486678168868431e-01 8.916403754697727535e-04 3.019636341678967884e-01 -3.806788978143013646e-01
-8.163953529408748411e-01 6.726743705418408714e-01 -9.378203444108597076e-01 4.456580657588989358e-01 2.086370200914862416e-01 5.286732040417130990e-02 -4.289921515201051139e-01
-7.290650029471784643e-01 5.565991174251001539e-01 -9.573898971932175428e-01 3.689375770098950458e-01 3.929539865607944438e-01 -1.583802178713254183e-01 -2.906458955019054491e-01
-6.641749888567777260e-01 3.070096830696091295e-01 -8.405878371091538570e-01 1.823336634674594670e-01 5.382848837227680594e-01 -3.366947373158722390e-01 9.756167537525270439e-03
-6.244557548967456517e-01 3.603443295363314286e-02 -6.343413263200304852e-01 -4.071159929770410552e-02 6.458202343303234283e-01 -4.816100384740207851e-01 3.634191363907799399e-01
-5.925754454695016937e-01 -2.201398506442347192e-01 -4.037980637788987082e-01 -2.415318452607830013e-01 7.212316334349775371e-01 -5.603424548740307820e-01 6.782334465627626319e-01
-5.399109680156057856e-01 -5.032551243858863765e-01 -1.916668845694045609e-01 -3.941397981583037446e-01 7.677384270784243236e-01 -5.452751845884731274e-01 9.368409264590293883e-01
-4.439816476987443195e-01 -8.181894903035030753e-01 -2.396128260374978658e-04 -4.684327609266694670e-01 8.000070914202611627e-01 -4.665051151139333330e-01 1.164035663200040815e+00
-3.039375712081625047e-01 -1.061656822873280115e+00 1.801622810009648190e-01 -4.014920326047064503e-01 8.420721450482260284e-01 -4.088651729661254008e-01 1.359214144355812115e+00
-1.373321281409968231e-01 -1.118480232073562064e+00 3.294671650591177170e-01 -1.579834631213124507e-01 8.925724002464519025e-01 -4.276718247905819115e-01 1.474486397861178189e+00
3.474322931829733341e-02 -1.015430156831632180e+00 3.965162217106414921e-01 1.823485877383280163e-01 8.989335577247610232e-01 -4.775654165868860601e-01 1.465375253379235243e+00
1.933381849361699711e-01 -9.074669429084719630e-01 3.484944366684846750e-01 4.603353310588487735e-01 8.031732485646015940e-01 -4.600217414608019917e-01 1.347652829845279454e+00
3.171639070067285848e-01 -8.944255044861798565e-01 2.113166327132995903e-01 5.791375110022124462e-01 6.140838891883177997e-01 -3.361527391042291590e-01 1.179031159499553283e+00
3.903325855657369114e-01 -9.093375026651646653e-01 4.104952787388594510e-02 5.723213826042222729e-01 3.950437191491557587e-01 -1.652592141669396997e-01 9.881529131705093505e-01
4.184274401977025604e-01 -8.267202597640215256e-01 -1.336147324564748995e-01 5.263246012730009582e-01 1.946474002157786154e-01 -2.417765962854883863e-02 7.527342259136917679e-01
4.192852976971710444e-01 -6.439233392837376835e-01 -3.209520347882929836e-01 4.667366585861503214e-01 1.272065644633691220e-02 9.284229511422312231e-02 4.562587568321076481e-01
3.854348233959975500e-01 -4.845442685872183297e-01 -5.227427960623719505e-01 3.474549391780574203e-01 -1.718970343193502170e-01 2.681249582196456038e-01 1.332586033379931367e-01
2.672815963552030438e-01 -4.286487372501512905e-01 -7.021006893678312100e-01 1.414761733937604515e-01 -3.474675201285562509e-01 5.674583575244335210e-01 -1.669499152492820437e-01
1.409994662118645506e-02 -4.149366251625276614e-01 -8.049567069930465557e-01 -9.444154792668194021e-02 -4.541738232264061481e-01 9.771780891652797063e-01 -4.342819939767371684e-01
-3.761064948205437575e-01 -3.401203499492424509e-01 -7.975602736864375597e-01 -2.600390826794343191e-01 -4.217945236154905242e-01 1.435683456448997308e+00 -6.833093504934811824e-01
-8.534516795345599149e-01 -2.106598549586866931e-01 -6.819207752315360471e-01 -3.047476865109160493e-01 -2.290585194956067938e-01 1.904160252728039904e+00 -9.004850243833805168e-01
-1.334719771938375432e+00 -1.426873141937719525e-01 -4.955538285274374011e-01 -2.610630523703800776e-01 6.003803182694966017e-02 2.362257881404444593e+00 -1.030205430750381623e+00
-1.722501537602862731e+00 -2.275669861899728419e-01 -2.947955935809336014e-01 -1.952069164272614565e-01 3.271362976522818600e-01 2.750910661450986616e+00 -1.018405309929453217e+00
-1.934615390307728333e+00 -4.402599799762596522e-01 -1.202156417639982239e-01 -1.480233753148725295e-01 4.737263657679057216e-01 2.967522154938773138e+00 -8.635113969555960889e-01
-1.921086342666530111e+00 -6.582369332323326772e-01 2.328525608504335848e-02 -1.101049590448877069e-01 4.739078501282071310e-01 2.904551606405344266e+00 -6.174075593551543450e-01
-1.661132423906655387e+00 -7.520822149386818811e-01 1.475707227446847181e-01 -4.726108306545290239e-02 3.751942898785877722e-01 2.500096530496520586e+00 -3.448529447237143053e-01
-1.168518830445395729e+00 -7.037149117561362077e-01 2.559860628688371831e-01 2.824734749106360202e-02 2.553038283456769419e-01 1.802420430140128760e+00 -8.750008746706137985e-02
-5.017999560100981915e-01 -6.318264461113695107e-01 3.465534136950356170e-01 3.298828465203738208e-02 1.715318871460950467e-01 9.753559835112741716e-01 1.383117499250215154e-01
2.326109828288566994e-01 -6.427940951276857051e-01 4.215062613656941348e-01 -9.846041243788156150e-02 1.328233134487483702e-01 1.998152333275396153e-01 3.126940130043841526e-01
8.981204642684547101e-01 -6.849316636181327356e-01 4.800763471104766422e-01 -3.178706961174315726e-01 1.103635949251397103e-01 -4.270258071831713464e-01 3.922907402973211388e-01
1.379741412030265568e+00 -6.099932669885252956e-01 5.104410836609326596e-01 -4.893775062122449060e-01 8.202834298499912802e-02 -8.913341177641048718e-01 3.349355844106764457e-01
1.624965527470676019e+00 -3.621765958268765018e-01 4.871051060670609223e-01 -5.123640210334052814e-01 4.467957915447941242e-02 -1.184493814094592201e+00 1.461678886290009027e-01
1.641783970896894651e+00 -4.535324674062705952e-02 3.769669257074336199e-01 -4.017848793002724572e-01 -2.405041470473962689e-02 -1.269980260598619681e+00 -1.128977750410834341e-01
1.475957605057938604e+00 2.193095010718552895e-01 1.704711209173800368e-01 -2.350012690582008179e-01 -1.644814782097746286e-01 -1.150317228389869051e+00 -3.714605612691468384e-01
1.189354728126339467e+00 4.334892290606461862e-01 -8.985855599993901321e-02 -5.505730760946877383e-02 -3.774807964456550757e-01 -9.158745190839696626e-01 -5.986064852423963467e-01
8.522555774054821898e-01 6.593855239450833183e-01 -3.331061309944396975e-01 1.362923988354964033e-01 -6.070499391916650556e-01 -6.770355592915604515e-01 -8.040964627326144809e-01
5.331112841163949678e-01 8.730267447840812656e-01 -5.067689859925925688e-01 3.137705048377258943e-01 -7.870385831341104588e-01 -4.699541614514549659e-01 -9.875367219991595391e-01
2.721276699403163968e-01 9.836769659969170077e-01 -5.794913585858798566e-01 4.219497599688337153e-01 -8.711460651839046943e-01 -2.754422165530020505e-01 -1.110662723135456442e+00
7.686171358442799029e-02 9.841102629084371722e-01 -5.236084770880841122e-01 4.510067932645374089e-01 -8.236741466998148686e-01 -1.113015360225517170e-01 -1.141445455970496292e+00
-4.114338284213696351e-02 9.496771439008141469e-01 -3.413802024891632869e-01 4.517717988955738395e-01 -6.326506571724606065e-01 -3.923139362891973903e-02 -1.082146642522538782e+00
-5.507550836343920453e-02 8.846890226518235867e-01 -8.973749280794449112e-02 4.515377788069199760e-01 -3.425344670250560219e-01 -8.521440856738300706e-02 -9.249707936070252767e-01
2.250033508620414777e-02 7.138666375898917726e-01 1.705654467035802868e-01 4.275546905724357249e-01 -3.654076493689480121e-02 -2.189043877269074012e-01 -6.326701652571031786e-01
1.143968973806370748e-01 4.459266156996838371e-01 4.300289347212595259e-01 3.925874326258165792e-01 2.261154891803826006e-01 -4.143149958417876588e-01 -2.093719775718959342e-01
1.488533352058647174e-01 2.266483532741976059e-01 7.022293668658722288e-01 4.345195713082006805e-01 4.398518631407123958e-01 -6.757893998521073975e-01 2.425684907935715950e-01
1.229283763132806850e-01 1.837542511164334258e-01 9.644499517235088915e-01 6.037569110155523999e-01 6.137602914140757315e-01 -9.771471020187446621e-01 5.894122629378857336e-01
7.104662358266440603e-02 2.668935597405491800e-01 1.134585305001153621e+00 7.861131706638261329e-01 7.126692417522788592e-01 -1.188477463722944938e+00 7.670920665719497267e-01
2.430885993697617226e-04 3.018250457824082078e-01 1.111789954673866987e+00 7.700052251011619830e-01 6.673886162946076617e-01 -1.125311049329925206e+00 7.840470177635739946e-01
-1.072203511258339181e-01 2.104333131642565913e-01 8.627306141138794127e-01 4.573704661065613464e-01 4.583095189976202910e-01 -7.235333627513983457e-01 6.596545530188753226e-01
-2.316165692448540481e-01 8.821653584140476401e-02 4.468226248405227641e-01 -5.572553431489145337e-02 1.562669885576106477e-01 -1.138277995504359402e-01 3.916124734360248993e-01
-2.960641359705830089e-01 7.444572397444877351e-03 -5.077427551470510558e-02 -6.078468115743583811e-01 -1.385996003519858744e-01 5.168919268415542723e-01 5.858388971946838081e-03
-2.260703513498526773e-01 -1.275600761623879031e-01 -5.568253944019670998e-01 -1.080603633047068080e+00 -3.625149257323487251e-01 1.045013154724379500e+00 -3.708697717355566303e-01
-2.494121800142930223e-02 -3.991454652123396230e-01 -9.724221844158770223e-01 -1.362006809623437009e+00 -4.765841839054290596e-01 1.364930017375235449e+00 -5.745143385569205785e-01
2.274704877452839169e-01 -6.843860072531240402e-01 -1.167760076429518401e+00 -1.329982170216576831e+00 -4.387649874129204708e-01 1.360342550313912602e+00 -5.587907043771341842e-01
4.666234057394795798e-01 -8.004756369658740933e-01 -1.053016269913533476e+00 -9.607530541898352539e-01 -2.212472846028569751e-01 9.945686289884910769e-01 -4.171733572985665273e-01
6.842512948271689543e-01 -7.300043191103033902e-01 -6.477942718418179258e-01 -4.069585419170771434e-01 1.426557037649798521e-01 3.864443977863323276e-01 -2.609887937174040773e-01
8.567398247946819145e-01 -5.642400979310103759e-01 -9.089534499975322757e-02 1.217818174585135194e-01 5.292124858973866752e-01 -2.566142953455104458e-01 -1.403235564899650012e-01
9.077610365570534245e-01 -3.095330631945015787e-01 4.242289430556367980e-01 5.405924631612616382e-01 7.680827726107551934e-01 -7.812465397489398722e-01 -8.327240671658830973e-02
7.722262843024074730e-01 1.083098974998595587e-01 7.563402518002629860e-01 8.801848897382936743e-01 7.485358671230918359e-01 -1.131280979011685561e+00 -1.361990189312273503e-01
4.511318060000457653e-01 6.690124957020155971e-01 8.774965366164009239e-01 1.137967874834360460e+00 4.954903806833799162e-01 -1.284533164513976811e+00 -2.998475775558899215e-01
-1.681791259534711619e-03 1.190721579369580452e+00 8.438956797762389161e-01 1.219357828284205247e+00 1.394562483311700685e-01 -1.212647098097376475e+00 -4.668989291947833187e-01
-5.071714400150437729e-01 1.470575240805580775e+00 7.323728618178901861e-01 1.038294080022206467e+00 -1.833144163631003354e-01 -9.261079429709282440e-01 -4.848181902901524398e-01
-9.626171428310723588e-01 1.456673253744304120e+00 6.095330557279056150e-01 6.380163823189073380e-01 -3.861636051580399354e-01 -5.383347326068175231e-01 -2.724922324669523666e-01
-1.243550022317492898e+00 1.250466511942522008e+00 5.190908638579316836e-01 1.729245612706832858e-01 -4.257824700610731705e-01 -2.254102926957493314e-01 1.216654568253178609e-01
-1.250030175452043535e+00 9.606545385848278551e-01 4.634852567901980303e-01 -2.160710129082809017e-01 -3.106452712416756246e-01 -9.419322285087206037e-02 5.562984054675002010e-01
-9.655930709028669456e-01 6.067907914862902263e-01 4.162133705955210483e-01 -4.749122307274825650e-01 -1.121537700574443547e-01 -1.243982928178500730e-01 8.956418493487455779e-01
-4.600465144567059683e-01 1.906274255034107468e-01 3.597417309638562544e-01 -6.015312573904584292e-01 7.680130531104442659e-02 -2.496055266625393787e-01 1.068492598013072614e+00
1.644072003318764741e-01 -1.946861011441949618e-01 2.927718568918029063e-01 -5.889478874252089824e-01 1.987619367086031763e-01 -4.512811194850259722e-01 1.044453941717028655e+00
8.265751468580613270e-01 -4.086851046300103985e-01 2.071645333053352689e-01 -4.357083785450995284e-01 2.432083629689905657e-01 -7.447824522281428772e-01 8.041833814818286630e-01
1.467353810476158982e+00 -4.217354655297337884e-01 7.684165212192756167e-02 -2.052084940600349405e-01 2.179557338197037897e-01 -1.087983790559410746e+00 3.638125692839367376e-01
2.018596113485590315e+00 -3.644469183348816310e-01 -1.207692899827384203e-01 -2.403234016355170269e-02 1.276718147549427418e-01 -1.357412617423801260e+00 -1.865267912100002923e-01
2.397615942579978565e+00 -3.743855656822453470e-01 -3.731774352096582370e-01 1.863124240332626400e-02 -1.811148780048457349e-02 -1.451169918458933061e+00 -7.062500716932538225e-01
2.543339424913322766e+00 -4.411691389514016404e-01 -6.295519080800558998e-01 -5.141672372505379923e-02 -1.862045888726259479e-01 -1.384204359316895783e+00 -1.079042050513073114e+00
2.458075823782205571e+00 -4.552461054706319898e-01 -8.276054447017828775e-01 -1.309274646933756836e-01 -3.112395319325580445e-01 -1.254099468862126976e+00 -1.252136469432928223e+00
2.196843767984398621e+00 -3.780216825002890579e-01 -9.219556104627716353e-01 -1.416775391087019831e-01 -3.175745348327971285e-01 -1.124311170840341045e+00 -1.219107598688194072e+00
1.822072770215236170e+00 -3.094604873288258062e-01 -8.956170593323985463e-01 -8.938054652368317143e-02 -1.696014828624735904e-01 -9.711264683777898199e-01 -9.940913761777006030e-01
1.383138659559826955e+00 -3.589126220053062699e-01 -7.563644330448627828e-01 -1.553266911841291557e-02 1.024835125450077183e-01 -7.610645168004769312e-01 -6.116919998638051803e-01
9.179833702787341121e-01 -4.937312551291300200e-01 -5.234278745926489451e-01 6.837652828773642388e-02 4.249130398991595170e-01 -5.314983539889508446e-01 -1.475395336413149183e-01
4.712262504355066439e-01 -5.649095054950228345e-01 -2.259096533071479895e-01 1.579566188572406049e-01 7.011353955423296203e-01 -3.637154924782446952e-01 2.716423663249699083e-01
1.117127193609000341e-01 -4.456540673644805994e-01 8.090661376264503268e-02 2.126319670848804411e-01 8.283134164448137104e-01 -3.094981805837873079e-01 5.031177810706888298e-01
-9.438764711301282639e-02 -1.409562249636252540e-01 3.295340377939427468e-01 1.724910931419812166e-01 7.517374450849932943e-01 -3.504740297425896767e-01 4.748015175161610646e-01
-1.321140986819258623e-01 2.159225837629197564e-01 4.851609928996616916e-01 2.149293669627006225e-03 5.002453492392074930e-01 -4.121989414528243190e-01 2.363052443668197389e-01
-4.795078325288643084e-02 5.021832536624343257e-01 5.603062487102875577e-01 -2.693440354973816730e-01 1.508067492119071484e-01 -4.268397261053584191e-01 -1.030723715580997152e-01
9.200610776633583177e-02 7.283396459084590102e-01 5.850179200005758418e-01 -5.281808120894404546e-01 -2.158280092446489551e-01 -3.926962780291191613e-01 -4.647044540921160261e-01
2.493053579113320151e-01 9.771604458967969586e-01 5.675978994770164432e-01 -6.312307993011161411e-01 -5.399862120031693191e-01 -3.550875624829306632e-01 -8.163968289421245084e-01
4.089751585490195573e-01 1.241422744611113904e+00 4.864292635688884370e-01 -5.235128216092306275e-01 -8.061655069305847521e-01 -3.260401811710373909e-01 -1.129292739826570857e+00
5.452272297904614540e-01 1.399138223011912485e+00 3.231149281511854765e-01 -2.765564647331426595e-01 -1.031023748251907568e+00 -2.664666179001702884e-01 -1.345310012975254876e+00
6.173027546184107761e-01 1.371022104445281942e+00 1.031101383726798770e-01 4.713735471034903937e-03 -1.207058489519515332e+00 -1.645973675137783199e-01 -1.401154030655093363e+00
6.008290092755002032e-01 1.235626178132581687e+00 -1.089137854041597742e-01 2.764302534458727978e-01 -1.279499702056595245e+00 -9.226554732476055509e-02 -1.278309264876460238e+00
5.125229366787553698e-01 1.135521953660909134e+00 -2.628593490812992650e-01 5.367797395074211941e-01 -1.195881948353983981e+00 -1.458641687625578942e-01 -1.007712205622531831e+00
3.898002304261914963e-01 1.095260493821344827e+00 -3.561306202272396249e-01 7.416143583545823370e-01 -9.627877503273034598e-01 -3.329099034662472145e-01 -6.275351648145131023e-01
2.494241757651025626e-01 1.007316786034081257e+00 -4.096786843645648934e-01 8.040228642298541395e-01 -6.435812646894830680e-01 -5.594239286257219890e-01 -1.639564077966588485e-01
8.222139684525230086e-02 8.040889699895912290e-01 -4.296848866365352015e-01 6.921456141978853394e-01 -3.061600772272093929e-01 -7.375586046459625678e-01 3.390170171634099838e-01
-1.164376821444019217e-01 5.584644100722853111e-01 -4.103810286332624790e-01 4.788834455843997695e-01 9.512931261307731173e-03 -8.506857396806978278e-01 7.909125716486129498e-01
-3.213822502715916740e-01 3.935507195555648097e-01 -3.748859539946802211e-01 2.871394685183586426e-01 2.712945431327093426e-01 -9.101585998332082372e-01 1.077821560416428071e+00
-4.844762489993622023e-01 3.449915232537955623e-01 -3.781389789653827882e-01 1.965824527578197978e-01 4.391256329431442174e-01 -9.044555042886092133e-01 1.133011753860790005e+00
-5.700560826236811263e-01 3.369964737925280063e-01 -4.507136021954777361e-01 1.996524396006722490e-01 4.915948243102036264e-01 -8.026819209522602083e-01 9.832892616115933571e-01
-5.803582803183355843e-01 2.812738400473269729e-01 -5.634820900083283846e-01 2.465420834726564370e-01 4.487347757256276437e-01 -5.894314414947936509e-01 7.145814219475802309e-01
-5.434744403874789409e-01 1.650097951281231934e-01 -6.499773840548582760e-01 3.007526474990341869e-01 3.540818773772854700e-01 -2.900835570312966238e-01 4.042100543608849184e-01
-4.835910962910027200e-01 3.170520284293008167e-02 -6.472681625883769385e-01 3.342640321384343638e-01 2.516900154431189196e-01 4.498163933403042519e-02 9.146731674961323943e-02
-4.000839614513733711e-01 -9.978104417102212631e-02 -5.282104565132070828e-01 3.079470031927684093e-01 1.797395626964030380e-01 3.784168630505342357e-01 -1.994441416747729234e-01
-2.762535791482817471e-01 -2.740055428045361507e-01 -3.068451637301241597e-01 1.889726908660343263e-01 1.563702671897632124e-01 6.927597334988854216e-01 -4.172552891833177791e-01
-1.207724440870753674e-01 -5.255327011736438125e-01 -7.519846378699282172e-03 -5.074192781669575360e-03 1.737435097221324276e-01 9.537088895414078671e-01 -4.832091965153962332e-01
1.509685003912613482e-02 -7.775643644941664379e-01 3.589842354779377298e-01 -1.926054448964714394e-01 2.179039667323117435e-01 1.086484357574848403e+00 -3.502000842042612416e-01
8.177246805400596730e-02 -8.779560791762786032e-01 7.666261997175586318e-01 -2.844544016437597911e-01 2.737947009875117410e-01 1.024458128903953824e+00 -6.136246517304559667e-02
7.664082500058723435e-02 -7.477784487667289426e-01 1.128801837330672519e+00 -2.557163210141619736e-01 3.021194192309360482e-01 7.907548567729526523e-01 2.603808593500134272e-01
3.443735368199904445e-02 -4.591925995666580329e-01 1.319344691831033867e+00 -1.567570091864383397e-01 2.422740374239295558e-01 5.025016486114451952e-01 4.975336463510109941e-01
-1.780797628477255590e-02 -1.481389604166497287e-01 1.257043167446247445e+00 -6.005546224305278319e-02 6.674799918993901127e-02 2.792654851216726519e-01 6.055735226092329171e-01
-8.702223449037425895e-02 1.238371134333360324e-01 9.520448739522112680e-01 -1.434805476331456634e-03 -1.830519449742084304e-01 1.731712344656526625e-01 5.810304166067591369e-01
-1.821783594032030940e-01 3.712412133937764147e-01 4.742488629441005132e-01 1.943113098372063752e-02 -4.308916065664496475e-01 1.853673756491903413e-01 4.101270458815982067e-01
-2.693141630806020204e-01 5.708214642846637377e-01 -9.225167279080022376e-02 5.115782636076646357e-03 -6.180872196488873538e-01 2.954008528779712983e-01 1.062758313536133620e-01
-2.936930528887181646e-01 6.434171337788506806e-01 -6.595549164953325993e-01 -1.439047317457596391e-02 -7.173526487988786116e-01 4.432189270641947454e-01 -2.358120254519885661e-01
-2.360431360954062252e-01 5.744636100142707091e-01 -1.126805041593762491e+00 4.797446753621616156e-02 -7.131565292319848037e-01 5.211542294840114664e-01 -5.005179059726444502e-01
-1.134057048421540093e-01 4.622258653378764626e-01 -1.406616614370986618e+00 2.558702595583902117e-01 -5.978359903860801516e-01 4.446597808176493416e-01 -6.703812009382077441e-01
5.600569270781005637e-02 3.982958699637874078e-01 -1.480699316313047076e+00 5.497190244888140453e-01 -3.976353433534700055e-01 2.388594354630853289e-01 -8.310464299417291700e-01
2.512843321237515082e-01 3.505777761011590332e-01 -1.395534980947932491e+00 7.653216175160428847e-01 -1.794464337042747382e-01 2.904290360641416727e-02 -1.042493801755433269e+00
4.267674317421595864e-01 2.210099954434577851e-01 -1.197845046235320954e+00 7.600089937909449977e-01 -2.039606116448446083e-02 -7.488440269913845815e-02 -1.246412002745872716e+00
5.304159928401978030e-01 1.268684112698673788e-02 -9.063577668745337323e-01 5.277740013737981517e-01 2.968850097153387727e-02 -8.537856726658919759e-02 -1.332723679530548599e+00
5.524904176965445002e-01 -1.354109254951298136e-01 -5.456152924965876894e-01 1.809779977453233879e-01 -3.539358270204740614e-02 -1.078556490370064791e-01 -1.263461389440901028e+00
5.405641767730060554e-01 -1.187380619889514960e-01 -1.803720257048056774e-01 -1.725195255720375909e-01 -1.915025437559611521e-01 -2.104234652360179592e-01 -1.079274775838354294e+00
5.597873066890872717e-01 1.111808006586463123e-05 1.005042951287918318e-01 -4.893494389378297837e-01 -4.034220564089078809e-01 -3.677955522030464941e-01 -8.057712621234619510e-01
6.332941346345828393e-01 9.504858014004403943e-02 2.382191599726366793e-01 -7.222968057777973128e-01 -6.220406153979277653e-01 -5.382689305207919439e-01 -4.222179310635170713e-01
7.165352651655805261e-01 1.471274496615222194e-01 2.371681435375392888e-01 -7.821367056821271202e-01 -7.782670335856830546e-01 -7.181315233380961560e-01 5.125680850451434095e-02
7.403970313357006727e-01 2.365415334680473769e-01 1.460504977080832600e-01 -6.172765934772008745e-01 -8.022058834598900789e-01 -8.949647872706872898e-01 4.821553367939955814e-01
6.792327198236944863e-01 4.091594819292496688e-01 1.871202890604451580e-02 -2.767671547482845051e-01 -6.578282676168411003e-01 -1.014288639177949980e+00 7.000253409931815884e-01
5.619622577324439039e-01 5.868731430926554804e-01 -1.110315343180145048e-01 1.126797941291351052e-01 -3.741327949687561771e-01 -1.000919735562702861e+00 6.370875666356934364e-01
4.229064612084126318e-01 6.119209465337588361e-01 -2.257418037567467672e-01 4.093641221788379969e-01 -3.704157128463057141e-02 -7.907316641209916064e-01 3.652918060612399542e-01
2.681706816312209862e-01 3.774496412609578688e-01 -2.999309201785820278e-01 4.993231366291229212e-01 2.648590941464985526e-01 -3.640386435450943536e-01 9.305555914250951063e-03
1.005521087656917195e-01 -7.392905420902184943e-02 -2.808967065503618077e-01 3.110905647545911812e-01 4.851635074598898978e-01 1.999765197134384664e-01 -3.249055468644134748e-01
-5.775962674067243452e-02 -5.118374058945366345e-01 -7.924678727419753876e-02 -8.629751350782464969e-02 6.195164295686741429e-01 6.335839206354700881e-01 -4.953683043937346930e-01
-1.878508172183449565e-01 -6.123089144264872719e-01 3.312946469243427394e-01 -4.170667075508181498e-01 6.506181465354319293e-01 5.856370681175288029e-01 -3.423308935011589171e-01
-2.746305096151410718e-01 -2.558050303168427630e-01 7.134694213955123931e-01 -4.604622282238974296e-01 4.958223186215554024e-01 6.445774446504981547e-02 4.159595751059413926e-02
-2.814971241585888517e-01 3.171062649388677324e-01 6.844365285519297126e-01 -3.039819088279465675e-01 8.413768647891384234e-02 -4.513038967896151332e-01 2.753028442046749902e-01
-1.673715221299384437e-01 7.593563269169842922e-01 1.442883971864739046e-01 -1.416770307978623411e-01 -5.052436888668565551e-01 -5.660139075415813181e-01 1.179168882236442673e-01
6.797620597461109804e-02 8.764609820700428600e-01 -6.430250114652936722e-01 -2.841606990963623652e-02 -1.070079407511454139e+00 -2.969463719721136541e-01 -3.172882131659996441e-01
3.557110943965674510e-01 6.470139914700721029e-01 -1.341115122402487758e+00 8.624969471591931169e-02 -1.438080551089863324e+00 1.394590029262496311e-01 -7.730512303123974194e-01
5.843411672433526105e-01 2.056424040091104077e-01 -1.720682099126699560e+00 2.761307279513027790e-01 -1.534062494673950727e+00 5.086219159074714113e-01 -1.034417212921634910e+00
6.773668199514788490e-01 -2.133708308454146940e-01 -1.691420176127348629e+00 5.762790172304393943e-01 -1.355197625879829504e+00 6.135800094166010688e-01 -9.931203771159606841e-01
6.391021840579889091e-01 -4.293999124645557774e-01 -1.310398896762355658e+00 9.166196140341543730e-01 -9.433164578642432296e-01 3.939376788594364243e-01 -6.816127156044989865e-01
5.171201018690184670e-01 -4.294398591538410304e-01 -7.291689073490587036e-01 1.140801755835928910e+00 -3.730038637767638110e-01 -2.839721410220532455e-02 -2.314595320136872414e-01
3.339284594023865793e-01 -3.197132074001600155e-01 -8.944382653414677253e-02 1.125049183633588745e+00 2.521287765116622115e-01 -4.543961485916193643e-01 2.329813966766224875e-01
7.055653193414621049e-02 -1.778358160054736570e-01 5.336752876331619655e-01 8.714606302405789595e-01 8.188372971360872166e-01 -7.528911292617598283e-01 6.437596792712877436e-01
-2.744883104763437554e-01 3.711457738960000433e-03 1.094734833416449726e+00 4.681753806946906682e-01 1.237217389517933475e+00 -8.887900938213947333e-01 9.486152456915626363e-01
-6.220352554195830441e-01 2.381625717845683443e-01 1.513606272917625617e+00 -1.464372472969405030e-02 1.448876807202370109e+00 -8.632677594242886832e-01 1.080900630702446463e+00
-8.469338343303595140e-01 4.568595944758856997e-01 1.677853731499227896e+00 -5.607511322706566492e-01 1.419378561275348671e+00 -6.638369291794022908e-01 9.940754102091029498e-01
-8.824648755408802669e-01 5.215233681965040224e-01 1.522396762715533480e+00 -1.148677603542689551e+00 1.156404182093239585e+00 -2.714106724610753640e-01 7.189237397119311312e-01
-7.697775043226314784e-01 3.492397743854436243e-01 1.098574470480562448e+00 -1.687648686848546076e+00 7.337949913819964420e-01 2.768975264608861120e-01 3.663257659196760274e-01
-6.135910895041692958e-01 2.452141331524993351e-03 5.464565222422378410e-01 -2.051694886549520813e+00 2.634961825035243010e-01 8.697048782026173264e-01 5.086189693404672557e-02
-4.995186168705614271e-01 -3.879580322550946758e-01 3.215754138638249348e-04 -2.175680692859179199e+00 -1.660275941623081952e-01 1.395006331027975888e+00 -1.747081923670815717e-01
