7.866331074248684718e-01 -1.369585623507719507e+00 7.075054787214759555e-01 -5.845193594839928064e-01 9.207742869701767141e-01 -7.450202538268274610e-01 4.450086878467913731e-01
7.454958131898651308e-01 -1.159909742428979040e+00 5.234684850087724106e-01 -7.694331492830169816e-01 7.715590492855114446e-01 -7.785114872815716014e-01 5.166421177253150976e-01
6.589371828915784324e-01 -7.554050662444536934e-01 2.848386293543507808e-01 -8.704476833741243702e-01 4.238834946628407541e-01 -7.381958068435455766e-01 4.446808285185530063e-01
4.623692767244464985e-01 -2.460599085071378533e-01 -3.003099356736990341e-02 -8.199588626024261195e-01 -1.547278301813525929e-02 -5.356326320288092857e-01 2.218040117736936878e-01
1.335456472988839904e-01 2.266198930591767913e-01 -3.796170179209282236e-01 -6.044550420031369331e-01 -3.826177105681985435e-01 -1.220521922825863331e-01 -7.613831717946470401e-02
-2.828760066854585919e-01 5.413071582437154472e-01 -6.377337905635999116e-01 -2.901256224271044348e-01 -5.475714337471848658e-01 4.630913732284513973e-01 -3.271649473810945286e-01
-7.104889290455043138e-01 6.529942591617016179e-01 -6.823176452963487515e-01 3.235452933418860727e-02 -4.804285517298628183e-01 1.095211503112083706e+00 -4.280232253959471156e-01
-1.066662222992279974e+00 6.017702518595005046e-01 -4.968305093190572563e-01 3.043888786397736523e-01 -2.533884359489533278e-01 1.610215080380771990e+00 -3.433749839552899807e-01
-1.271302681920997824e+00 4.690275792003720245e-01 -1.698848205985447335e-01 5.111481277883143104e-01 3.509418215172282335e-02 1.887684559936537942e+00 -1.379189767388495358e-01
-1.271996982970813761e+00 3.177064169510575575e-01 1.864242014648961887e-01 6.560012607898959569e-01 3.318348947918637881e-01 1.899913612001639329e+00 6.462502188195881625e-02
-1.072444221445917556e+00 1.675505571456564480e-01 5.132736124557272239e-01 7.281349118405285870e-01 6.149379500666867226e-01 1.681073213080523487e+00 1.804303276049390448e-01
-7.301610199277902558e-01 2.324594821289160604e-02 8.071786700168721573e-01 7.179673659457721513e-01 8.443399528123056719e-01 1.280341120422393120e+00 1.921961080745325789e-01
-3.136206096188092762e-01 -1.005186957040857115e-01 1.056514179341888404e+00 6.481244194563634542e-01 9.587175592970489379e-01 7.488604012376464114e-01 1.056447383785050625e-01
1.365190190794280112e-01 -2.080711283678625678e-01 1.210794140197821722e+00 5.516446404162461681e-01 9.335164025898647910e-01 1.572336171053033693e-01 -6.174209269295352631e-02
5.826823175338650129e-01 -3.467740204155516093e-01 1.223706809118663141e+00 4.364616384002493188e-01 8.280352693447484702e-01 -3.848646723845350337e-01 -2.708708378885353873e-01
9.524175471664670933e-01 -5.688859040608822415e-01 1.108573970560270183e+00 2.797051123972106867e-01 7.348228243825235539e-01 -7.685370297027044328e-01 -4.608498868359132139e-01
1.172406708367946138e+00 -8.834201848854752459e-01 9.475925600812394878e-01 4.019454087659424940e-02 6.901097296439523410e-01 -9.630375591127483537e-01 -5.579123640996450639e-01
1.229686975710670982e+00 -1.245837987866248664e+00 8.323124548039362303e-01 -3.061419160329645894e-01 6.577985524806226891e-01 -1.026594225802617943e+00 -5.168421261209460438e-01
1.172542706918770383e+00 -1.578851618582172822e+00 7.834753109958449979e-01 -7.319344134310639127e-01 5.815002791377921199e-01 -1.041978397883001062e+00 -3.506479070521424379e-01
1.061001450455882456e+00 -1.811753110737385430e+00 7.488915776976160510e-01 -1.157263140700454551e+00 4.440245367311884128e-01 -1.051364944847705818e+00 -1.011879739956489804e-01
9.309687948799935109e-01 -1.906401226322946396e+00 6.784206986634077063e-01 -1.474050126562276519e+00 2.784461840809452915e-01 -1.049395580174651732e+00 1.959141796667324686e-01
7.959771478195936112e-01 -1.852019275634396278e+00 5.770706318596534601e-01 -1.593727233195208148e+00 1.198080508345316514e-01 -1.034340711478684005e+00 5.182594090895208394e-01
6.685409694352768550e-01 -1.649450047358796967e+00 4.850054547696934226e-01 -1.483067189419141396e+00 -3.925174045525971905e-02 -1.047534760115447217e+00 8.460990234199481375e-01
5.742733615662809488e-01 -1.299722366061990764e+00 4.201931522670270258e-01 -1.152045250067244009e+00 -2.472042165510967560e-01 -1.156864812479403426e+00 1.144361096855334603e+00
5.417496092088260884e-01 -8.155924172031266961e-01 3.525179654925459372e-01 -6.388183613637777869e-01 -5.485668706891010382e-01 -1.405903281849568032e+00 1.372576601744734726e+00
5.798264182816420531e-01 -2.488954451206604745e-01 2.292327190885900812e-01 -1.362260515266530692e-02 -9.187679802986096211e-01 -1.765093685084550668e+00 1.508942754850395529e+00
6.677365903388580159e-01 3.223011366790074494e-01 1.253412626688648474e-02 6.265647232317691495e-01 -1.263021605368873868e+00 -2.136052814794891841e+00 1.544679461436148538e+00
7.626234037224047801e-01 8.350401364807368276e-01 -2.928731780919527350e-01 1.172819271965678700e+00 -1.496163034807080683e+00 -2.412141573497446068e+00 1.474655629369074461e+00
8.136105631927921245e-01 1.254397544322268798e+00 -6.329334690795256346e-01 1.536863221300760252e+00 -1.597710870298871377e+00 -2.526274707608730630e+00 1.296250329049801309e+00
7.838965005930287333e-01 1.570232680880403464e+00 -9.383294737192573454e-01 1.683830513322691180e+00 -1.606366109365655603e+00 -2.463955824455889676e+00 1.006693906318967047e+00
6.661379564256552088e-01 1.791411568545641320e+00 -1.182533519326892657e+00 1.621580136784925852e+00 -1.581864096631993899e+00 -2.248022354216989704e+00 6.141779651984933253e-01
4.603014876503471187e-01 1.927748014391520437e+00 -1.408668221077189475e+00 1.383786162445326484e+00 -1.549950685115303983e+00 -1.892227190432780093e+00 1.468699441188718868e-01
1.570333282894133542e-01 1.982768870874387357e+00 -1.686312819836432109e+00 1.029701571727558829e+00 -1.489297198906680553e+00 -1.386239195022010984e+00 -3.517880270932437492e-01
-2.322644154634419256e-01 1.963776433570050273e+00 -2.029327712353107049e+00 6.194665256646527673e-01 -1.371148929972043851e+00 -7.413770928292371387e-01 -8.293881154328354155e-01
-6.623224003716804420e-01 1.879186569172807797e+00 -2.360969367283782816e+00 1.902317062390127822e-01 -1.179201923511024042e+00 -1.534226127093986890e-02 -1.235367159697876360e+00
-1.075403687888530468e+00 1.728649605195275551e+00 -2.566190069002555862e+00 -2.356625936768778906e-01 -9.060410363242796805e-01 7.098658642584146916e-01 -1.530767146760231956e+00
-1.404620664906168770e+00 1.512950979613073343e+00 -2.583238441935647334e+00 -6.441226787711747948e-01 -5.630880317056542461e-01 1.348260874409651811e+00 -1.693511883440489196e+00
-1.584523430973309166e+00 1.242298358179811268e+00 -2.450138497350020206e+00 -1.026130074537976000e+00 -1.702794636147850760e-01 1.839016669649760738e+00 -1.726524645623960685e+00
-1.591789602189671582e+00 9.303613581394540866e-01 -2.256477675707937003e+00 -1.359881921627448920e+00 2.691684517323284509e-01 2.178946782660343473e+00 -1.660190655576634144e+00
-1.459725667544463423e+00 5.967888080263510364e-01 -2.059284801939275322e+00 -1.608212539924113837e+00 7.501416217362431027e-01 2.404110072780086593e+00 -1.542599897041955215e+00
-1.249583936934122841e+00 2.697438940530433871e-01 -1.864683702653030295e+00 -1.742967382251238373e+00 1.224962667000461636e+00 2.539807970073047372e+00 -1.417429673415096181e+00
-1.016438938037563355e+00 -1.656061683222638178e-02 -1.675401905754710707e+00 -1.750894048332170660e+00 1.599340758774151272e+00 2.580130222624336778e+00 -1.301223921558228858e+00
-7.996340093076148570e-01 -2.319641002325271706e-01 -1.521003657663425157e+00 -1.621592113948260083e+00 1.788649621428191505e+00 2.512388557812834211e+00 -1.176617479489092677e+00
-6.375531231049665903e-01 -3.732812068016808094e-01 -1.425465745512447091e+00 -1.358299847938534644e+00 1.782718931481940272e+00 2.344447647697523340e+00 -9.990254059056754565e-01
-5.699997963710613513e-01 -4.599051222688171348e-01 -1.361666929324671926e+00 -1.000351837417978729e+00 1.629031107654186128e+00 2.090724592067022325e+00 -7.217605086294127670e-01
-6.090740587211818102e-01 -5.105368530106456637e-01 -1.265839458888662783e+00 -6.299508778667611830e-01 1.371137448473867648e+00 1.748611952154422777e+00 -3.287103930527265905e-01
-7.149290005392539005e-01 -5.446898400763818815e-01 -1.095421496238952574e+00 -3.446643817246486385e-01 1.034581852296214022e+00 1.312028928945216277e+00 1.611237520485315766e-01
-8.099699960469752824e-01 -5.833156902519451847e-01 -8.523132565038622488e-01 -2.122594661412894324e-01 6.436726220255938324e-01 7.958660975045096508e-01 7.163214851548259654e-01
-8.136781791873887171e-01 -6.329949624609161329e-01 -5.547223797051442640e-01 -2.591719800163005405e-01 2.234467403976471422e-01 2.331860436442754758e-01 1.309186702564657745e+00
-6.770946261699002378e-01 -6.795105573906280449e-01 -2.142422807595342205e-01 -4.732821825805187954e-01 -2.004979728396375505e-01 -3.301863833070347587e-01 1.894238437368354067e+00
-4.009219790032911845e-01 -7.053668985938472691e-01 1.547108930115972947e-01 -7.912680288007392093e-01 -5.932268643900133753e-01 -8.316967360219417182e-01 2.387219716814878101e+00
-1.876351789335462331e-02 -7.121902081420453667e-01 5.171069381139086207e-01 -1.110308373116173808e+00 -9.171194529064110590e-01 -1.216202471391572892e+00 2.710546426575269674e+00
4.294535105223917792e-01 -7.086255877165540396e-01 8.093831697343834009e-01 -1.327380749952336902e+00 -1.140717395989740979e+00 -1.456701309034299507e+00 2.833268672226228357e+00
9.008465752121812553e-01 -6.882587745507686705e-01 9.632716646425080187e-01 -1.369076702066012396e+00 -1.228232927673875707e+00 -1.531346378077726333e+00 2.751590948348389354e+00
1.332342527349641648e+00 -6.466137617271700000e-01 9.581064738576234863e-01 -1.208967437936975031e+00 -1.139990017496005370e+00 -1.414689824999556977e+00 2.489410241407922886e+00
1.643006744391915630e+00 -6.008016812869273471e-01 8.369342286257206442e-01 -8.780820612254721658e-01 -8.528922923404325118e-01 -1.109545513145046236e+00 2.098835968736474378e+00
1.780553539324635448e+00 -5.684458461343724345e-01 6.614206020262759500e-01 -4.518123359676103346e-01 -3.926110305205012807e-01 -6.754576720399113610e-01 1.624475031431322547e+00
1.751769731474286607e+00 -5.433599300671960730e-01 4.648093929070171160e-01 -1.562183212832104345e-02 1.435822375387920680e-01 -2.247976449280492395e-01 1.108572863499560635e+00
1.596624169012881955e+00 -5.042659027159380747e-01 2.487936327442273887e-01 3.575201057886480682e-01 6.262498993493571531e-01 1.210634777304087500e-01 6.145268202756547504e-01
1.355588981639844981e+00 -4.364523725716638602e-01 1.095590016179407919e-02 6.149200252832808244e-01 9.725401660009135307e-01 2.926845145139291837e-01 1.998779216875850306e-01
1.063366793074313810e+00 -3.494439246372105790e-01 -2.192119332264509390e-01 7.229971009230434786e-01 1.178539727588448827e+00 2.956825827558679509e-01 -1.009832096157509268e-01
7.512925490673142415e-01 -2.779494889896212961e-01 -3.644652684924303832e-01 6.631819674042096491e-01 1.293473516651541644e+00 1.814884671581710462e-01 -2.680464613951552000e-01
4.458241223264314823e-01 -2.498575681495730505e-01 -3.501729353275010448e-01 4.481559845789548358e-01 1.375071933411545322e+00 1.192440692809593542e-02 -3.192372132115358085e-01
1.693927636919524415e-01 -2.602717363631784631e-01 -1.863433965780962320e-01 1.292468109255272835e-01 1.444832293898671294e+00 -1.588999516135306822e-01 -3.144472103784021200e-01
-6.543133887043593722e-02 -2.849202048334213422e-01 2.075246616064078259e-02 -2.224575278367663111e-01 1.472763184576324713e+00 -2.876848734386843187e-01 -3.038608082904155627e-01
-2.663724418320140286e-01 -3.038653534338298656e-01 1.461043034020513831e-01 -5.253501937261412236e-01 1.415389323397704846e+00 -3.317828728667700511e-01 -2.963142255006405157e-01
-4.485533280494349295e-01 -3.223588132364093584e-01 1.424957433616245717e-01 -7.051746295594855107e-01 1.270019052611623511e+00 -2.567775693382899904e-01 -2.712530139436932775e-01
-6.205393543367366815e-01 -3.719046771187868305e-01 6.733386190668082250e-02 -7.294063260028336160e-01 1.079212437646161149e+00 -6.931282803990083952e-02 -2.054028174352364178e-01
-7.926449437779533591e-01 -4.642479325148584079e-01 3.703348415873929014e-03 -6.067594271935256023e-01 8.726363752045476208e-01 1.678767015662082640e-01 -9.935229090872647884e-02
-9.726485501660628863e-01 -5.553326840087057237e-01 -3.202548274093760389e-02 -3.572615907173536387e-01 6.336658897146861813e-01 3.685490933309643613e-01 1.079859233311857708e-02
-1.150272463748215568e+00 -5.801759943145303744e-01 -8.651789510715206244e-02 -4.766001726140715010e-03 3.465024952207229059e-01 4.821695993835528604e-01 7.044058295176137963e-02
-1.304728086861226988e+00 -5.131071026052818063e-01 -1.987646893593014719e-01 4.039355331521096715e-01 4.545954663343105412e-02 5.214994227881958322e-01 5.407553892598773032e-02
-1.425214586396682526e+00 -3.821006079694710400e-01 -3.452745923603632305e-01 8.010731045462963218e-01 -1.932230329921975909e-01 5.354819062622823145e-01 -1.149654204025135282e-02
-1.513083085174637299e+00 -2.321684567468059179e-01 -4.405827723557985687e-01 1.134596907802022381e+00 -2.938545773646740189e-01 5.649340640209159492e-01 -8.739235000016414012e-02
-1.561935201867249878e+00 -8.328716649942864703e-02 -4.089245394383974053e-01 1.385397147034070020e+00 -2.338550621797137463e-01 6.129282004256775274e-01 -1.572602291425578280e-01
-1.539663300855957040e+00 8.407324313957810491e-02 -2.589219865811824839e-01 1.553990578524091060e+00 -7.281851304242832612e-02 6.383425284552483037e-01 -2.223159037247744441e-01
-1.397489808362377683e+00 3.076395822642334910e-01 -7.032067964416309491e-02 1.653214663152827058e+00 8.426850140642304365e-02 5.899432537523053854e-01 -2.985316883301255553e-01
-1.106862223203551654e+00 5.936011130629945676e-01 7.235795474641253111e-02 1.701185947345530636e+00 1.728295951184629642e-01 4.696236233800563098e-01 -4.061786487965370340e-01
-6.890976742495591445e-01 8.884360332320426767e-01 1.390387719997659977e-01 1.712456888432144275e+00 2.125688290947095882e-01 3.488054239312568527e-01 -5.435218964264587616e-01
-2.106180890041457476e-01 1.112953750063560232e+00 1.757962461631930873e-01 1.697388161488665892e+00 2.575185554309256664e-01 3.064959203691990375e-01 -6.803165738235784632e-01
2.440553314840977484e-01 1.215310221764509535e+00 2.535605434434020089e-01 1.650912380989013606e+00 3.248942292152118272e-01 3.637597391647913736e-01 -7.700042151663344381e-01
6.019833882709689776e-01 1.195741296483331606e+00 3.939310747346917996e-01 1.548647223254098870e+00 3.758970889077228872e-01 4.738270025408290453e-01 -7.702501788307251074e-01
8.157050376722591034e-01 1.106639234156356011e+00 5.527499071858236190e-01 1.379629265559832119e+00 3.379974140188854448e-01 5.572157566632116588e-01 -6.735424486460694915e-01
8.638495543904980423e-01 1.017028008468266576e+00 6.604285628883376225e-01 1.159387591377638804e+00 1.549072818455138056e-01 5.470767294195946207e-01 -5.134417464853279212e-01
7.615486992487072726e-01 9.569441918433506666e-01 6.802230912622673209e-01 8.931514337671108139e-01 -1.642191952572190361e-01 4.078576223735956297e-01 -3.364893456831994922e-01
5.656096304953546205e-01 9.086975444685541081e-01 6.324187593004594321e-01 5.680470425375128141e-01 -5.516521192745651447e-01 1.325722135811376046e-01 -1.838745695743533026e-01
3.456087675940602288e-01 8.372060632326554508e-01 5.566944937806207472e-01 1.971127410164489890e-01 -9.205079363270514126e-01 -2.432701790832291489e-01 -8.664846861188643667e-02
1.449734505678105523e-01 7.068215091287025631e-01 4.677479658344886881e-01 -1.651483427332884335e-01 -1.179777501041255228e+00 -6.266353076655255538e-01 -6.117649873879948269e-02
-2.637023429106126818e-02 4.910448896675184693e-01 3.674312748341737045e-01 -4.640935282761287084e-01 -1.248674323238191386e+00 -8.979888286445285583e-01 -1.150495425813391481e-01
-1.744749111941885367e-01 1.783370444935863941e-01 2.836177930394195856e-01 -6.916456337268541699e-01 -1.093421452058407128e+00 -9.749963548899303056e-01 -2.390360169948324287e-01
-3.081993413451056818e-01 -2.244621907705871555e-01 2.571851043587156105e-01 -8.853725669998318004e-01 -7.550511834163943226e-01 -8.558686747393581262e-01 -3.893509656378042472e-01
-4.337810425838169448e-01 -6.760117970776554630e-01 2.843725262817121680e-01 -1.075061845954390360e+00 -3.415664090550306620e-01 -6.129267015765544890e-01 -5.058313561900920075e-01
-5.463343064602644850e-01 -1.109665112305217916e+00 3.056781789184002673e-01 -1.245152640820886392e+00 2.997133546514780741e-02 -3.403400242942366538e-01 -5.461787679854376298e-01
-6.294107025032118496e-01 -1.474636458914204251e+00 2.640513809978866644e-01 -1.359014616537815412e+00 3.054508515505846011e-01 -9.665161237119276882e-02 -5.010341906284807578e-01
-6.780936418525016496e-01 -1.747683186166586466e+00 1.582654143805073688e-01 -1.400716689611631427e+00 4.995314594711303680e-01 1.084570400069943819e-01 -3.905178083877727802e-01
-7.104621775119005500e-01 -1.915110114707279765e+00 3.361655495860907394e-02 -1.389848987584171969e+00 6.374147994267408412e-01 2.821857053603420984e-01 -2.450074729165198362e-01
-7.466220070972663381e-01 -1.954846774037554802e+00 -8.002837482739610930e-02 -1.356782424193561765e+00 7.059769778320267308e-01 4.178165115653186823e-01 -9.385854086293501930e-02
-7.949216526194812227e-01 -1.827147452019656670e+00 -2.168160191504982237e-01 -1.301191259154066859e+00 6.628252295337562217e-01 5.050248925416213064e-01 2.618067270239366612e-02
-8.497285599494911468e-01 -1.512754234567832423e+00 -4.295671280346036736e-01 -1.193414059715231401e+00 5.034739958599946386e-01 5.613084796152240097e-01 8.264437340490028705e-02
-8.950505820104822652e-01 -1.064121878614642913e+00 -6.878240535655526511e-01 -1.007552424097334809e+00 3.048782876163720901e-01 6.319786267593836548e-01 7.508770110758816729e-02
-9.282086326369669571e-01 -5.774428460924652118e-01 -8.666069005523451274e-01 -7.319623990914088107e-01 1.648894767601811751e-01 7.523760698969357286e-01 3.381903112621388596e-02
-9.597500632223703310e-01 -1.313108603023011578e-01 -8.405171128062777219e-01 -3.739940942030853810e-01 1.107999359954150165e-01 9.078701244798722536e-01 6.545254866905432338e-03
-9.755580067152421764e-01 2.301975504839601783e-01 -5.710102862114875277e-01 3.567850659361724436e-02 1.038917784064604527e-01 1.039841936487319263e+00 3.195999729592940986e-02
-9.213333028506336397e-01 4.907752888326221696e-01 -1.242354862106519048e-01 4.507794201517871802e-01 1.179977780761743006e-01 1.099201110091461375e+00 9.274781051240404972e-02
-7.339180780484907407e-01 6.458657712432018805e-01 3.870713364913667687e-01 8.038191459201673439e-01 1.765606075164000699e-01 1.077789005431360359e+00 1.209871029761411115e-01
-4.044360154526581708e-01 6.925258028311416236e-01 8.678556605109301048e-01 1.020190678921161442e+00 3.130130702246662344e-01 9.996950377484030703e-01 5.975575079368323356e-02
-7.215919418372931243e-03 6.441240557435562453e-01 1.242764530707092252e+00 1.069497124090222018e+00 5.109745175117080818e-01 9.005174469703279838e-01 -9.275701755386971115e-02
3.577516361218651131e-01 5.367876900083039526e-01 1.434668022779843843e+00 9.873045150582479001e-01 6.925543790157825397e-01 7.972744565994542842e-01 -2.742077438374876941e-01
6.274445666271910582e-01 4.165696790033133756e-01 1.376871707515270105e+00 8.501866822059714890e-01 7.696722644201180463e-01 6.787558573787598748e-01 -3.899535148434978837e-01
7.753491448516657281e-01 3.178663912256118329e-01 1.075620748359826795e+00 7.234304284704229371e-01 7.077618440172309677e-01 5.312869838829878955e-01 -3.709390454706617546e-01
7.917652628336248055e-01 2.389641690145294095e-01 6.485425750844796555e-01 6.128890528414909777e-01 5.393954072367784791e-01 3.579636254140302065e-01 -1.983905979920638774e-01
6.815871311622873074e-01 1.692911381035458185e-01 2.362864523362818436e-01 4.935127231152519056e-01 3.098360835829433446e-01 1.692958493375953943e-01 9.217235872739217017e-02
4.766851216594650276e-01 1.514631545191675033e-01 -1.185972792867130698e-01 3.761888584979580785e-01 2.219453071798713206e-02 -3.319304739401537224e-02 3.975387794860736346e-01
2.349480875232712040e-01 2.611600330970397787e-01 -4.610829197985563677e-01 3.028561871031320574e-01 -3.382529618644631308e-01 -2.479944641942534445e-01 5.809314363644283441e-01
-5.827122471590955206e-03 5.262967650528160846e-01 -8.285060102724285391e-01 3.115217851175562935e-01 -7.397173992622002592e-01 -4.368257268453662467e-01 5.430690196967205008e-01
-2.616556919960217886e-01 9.001376438323929197e-01 -1.193488833051193687e+00 4.226297426080026232e-01 -1.096528500065842904e+00 -5.243608031577540185e-01 2.561704745543872397e-01
-5.579806225404222442e-01 1.290534598138353806e+00 -1.467798526576608920e+00 6.136881583846151011e-01 -1.338234202961913422e+00 -4.735209572794329969e-01 -2.173616359438822476e-01
-8.791332975579339015e-01 1.619246604225625052e+00 -1.571948218547839726e+00 8.329465156223448963e-01 -1.480760059881085944e+00 -3.388397588724532672e-01 -7.439822382737434348e-01
-1.178042245885793315e+00 1.878092310992188985e+00 -1.518831335704309726e+00 1.058473574170614384e+00 -1.609815955595566894e+00 -2.130132307026795235e-01 -1.214013614271337804e+00
-1.404369491742361475e+00 2.098169190693749631e+00 -1.391957235679810667e+00 1.298599378112633707e+00 -1.783459833848260123e+00 -1.425937261477378259e-01 -1.584264570239752423e+00
-1.522301739547352595e+00 2.267886873495825739e+00 -1.242500979050586762e+00 1.539313073890728356e+00 -1.959760181334520679e+00 -1.075656205430652601e-01 -1.828607025392915197e+00
-1.521486877936876425e+00 2.317001239740257734e+00 -1.036472614288890037e+00 1.713699403847326552e+00 -2.027259859266544506e+00 -6.172380018840825655e-02 -1.909203765522095919e+00
-1.409816783924166206e+00 2.166911889006444714e+00 -6.982750594381526010e-01 1.721727947328672403e+00 -1.902314079313124351e+00 1.749650828285124679e-02 -1.789874289591318002e+00
-1.201144380295495084e+00 1.789961535431839668e+00 -2.070313599204855470e-01 1.499580578169035450e+00 -1.591510222767856586e+00 1.204647184933954618e-01 -1.468657596051509806e+00
-9.207309384551051190e-01 1.230142300709486713e+00 3.611099843270848542e-01 1.070390391892642290e+00 -1.163411520814382705e+00 2.413350926741810454e-01 -9.965106162044422566e-01
-6.047353360803683353e-01 5.589120551447279706e-01 9.021014692279654135e-01 5.143608723677360883e-01 -6.707102591753191234e-01 4.011574284021451886e-01 -4.478889890300956633e-01
-2.828834724574935122e-01 -1.765515251910790839e-01 1.373847329626312952e+00 -9.275136377103171403e-02 -1.143408517006895830e-01 6.205593781767664296e-01 1.137076849737689438e-01
2.866823384603749136e-02 -9.432620726738829564e-01 1.796729432033044915e+00 -6.998026412844046140e-01 5.128385813013334182e-01 8.831937080107176152e-01 6.339633575060811266e-01
3.266361384692291758e-01 -1.681061651919557809e+00 2.177292488224563005e+00 -1.260140249808424207e+00 1.164715886578738147e+00 1.134177576847186675e+00 1.054390941997839226e+00
6.130268036352143346e-01 -2.297403067759147266e+00 2.462690904548232140e+00 -1.712425538914445600e+00 1.731834211384849720e+00 1.302983723977759078e+00 1.330392992511395311e+00
8.727095915175169250e-01 -2.699911793094001311e+00 2.574998710936000190e+00 -1.983093603208227584e+00 2.088022559561635738e+00 1.336674331278064232e+00 1.464874259505899001e+00
1.073920347624958360e+00 -2.839849244604168099e+00 2.471091690605770719e+00 -2.015941794807229570e+00 2.172971902079675832e+00 1.233341749513032992e+00 1.495637824902970925e+00
1.191074322589217305e+00 -2.744659211448600367e+00 2.184806028458804672e+00 -1.805383313304999238e+00 2.048702378024940707e+00 1.047712662956706398e+00 1.453128687257017049e+00
1.209192727282459856e+00 -2.502893541095844387e+00 1.834074441647611131e+00 -1.396908660205315567e+00 1.842842311035429947e+00 8.476174405651104582e-01 1.362585379681414466e+00
1.127349026947110255e+00 -2.196338922056404463e+00 1.555287158089510458e+00 -8.575157086996993971e-01 1.626240044464797529e+00 6.603306192121786156e-01 1.263056580955077557e+00
9.615492030632970533e-01 -1.844131007333190242e+00 1.399909569200071147e+00 -2.400277775831365923e-01 1.371623223451078122e+00 4.770702861432117303e-01 1.188208412165353556e+00
7.382941797972295550e-01 -1.423710839617384982e+00 1.318702311988881437e+00 4.150856369623849296e-01 1.018038080509006127e+00 2.912060821968317503e-01 1.156981055990977003e+00
5.039781653369211911e-01 -9.300328864586661082e-01 1.250533572583599984e+00 1.038501052093983024e+00 5.468101093211827912e-01 1.056845669204647675e-01 1.181122434501591156e+00
3.123641312000059456e-01 -3.940303107111988723e-01 1.189625760264860110e+00 1.526898019332386447e+00 -3.956139086250807829e-04 -7.515619174324328355e-02 1.250539253201971457e+00
1.861877580301661839e-01 1.324725941242186067e-01 1.167990593855326109e+00 1.790537944940940651e+00 -5.584124554394090945e-01 -2.501020473334821248e-01 1.337638275989833980e+00
1.285221946394221049e-01 5.958802869839010530e-01 1.205243571501088962e+00 1.801798786215604409e+00 -1.076915027598615016e+00 -4.299660135171422537e-01 1.415971128133513446e+00
1.576599352823428168e-01 9.628984601452771352e-01 1.271262452554655864e+00 1.609903394280531419e+00 -1.510300988828681357e+00 -6.212411966268572838e-01 1.432399853746211038e+00
2.964464314335418238e-01 1.218686274598549169e+00 1.289725936781322524e+00 1.306996444012628045e+00 -1.782714542231864874e+00 -7.922549660396324134e-01 1.293933699101684542e+00
5.403935893540434687e-01 1.350190529581863474e+00 1.196116227551652811e+00 9.784811129819540598e-01 -1.804150677837168981e+00 -8.855607024243450365e-01 9.273404964780638249e-01
8.379242055617048823e-01 1.360437429599834491e+00 9.814702291217203278e-01 6.834564440791216500e-01 -1.538597104125748016e+00 -8.647576608912425078e-01 3.248721752194407286e-01
1.090736886757004198e+00 1.282005150352579559e+00 6.686558306267410545e-01 4.591255323953442602e-01 -1.049360072339352357e+00 -7.389638143938562775e-01 -4.549280490023223100e-01
1.192744031431420382e+00 1.163870020953800655e+00 2.733069621776026970e-01 3.325313941436984777e-01 -4.971240644958756505e-01 -5.665578472349620531e-01 -1.285792115529927893e+00
1.087179827216713468e+00 1.062192251107056506e+00 -2.031785443457478080e-01 3.201600162873509126e-01 -8.841491169084764179e-02 -4.369036616676675866e-01 -2.003783347953320693e+00
7.865886330584404007e-01 1.019750431011037239e+00 -7.565513539117723063e-01 4.035822057370258009e-01 3.577178696559275839e-02 -4.126324870734414674e-01 -2.481887369728255077e+00
3.454218430906168535e-01 1.040653416310304946e+00 -1.347208931441069124e+00 5.281836495445675350e-01 -1.249538857293804317e-01 -4.861451701562177208e-01 -2.680330707676270130e+00
-1.714560830533927716e-01 1.098213184860132641e+00 -1.872379403319532010e+00 6.360144272163886781e-01 -4.738720801423419449e-01 -5.997250811463411546e-01 -2.628717339996272884e+00
-6.916810369673696002e-01 1.151500289351733652e+00 -2.201769164755615460e+00 6.792665524221837003e-01 -8.848666121658809169e-01 -6.832854591056439775e-01 -2.380593538792662667e+00
-1.129025627786229169e+00 1.159002297023579597e+00 -2.269456001193863148e+00 6.220385529161792659e-01 -1.231868219475533932e+00 -6.752210926227301124e-01 -2.001207531721906019e+00
-1.400270911924595074e+00 1.093952220727625102e+00 -2.104543778242380370e+00 4.534011924047717246e-01 -1.417893204393102735e+00 -5.353296878667638259e-01 -1.569560249423082032e+00
-1.461259800364631767e+00 9.374585004057185422e-01 -1.758176260450306172e+00 1.880657036010469907e-01 -1.381739332482519789e+00 -2.434499043272881913e-01 -1.152906882025601210e+00
-1.324064743155413115e+00 6.753588229420042222e-01 -1.240587728305243997e+00 -1.540064045654682134e-01 -1.092359418121671588e+00 1.933399658458956338e-01 -7.752833981009042974e-01
-1.035279797016132930e+00 3.261986461224168909e-01 -5.575162955066074177e-01 -5.566837027179736275e-01 -5.804028427722315309e-01 7.162528438767647998e-01 -4.173560020987399644e-01
-6.584552639649821071e-01 -4.429150121248075223e-02 2.131931722079570823e-01 -9.694228221857521532e-01 4.263035922654151433e-02 1.226252784590830203e+00 -4.800415054956162081e-02
-2.777206788639074442e-01 -3.469534368479127440e-01 9.105813355549884358e-01 -1.281767271448003953e+00 6.190576164011827309e-01 1.629014627824119099e+00 3.426150271358739952e-01
3.098866840358585270e-02 -5.142211452455081044e-01 1.370626772753136935e+00 -1.389634354369612357e+00 1.015028695854313989e+00 1.863546948523080005e+00 7.389288042991890570e-01
2.445096034820592734e-01 -5.423150243441634544e-01 1.532208486865114239e+00 -1.282231228867552364e+00 1.191902507659698962e+00 1.909669819389595125e+00 1.121479533565468589e+00
3.863998328531265125e-01 -4.875847311213241109e-01 1.469441389350995220e+00 -1.040929070762353970e+00 1.205084958883069213e+00 1.779792767487592187e+00 1.479472107702608952e+00
4.992030028248368168e-01 -4.137304932758774090e-01 1.314644386157230116e+00 -7.672933310904490600e-01 1.129554263517149826e+00 1.497917852687090878e+00 1.798867442019744578e+00
6.339846779467737115e-01 -3.441685143908951305e-01 1.150818794609946183e+00 -5.241584407431327808e-01 1.008669174003357316e+00 1.092996670505074874e+00 2.046048121612844106e+00
8.265126060335311609e-01 -2.614730712107374844e-01 9.764309806803767033e-01 -3.260515314364225703e-01 8.626593963217348282e-01 6.217963678209439404e-01 2.174674401793077916e+00
1.070244349190497601e+00 -1.541235608624177134e-01 7.660224485000702854e-01 -1.660107613271870064e-01 7.178206434374406752e-01 1.788705575863719366e-01 2.165904470757213929e+00
1.321107183559326881e+00 -5.534850781121776475e-02 5.569937275575348457e-01 -3.947878221258453030e-02 6.196028909269590823e-01 -1.416979940083757106e-01 2.054095354455021116e+00
1.523066446060056256e+00 -1.837644248228072208e-02 4.541659928937438750e-01 6.031974017171494451e-02 6.110146730872989540e-01 -2.985694799227541774e-01 1.895140653238001516e+00
1.652960526918709538e+00 -5.784506492250779397e-02 5.326470692867536494e-01 1.490099019598616903e-01 6.826523745123942444e-01 -3.336934978917494021e-01 1.724926047507775229e+00
1.745375376730925243e+00 -1.206258074827522425e-01 7.412673771756043140e-01 2.529669408207834147e-01 7.515112928322982278e-01 -3.532109461381471305e-01 1.541969697683436724e+00
1.839704431993665734e+00 -1.170442717016929035e-01 9.125279402707763277e-01 4.052901161813191044e-01 7.154303608786525270e-01 -4.478244400078571497e-01 1.313556240535199926e+00
1.928750169816764837e+00 6.096570654867708612e-03 8.865547781112799175e-01 6.075991899195050117e-01 5.301647122788896160e-01 -6.301140523174453278e-01 1.016206133348725338e+00
1.983468520941724433e+00 2.237510814872320231e-01 6.311813333717104513e-01 8.054357631678004115e-01 2.373769270384770980e-01 -8.477165991283055479e-01 6.584703364183073226e-01
1.982845213584156552e+00 4.592259516259089014e-01 2.435824816383800884e-01 9.364428751158203612e-01 -6.439341725692512841e-02 -1.032174667508384269e+00 2.599175848313257653e-01
1.916060360798238493e+00 6.376758961401575165e-01 -1.479142015812116295e-01 9.809044400683296638e-01 -2.911976580438213613e-01 -1.150176618882465140e+00 -1.506510399767371777e-01
1.791936629796599956e+00 7.229513751158819224e-01 -4.887312342160676226e-01 9.399714887766853488e-01 -4.347341711354061333e-01 -1.229341330449895464e+00 -5.272833599686319594e-01
1.633953930948612188e+00 7.188735563189231348e-01 -8.259403966822594922e-01 7.983529325034012247e-01 -5.378137242306786359e-01 -1.313148287491941346e+00 -8.436950265355781520e-01
1.441226120240196362e+00 6.287709425831080612e-01 -1.231471810685250690e+00 5.285814823159976639e-01 -6.071614409671544088e-01 -1.387310426334798397e+00 -1.116801093493160257e+00
1.165311294980335921e+00 4.176688207616838233e-01 -1.688951272214456623e+00 1.082960012992774806e-01 -5.795183159453451971e-01 -1.378071672231596212e+00 -1.356730353402177514e+00
7.456515604509689199e-01 4.489690884098129775e-02 -2.070753838130683366e+00 -4.574943271299020120e-01 -3.919373265096982584e-01 -1.224973948210714925e+00 -1.522067369177595886e+00
1.753779368821807849e-01 -4.603374509497491496e-01 -2.244510538579648440e+00 -1.104404765768265628e+00 -6.870651115040343759e-02 -9.436364746949246207e-01 -1.558420287011908822e+00
-4.713454131488105658e-01 -9.753764452086134407e-01 -2.192605945718991478e+00 -1.714193800675411383e+00 2.694855866322759530e-01 -6.260444141035491628e-01 -1.469223116782028660e+00
-1.088942922898969545e+00 -1.341415940854757682e+00 -2.027375763985566515e+00 -2.173072484697940787e+00 4.649507230295504834e-01 -3.817715155559359697e-01 -1.325750030912368871e+00
-1.616565315901250299e+00 -1.456076275175536949e+00 -1.901345194997853483e+00 -2.430794645757719863e+00 4.079210212895946763e-01 -2.638032350399286408e-01 -1.205992500628329411e+00
-2.053481322784664442e+00 -1.330110141478907826e+00 -1.882522999547393994e+00 -2.518129181254536775e+00 1.016372653466887793e-01 -2.415458779853943971e-01 -1.131810032895725016e+00
-2.411186358655588169e+00 -1.063723482798414555e+00 -1.902064637172021788e+00 -2.516217367764292501e+00 -3.446695061372792579e-01 -2.347252414500603512e-01 -1.056152984934296324e+00
-2.665875280330033625e+00 -7.710887453110977230e-01 -1.831483901515968515e+00 -2.495260434208234290e+00 -7.888105032836462138e-01 -1.725176426454241019e-01 -9.074456708240371539e-01
-2.747794548467719089e+00 -5.152348534310926542e-01 -1.601290849627341029e+00 -2.467765427064466000e+00 -1.134551296782014607e+00 -4.281298703909509201e-02 -6.559535853008171546e-01
-2.575371550282897548e+00 -3.074824052430460419e-01 -1.244457070777819752e+00 -2.402171776325698005e+00 -1.344722793307558950e+00 1.149970433247313739e-01 -3.336451475636750819e-01
-2.118895547938821622e+00 -1.631103251656043640e-01 -8.561666185256949779e-01 -2.268001173937276072e+00 -1.384379933818666197e+00 2.740490982085725946e-01 -4.160684151379608064e-03
-1.441130979664847933e+00 -1.222423754106133353e-01 -5.173668585267622300e-01 -2.049609061620493833e+00 -1.203868369142751860e+00 4.463054187861479893e-01 2.787421601880609723e-01
-6.692490831772255344e-01 -2.108674942781193218e-01 -2.285395941972692690e-01 -1.743355987493320436e+00 -7.949633903184719630e-01 6.394328982424795083e-01 5.194130884956990046e-01
7.535632422528293350e-02 -4.088337245952278209e-01 7.948682649621686969e-02 -1.362971167321151311e+00 -2.219874543121286847e-01 8.229547024918351106e-01 7.852837049267885616e-01
7.206548372918897272e-01 -6.523440815528792625e-01 4.517975786723720244e-01 -9.358967953232000259e-01 4.033493534393967073e-01 9.378034544408607731e-01 1.135738126039966378e+00
1.241399215576056037e+00 -8.646574404935926106e-01 8.425172201893769142e-01 -4.979240816387878743e-01 9.707811513393272973e-01 9.319186786899574804e-01 1.554224383415877764e+00
1.635754139476061741e+00 -1.000201033866103151e+00 1.155067320520023699e+00 -9.136301506691775487e-02 1.417181891897776103e+00 7.998958038597190345e-01 1.950715634317228719e+00
1.904278627879088637e+00 -1.069256980481667174e+00 1.343565850948319262e+00 2.326323149316419647e-01 1.738690447472377443e+00 5.868714099410889951e-01 2.227709657723345060e+00
2.038296964294631142e+00 -1.120316783415006734e+00 1.457811844178570349e+00 4.106693367747880630e-01 1.968846897113933903e+00 3.612694394284891586e-01 2.344460186453271699e+00
2.019294402475590555e+00 -1.182967450341138704e+00 1.578639695594554526e+00 4.091355705327230363e-01 2.128653955388563279e+00 1.844628490054969483e-01 2.312880006724807647e+00
1.845009832509496128e+00 -1.227549456952480522e+00 1.728087915639787253e+00 2.805034906598852795e-01 2.177425592049409442e+00 6.652820680049399693e-02 2.158658324876876033e+00
1.555554759333016346e+00 -1.188569874141980121e+00 1.838363639278617789e+00 1.395838139771432285e-01 2.027062974899560555e+00 -5.217842536937462167e-02 1.897829626507185230e+00
1.208864335608952123e+00 -1.010926431159977046e+00 1.786658849808529403e+00 8.744933831324157303e-02 1.606763686468938523e+00 -2.412325431629686601e-01 1.536788966507877996e+00
8.485155541982010163e-01 -6.915803036772463219e-01 1.493559316902446810e+00 1.570924508645506201e-01 9.270690690138175816e-01 -5.068878006026750205e-01 1.103246396129659246e+00
5.131724754154717294e-01 -3.140086024488431549e-01 1.021390202841665706e+00 2.981547584463499212e-01 1.179104707021915860e-01 -7.862078509236964940e-01 6.618688714995142330e-01
2.396124521620826009e-01 -1.186895322130195746e-02 5.480033521041761668e-01 4.178532228119311021e-01 -6.197974481230638100e-01 -1.000312257674158323e+00 2.761211074619476791e-01
4.971459952693470935e-02 1.372071468244167591e-01 2.242836424244457894e-01 4.581063578610672926e-01 -1.143871149770813611e+00 -1.115802585064023855e+00 -2.939061442101944394e-02
-3.724333511324436768e-02 1.613157246682402346e-01 7.251126438162810994e-02 4.295167181034363346e-01 -1.440811114558881334e+00 -1.161364726782051271e+00 -2.575020425234657573e-01
-1.808674078277865008e-03 1.371468417908781046e-01 1.219811496137760895e-02 3.796661610939016662e-01 -1.569696540549241348e+00 -1.186930110675189054e+00 -4.007286758957225858e-01
1.436080461155714305e-01 1.196733014846047966e-01 -4.778493580129108964e-02 3.513833431137666774e-01 -1.577995799685902201e+00 -1.213915763861735719e+00 -4.327313299316924433e-01
3.407960018478427000e-01 1.160659784487708679e-01 -1.323726738780359735e-01 3.634153738592935112e-01 -1.468674911411216311e+00 -1.222187230002674374e+00 -3.317151679731978331e-01
5.133392064515042152e-01 9.287510183399699804e-02 -1.885783807794501610e-01 4.164155870054051523e-01 -1.220466973442964953e+00 -1.177514348487983531e+00 -9.558619643113074049e-02
6.066604039624737821e-01 2.510221110743700648e-02 -1.628306695388571645e-01 5.221364339057419368e-01 -8.417272915506603947e-01 -1.070918232878874887e+00 2.394665443061514687e-01
6.092636071404128328e-01 -6.313431053976942264e-02 -7.688717207136215592e-02 7.103877865881420561e-01 -3.924792700975916482e-01 -9.268726952288121046e-01 5.912428429345816250e-01
5.377814010973503978e-01 -1.270381782526172343e-01 -6.862301188010664667e-03 9.884273269507708459e-01 5.425540864370945876e-02 -7.752984444213961712e-01 8.660843304954415345e-01
4.028930196024146926e-01 -1.410514720317596060e-01 -2.186203401764905130e-02 1.306620852700128177e+00 4.480242378940812453e-01 -6.281444354677809816e-01 9.874835433273440044e-01
2.062490090114595664e-01 -1.082156033504091813e-01 -1.259991796630025307e-01 1.568147356773848866e+00 7.681893979719734977e-01 -4.841733858745021490e-01 9.180807755294683181e-01
-2.589763288267765695e-02 -5.510954634506230743e-02 -2.212343055474787212e-01 1.677399756426491084e+00 1.018860740368028095e+00 -3.477647615020240668e-01 6.909162874343922622e-01
-2.307043283617040141e-01 -2.225959921554778245e-03 -1.801289531494326412e-01 1.594643379233920522e+00 1.196405679185893023e+00 -2.471700481836447694e-01 3.883320905335664319e-01
-3.375058602325303192e-01 6.376304824367362567e-02 2.289380821631781249e-02 1.342432170324675322e+00 1.257668350091151632e+00 -2.339789044764896131e-01 8.267790208713193811e-02
-3.063302480207719114e-01 1.786085809245644140e-01 2.831299851572960380e-01 9.778749825884455182e-01 1.143856134741330299e+00 -3.413638027937844766e-01 -2.037055745155323672e-01
-1.542805814357773864e-01 3.629727266240678762e-01 4.524538628931424333e-01 5.732294668291573192e-01 8.378091647318836044e-01 -5.377208460081165375e-01 -5.052741279237371597e-01
5.494138304349410057e-02 5.733875813074359451e-01 4.739928023476308039e-01 1.926491765702574022e-01 4.027777375430041662e-01 -7.366849010297891187e-01 -8.519649783117798636e-01
2.560319866657382870e-01 7.014370315926480304e-01 4.423113739430296065e-01 -1.226412707083686521e-01 -3.716454255995548656e-02 -8.533339139212454683e-01 -1.198420725651030416e+00
4.204349813633556643e-01 6.597726834218969882e-01 4.835796824955147510e-01 -3.399444909042223517e-01 -3.794049497733636978e-01 -8.570333530085953999e-01 -1.453247377550339170e+00
5.614457302902275959e-01 4.413202716036178086e-01 6.145586152669547664e-01 -4.323356650502470644e-01 -5.960300967347048617e-01 -7.829674678398543808e-01 -1.545465456833496232e+00
7.027697221513024006e-01 9.164675847423038590e-02 7.589595840519339776e-01 -4.008205726149910442e-01 -7.025076420430964586e-01 -6.903554396052574704e-01 -1.452398814632107626e+00
8.420819382314700396e-01 -3.280326701952431812e-01 8.428414132035600970e-01 -2.894651640600018894e-01 -7.083241421016660544e-01 -6.078551567632602959e-01 -1.206734297724846972e+00
9.376817145252730468e-01 -7.683847977120477069e-01 8.578755101526568394e-01 -1.740488071985153706e-01 -5.989305999333255359e-01 -5.149954873722533133e-01 -8.607428793786977561e-01
9.241984856347381649e-01 -1.202041086506891565e+00 8.584832839565462725e-01 -1.116709126577616756e-01 -3.544279167046471835e-01 -3.731470810339042044e-01 -4.499530706700290428e-01
7.684600306190956243e-01 -1.584803874488548203e+00 8.837247602217973563e-01 -9.937891182344996133e-02 2.869100895809488516e-03 -1.818654565655271893e-01 -2.379552577649748923e-02
5.113189394851740399e-01 -1.830031042733692326e+00 8.809295956926995741e-01 -9.898363846917759834e-02 3.902725242634950131e-01 6.111244293289611398e-03 3.306653223007182674e-01
2.303646155806463314e-01 -1.850307447823056783e+00 7.420642189107391484e-01 -8.515449107392110417e-02 7.019991600645418828e-01 1.256703191324309576e-01 5.337830081673851090e-01
-3.272941230994855233e-02 -1.619125101805564793e+00 4.266832433072121344e-01 -6.727559061955472319e-02 8.561649800860652304e-01 1.410647791482702862e-01 5.786782760886388655e-01
-2.914706444014838471e-01 -1.192922924399965057e+00 1.445047596941737705e-02 -8.684916311013818335e-02 8.321994300524667709e-01 6.614117331750701823e-02 5.342588862459098920e-01
-5.612743885821016576e-01 -6.649565910690689030e-01 -3.823664516458817331e-01 -1.779895211001799871e-01 6.673389718248993185e-01 -5.033672240876155279e-02 4.664128820997373581e-01
-8.166564442131496460e-01 -9.721865659219190714e-02 -7.286537511057942229e-01 -3.188590236003379652e-01 4.017772818717725847e-01 -1.581571964883523029e-01 3.811136406363259121e-01
-1.010345476838359069e+00 4.758164543339428731e-01 -1.064179562821780278e+00 -4.564863161311492612e-01 7.135134131195175478e-02 -2.067809149622733267e-01 2.517119576787628654e-01
-1.105048533553323553e+00 9.982961800417746723e-01 -1.406319962057455797e+00 -5.750641300580715543e-01 -2.483867253517680340e-01 -1.458056589652426960e-01 6.289777582556614621e-02
-1.092139486213230093e+00 1.394402519364002835e+00 -1.690532145118802232e+00 -7.050667335462982299e-01 -4.624422649184390388e-01 3.847548454748989100e-02 -1.703141644044668390e-01
-9.942371178821899358e-01 1.614881990626877650e+00 -1.823112515934204536e+00 -8.674993030605269162e-01 -5.278618495857669846e-01 2.993830965308594272e-01 -4.120149692589153423e-01
-8.435804742134807022e-01 1.675960251577065963e+00 -1.777853948417430940e+00 -1.015984658631402748e+00 -4.840209005660469077e-01 5.500850323301865741e-01 -6.451833255622865249e-01
-6.708606406292810798e-01 1.654659020542534886e+00 -1.625443028664793399e+00 -1.042330268561327378e+00 -4.330102376450704060e-01 7.055617568001060214e-01 -8.766852442627690589e-01
-5.122082877525818700e-01 1.624225585470855382e+00 -1.457932500082666616e+00 -8.537228748500963471e-01 -4.796722210152138954e-01 7.207600754245453434e-01 -1.082555668654417991e+00
-4.010361024280947317e-01 1.593841133054704207e+00 -1.292495610341771073e+00 -4.401702541330525520e-01 -6.443047959673179337e-01 6.100033560771900287e-01 -1.200532933145103787e+00
-3.503660729307667698e-01 1.531253400126308062e+00 -1.080312194094297684e+00 1.291024238224329490e-01 -8.474011805246979279e-01 4.322285614432238021e-01 -1.199316128302064799e+00
-3.450867330190680038e-01 1.418364239039859864e+00 -8.004506430980103948e-01 7.510318608615600411e-01 -9.968528987697945487e-01 2.480090786251999690e-01 -1.101056694110566392e+00
-3.515216773067652012e-01 1.257057579484243126e+00 -4.998573931562950157e-01 1.328409498110360687e+00 -1.049733753384136881e+00 9.429636344661175562e-02 -9.288827975937832271e-01
-3.333628080727195631e-01 1.050915004298401678e+00 -2.442483954423419201e-01 1.768893442896802171e+00 -9.998031404090396146e-01 -9.670820954107603798e-03 -6.808499201236731802e-01
-2.500750995056425507e-01 8.010412223084791838e-01 -5.171816867558005903e-02 1.950146421973630195e+00 -8.549090524728976126e-01 -5.730194280866236084e-02 -3.573640242562870495e-01
-7.851670378399278061e-02 5.091544514434365176e-01 1.364426080781470374e-01 1.759782226401661154e+00 -6.319802408278080152e-01 -5.009920905944442726e-02 5.227158933670593075e-03
1.346001518992826218e-01 1.904756954898675081e-01 4.178161768133948906e-01 1.222447141161020712e+00 -3.768991187688863209e-01 4.497431187676676802e-03 3.385068159106909280e-01
3.001094067267037757e-01 -1.182797919198348563e-01 8.391631889328239335e-01 5.158066945042560913e-01 -1.751860319617070116e-01 7.801695708201106250e-02 5.953088444151248826e-01
3.723838898772062200e-01 -3.752117673554856703e-01 1.335413085807762634e+00 -1.660150561546606396e-01 -1.029572781673992049e-01 1.279037365480988619e-01 7.821528272471144350e-01
3.512330022110594085e-01 -5.511506246644399809e-01 1.757615854269977573e+00 -7.162930319409371860e-01 -1.766481841390759033e-01 1.367353091735757364e-01 9.266404587219060351e-01
2.355819061535274206e-01 -6.346356260030748819e-01 1.971022540142292057e+00 -1.130159249473716931e+00 -3.647788607101220548e-01 1.263634119294183566e-01 1.046438027849016850e+00
2.551356429235736994e-02 -6.382695442885082393e-01 1.942031678569931419e+00 -1.466806221938132815e+00 -6.130521821642662683e-01 1.360495042590749437e-01 1.145328823819499409e+00
-2.549084444383091230e-01 -5.919291778580095809e-01 1.729321340020900433e+00 -1.765238882067983406e+00 -8.582190274186554113e-01 1.894800875379222815e-01 1.198749164524728128e+00
-5.495047339856174995e-01 -5.112063954214077777e-01 1.406308238474519356e+00 -1.989926657707838054e+00 -1.059170504077309394e+00 2.692509887107583100e-01 1.155729949436838488e+00
-7.846338290665403337e-01 -3.885003683904608707e-01 1.017236331792202630e+00 -2.070251049466215854e+00 -1.200831950003961035e+00 3.369154483973603176e-01 9.803180933377799722e-01
-9.086720063652593549e-01 -2.203268513357136416e-01 5.913735533121139420e-01 -1.970201743731545330e+00 -1.251530084902868323e+00 3.842566739574236334e-01 6.781307285630769899e-01
-9.178389097233904392e-01 -2.618696500027167806e-02 1.782531119376786488e-01 -1.717759495842244855e+00 -1.156412758231359694e+00 4.416831767914106699e-01 2.874121548282448924e-01
-8.391034789838521801e-01 1.512917875083839847e-01 -1.371173494115747737e-01 -1.382219640029218377e+00 -8.810145399559216051e-01 5.388653625604441499e-01 -1.350576662043041221e-01
-6.935220141360125545e-01 2.740474817933167273e-01 -2.759526259686140293e-01 -9.978456504559929385e-01 -4.524639557945259183e-01 6.666041668744587811e-01 -5.381116887108853275e-01
-4.712339228737356112e-01 3.535453612842614501e-01 -2.318754346330254568e-01 -5.232220711816180092e-01 2.692778143476940930e-02 7.602546403341152725e-01 -9.030821836256835988e-01
-1.420952326674650157e-01 4.355394763367727018e-01 -7.759130693631130504e-02 7.328836271441530048e-02 4.240770447592954739e-01 7.279745004471004366e-01 -1.217249717151289046e+00
2.864369974384934903e-01 5.376287950930194182e-01 8.748136691059395231e-02 7.210093170190550182e-01 6.467331426573824649e-01 5.261850544808249763e-01 -1.415276156813085606e+00
7.244431995029168014e-01 6.268709686505832268e-01 1.960061863734670617e-01 1.266075067533516840e+00 6.690299681394091813e-01 2.080769511147189665e-01 -1.385449429259061338e+00
1.035593684503203216e+00 6.321918425378357798e-01 2.537563462079191479e-01 1.546845426315238248e+00 5.271677416582043474e-01 -1.086956416525575314e-01 -1.050616855578607067e+00
1.117022494213993467e+00 4.820143943797980945e-01 3.136443408368317920e-01 1.478329343604604329e+00 3.042889855800429144e-01 -3.163008783183234862e-01 -4.466359200320405565e-01
9.588698908921575725e-01 1.700231588634146529e-01 4.021987351171828484e-01 1.113394458099783657e+00 8.829740155777889010e-02 -3.746760100629160095e-01 2.716142536455311007e-01
6.530891449900714241e-01 -2.299513418004766052e-01 5.039202622205518622e-01 6.068904221926049170e-01 -5.345292414122245622e-02 -3.163724879808553214e-01 9.099111735605600604e-01
3.403119407668590002e-01 -6.170407712936042399e-01 5.974613464601926660e-01 1.111297455920198796e-01 -7.679411578508849034e-02 -2.030723346845128841e-01 1.327664283130453926e+00
1.317929951238515640e-01 -9.032156958714451234e-01 6.777765095594706635e-01 -2.858209395615793902e-01 6.742219105308691271e-03 -9.054585652026345133e-02 1.471785551968962658e+00
6.721336649261461238e-02 -1.027839744785771448e+00 7.653078318049958417e-01 -5.522196901551770232e-01 1.110617666255325764e-01 -2.881053880917670146e-02 1.365161104429124750e+00
1.312871320741084979e-01 -9.608778075542967478e-01 8.807937265047660613e-01 -6.734790301028988901e-01 1.181244542411714060e-01 -6.729292549126936196e-02 1.075042662383681069e+00
2.950261885919368554e-01 -6.843222188891350255e-01 9.790433422346344061e-01 -6.289794653060224450e-01 -6.469419690866191897e-02 -2.381667148254684729e-01 6.629021709821910635e-01
5.266145334196031813e-01 -2.017041162315909852e-01 9.453878847244187034e-01 -4.286542526491597949e-01 -4.592439237847946720e-01 -5.240444079346519013e-01 1.728888700882408314e-01
7.598855491267821893e-01 4.199074118844348669e-01 6.849869702709744379e-01 -1.542021388826544936e-01 -1.002687525751267295e+00 -8.448573872474650637e-01 -3.194903985660227375e-01
8.824924660132311693e-01 1.060640592803546056e+00 1.924333043582222014e-01 8.135267948706009777e-02 -1.583345232789729273e+00 -1.083519196667558360e+00 -7.128907849407685182e-01
7.897653099035553126e-01 1.599684766973877847e+00 -4.488942675763153423e-01 2.078451375589580596e-01 -2.083782224189431265e+00 -1.134856741958947479e+00 -9.529496436390311187e-01
4.511089264477564642e-01 1.949288290781979294e+00 -1.108462103795616382e+00 2.308541093944111722e-01 -2.409563213059346065e+00 -9.586942403948034430e-01 -1.058461403630161612e+00
-6.939238473229124293e-02 2.085091656066197618e+00 -1.669372535403872870e+00 2.161471368750355893e-01 -2.516645789486505524e+00 -6.073245260684597691e-01 -1.100278138090100777e+00
-6.433078500088837970e-01 2.045549747327972678e+00 -2.063944635474255218e+00 2.299470994494005882e-01 -2.412951713627302208e+00 -1.941119108010685435e-01 -1.157730998915407428e+00
-1.145936897299103752e+00 1.873187692876638000e+00 -2.257546631215666011e+00 2.925521878820526722e-01 -2.122061828897749081e+00 1.738769702914116644e-01 -1.259653844856345017e+00
-1.508062808220287598e+00 1.577761307026934956e+00 -2.226257258852764487e+00 3.944114702173982523e-01 -1.665242050916411864e+00 4.300047430017971406e-01 -1.371525430654964017e+00
-1.702666707333922114e+00 1.162021519277470327e+00 -1.968107599197503665e+00 5.157739145476395448e-01 -1.083323415800729661e+00 5.374933627321014651e-01 -1.429519441424787374e+00
-1.708994806100675445e+00 6.570323461365498163e-01 -1.532017687910248283e+00 6.172894843864644709e-01 -4.413898252027945723e-01 4.915372935550789690e-01 -1.385322902883703078e+00
-1.514753541837876138e+00 1.227877482288450006e-01 -1.017329238501134103e+00 6.360096430634180065e-01 1.951348427329116508e-01 3.412526833881189825e-01 -1.237557793190994460e+00
-1.156959424793481128e+00 -4.008443332648695678e-01 -5.103420996885532634e-01 4.985042413050527199e-01 7.836485090388366492e-01 1.835506615090742588e-01 -9.978815406685068723e-01
-7.469576217576525679e-01 -9.198211481059949124e-01 -3.309647982529789062e-02 1.681061709342654142e-01 1.306229403966995273e+00 1.167712107596581422e-01 -6.553260053388588746e-01
-4.206577624329617682e-01 -1.412342184576747428e+00 3.998464999493203664e-01 -2.933896746492486440e-01 1.725343080276842800e+00 1.810404005202031763e-01 -2.351517925651493424e-01
-2.543891391504903843e-01 -1.776428400235156913e+00 7.110129510098729400e-01 -7.383116044765775099e-01 1.957700810535224933e+00 3.339393856871798461e-01 1.641146807910468519e-01
-2.367496608544764902e-01 -1.894011015593258573e+00 7.930348848738612011e-01 -1.020335544442775966e+00 1.930158465132717271e+00 4.934541045753080279e-01 4.418160146479972461e-01
-2.966118655398075066e-01 -1.712543261376550552e+00 5.916257887702768281e-01 -1.069294050696851572e+00 1.640164749484449569e+00 6.025705845476255762e-01 5.641516273490395639e-01
-3.463876082437459814e-01 -1.291518291346936742e+00 1.728653794243944219e-01 -9.228503983008776723e-01 1.176417215986705456e+00 6.575668549260910156e-01 5.769590265370934112e-01
-3.324143886349213428e-01 -7.964356304712928436e-01 -2.794060136241180992e-01 -6.913744722086357930e-01 7.060964883084009935e-01 6.997579312303142673e-01 5.720726049242422784e-01
-2.561201624082328210e-01 -3.980697054142584568e-01 -5.729592734905718521e-01 -4.543462131070317156e-01 3.957901545147139433e-01 7.766298952697183733e-01 6.060222340809967578e-01
-1.348673777956796715e-01 -1.734615276478254919e-01 -6.132443006051785384e-01 -2.051349529533731120e-01 3.196166487759177222e-01 8.876054915437323611e-01 6.590407164291358644e-01
3.205364104364923084e-02 -1.034490659883436220e-01 -4.166510187257865261e-01 9.811115774116407895e-02 4.434990129826619221e-01 9.708646358685005806e-01 6.806696548046465844e-01
2.459970298557429824e-01 -1.153225972088110923e-01 -8.302281324744123503e-02 4.565270160545509270e-01 6.719814491133351275e-01 9.556621460773101484e-01 6.395465399644618687e-01
4.938837940941653293e-01 -1.365206870168092501e-01 2.548284629142955060e-01 7.873385774525953895e-01 9.056664241642539137e-01 8.229271414034737830e-01 5.445388865911062748e-01
7.541692243730609979e-01 -1.463379348157731463e-01 5.179030746337796032e-01 9.531233800659865141e-01 1.081247794147757402e+00 6.111769383689147350e-01 4.428299182149028623e-01
9.935999285225662891e-01 -1.718169221550568670e-01 7.169134559474658053e-01 8.623477291071943718e-01 1.176914668253611795e+00 3.817645800932289446e-01 3.796229304535440607e-01
1.170291439605442241e+00 -2.325027678504342221e-01 8.771623425709231814e-01 5.372323666431659817e-01 1.184067510299481762e+00 1.911644311794584716e-01 3.574796812873195506e-01
1.256339277644271224e+00 -3.084853495361459808e-01 9.617045610946336476e-01 9.036674854500399701e-02 1.090816549233501354e+00 8.480544396153538722e-02 3.383043630199105700e-01
1.250888098775953194e+00 -3.715422047167150077e-01 8.997995524517711230e-01 -3.567390862409263730e-01 9.049337264092852662e-01 1.003502542140988357e-01 2.873553369621330011e-01
1.166687802158110188e+00 -4.328025517498388930e-01 6.712707123388875763e-01 -7.422372885877631665e-01 6.741520987319704616e-01 2.618206285560782387e-01 2.219450370292863906e-01
1.011002080354511001e+00 -5.342930118466761025e-01 3.393131442097557793e-01 -1.051055403260963139e+00 4.668625497566163407e-01 5.591228350607920783e-01 1.929261237125792228e-01
7.948018425646682372e-01 -6.937393452491255053e-01 1.688697993902261345e-03 -1.267453944907526608e+00 3.195218962319951728e-01 9.207945009255817936e-01 2.243639091914284567e-01
5.613253015646205712e-01 -8.731499331247865037e-01 -2.750477508450067110e-01 -1.365882574067968980e+00 2.036347329368046744e-01 1.212689033837720087e+00 3.020550075520403999e-01
3.832903552623835308e-01 -9.962582250643856607e-01 -4.784526650587680452e-01 -1.317206192343883808e+00 6.288905590171448012e-02 1.297520739815030133e+00 3.884756188996862925e-01
3.165581824456181748e-01 -9.941538841876507160e-01 -6.316719014127576415e-01 -1.099040455895630597e+00 -1.301415815697694323e-01 1.110629992997371085e+00 4.416243621544543863e-01
3.619708948698536211e-01 -8.472026655623630109e-01 -7.585527205328876921e-01 -7.283748544885452203e-01 -3.651426504300863130e-01 6.781765053770640872e-01 4.565121863385695478e-01
4.756185985696078644e-01 -5.902925893312505057e-01 -8.578494571769649246e-01 -2.792566555286683516e-01 -6.096288823901833132e-01 8.264222905539223007e-02 4.626437930631828177e-01
6.054361370586575086e-01 -2.851611647876957090e-01 -8.969211280232576300e-01 1.630308505720410306e-01 -8.209459779693307757e-01 -5.821309116519246540e-01 4.690015219197063989e-01
7.181689000915217891e-01 2.461904496192607317e-02 -8.439395933626544499e-01 5.750240289150837514e-01 -9.779106923000860929e-01 -1.246075354112919698e+00 4.406201275354063029e-01
8.042453767995375591e-01 3.531745199703152371e-01 -7.357883421088531328e-01 1.005665353187288336e+00 -1.112706315398183765e+00 -1.864539184429238938e+00 3.114187305718913445e-01
8.593058067111494225e-01 7.334639223832595256e-01 -6.755725426847403181e-01 1.498224870009202903e+00 -1.275297910381434141e+00 -2.386067938004825528e+00 3.749283532883955494e-02
8.577828718321838242e-01 1.131994842094818932e+00 -7.319420604037825129e-01 2.013694916705986326e+00 -1.466499740118842210e+00 -2.735749285985772605e+00 -3.282343014480044729e-01
7.500470198826646451e-01 1.448399086296160876e+00 -8.775384548856991485e-01 2.438144841572087884e+00 -1.628063344305480387e+00 -2.836909997509437620e+00 -6.581916374434634287e-01
4.967341498694957669e-01 1.584941590889684671e+00 -1.018965522562635062e+00 2.653620214136493516e+00 -1.673149144426443469e+00 -2.647726698485454833e+00 -8.598929338036166437e-01
1.147005030115216262e-01 1.511730105145585146e+00 -1.068531583000599250e+00 2.621901742507662725e+00 -1.536335158228572473e+00 -2.194474256337252349e+00 -9.429390390645919773e-01
-3.188081170878521720e-01 1.296125985939090564e+00 -1.010489799853854009e+00 2.410598891128307830e+00 -1.236138029856841625e+00 -1.577031912565697302e+00 -9.850823857700431452e-01
-7.187278933862637498e-01 1.052216447341104422e+00 -8.990839328302635547e-01 2.131049775374393551e+00 -8.621717551424072923e-01 -9.190565734899207584e-01 -1.044296291115026643e+00
-1.030507014656667941e+00 8.559395997362091446e-01 -7.948494955918026239e-01 1.852533594657875593e+00 -4.824246175285977212e-01 -2.989999490814931882e-01 -1.126531641790267546e+00
-1.220151024360675907e+00 7.120471102642326189e-01 -7.084606783196270019e-01 1.560331995059628163e+00 -9.826897968961419150e-02 2.675034983364799612e-01 -1.213315702586202471e+00
-1.275370413766066413e+00 5.687990761195482747e-01 -5.854169883592050816e-01 1.195400078461689608e+00 3.168069937731201602e-01 7.905165678835613940e-01 -1.262800127624581492e+00
-1.220657766879818196e+00 3.699472818417485764e-01 -3.547888955635485897e-01 7.427854472429938903e-01 7.595578704111755064e-01 1.260937364874977096e+00 -1.209431048312735513e+00
-1.095424082423750445e+00 1.139239991848272487e-01 -8.025390649953384817e-03 2.621163386653274641e-01 1.180033191924123148e+00 1.635948622940378572e+00 -1.010509648806763083e+00
-9.177991845630850687e-01 -1.530282302822270624e-01 3.919366086458428433e-01 -1.694548626242772527e-01 1.526191765354048435e+00 1.864097445511342377e+00 -6.841112614871261988e-01
-6.846254099186445119e-01 -3.817735649326170488e-01 7.687292569428869626e-01 -5.158746750162022110e-01 1.778473546855382725e+00 1.917092024659262428e+00 -2.908987221253641065e-01
-3.940962894656845350e-01 -5.432385117074897130e-01 1.080698705904366452e+00 -7.922237156226770161e-01 1.932989719102198523e+00 1.797845039708042547e+00 1.140913941776993956e-01
-6.581407041294115579e-02 -6.344527658709655515e-01 1.328241928230619484e+00 -1.034087064186465899e+00 1.986910759465660536e+00 1.531381608302254449e+00 5.055559695907838602e-01
2.463631772753555049e-01 -6.573906647322173002e-01 1.515546384914352007e+00 -1.234385859177403288e+00 1.927162774285929192e+00 1.147974451390964656e+00 8.696899267966425873e-01
4.861174963227830048e-01 -5.938278689455916970e-01 1.611845897372314873e+00 -1.321874858101437011e+00 1.722213657860966807e+00 6.694431327536480847e-01 1.179901413511445396e+00
6.513670261310817722e-01 -4.173891854317062777e-01 1.562376241931811682e+00 -1.227278697468804580e+00 1.351445709967469933e+00 1.228649288009528162e-01 1.392036111560589262e+00
7.858414690452435458e-01 -1.204703758243732964e-01 1.328778929686738941e+00 -9.545823016857827303e-01 8.386354604137676860e-01 -4.264541910061848684e-01 1.463531961805619508e+00
9.176138184627126160e-01 2.597848698559504510e-01 9.348662134517683464e-01 -5.875637491348303376e-01 2.645156574244670322e-01 -8.680399801025294737e-01 1.382572585318307734e+00
1.023185372097658030e+00 6.381664909430910804e-01 4.810713861127287050e-01 -2.297339600210399346e-01 -2.521509508650777165e-01 -1.091998958794614172e+00 1.172482922528952587e+00
1.050914063039684709e+00 9.352532427151246663e-01 7.793989553528364589e-02 6.882356063593608742e-02 -6.320924845949882354e-01 -1.061762592073152156e+00 8.718303180390666318e-01
9.797624193211018628e-01 1.139762988525681697e+00 -2.423475812684828257e-01 3.280803824367997668e-01 -8.879121956078174227e-01 -8.347249869402855182e-01 5.025097726923227759e-01
8.341792203762863345e-01 1.299464205215204782e+00 -5.263781972815433363e-01 5.992192698264471318e-01 -1.072024369436008762e+00 -4.976468600900764150e-01 5.658728623961731957e-02
6.382499660902655192e-01 1.446081079760157762e+00 -8.148580374105822699e-01 8.986361123356354508e-01 -1.203418074348020284e+00 -1.042616312224872166e-01 -4.468702617602444138e-01
3.875050110785412949e-01 1.542382552203682256e+00 -1.067554019109301588e+00 1.166260167541765869e+00 -1.254639832073208172e+00 3.176726685203647982e-01 -9.086898082330242543e-01
6.831687204586518736e-02 1.520522002089782720e+00 -1.184218660447471816e+00 1.319832115988818000e+00 -1.181915474380786701e+00 7.350068714943798209e-01 -1.219905844236249370e+00
-3.054820780137711411e-01 1.354126708707330540e+00 -1.100083048741046232e+00 1.342055447685182701e+00 -9.608921641701084759e-01 1.096789047659356697e+00 -1.365658320084798705e+00
-6.729593482889959510e-01 1.070523403617714253e+00 -8.341018669708796240e-01 1.284960528407346869e+00 -6.055756531303454482e-01 1.340650141493309189e+00 -1.404954881060920702e+00
-9.547068953378635703e-01 7.204768028342891650e-01 -4.569285909271165180e-01 1.214088610523761602e+00 -1.629904738582142465e-01 1.422069659091471872e+00 -1.385122111953540402e+00
-1.102555209791320712e+00 3.481155010233701330e-01 -3.886904620909601565e-02 1.150838742204642884e+00 3.079954627895523656e-01 1.339644120641518610e+00 -1.310306637278994213e+00
-1.114282031100661596e+00 -2.882835602825669849e-02 3.854483439141171419e-01 1.057319037366824643e+00 7.555131431636104011e-01 1.119012306910852406e+00 -1.164296865062526942e+00
-1.013480841154285272e+00 -4.080099621290731449e-01 8.047257321279963627e-01 8.933880541277787746e-01 1.137654861121844885e+00 7.781142491553107998e-01 -9.499937363425846604e-01
-8.244278007001955011e-01 -7.718447942081746449e-01 1.183020050660000155e+00 6.728206444357484051e-01 1.409806928357422828e+00 3.191222673007091393e-01 -7.043344251542140722e-01
-5.627659534885868231e-01 -1.071122381693526693e+00 1.433825520126006392e+00 4.566746422253997184e-01 1.523460248856236765e+00 -2.391501667457512081e-01 -4.874640967315892470e-01
-2.422963766603387081e-01 -1.247980038105268585e+00 1.454196507233657787e+00 2.983663214390797069e-01 1.454927345070244904e+00 -8.300831725334471001e-01 -3.568196001311754739e-01
1.135405324302223296e-01 -1.294811708175171328e+00 1.211381908709240562e+00 1.787709311588188132e-01 1.235563949010512363e+00 -1.358458060153645341e+00 -3.116936267107910941e-01
4.586168742701434153e-01 -1.274729701935199966e+00 7.882850066450307613e-01 2.168993751439043938e-02 9.492813832494921833e-01 -1.744959754476703262e+00 -2.798777556329314353e-01
7.352061358314512240e-01 -1.258902318189544012e+00 3.157401843045700707e-01 -2.079963305899826809e-01 6.831006994043126168e-01 -1.953138273071500342e+00 -1.973856674056503335e-01
9.098570968306590734e-01 -1.263255669651940583e+00 -1.245274203769897031e-01 -4.593650811619364727e-01 4.713497113275417205e-01 -1.987900036250276781e+00 -6.950298253580500241e-02
9.744492558776318702e-01 -1.260294698279215808e+00 -5.142577913664109213e-01 -6.411670078194185995e-01 3.029874966560058280e-01 -1.869358881646659531e+00 6.290796228145606461e-02
9.205105903741295226e-01 -1.225137660273729390e+00 -8.460295478848552930e-01 -6.886224036374254398e-01 1.714603799880105028e-01 -1.619259647312630612e+00 1.757328193494983037e-01
7.437337712159176606e-01 -1.161115013362413961e+00 -1.082471618487243825e+00 -6.095579300604512252e-01 9.872619327800771782e-02 -1.273595040301083836e+00 2.710844675813163795e-01
4.591299532541395223e-01 -1.098188258846817922e+00 -1.162181195094329267e+00 -4.657193772232057216e-01 1.186228543833899446e-01 -8.834052122032438614e-01 3.602860652046572798e-01
9.427774935263918965e-02 -1.060229811249328469e+00 -1.049589937232150216e+00 -2.908263188131331445e-01 2.392871240404086108e-01 -4.957104625935608300e-01 4.418679606549466565e-01
-3.178674319189058184e-01 -1.033161607143278093e+00 -7.818283965526304780e-01 -6.325601908118408390e-02 4.227391444394882347e-01 -1.424553454835355282e-01 4.987876836576936035e-01
-7.301762466268709728e-01 -9.857719939370980233e-01 -4.453500167055752801e-01 2.159042470557698268e-01 6.127069104713414038e-01 1.522530626973983559e-01 5.146845302651927856e-01
-1.078556235457480472e+00 -9.071145222959562382e-01 -1.111943633960819494e-01 4.728424647639201672e-01 7.702938492880769816e-01 3.618295403689523737e-01 4.725928940157858582e-01
-1.301523395397212735e+00 -7.977069358379254016e-01 1.815215223856449789e-01 6.230553566580507852e-01 8.592728173906819533e-01 4.550909588405723794e-01 3.510257233390964848e-01
-1.360103734538901987e+00 -6.341725811027973947e-01 3.863100449037666362e-01 6.591700534560893665e-01 8.220453688351210264e-01 4.080494015920031470e-01 1.331798324282703061e-01
-1.238734924511205149e+00 -3.643605409474841017e-01 4.316690217469113522e-01 6.578825108293109292e-01 6.051631846510877599e-01 2.258327884374311534e-01 -1.909083877482876945e-01
-9.410436079027826306e-01 3.581800299784451691e-02 2.832968265288545173e-01 6.821109027936400615e-01 2.042212822094561786e-01 -5.500360523756401415e-02 -5.936282087758496528e-01
-4.912589745910363459e-01 4.991252311242870277e-01 1.544505874045669358e-02 6.916867311243450889e-01 -3.174232579208992044e-01 -3.867893791169824125e-01 -9.771833742626083730e-01
6.281408818610331735e-02 8.996392086507238872e-01 -2.323720696637574801e-01 5.958098431818203977e-01 -8.574987854241367113e-01 -7.229625249151796496e-01 -1.229145005334424390e+00
6.467676532006334522e-01 1.149911935117521322e+00 -3.718857661596444153e-01 3.709978979445373581e-01 -1.335993844453027046e+00 -1.016540793656830033e+00 -1.297065916481915826e+00
1.166729215643431905e+00 1.239095093252290392e+00 -4.111651804912743180e-01 7.696901165609558448e-02 -1.720047590929645764e+00 -1.217796882063820085e+00 -1.183196646797680440e+00
1.535256815659116203e+00 1.194976209736936301e+00 -4.034227905607542519e-01 -2.293590298057096299e-01 -1.993125262937885056e+00 -1.281846688013210445e+00 -9.042031457775822068e-01
1.698843866383494605e+00 1.029702965524556424e+00 -3.690812215595705159e-01 -5.591176372530537453e-01 -2.116285135632777870e+00 -1.182776516590407612e+00 -4.725322606739165709e-01
1.649393035461352630e+00 7.245604870854585045e-01 -2.613798663228214525e-01 -9.441785363792407626e-01 -2.023739835073591120e+00 -9.232347200394945830e-01 8.178712599403831218e-02
1.419465513071638263e+00 2.896957416327611834e-01 -2.669544596923105126e-02 -1.327323466418085296e+00 -1.686975856164069754e+00 -5.487219221600289076e-01 6.713357471361818263e-01
1.063097751572216199e+00 -1.812358214857438532e-01 3.036325392881261687e-01 -1.562970006774024867e+00 -1.179466887288212806e+00 -1.495937954935243341e-01 1.172170422751128704e+00
6.343535014859262855e-01 -5.554703115341829145e-01 6.164305164830963246e-01 -1.547000454912144773e+00 -6.298624813872659711e-01 1.807000802586498922e-01 1.492220235178121523e+00
1.822117627553624108e-01 -7.381495725221032256e-01 8.066685768990631278e-01 -1.299366667521258956e+00 -1.322769091004584452e-01 3.891862608262197654e-01 1.594968899180549515e+00
-2.465127976294793910e-01 -7.062072401372502251e-01 8.521249722601682564e-01 -9.264246903560154900e-01 2.721492471063179930e-01 4.640638402300850673e-01 1.485628929932951925e+00
-6.118048601416732346e-01 -4.895503510965311111e-01 7.992049923345928564e-01 -5.292291139550170387e-01 5.574113445109296627e-01 4.166859506369551269e-01 1.193700794517343011e+00
-8.853545040581554115e-01 -1.152964430778855992e-01 6.770183250529747676e-01 -1.432200140733875804e-01 6.784797372870501331e-01 2.713725383785615675e-01 7.502997825286777944e-01
-1.056442194655299982e+00 4.012320810861711995e-01 4.645331876558362327e-01 2.280452425566294461e-01 5.874042545773837665e-01 7.108864247442059359e-02 2.047121360970550474e-01
-1.143632395131308988e+00 1.003387152054087572e+00 1.558338556128369690e-01 5.428554553171341945e-01 2.872606257991635048e-01 -1.063241445747972608e-01 -3.394468511124498211e-01
-1.190670174749901999e+00 1.573500485827217688e+00 -1.866275887204944528e-01 7.184382920089549263e-01 -1.406901191206463564e-01 -1.550383759935966277e-01 -7.604697025000806132e-01
-1.243974856995153644e+00 1.978252921341363546e+00 -4.606471534117335120e-01 6.882439919542252538e-01 -5.658576554925625057e-01 1.526880217051400715e-02 -9.966254591153582698e-01
-1.341086553727840025e+00 2.139862581395293617e+00 -5.994648636987847112e-01 4.674490473954153180e-01 -8.779908832869572910e-01 4.316155604138632307e-01 -1.076525354886268548e+00
-1.509504148669324142e+00 2.081849422140964911e+00 -6.277100857504093190e-01 1.692172937180645431e-01 -1.052111490819769957e+00 1.035428565413967883e+00 -1.091021263740043823e+00
-1.755957239807185877e+00 1.898016432068009740e+00 -6.380482866081502724e-01 -7.033379702739339656e-02 -1.139509769972551601e+00 1.701660703017851439e+00 -1.127815365849265339e+00
-2.055046308269759869e+00 1.680526052265257420e+00 -7.146308506525987925e-01 -1.789929380335406606e-01 -1.190258442870953282e+00 2.297116245764074804e+00 -1.220814794570599826e+00
-2.353077595632618646e+00 1.485537941816207130e+00 -8.839562062941139775e-01 -1.625181877163633937e-01 -1.209199896143853703e+00 2.729769193321391008e+00 -1.348932086541129838e+00
-2.585329652610473872e+00 1.313427071146014313e+00 -1.086879297763653884e+00 -9.071068218205458056e-02 -1.167447409724846175e+00 2.951286605984581257e+00 -1.437056007030925064e+00
-2.695125019614162287e+00 1.098762064250205395e+00 -1.180836061702202899e+00 -6.798430712580334767e-02 -1.008990905483612588e+00 2.942433312934334300e+00 -1.382467059523032615e+00
-2.641619817891622812e+00 7.792045566652372468e-01 -1.038654620357530867e+00 -1.586948836317555456e-01 -6.815713010019744944e-01 2.707773119005331797e+00 -1.148813091509127249e+00
-2.406040660062123138e+00 3.730278506249524728e-01 -6.585777040381864955e-01 -3.428324769858221988e-01 -2.024291811270652053e-01 2.274016297187017255e+00 -8.013257588200185522e-01
-2.007143414427480010e+00 -4.082152834435685829e-02 -1.577140646914152455e-01 -5.489843102952688403e-01 3.350520787206965334e-01 1.696940079362345255e+00 -4.339589080511888075e-01
-1.500697216533240175e+00 -3.833546116373090507e-01 3.099203427108624398e-01 -7.075092503063713512e-01 8.189686072743032064e-01 1.062792598190830162e+00 -1.153344812991358298e-01
-9.514315607694093790e-01 -6.233253095642775632e-01 6.424130522727355963e-01 -7.883518330143822750e-01 1.168186319966658449e+00 4.602570956459981488e-01 1.212189127208310596e-01
-4.020624788669546201e-01 -7.858234887069317498e-01 8.306071136574803004e-01 -7.940518459633113535e-01 1.346383886511681061e+00 -5.816100951577247297e-02 2.680280333860962649e-01
1.379731642787358770e-01 -8.873837785699636438e-01 8.968792964251863786e-01 -7.137602509765113012e-01 1.334276610052569811e+00 -4.919757619773257873e-01 3.078717072752711892e-01
6.701045026138130467e-01 -9.028977505878705845e-01 8.351076038327893691e-01 -5.231085215683327627e-01 1.117442565735113025e+00 -8.679462741753150024e-01 2.262019641560951422e-01
1.165814519438916896e+00 -8.298636514261262809e-01 6.497183558922241531e-01 -2.321018240618244466e-01 7.396013414859708979e-01 -1.192836154904861390e+00 7.092633580420430739e-02
1.561636718684333403e+00 -7.215120931419864991e-01 4.010673440864609973e-01 9.425440076066186890e-02 3.272979642046545679e-01 -1.439109590699799046e+00 -6.018117565505994720e-02
1.801872242605265351e+00 -6.449940513617041793e-01 1.868887937175004732e-01 3.539876291934009322e-01 2.845420200081731979e-02 -1.574821580185897574e+00 -9.983450599197619957e-02
1.872857926514801097e+00 -6.402293613519096649e-01 9.308535150610637576e-02 4.652278338088864373e-01 -6.748491805041124947e-02 -1.595016230125506640e+00 -4.634652765447262041e-02
1.801297866990998253e+00 -6.911401002367359991e-01 1.414783382708278414e-01 4.408668820814203304e-01 2.543332762736755931e-02 -1.525503031811777488e+00 5.977599040941675851e-02
1.632244483129556833e+00 -7.290992869158744449e-01 2.689041513492734237e-01 3.841931595546677625e-01 2.172334737668392968e-01 -1.392153547276236303e+00 1.662024280351190597e-01
1.399538142003621477e+00 -6.894492845111213075e-01 3.648563394469042653e-01 3.924321177269270988e-01 4.197992549222624992e-01 -1.192011695536741245e+00 2.386159216248236736e-01
1.122700485252968505e+00 -5.624015710532443979e-01 3.507973740813821184e-01 4.727427364623931760e-01 5.832534927661850999e-01 -9.151227062807746337e-01 2.859383588634186180e-01
8.346782878899123848e-01 -4.021952337027572266e-01 2.476182763199522574e-01 5.442931531572688941e-01 6.934655633034316757e-01 -5.763963937419425143e-01 3.537481712026196989e-01
5.850416360628607482e-01 -2.945975438504012112e-01 1.564265322566297522e-01 5.184624032243563274e-01 7.667682775252111504e-01 -2.072365225223168073e-01 4.833668336444269520e-01
4.150675316184967989e-01 -2.909446132725100886e-01 1.618858078501559106e-01 3.688265100205099234e-01 8.140070524039593192e-01 1.532814426304927591e-01 6.806508279958288776e-01
3.411540978097931665e-01 -3.771372093441537898e-01 2.737962030179978412e-01 1.255540063905243309e-01 8.164052295362073108e-01 4.598472243585345343e-01 9.228420460939954495e-01
