-3.052183828093322782e-01 1.367118322659469642e+00 -7.835983584236261290e-01 1.077073645298062265e+00 -1.608196084054095865e+00 1.177835200875897215e+00 -5.775724037158285612e-02
-3.465608730682326333e-01 1.466405095004623460e+00 -1.033002277355075993e+00 6.729708339768816217e-01 -1.162533474078778939e+00 1.022505604896302378e+00 -4.015416804971837506e-01
-4.073095061815057427e-01 1.336667878382756580e+00 -1.134125496205452999e+00 2.745541156174418629e-01 -5.838225636161044063e-01 7.686834716522403799e-01 -6.658913381454035774e-01
-4.475197452951751309e-01 1.016876426504408348e+00 -1.070313926785959602e+00 -6.700309309213979547e-02 3.624254939942854817e-03 4.427836586154225706e-01 -7.883704748807678353e-01
-3.822817148589610636e-01 6.133974551762321203e-01 -8.678056248544321338e-01 -2.936476140091793252e-01 4.664617921569730319e-01 6.530717238623434673e-02 -7.603657372310087537e-01
-1.535114034746151990e-01 2.288733279483047833e-01 -5.647029072041089837e-01 -3.649508813520138117e-01 7.190086815747733784e-01 -3.414574079163072429e-01 -6.196803953170360035e-01
1.964848630005151808e-01 -8.904135258030992928e-02 -1.949212048488068172e-01 -2.734462049451360510e-01 7.369338462958963110e-01 -7.289113919002998543e-01 -3.948822383762000676e-01
5.401024163385752530e-01 -3.338687022907304014e-01 1.941693773925755040e-01 -4.347536332671098069e-02 5.548957868031220153e-01 -1.022700778389125764e+00 -9.294162852573929767e-02
7.643219595625165841e-01 -4.952253458595220481e-01 5.370825697706121948e-01 2.759999767296292816e-01 2.451332090908847627e-01 -1.163241826671520318e+00 2.580447183481056062e-01
8.361436780560000948e-01 -5.578994272663383436e-01 7.865613926454982918e-01 6.195068771662338714e-01 -1.141953441642636902e-01 -1.137670172307210681e+00 5.891778617821064046e-01
7.501650814509177589e-01 -5.445791848653439571e-01 9.447751852741290701e-01 9.083110946786495665e-01 -4.515095135082100586e-01 -9.496635850187241656e-01 8.301132907233559344e-01
4.767158570080367030e-01 -5.140304317865982409e-01 1.037524700658627452e+00 1.065696890624006299e+00 -7.046324473852644266e-01 -5.939242912097801863e-01 9.558795245717313094e-01
2.730017820922615857e-02 -4.928232024546176371e-01 1.059773618807968720e+00 1.056860319558145855e+00 -8.402347382622756822e-01 -1.061183930971163342e-01 9.832907788942302219e-01
-4.663547662882750466e-01 -4.324908242463315622e-01 9.660573091980423355e-01 9.233504706570403453e-01 -8.703281173885327737e-01 3.845988541178490538e-01 9.289763384854509143e-01
-8.170647841660950705e-01 -2.666751294462403887e-01 7.277651855249439583e-01 7.522033822274589721e-01 -8.325600117192039074e-01 7.137719947110340302e-01 7.942237799942097887e-01
-9.422650901390398070e-01 -5.219101217804269707e-03 3.869496924270071636e-01 5.960416652897252421e-01 -7.545564488237109790e-01 8.157949045164875068e-01 5.950193596383314132e-01
-9.201443903647480438e-01 2.618275739041215355e-01 3.063576800707620493e-02 4.469447519073673769e-01 -6.410396550147502426e-01 7.660770012604302126e-01 3.774255156234099240e-01
-8.735549092328679377e-01 4.541151732866372526e-01 -2.821002496079881294e-01 2.802091859630764792e-01 -4.814582848935115011e-01 6.811570415580231463e-01 1.812545472183115236e-01
-8.298016020148956118e-01 5.653940562272240511e-01 -5.465115163356486505e-01 9.703080935881154556e-02 -2.659016925608539417e-01 6.097754500066060457e-01 9.019915941853922856e-04
-7.219846602205025610e-01 6.375678085800010608e-01 -7.746376572214134226e-01 -7.238532922299682759e-02 -6.544178780003694768e-03 5.202444076408491158e-01 -1.923279013076825972e-01
-5.127856372259800288e-01 6.926816460801270559e-01 -9.577733211164368710e-01 -2.081926040530535649e-01 2.608001162104423565e-01 3.767458479422064466e-01 -3.914174408409603623e-01
-2.639028308147129964e-01 7.027844687172135618e-01 -1.070378326289027182e+00 -3.424663485331170265e-01 5.036215439603135557e-01 2.147829945779078653e-01 -5.421726178722093836e-01
-5.525752857288804276e-02 6.317126596649100811e-01 -1.098977079682774693e+00 -5.325071884908662012e-01 7.076085525145037192e-01 1.130327507293439199e-01 -5.984115792029059966e-01
1.082049396738259117e-01 4.814980372984694057e-01 -1.050318330741008443e+00 -7.932038390617813794e-01 8.650453633525100328e-01 1.119870013517525048e-01 -5.723367195051900502e-01
2.568305058711753408e-01 2.711044399533283356e-01 -9.264267770364923438e-01 -1.090629688251907536e+00 9.684276521958566919e-01 2.074480808096449691e-01 -5.167855164069170559e-01
3.813244269654033625e-01 6.680173702808451380e-03 -7.197383985488505775e-01 -1.384432060287947408e+00 1.019542760719460706e+00 3.893917652660409678e-01 -4.750243588637553249e-01
4.646209139671659827e-01 -2.934296857461388686e-01 -4.469897430543401939e-01 -1.640888223471927310e+00 1.033594289203128014e+00 6.321638420497840416e-01 -4.654796650831085070e-01
5.499364510325850386e-01 -5.753713544539441616e-01 -1.593354716871095977e-01 -1.817773707150265095e+00 1.022775603916205256e+00 8.608356431692487654e-01 -4.944111701505027878e-01
7.033435313679066159e-01 -7.770076724880234931e-01 9.315162006267203865e-02 -1.861502203915804898e+00 9.746336778053924510e-01 9.711868255989944965e-01 -5.572534375490113545e-01
9.089651197638908275e-01 -8.673924960358985192e-01 2.894221970954111711e-01 -1.735250473211088940e+00 8.653911345026691349e-01 9.087452600078875786e-01 -6.363658500305947596e-01
1.057665343622477661e+00 -8.467506429172472204e-01 4.247786426288464035e-01 -1.445571380062462774e+00 6.949982433559871442e-01 7.157245667661461530e-01 -7.176787418254240158e-01
1.060605966450700599e+00 -7.117556107443756552e-01 4.822238112745004801e-01 -1.027045739009297520e+00 4.834525171439850166e-01 4.742772931165626371e-01 -8.072650364643620957e-01
9.264476253762002900e-01 -4.486688040875171923e-01 4.373168290334661368e-01 -5.243682982001564019e-01 2.440487113860279333e-01 2.284815990255866236e-01 -9.266995179712652630e-01
6.955140600085860658e-01 -7.254375575453389513e-02 2.933049274300411624e-01 -6.827675423995206196e-03 -1.478942088153814560e-02 -5.023414023055312351e-03 -1.091472192786763884e+00
3.656356664945037971e-01 3.529243826985358767e-01 8.925303525998186382e-02 4.371147337257381138e-01 -2.758074930075528064e-01 -1.893328363581727458e-01 -1.282220888591603769e+00
-5.538511110133962495e-02 7.544203464767897938e-01 -1.326053076697643607e-01 7.476197617981231724e-01 -5.125933072383769273e-01 -2.887443586803043472e-01 -1.444299150370876195e+00
-4.761969993078161711e-01 1.092607543648637769e+00 -3.467547022717115124e-01 9.165137085173957754e-01 -6.940880750702065338e-01 -3.273146738323734484e-01 -1.526975967284289970e+00
-7.653714186958907595e-01 1.338544552627847439e+00 -5.132967014471920830e-01 9.550056878024232310e-01 -7.907747685368381463e-01 -3.714734185756854434e-01 -1.499221469639124171e+00
-8.439129655268304830e-01 1.437668297553913010e+00 -5.621521446318220594e-01 8.724371907504597790e-01 -7.809868749860012782e-01 -4.564593886400321598e-01 -1.333812852721188547e+00
-6.906185679573974001e-01 1.352135997570475867e+00 -4.489283177646978817e-01 6.970753978583777988e-01 -6.484139238173045605e-01 -5.761097006299035206e-01 -1.025232157463664251e+00
-2.993586104121305769e-01 1.109408166428478726e+00 -1.942462599202266493e-01 4.832825484624553858e-01 -3.862860020798216665e-01 -7.255055296831460776e-01 -6.184804951663269712e-01
2.839191516883838307e-01 7.670426310586461183e-01 1.511891927642504407e-01 2.815129802571596507e-01 -2.300521686432670243e-02 -8.927466712626154210e-01 -1.849221405499286153e-01
8.993944995588836200e-01 3.680326381141358905e-01 5.321213243539484328e-01 1.135082847131555356e-01 3.716271210287074855e-01 -1.009986638306095141e+00 2.136942074189079332e-01
1.342273081933636369e+00 -3.051004136502704495e-02 8.614852053844810342e-01 -1.629979777373000496e-02 7.216942932789435217e-01 -9.739270866772209434e-01 5.197671049214239725e-01
1.509684436238831751e+00 -3.248896813828845431e-01 1.020551462839122792e+00 -9.906281131504914017e-02 9.727519566232487591e-01 -7.396792331808063059e-01 6.725300475409627943e-01
1.425786120405748481e+00 -4.172326553021575846e-01 9.272085764287772980e-01 -1.318170611034110706e-01 1.091712060796607320e+00 -3.481860157084441521e-01 6.325125748977773465e-01
1.129189252204047200e+00 -2.937581921581875477e-01 5.855117951500306006e-01 -1.462680546299312268e-01 1.070584506796089741e+00 1.541092377150623527e-01 4.062044465069050148e-01
6.203271012413059671e-01 -2.497076947667491859e-02 5.823859759350184101e-02 -2.049752072137339953e-01 9.386129508746012817e-01 7.576351529400968676e-01 4.337723874040495115e-02
-4.984476832730554141e-02 3.002437237427907912e-01 -5.769552057103912723e-01 -3.592043125478071031e-01 7.521141173017282799e-01 1.418379244012854423e+00 -3.851705348883763813e-01
-7.229744598547203083e-01 6.206989413848859050e-01 -1.232265791190730875e+00 -6.165750692642355535e-01 5.567583037269049351e-01 2.006225280086132212e+00 -8.104334249748248453e-01
-1.226267391755724079e+00 8.939652792100105660e-01 -1.805206947634192316e+00 -9.503635403133662285e-01 3.675896128270890184e-01 2.380229840165881683e+00 -1.172700867509716138e+00
-1.472749003478713625e+00 1.080936803888623787e+00 -2.208011894639359429e+00 -1.324763288401383576e+00 1.899503494491927569e-01 2.486227077559343801e+00 -1.425630489359651643e+00
-1.439563432375558172e+00 1.163625321384536004e+00 -2.403326400216304837e+00 -1.699944836476595889e+00 3.938654198993130073e-02 2.347528502034269327e+00 -1.557740866921901723e+00
-1.132002845811854508e+00 1.151401767038103596e+00 -2.393748211856211228e+00 -2.026853745273257346e+00 -7.247879824193595444e-02 2.010137851241907914e+00 -1.593609534785334292e+00
-6.286251506794365840e-01 1.050070786593598315e+00 -2.192815863019695666e+00 -2.260613753339468346e+00 -1.526009220069370620e-01 1.549954691277237728e+00 -1.556443102833129588e+00
-8.178836061852490236e-02 8.667235960200551093e-01 -1.840929242908046604e+00 -2.376330168367547291e+00 -2.085538601977822981e-01 1.074848346203297833e+00 -1.462387268022498521e+00
3.971152503979135662e-01 6.577437995884281019e-01 -1.430375845496908438e+00 -2.356099379492892609e+00 -2.320962430562795165e-01 6.498394453956142236e-01 -1.356145912253639896e+00
7.936490270740959030e-01 5.086375305268242553e-01 -1.061863216050331848e+00 -2.182550930777846787e+00 -2.100673423640580240e-01 2.629379523204958824e-01 -1.303394213463297424e+00
1.093356434358096596e+00 4.494140575740808163e-01 -7.815368703835446906e-01 -1.869601341865911870e+00 -1.327196642379022684e-01 -9.654168308741868654e-02 -1.326956208881513888e+00
1.217341637233937179e+00 4.366126718648750682e-01 -5.889227300137560572e-01 -1.475072512422789917e+00 1.208224097936576313e-02 -3.809917449363425801e-01 -1.371940296937361969e+00
1.118763191635805176e+00 4.181366308587819991e-01 -4.769693610816856388e-01 -1.064374763824337267e+00 2.322581010029748649e-01 -5.460785865199160316e-01 -1.353711460507264874e+00
8.698516108041557393e-01 3.728858222206428152e-01 -4.279074877596029669e-01 -6.796235572567327354e-01 5.080556507082619744e-01 -6.194734190428791143e-01 -1.225952612021828037e+00
5.827935076421897342e-01 2.857337469191383317e-01 -3.924039811895614349e-01 -3.480666643530212490e-01 7.871236534070733537e-01 -6.582072543592236702e-01 -9.823644719884400134e-01
2.997993775674043238e-01 1.343160123643023784e-01 -3.163410340049019887e-01 -9.654925615110358794e-02 1.010337678526997962e+00 -6.808159793465325960e-01 -6.228654022038287996e-01
1.947074404726141170e-02 -7.820242265494992129e-02 -1.853175975171258427e-01 5.719448274170547269e-02 1.135323570970076190e+00 -6.838812121510663422e-01 -1.599384340367469293e-01
-2.270355852761037352e-01 -3.097176796888846395e-01 -1.722604093831873670e-02 1.213825166137891959e-01 1.139694043365678144e+00 -6.786426027308944953e-01 3.488091009684913257e-01
-3.967713136769325244e-01 -5.139551999484571754e-01 1.741342376175919193e-01 1.224744356555292207e-01 1.019641455981257661e+00 -6.759276527818107727e-01 8.154401475959218715e-01
-4.977481843593151156e-01 -6.726368116885882431e-01 3.836396365816615028e-01 7.591214669897866640e-02 7.957065029554386548e-01 -6.603922152835295378e-01 1.181117024759371192e+00
-5.709075673746250024e-01 -7.796886749818117135e-01 5.911306790506011266e-01 -1.307900615264786376e-02 5.106706480242552137e-01 -6.011262854921118892e-01 1.422530240425181614e+00
-6.197505008036502394e-01 -8.093995058312929425e-01 7.559702561536945087e-01 -1.124049979738946797e-01 2.083029698389029516e-01 -4.898979258980025731e-01 1.508784327050327168e+00
-6.050841903816550627e-01 -7.348826383083757463e-01 8.482176263022200846e-01 -1.597711503214353790e-01 -8.354925705402578562e-02 -3.588116610599076384e-01 1.417182118012033198e+00
-5.141280687651500481e-01 -5.672817098344928866e-01 8.690235120968022864e-01 -1.163660318516394343e-01 -3.463096398687459665e-01 -2.484051938813937321e-01 1.179638049133072686e+00
-3.781538656840309209e-01 -3.395440573053014610e-01 8.262915648842653615e-01 -4.721184494278307317e-03 -5.540564482063652374e-01 -1.759411757227037354e-01 8.548646911417341343e-01
-2.103489769076966609e-01 -7.333873550395203500e-02 7.209656757824772777e-01 1.188192352585957096e-01 -6.726940461140336058e-01 -1.460761585283143482e-01 4.716918907102161662e-01
1.621874371365893694e-03 1.997843742193209371e-01 5.791002614745248689e-01 2.051206413138882689e-01 -6.819206249749483195e-01 -1.597915208506972273e-01 4.521156577905286605e-02
2.387333963830716999e-01 4.113710643204866457e-01 4.653244324016628797e-01 2.160374645361864687e-01 -5.855669157132136204e-01 -2.001530471566752289e-01 -3.740111863938820891e-01
4.539979344475611467e-01 4.893955787591688922e-01 4.399312909450440734e-01 1.219514634220792426e-01 -3.912572437137488701e-01 -2.303144696315266859e-01 -7.196408340015348903e-01
6.240972910680555596e-01 4.090366344421125788e-01 5.176605411325531092e-01 -7.848068788236148285e-02 -1.011273182545836119e-01 -2.130015201902049626e-01 -9.687400130793287767e-01
7.510183777852756926e-01 1.947900009867146176e-01 6.749376772629539500e-01 -3.438262312328314030e-01 2.684397970376862230e-01 -1.352604347631422566e-01 -1.137819854382057239e+00
8.190362008757533507e-01 -1.109359580655371741e-01 8.761466684646193048e-01 -6.122241174735305602e-01 6.816796207125344065e-01 -1.551327039342366779e-02 -1.232047474794073505e+00
7.899483189171211395e-01 -4.621564767434860332e-01 1.080551845923590992e+00 -8.446064722712116613e-01 1.104531799306414319e+00 1.177186424876028870e-01 -1.239533305272257246e+00
6.597335342371972722e-01 -8.017468771042949305e-01 1.240608844807161937e+00 -1.030441674593592261e+00 1.507039868003736016e+00 2.363248841894643459e-01 -1.167440341825159544e+00
4.867933459844597799e-01 -1.065759340615162643e+00 1.316122235141678365e+00 -1.150143566114945060e+00 1.840467412609106956e+00 2.941457967331548851e-01 -1.044693121188243756e+00
3.313109316764967227e-01 -1.203122862694191220e+00 1.288735002707291688e+00 -1.160270965301735346e+00 2.034139021990561069e+00 2.347107598108592041e-01 -8.851712634504100841e-01
2.073879095771020420e-01 -1.173949421767993329e+00 1.145929560569455941e+00 -1.018080967007300108e+00 2.024384425430067136e+00 2.843642066192983431e-02 -6.785312389323366888e-01
1.283860508463700589e-01 -9.332114796579888960e-01 8.622612940037566176e-01 -7.029589396380682143e-01 1.779932176132986044e+00 -3.248421935287894025e-01 -4.278477554611826439e-01
1.365968938086075390e-01 -4.593020984303058940e-01 4.327900911641840431e-01 -2.278967864916297548e-01 1.304704608895272289e+00 -8.107184896738409696e-01 -1.637100843559036734e-01
2.442976403540998986e-01 1.896748038518760171e-01 -8.192577113945463674e-02 3.513079561269316642e-01 6.422806920830679278e-01 -1.374219769541985992e+00 9.031502660480150713e-02
4.053690516983831094e-01 8.902509148879762524e-01 -5.859941724829210719e-01 9.490980693488515474e-01 -1.096361951591711265e-01 -1.902337545358471216e+00 3.187217627107447604e-01
5.824344684310607256e-01 1.528688488494601927e+00 -1.011611371428419837e+00 1.479807738616087720e+00 -8.121850610433229978e-01 -2.281118775285582601e+00 4.775162961878997026e-01
7.692743279401027534e-01 2.021579158499235085e+00 -1.318236077157862285e+00 1.872623209826674850e+00 -1.340492536947895941e+00 -2.447772257824412989e+00 5.247975342033215362e-01
9.179083733639745724e-01 2.281445180617484247e+00 -1.457738542747018196e+00 2.065073361949581798e+00 -1.625276281790976052e+00 -2.364139570647088906e+00 4.886083635525256263e-01
9.555223906793330890e-01 2.232981768303356152e+00 -1.384452573996618696e+00 2.001490897787106427e+00 -1.636934412852171228e+00 -2.014151323350786171e+00 4.353356232348463695e-01
9.025433634990543963e-01 1.876814337754700635e+00 -1.093210745381373750e+00 1.664742789760174757e+00 -1.367469284948760855e+00 -1.473342969857205143e+00 3.811284083905775444e-01
8.581852526277491400e-01 1.294627195042237888e+00 -6.235909106966431859e-01 1.108712038542517320e+00 -8.597849279584678373e-01 -9.129411011648052021e-01 3.024871124142965995e-01
8.759224950496588002e-01 5.950214826162970594e-01 -3.871338175880121441e-02 4.444325938824479905e-01 -2.188208842400473919e-01 -4.999676820215642192e-01 2.123404195963204955e-01
9.451605769311882677e-01 -1.092040810356668668e-01 5.717428268574330508e-01 -1.984259331117547986e-01 4.409962492322531680e-01 -3.193454424767241950e-01 1.522987372075293999e-01
1.038142423212307541e+00 -7.065354526762259724e-01 1.093453668877000018e+00 -7.071330190675148009e-01 1.036412962768911372e+00 -3.656300039880284181e-01 1.346124671710247911e-01
1.094564457775466071e+00 -1.131919679687569680e+00 1.437076309768451798e+00 -1.018686459368814301e+00 1.500661177375019362e+00 -5.608145068954795143e-01 1.615435862495379626e-01
1.021129514834256291e+00 -1.390551377110172515e+00 1.570913580350320249e+00 -1.127478201804680502e+00 1.780081266311541510e+00 -7.931709281307844916e-01 2.667362945492517956e-01
7.760470829933637793e-01 -1.502124336942267879e+00 1.487460085434932022e+00 -1.051764006187950296e+00 1.860747442042302913e+00 -9.839173715151523503e-01 4.727549748453891421e-01
4.275904636077833554e-01 -1.451573643134116409e+00 1.178295256028207616e+00 -8.023197758469493568e-01 1.761527254502912143e+00 -1.130824183520260595e+00 7.432966514692891380e-01
8.608477181514875842e-02 -1.227345576906222702e+00 6.677184326790166491e-01 -3.995634042881623382e-01 1.497876779701744043e+00 -1.269474321637272141e+00 1.024329516336636825e+00
-1.958180969713468611e-01 -8.677325727866247451e-01 3.003741186607856301e-02 9.930973723187815072e-02 1.078547588125536194e+00 -1.399143919956385984e+00 1.295047538867896586e+00
-4.138303533031577608e-01 -4.342433891360196752e-01 -6.518950907943525941e-01 6.188912785027410601e-01 5.339229226222225178e-01 -1.473926806910783149e+00 1.537604186660654459e+00
-5.515349250075081144e-01 2.417614102415599486e-02 -1.312525314616741934e+00 1.101294634766174951e+00 -7.527526864270207840e-02 -1.447105371681023378e+00 1.691647535267383651e+00
-5.962530227983725561e-01 4.550562089599755056e-01 -1.879496287579659697e+00 1.507566667505308766e+00 -6.787682861397275058e-01 -1.290003172826550415e+00 1.689353945698279125e+00
-5.847029000287181644e-01 7.792059095187087170e-01 -2.260873786835872146e+00 1.789415932567032241e+00 -1.209142394853292890e+00 -9.812390692728245600e-01 1.525240236720401210e+00
-5.696683427922897280e-01 9.155675577492536910e-01 -2.378947134926543416e+00 1.884508313722042638e+00 -1.599677866887951438e+00 -5.186314713262589748e-01 1.254557214805307686e+00
-5.496267576037466851e-01 8.312630967857472797e-01 -2.205966978705146353e+00 1.765019868841731787e+00 -1.801313564316730176e+00 4.416026528709355442e-02 9.292802977845956436e-01
-4.796517892377104020e-01 5.512502802440664151e-01 -1.759910147120427037e+00 1.476691385138095169e+00 -1.809784680620239561e+00 6.005885811544344755e-01 5.742372855537899445e-01
-3.490214411999075228e-01 1.276740474327126562e-01 -1.090134103601169357e+00 1.106227201151878559e+00 -1.659164813575917163e+00 1.044740916440977552e+00 2.265516789796038488e-01
-2.050990900256649263e-01 -3.764423027981569359e-01 -2.812906901941373827e-01 7.246966527770419830e-01 -1.389984952098922255e+00 1.316558555525926488e+00 -5.335166095349285625e-02
-9.739107765481477830e-02 -8.837867621339936530e-01 5.520398904588789124e-01 3.783937603831518115e-01 -1.038019101428733437e+00 1.406874386443835556e+00 -2.265640909021926497e-01
-4.834999033174194188e-02 -1.317751493192001355e+00 1.296642084696448816e+00 1.128880073608166390e-01 -6.517312645870608767e-01 1.341106714104377096e+00 -2.845722283358688154e-01
-1.002054567942473468e-01 -1.643229160957504487e+00 1.880268360068546585e+00 -3.338162893884023819e-02 -2.927398398695781889e-01 1.188599282179344074e+00 -2.102653303512335703e-01
-3.097080502971240601e-01 -1.876886984742216935e+00 2.284533387627265988e+00 -6.314885718735381570e-02 4.050851692437888556e-03 1.057202989969006302e+00 1.086943741792080649e-02
-6.491933528876174808e-01 -2.033668790419403738e+00 2.514392226676945175e+00 -1.565490979465270979e-02 2.464274929299453687e-01 1.005312719810749877e+00 3.345048292167737691e-01
-1.001903501856223233e+00 -2.093915074736818926e+00 2.576723055577713417e+00 7.041565672631185102e-02 4.394135449414234285e-01 9.928059823377328730e-01 6.657616780660374767e-01
-1.285392618035918977e+00 -2.042093101048567227e+00 2.493483280239562561e+00 1.654792703546251464e-01 5.570643930655021503e-01 9.667669569434357291e-01 9.288789044541553297e-01
-1.490945298975548949e+00 -1.890032431581190719e+00 2.294023562040359732e+00 2.389934424430850413e-01 5.763057686455675954e-01 9.364262437475865397e-01 1.092105007608788814e+00
-1.590149886254115907e+00 -1.646909051517966072e+00 1.988225563809558727e+00 2.703469958241196403e-01 5.075047531751933905e-01 9.266982110400782124e-01 1.133844874691981364e+00
-1.497788523632249236e+00 -1.308181269493427612e+00 1.576412650256644010e+00 2.638671076859953613e-01 3.791840070182101452e-01 9.134563915382807320e-01 1.028075058608506342e+00
-1.172420155658698393e+00 -8.924230126879683089e-01 1.084260151081336332e+00 2.330627203376625101e-01 2.147569838913150064e-01 8.570620090647483869e-01 7.768622044569200025e-01
-6.901482956669807711e-01 -4.673054896983906414e-01 5.700501563419063666e-01 1.755773697266981848e-01 3.887619097756569997e-02 7.720361676562631503e-01 4.343699237708514849e-01
-1.676898046965397682e-01 -1.110217545082427121e-01 9.213870814561077316e-02 8.761587932148069691e-02 -1.081632078063807373e-01 7.075208526130815079e-01 7.061611606554592246e-02
3.300750038751829041e-01 1.409256027373328723e-01 -3.161239462227124486e-01 -6.172605603513052312e-03 -1.859608793120979542e-01 6.778703585348802019e-01 -2.822175058189242414e-01
7.540529047107470406e-01 2.790181667940738741e-01 -6.253077089514353926e-01 -6.730412343890172788e-02 -1.854850498453075314e-01 6.638576028317826339e-01 -6.160375683142798042e-01
1.012360911250584028e+00 2.806912186526246411e-01 -7.937020733712663034e-01 -8.050276097411439291e-02 -1.317928811292927993e-01 6.596527260733651143e-01 -8.966184203327428603e-01
1.028207815296925620e+00 1.392888829116459004e-01 -8.042514418111320618e-01 -4.827277961931805694e-02 -5.719508785040779142e-02 6.708738084848194783e-01 -1.078296345606653439e+00
8.250721667788057934e-01 -9.563270864935467797e-02 -6.908218844183424689e-01 4.322912157614405837e-02 1.329469007498601876e-02 6.818649153310895050e-01 -1.156681511640560656e+00
4.979025865222163061e-01 -3.560926830939771248e-01 -4.989030064427014133e-01 2.186276751669617158e-01 5.392101145020489206e-02 6.630996782020214253e-01 -1.155504042111443530e+00
1.224561163916850492e-01 -6.099627923061030632e-01 -2.475856840234882394e-01 4.777186103413746943e-01 3.895050071099074446e-02 6.073036529485960067e-01 -1.074201034234111729e+00
-2.660125034324065663e-01 -8.438806365461964942e-01 4.778479301933857143e-02 7.903736475040994414e-01 -3.719015213480882098e-02 5.351915308758685708e-01 -8.969460136351978807e-01
-6.220737859255902613e-01 -1.021872746547316302e+00 3.466132635958633079e-01 1.116450911505289412e+00 -1.534213748538812705e-01 4.557406990100933974e-01 -6.353499879649789905e-01
-8.719961744943757198e-01 -1.090675602077136430e+00 5.987371964064520657e-01 1.421632012724907357e+00 -2.917640899084878447e-01 3.335243187513591834e-01 -3.206955908184289661e-01
-9.777749159977977556e-01 -1.014193539142077549e+00 7.686252506702017095e-01 1.687151476211765866e+00 -4.630528985399244291e-01 1.255496512471144799e-01 2.809882938831297083e-02
-9.880258353669975069e-01 -7.907709827191539143e-01 8.339875118510232666e-01 1.905599379084395917e+00 -6.807558632132770793e-01 -1.485955129223249793e-01 3.921239645022325804e-01
-9.744181904878320699e-01 -4.383267319210283897e-01 7.777111822814307684e-01 2.066958644118368049e+00 -9.193316530946080700e-01 -4.117403524731558795e-01 7.155502378497822225e-01
-9.452103909572736606e-01 2.208373567026597484e-02 5.972525948067011203e-01 2.157112958684558990e+00 -1.129119488884513967e+00 -6.087538066933342318e-01 9.298019290646192259e-01
-8.812260762570097716e-01 5.522077989202454074e-01 3.201881901803839137e-01 2.170952886768131140e+00 -1.290797261284715169e+00 -7.335945337202487426e-01 1.026201804990861666e+00
-8.157970899301801859e-01 1.089964489376348933e+00 -1.215594753241581658e-02 2.124886302438663943e+00 -1.426708090814211571e+00 -7.813780630926174808e-01 1.058657876585361146e+00
-8.011582452508002605e-01 1.582726516068770684e+00 -3.804173664800968302e-01 2.050206362316734143e+00 -1.554461724758654739e+00 -7.357026118507561385e-01 1.063608098613280095e+00
-8.241073664004611166e-01 2.005985776924790631e+00 -7.796599392603356105e-01 1.969408879675443202e+00 -1.654786424471881734e+00 -6.026719418983736976e-01 1.013922065142822460e+00
-8.223901688856208869e-01 2.337163913467413590e+00 -1.179772777136563366e+00 1.884245832751045180e+00 -1.693611856275718308e+00 -4.142068769000826767e-01 8.640406461218020917e-01
-7.650281272225460949e-01 2.535614146387115575e+00 -1.523237136129553582e+00 1.777512507290788246e+00 -1.648153037280628119e+00 -1.934526362903368768e-01 6.062683529465592303e-01
-6.612991135347376925e-01 2.555925743057616550e+00 -1.758380813412884436e+00 1.612600521012824473e+00 -1.496806683832881957e+00 6.729062413750167004e-02 2.588363611562328193e-01
-5.085902668098897239e-01 2.371049879070991739e+00 -1.854588901755024333e+00 1.349030751721884025e+00 -1.220557610766294543e+00 3.816215222350415326e-01 -1.618317055203769006e-01
-2.910384907536801569e-01 1.990551578829165891e+00 -1.795142550223070232e+00 9.814749795995053594e-01 -8.452462489907610621e-01 7.299930217593307846e-01 -6.155597676245605498e-01
-3.092404160623437800e-02 1.462487376234176129e+00 -1.580607307899279057e+00 5.499223750997054294e-01 -4.497315477631729785e-01 1.072840944078409242e+00 -1.013967114390672108e+00
2.066072631147066463e-01 8.564677177759650872e-01 -1.242647296083791764e+00 1.020595848428126617e-01 -1.053812394440579864e-01 1.393189839238288430e+00 -1.269652979966049866e+00
3.726338833667481865e-01 2.539415644617407652e-01 -8.405404132073444057e-01 -3.263813206227855757e-01 1.597290308777846446e-01 1.690683059425361456e+00 -1.364827465164036413e+00
4.595122499440171815e-01 -2.632962163237758668e-01 -4.338892244564658829e-01 -7.019983993888567753e-01 3.321425138563831592e-01 1.948724417702726086e+00 -1.341127656678638536e+00
4.539463341666242768e-01 -6.410189468494734699e-01 -6.539459412817683059e-02 -1.006415363880966307e+00 3.961460533376673365e-01 2.145162223676222002e+00 -1.233329691737638623e+00
3.183195164954910616e-01 -8.503154481186772085e-01 2.175345955979951229e-01 -1.246547168386851423e+00 3.509258757536948825e-01 2.274676366638479941e+00 -1.045248695794454674e+00
5.034810454268220936e-02 -8.628122813067629071e-01 3.535268610174117643e-01 -1.430297107652233723e+00 2.151290404328035644e-01 2.329347939252782940e+00 -7.809741323996060025e-01
-2.880055249491914604e-01 -6.733519524940455581e-01 3.193042901758890717e-01 -1.552317099719905835e+00 1.626208709505334860e-02 2.284874012859045234e+00 -4.631862160689370067e-01
-6.290227080375496715e-01 -3.377023131988842741e-01 1.636977283711487374e-01 -1.609078410333193432e+00 -2.091659748067955238e-01 2.128125927977405851e+00 -1.164182647989381314e-01
-9.341812839190778428e-01 4.794797322477167834e-02 -3.764238912112462254e-02 -1.613188920597977249e+00 -4.038365908631629808e-01 1.876635327723800373e+00 2.347560580900111549e-01
-1.147231111147084093e+00 4.007183810554788561e-01 -2.332553177352954255e-01 -1.585286999325533408e+00 -4.945015600588368865e-01 1.550367954828444805e+00 5.415156245803117718e-01
-1.177614012939639521e+00 6.747974793132968108e-01 -3.941376866387591438e-01 -1.534404461223306537e+00 -4.317636137715765154e-01 1.139142428420019115e+00 7.380209933087249485e-01
-9.778511153189791694e-01 8.403505587126378629e-01 -4.904775093209053360e-01 -1.467437006246323117e+00 -2.172146813030490786e-01 6.389922601124107260e-01 7.838508669172141730e-01
-5.873759928925239571e-01 8.734131302110660355e-01 -5.017075561200822209e-01 -1.412486477700123810e+00 1.215873902300395742e-01 9.844283451067926960e-02 6.751011438890939242e-01
-6.998759997253763132e-02 7.801685805703221233e-01 -4.443706852010199659e-01 -1.400533293681940572e+00 5.580377542087724407e-01 -4.126822298488714846e-01 4.222697142599239339e-01
5.199294470822578562e-01 5.895187293237257320e-01 -3.542042867361789305e-01 -1.431974265836282401e+00 1.051564816779296363e+00 -8.343330875642126498e-01 5.711863098677007200e-02
1.092826576486193524e+00 3.146659004873835763e-01 -2.485532311722451482e-01 -1.479161413106464984e+00 1.533274500279281138e+00 -1.104298746674288401e+00 -3.415598643780896060e-01
1.540977199307726142e+00 -4.302015101945558251e-02 -1.286889119878488752e-01 -1.509469118010537292e+00 1.934294302976992341e+00 -1.181850645032104019e+00 -6.685109768782461215e-01
1.827896269910237459e+00 -4.542637794880458046e-01 -5.629434876313849177e-04 -1.499416346369544462e+00 2.218617992819380103e+00 -1.093248866771884931e+00 -8.529420401373920546e-01
2.000415192386680197e+00 -8.526765455853186904e-01 1.254833718068658899e-01 -1.439560172721004783e+00 2.374689715340575713e+00 -9.221684213464200752e-01 -8.901533512687690441e-01
2.098954176669948879e+00 -1.175117364003675835e+00 2.505347249250951536e-01 -1.339813172403764518e+00 2.388660973224864481e+00 -7.518768620108685630e-01 -8.119176032268260457e-01
2.098095273607793576e+00 -1.400634666431453734e+00 3.882615295048125192e-01 -1.228969735129510799e+00 2.243520724900651686e+00 -6.164237639527166968e-01 -6.449037928871675929e-01
1.963919206495887471e+00 -1.529881557519356061e+00 5.386110361642649780e-01 -1.130140428245284268e+00 1.943047626659579086e+00 -5.126753479662783386e-01 -4.235909462138504056e-01
1.734945151204101421e+00 -1.540196170982623736e+00 6.727474185497964720e-01 -1.029576813960437986e+00 1.520497883319830823e+00 -4.575636347146717076e-01 -2.238965038654333328e-01
1.489365301383660745e+00 -1.406441437561561925e+00 7.680587638639697623e-01 -8.908141334839501102e-01 1.022414216093169514e+00 -4.972017529948994929e-01 -1.272984453364542079e-01
1.260127737719026753e+00 -1.157923908521919065e+00 8.418896974972019942e-01 -7.004280012358410357e-01 5.057180781966588157e-01 -6.460002244280930173e-01 -1.523955370340765725e-01
1.041465923242759217e+00 -8.703310343484075284e-01 9.219730701630747260e-01 -4.711479534697128879e-01 5.314514528432812135e-02 -8.489927648715897002e-01 -2.628165049727059221e-01
8.438190807515151270e-01 -6.082578506609246372e-01 1.004121482960531386e+00 -2.075057192187233501e-01 -2.489425373416819243e-01 -1.023886561671014439e+00 -4.177775479698637162e-01
6.772049336046545021e-01 -4.010477584112062122e-01 1.064890898995089374e+00 9.048427506621940786e-02 -3.783616805700774077e-01 -1.128406634979294720e+00 -5.624308580244687938e-01
5.073420889521137456e-01 -2.668639317323698301e-01 1.099876436960680381e+00 3.869304784840956746e-01 -3.915704733023170347e-01 -1.169219263664690533e+00 -5.997322425733011553e-01
2.879535813434245251e-01 -2.247678242502434143e-01 1.122777678351262409e+00 6.155842172234433640e-01 -3.541280151096965478e-01 -1.157674824272274972e+00 -4.385980584950129324e-01
2.328563514349755656e-02 -2.640384830336426902e-01 1.129843014484960051e+00 7.383763285559653555e-01 -2.993823695800890139e-01 -1.092737836514432903e+00 -7.005991828037315405e-02
-2.395222214816339346e-01 -3.350100902573851513e-01 1.096287308617129419e+00 7.740717969282137068e-01 -2.575305994284546873e-01 -9.786382843305558854e-01 4.326122331246020081e-01
-4.700297006056269877e-01 -3.901998834722352760e-01 1.010084653090751239e+00 7.691131809701380329e-01 -2.741356836312848766e-01 -8.265420685107381926e-01 9.844461480074113702e-01
-6.745914656241670526e-01 -4.099177665067618159e-01 8.809047307268221827e-01 7.575162564403897791e-01 -3.807571845011135103e-01 -6.493924300374412928e-01 1.537509125914270358e+00
-8.556602758611285831e-01 -3.811443780603588904e-01 7.164489391438030319e-01 7.576947482711637871e-01 -5.739453482951062391e-01 -4.674179458030806589e-01 2.058364941291893846e+00
-9.903651504551495011e-01 -2.765460452022872051e-01 5.138627854882459323e-01 7.953005800036002659e-01 -8.384740919700315320e-01 -3.025498352287807613e-01 2.491845089300602112e+00
-1.074557249238662138e+00 -7.518761431959943009e-02 2.759972557985863606e-01 8.955810784031024152e-01 -1.167920622508990647e+00 -1.623097524151989324e-01 2.782042407692676633e+00
-1.150254324785735971e+00 2.160774737899291698e-01 8.504641413741895195e-03 1.057204026053288670e+00 -1.551540585610349021e+00 -4.102290956845054681e-02 2.909391333489194320e+00
-1.253232928538938529e+00 5.872467493716119202e-01 -3.032951287815358610e-01 1.264405183007518696e+00 -1.959838483602339254e+00 6.341145402148166965e-02 2.865664090893734528e+00
-1.372403918690857649e+00 1.035851842305529846e+00 -6.739930214331601999e-01 1.505010829271183903e+00 -2.352430418879662088e+00 1.530150095660657295e-01 2.618288261974761610e+00
-1.495499730210765765e+00 1.524404807834758735e+00 -1.068760676221126138e+00 1.744399586062156171e+00 -2.695614322305456501e+00 2.494739219119775642e-01 2.158352262387319254e+00
-1.648178125973895680e+00 1.966368213692980094e+00 -1.414716135009698172e+00 1.907693926769941539e+00 -2.966363904178562105e+00 3.835209956052368363e-01 1.566485968970484421e+00
-1.846186815232431444e+00 2.287296914305668061e+00 -1.664620110672062614e+00 1.927498670871531816e+00 -3.144064213032458976e+00 5.535600542227314680e-01 9.674159189488253929e-01
-2.047524174193791069e+00 2.480187412005983916e+00 -1.823446185566410138e+00 1.807983371395837535e+00 -3.216477469458985272e+00 7.109026898264201311e-01 4.330792733225065083e-01
-2.205745444597967175e+00 2.571664723616359893e+00 -1.914908849660070578e+00 1.615010975117955772e+00 -3.190300489138307771e+00 8.129559808167604595e-01 -1.318735206678120671e-02
-2.339403759992616738e+00 2.552501851254347365e+00 -1.943433581199867310e+00 1.402718601033348778e+00 -3.073474979266140661e+00 8.842321090063792743e-01 -3.311117900541143966e-01
-2.477129523709529657e+00 2.392396100108137080e+00 -1.899753553402562467e+00 1.185461568103412411e+00 -2.854425274790995726e+00 9.715795516457687020e-01 -4.743918616548481459e-01
-2.565932122209753974e+00 2.111519474894633763e+00 -1.787289988393371054e+00 9.760975462948593417e-01 -2.524296306604928208e+00 1.047031600807345475e+00 -4.468659480518775706e-01
-2.520098495446361664e+00 1.764086808192167011e+00 -1.608918830441236292e+00 7.919086440412979044e-01 -2.112919856652556216e+00 1.037670193694551379e+00 -2.887182488911533840e-01
-2.325308958615271759e+00 1.358599650256574032e+00 -1.336807285279555391e+00 6.190039659623013391e-01 -1.675100762721245751e+00 9.402822930769817455e-01 -3.038969070851860535e-02
-2.004938607486093094e+00 8.695757615402264218e-01 -9.346123245098342247e-01 4.255023822854945292e-01 -1.241782631160473160e+00 8.193547712353589363e-01 2.860038660859421378e-01
-1.529250090430543718e+00 3.106829519013001861e-01 -3.996631906804180567e-01 2.094498419778342002e-01 -8.090739037117994359e-01 7.114312843800331132e-01 5.685715889396188993e-01
-8.588753181889944299e-01 -2.653333333594454224e-01 2.353087116525242606e-01 -6.427739438969463232e-03 -3.765458786500974764e-01 6.038303012904023825e-01 7.151169241954232758e-01
-6.229291218823583554e-02 -8.172950175759173819e-01 9.112931434974583800e-01 -2.116647421150334163e-01 2.914633801764449084e-02 4.987853842511594249e-01 6.884418879737637109e-01
6.865135482226302210e-01 -1.313025465412142267e+00 1.531352541209876073e+00 -3.948948563109573873e-01 3.731293727765309653e-01 4.466368159130357229e-01 5.215913096304970464e-01
1.247548331826999757e+00 -1.685790736086355102e+00 1.972327780243898987e+00 -5.134813586555657672e-01 6.423608806777996172e-01 4.813165562253015062e-01 2.452093752518091641e-01
1.599797135893023858e+00 -1.858147922746175018e+00 2.153356093059654697e+00 -5.286097248417526151e-01 8.583208589076680717e-01 5.548506632620543444e-01 -1.459587425627810187e-01
1.762788479501882444e+00 -1.824787704374751574e+00 2.090955665601033520e+00 -4.563789705206244274e-01 1.055904257427699999e+00 5.957415341771983286e-01 -6.340270095191173905e-01
1.720062943199508476e+00 -1.659936474158168362e+00 1.862152492699550743e+00 -3.523718574990016839e-01 1.257616978572728472e+00 5.979781105485041381e-01 -1.142443425979721816e+00
1.469160061645148785e+00 -1.447051383241173772e+00 1.537906216024056194e+00 -2.774141342133490951e-01 1.478507324566667780e+00 6.066212546779587989e-01 -1.583595147693954042e+00
1.071736213791036896e+00 -1.245668108569331523e+00 1.183277023915662918e+00 -2.931575218259993010e-01 1.721337617488600813e+00 6.587998332450412109e-01 -1.898575225856523829e+00
6.191261194953046054e-01 -1.104551626021334831e+00 8.832482109458504871e-01 -4.438495049289251648e-01 1.959459134723545715e+00 7.607724873385124376e-01 -2.054956036618660331e+00
1.935977885511144247e-01 -1.059537136402633362e+00 7.139467610347671744e-01 -7.224253247424485824e-01 2.157817417597139631e+00 8.905080586077943616e-01 -2.043509412024924199e+00
-1.235523933630384846e-01 -1.110337085709417471e+00 6.907306600817716413e-01 -1.073208814060047755e+00 2.308020580181051162e+00 1.004526695249385870e+00 -1.883153035654289820e+00
-2.391043665040260002e-01 -1.209267317319753898e+00 7.703834287525542779e-01 -1.424820076622790976e+00 2.428727486006108549e+00 1.035924322943162279e+00 -1.630628833835167102e+00
-8.665982632753491122e-02 -1.285168613338880661e+00 8.986947072813724624e-01 -1.716205016198476985e+00 2.525027575084299869e+00 9.010182968726517805e-01 -1.358413550810879666e+00
3.117704762028759014e-01 -1.290485823825295419e+00 1.041329286299865986e+00 -1.909718392472535609e+00 2.557545939957874381e+00 5.500021881831825832e-01 -1.098796533298053824e+00
8.634972258057257433e-01 -1.214376354830919658e+00 1.176082545683462932e+00 -1.983608534758425801e+00 2.480088002862556706e+00 5.208313460611078798e-03 -8.506547148134703251e-01
1.487348429953068374e+00 -1.043440565623277694e+00 1.266841698400779981e+00 -1.912373390408669938e+00 2.287909653940813470e+00 -6.872539548070897286e-01 -6.335029640435053677e-01
2.120860484136555701e+00 -7.462397310051719357e-01 1.259833152892281705e+00 -1.673667076181635904e+00 1.998428337830455481e+00 -1.501091560672802139e+00 -4.720852172385113232e-01
2.652381969394260519e+00 -3.243505406305924876e-01 1.119750857431431212e+00 -1.280670230203298843e+00 1.622721699884112967e+00 -2.367373693365833365e+00 -3.474013441109054523e-01
2.939352233535359904e+00 1.536991697337734553e-01 8.589563237182312738e-01 -7.940598612157631075e-01 1.189083820658684232e+00 -3.126049138433616648e+00 -2.181059432124444475e-01
2.923045151739059655e+00 6.027773214890715936e-01 5.207077850555249521e-01 -2.891543095960713017e-01 7.594265900358705412e-01 -3.613278556026323418e+00 -8.334411434403135588e-02
2.656188364733560459e+00 9.706782356250780452e-01 1.568074711198724214e-01 1.765466543738430372e-01 3.936606733484189213e-01 -3.761569103675302728e+00 1.795087437460305552e-02
2.211767891414037290e+00 1.219626307293890433e+00 -1.777299159149746677e-01 5.559908008495698661e-01 1.203039138625886517e-01 -3.586067155711087473e+00 6.807007854834659644e-02
1.647970447948024164e+00 1.317266370388717078e+00 -4.463009249175992066e-01 8.110835324487079001e-01 -4.492452909798542310e-02 -3.138755803385070209e+00 8.663122338564113734e-02
1.066634250320508848e+00 1.265487033896988134e+00 -6.476247788639744041e-01 9.382954871972010169e-01 -8.325996608221561401e-02 -2.517902701550967404e+00 9.352068768411787858e-02
6.048088388974897089e-01 1.100368332240530211e+00 -7.921914339142683836e-01 9.732704989772419379e-01 1.672962030247597022e-03 -1.870993979941558694e+00 9.510665810459968672e-02
3.234198139838074804e-01 8.512894063410214596e-01 -8.705790645300852670e-01 9.508615355871484764e-01 1.715254280362507322e-01 -1.320464997508246530e+00 9.998917216797791052e-02
1.696366755250250657e-01 5.115546834680423371e-01 -8.484855514302618307e-01 8.586274719934837707e-01 3.974625708070215202e-01 -8.826319647497640197e-01 1.145476925599826085e-01
7.943264958440379719e-02 6.018356474277216511e-02 -6.865271715365452998e-01 6.502717944462039767e-01 6.880889465497710411e-01 -4.891546565706214045e-01 1.137049697444545704e-01
4.660580799472020114e-02 -5.010033971410424725e-01 -3.639789539242651584e-01 3.094466830939270330e-01 1.040248574884195865e+00 -7.437799553317803181e-02 4.637181733598130795e-02
6.744514883809962780e-02 -1.144701086247998711e+00 1.081697418446938008e-01 -1.231751717795766671e-01 1.395939885380779177e+00 3.854412116381386033e-01 -1.137640496047757771e-01
1.000757500572253822e-01 -1.811745485384509857e+00 6.671333142797377658e-01 -5.723915082918599184e-01 1.674231903237676233e+00 8.800189670728637559e-01 -3.457169354706893238e-01
1.192073848339458980e-01 -2.380969331114135557e+00 1.182194533194022235e+00 -9.475150826737782639e-01 1.816061824639828126e+00 1.354825259578303021e+00 -6.136230835627567437e-01
1.487749397921920846e-01 -2.694810526306225196e+00 1.505202816338868876e+00 -1.161337718832476051e+00 1.788793617319719198e+00 1.715673509675206487e+00 -8.936008392905131492e-01
2.037108356860594383e-01 -2.657251337610543995e+00 1.566422096055300361e+00 -1.168329608492039373e+00 1.577829186385413029e+00 1.886551193201447152e+00 -1.156920482487973745e+00
2.330264502693999984e-01 -2.297198364830428829e+00 1.402425693968538001e+00 -9.911177980125989162e-01 1.199538984462695579e+00 1.863873382336437068e+00 -1.353749642848188550e+00
1.501589602211373109e-01 -1.727532424647837628e+00 1.093231462425613643e+00 -7.013645070608021115e-01 7.188733256221919721e-01 1.713376345316431903e+00 -1.442547532048127579e+00
-6.873962665334525102e-02 -1.056543136939818828e+00 7.047356284673690352e-01 -3.665501464935247422e-01 2.276348965021303405e-01 1.504709120252461618e+00 -1.428406615691838466e+00
-3.481494144217423536e-01 -3.666767059880475244e-01 3.010216134120499709e-01 -2.726666772608357658e-02 -2.049254175746562656e-01 1.256838838886861653e+00 -1.346810471871783044e+00
-6.082798645362594847e-01 2.456781280592758299e-01 -3.535025649314380014e-02 2.752802861362745879e-01 -5.504922182573732670e-01 9.748462647261496583e-01 -1.216024885095259078e+00
-8.370808039517600996e-01 6.902288161846988901e-01 -2.491173350496144745e-01 4.963566694444900840e-01 -7.991173393320974983e-01 6.984503050998586149e-01 -1.032892912438015953e+00
-1.032141894488986411e+00 9.445335332305848652e-01 -3.539225865943104732e-01 6.207052688335509272e-01 -9.458790908953286225e-01 4.662039659841179517e-01 -8.014614852274584145e-01
-1.161084717966534896e+00 1.044853074568537599e+00 -3.937510679044102235e-01 6.665571145601262293e-01 -1.014072934581550900e+00 2.745199753330993531e-01 -5.327183776972366225e-01
-1.227300102814190552e+00 1.030533914790304761e+00 -3.982688919318127518e-01 6.600541566720388165e-01 -1.064461726196206826e+00 1.155667903842922256e-01 -2.260922867892381227e-01
-1.296885675870397492e+00 9.284685920079922550e-01 -3.971604797379165164e-01 6.190411091357647111e-01 -1.148102075003426537e+00 2.877775278571395937e-02 1.158661345120445829e-01
-1.420002073314665880e+00 7.745343559136453893e-01 -4.375181109125646506e-01 5.617641853288737330e-01 -1.269881816797554963e+00 7.530793518033887524e-02 4.569079417710725788e-01
-1.578146121183927164e+00 6.238643956412159852e-01 -5.595034078742074923e-01 5.265088882079239641e-01 -1.418112653263232659e+00 2.626583769289080328e-01 7.392627964236883065e-01
-1.729976422923417134e+00 5.313913063258477454e-01 -7.678483859386014965e-01 5.586294680073439212e-01 -1.588131362868030916e+00 5.287624277685086804e-01 9.259584896783409347e-01
-1.864226434324691040e+00 5.230576951416936460e-01 -1.037658722107505316e+00 6.665845723431702563e-01 -1.756295979099047777e+00 8.092881370002271701e-01 1.013889269064567555e+00
-1.974780876365263227e+00 5.927602546107257897e-01 -1.338778748734531066e+00 8.167692714538037357e-01 -1.865923157927754428e+00 1.080843016100547560e+00 1.009050011311786843e+00
-2.025494784783985924e+00 7.115333374299732672e-01 -1.638221653527998756e+00 9.675185124795070424e-01 -1.854717762983244089e+00 1.338294939748457590e+00 9.111830576576641638e-01
-1.996364562570424717e+00 8.189219317623969152e-01 -1.886138260501210473e+00 1.068938333762441850e+00 -1.692626945714842401e+00 1.584609716233768895e+00 7.414970946235882598e-01
-1.917887249391364790e+00 8.354400530311453243e-01 -2.032058104150532341e+00 1.044965767803919698e+00 -1.391138433868320812e+00 1.827217153744511657e+00 5.708578668897675845e-01
-1.804451052255030108e+00 7.191934882553560060e-01 -2.059714792629523838e+00 8.203277764640043435e-01 -9.799573945300918965e-01 2.031419387568193180e+00 4.835151113356872532e-01
-1.618406726973190990e+00 5.026309298155535732e-01 -1.986455126669675719e+00 3.729862056953519578e-01 -5.021190453042297941e-01 2.113273249090220851e+00 5.074443553777966409e-01
-1.351198724079824665e+00 2.552125667656652275e-01 -1.830879569951173069e+00 -2.450241460048631914e-01 -2.966008887668231467e-02 2.026947288235354527e+00 6.087679214116706872e-01
-1.079449201039553774e+00 1.543276882267159353e-02 -1.597001704048964132e+00 -9.346385209168051045e-01 3.578076488236055508e-01 1.835655738686232885e+00 7.470698071318648825e-01
-8.845685859996997857e-01 -2.107825997283802322e-01 -1.298518911368677253e+00 -1.576903494669798622e+00 6.200851027794546111e-01 1.663660842570039211e+00 8.833459079165945083e-01
-7.529822623396874581e-01 -3.957902418622387675e-01 -9.810943790027072398e-01 -2.035823812048309200e+00 7.667062728191108567e-01 1.584862652428837615e+00 9.400383846043985914e-01
-6.101033718334655243e-01 -4.922353857334993421e-01 -6.938031743382275796e-01 -2.196100735455863706e+00 8.226937329598786874e-01 1.585775849427951023e+00 8.249717479596189174e-01
-4.169123564782131197e-01 -4.795970221482139806e-01 -4.594203560307441592e-01 -2.025737430208076173e+00 8.048090299869986586e-01 1.618767212500781927e+00 5.037522633492864665e-01
-1.734447730355979100e-01 -3.550271044145558164e-01 -2.983158922001512003e-01 -1.572984483979730452e+00 7.350879357506135969e-01 1.632613064200328701e+00 7.804320286762667438e-03
1.334826361406853401e-01 -1.022197892059084207e-01 -2.426878146768637612e-01 -9.213098037280098573e-01 6.437102879606352301e-01 1.559411846933071333e+00 -6.067297787607739412e-01
5.162596444822392661e-01 2.767541707399908679e-01 -2.915677023129814027e-01 -1.810077067196575740e-01 5.447698287297189079e-01 1.340379245532589803e+00 -1.265954364884072314e+00
9.348610744865636368e-01 7.136317022822814549e-01 -3.806748790339717914e-01 5.103150155272017097e-01 4.379850380184846514e-01 9.862487159516394319e-01 -1.869638347140517132e+00
1.317285833133164719e+00 1.108993686900555664e+00 -4.320361871360701711e-01 1.037468462457822094e+00 3.363790046144454760e-01 5.682647076558184907e-01 -2.326089585255311398e+00
1.620318691091377383e+00 1.411863236565913171e+00 -4.150705890445367530e-01 1.369711859525955200e+00 2.625915231830278640e-01 1.419084614312156323e-01 -2.600305180497530344e+00
1.812888664555587726e+00 1.618839065035069247e+00 -3.319365270313062721e-01 1.545346501982049370e+00 2.223104760348732778e-01 -2.675533036457257707e-01 -2.698264614979982490e+00
1.831642025156763109e+00 1.711767283243061710e+00 -1.769305863729491168e-01 1.595937203647823210e+00 2.078762078577699457e-01 -6.135474558286632130e-01 -2.614277696371210435e+00
1.630763593717099891e+00 1.662287075846927253e+00 4.618004390829159866e-02 1.525381025070751129e+00 2.177489325567192879e-01 -8.350140313194327479e-01 -2.341260072162085315e+00
1.249871235467161279e+00 1.490308360062182924e+00 2.947869226938173992e-01 1.360096928585675657e+00 2.473956852377652005e-01 -9.149727136694072449e-01 -1.926187050706349213e+00
7.726556145877161441e-01 1.253919573447014102e+00 5.194233375669978781e-01 1.162654210776651098e+00 2.758518335269060096e-01 -8.728520931356169577e-01 -1.469007173345747264e+00
2.596544803257160861e-01 9.859554357966843208e-01 7.053241953697426680e-01 9.818388539812209492e-01 2.880208272064989639e-01 -7.110169896508141685e-01 -1.069242944421485264e+00
-2.256220827961434583e-01 6.921157255679880604e-01 8.554404812833957816e-01 8.338743919926434600e-01 2.958206140883728463e-01 -4.308178101898651469e-01 -7.986693478597698403e-01
-5.809561190384712193e-01 3.984220610691314168e-01 9.609537090210996668e-01 7.352674838233288490e-01 3.127463859046349937e-01 -9.187923145411368286e-02 -7.001967753215860846e-01
-7.248704040307853980e-01 1.492195773031038397e-01 1.013628266638419095e+00 7.040292283239666382e-01 3.240811999095073448e-01 2.011207507028791031e-01 -7.688195793725061122e-01
-6.586311487128491127e-01 -3.541901378485932950e-02 1.024362398638752003e+00 7.262042532208152767e-01 3.047212032427134010e-01 3.726870473760310332e-01 -9.420669434826941524e-01
-4.252501448536898376e-01 -1.670955550590626504e-01 1.015201592407630304e+00 7.649696448731403420e-01 2.544600327546905905e-01 4.070982770450732313e-01 -1.144734814417235125e+00
-5.290741004246504037e-02 -2.732402311833898034e-01 1.017455606856378258e+00 8.006102235407788204e-01 2.021665428008790621e-01 3.222350970278027860e-01 -1.337917140193124910e+00
4.191421106860125922e-01 -4.037141483568054134e-01 1.085437818264145315e+00 8.279021705577721546e-01 1.833303486153122497e-01 1.526503925986530674e-01 -1.502809251123213174e+00
9.161785096645113091e-01 -6.233223603113136058e-01 1.277096467414936098e+00 8.284899239652289138e-01 2.268640980181570177e-01 -5.532964928299950735e-02 -1.606318462339527686e+00
1.383155327266915480e+00 -9.548949021134259807e-01 1.599113277583074533e+00 7.842431049119626962e-01 3.520953790697106678e-01 -2.761445989334437856e-01 -1.621546438284534819e+00
1.809199640138325682e+00 -1.348200290573366322e+00 1.995322317823868374e+00 7.049246161519387988e-01 5.464107024109563504e-01 -5.187746186397550474e-01 -1.552364704912687632e+00
2.159156712743601325e+00 -1.729653453518751993e+00 2.396574584016737397e+00 6.091387511173758096e-01 7.530391727536743796e-01 -7.804185520559043798e-01 -1.398650678377707068e+00
2.347877542061221678e+00 -2.049617915019399828e+00 2.744054317190433689e+00 4.916347225160825340e-01 9.068587974876023416e-01 -1.021582528441910664e+00 -1.125483092871990998e+00
2.314398007262016055e+00 -2.268214921507581305e+00 2.966737369546191605e+00 3.407102083262271153e-01 9.690649653096562455e-01 -1.202195335940749343e+00 -7.055020901112381004e-01
2.073383628763080466e+00 -2.346454429826123622e+00 2.997890710557229887e+00 1.782233608087320509e-01 9.258495904300872992e-01 -1.303133730784223232e+00 -1.761970381601170310e-01
1.673093015063656930e+00 -2.283417230341640902e+00 2.832665268465303310e+00 4.819467634831361980e-02 7.834885485915213943e-01 -1.300703028825759722e+00 3.788423267930881577e-01
1.142216768926408887e+00 -2.135134234444742596e+00 2.530612469889726768e+00 -3.474727977910658377e-02 5.719212805145983403e-01 -1.148482037013680790e+00 8.934148218995098256e-01
5.153667151754565134e-01 -1.971318311056893258e+00 2.153176256275674660e+00 -9.789963382852398532e-02 3.416157165735231871e-01 -8.102143200537529344e-01 1.326808244417676974e+00
-1.147453097804937427e-01 -1.822976340842275444e+00 1.726611495157313048e+00 -1.648601537893867874e-01 1.417784495147010049e-01 -3.194741113205871730e-01 1.632457356372511992e+00
-6.259411583371262688e-01 -1.678506651957565987e+00 1.264334932526997690e+00 -2.164526813565323948e-01 -1.428851716304852491e-02 2.042620500302981812e-01 1.778052680363976457e+00
-9.529972650809935830e-01 -1.514893616956770606e+00 7.932520319198368419e-01 -2.163956157201538666e-01 -1.522272603400651181e-01 6.235316622974899081e-01 1.790380110945057890e+00
-1.110508399912961908e+00 -1.319530400837275241e+00 3.437918750890233688e-01 -1.604527352099715254e-01 -2.952321709446238396e-01 8.706935187781866814e-01 1.733240007555525874e+00
-1.128716333777745939e+00 -1.083004320170569468e+00 -7.120999971888868074e-02 -6.643655619331235995e-02 -4.426186443596861753e-01 9.439989889819614399e-01 1.642108816961838302e+00
-1.008340782174176331e+00 -7.883172411662385803e-01 -4.479777624282106907e-01 6.425487012073444193e-02 -5.904833849895502196e-01 8.338095126141423785e-01 1.508091381928324148e+00
-7.544658729125833796e-01 -4.267472329350147642e-01 -7.649963707798203005e-01 2.366938542775207932e-01 -7.400680458822807006e-01 5.188129410261772545e-01 1.317326208958252032e+00
-4.204178997556842212e-01 -2.141086097053858384e-02 -9.844649302877006569e-01 4.333239456947697854e-01 -8.831253275951592707e-01 3.644338783517420827e-02 1.084611429210428302e+00
-8.241820588550426152e-02 3.815874966328137718e-01 -1.081562501670080501e+00 6.252429055057902030e-01 -1.004230630746306474e+00 -5.056255360216257433e-01 8.454202618298209959e-01
2.142557092630586746e-01 7.459577657208981138e-01 -1.059052582713951196e+00 8.019778779747271935e-01 -1.096826330782673331e+00 -9.982992148033175139e-01 6.215449123554922517e-01
4.376714514273602474e-01 1.050322722079688686e+00 -9.399578471652697553e-01 9.649986154534953009e-01 -1.163956223587610861e+00 -1.374056717991774645e+00 4.237565719598377911e-01
5.203585018328235057e-01 1.268088790895142370e+00 -7.643181438851307519e-01 1.099215164224356167e+00 -1.206131880472681939e+00 -1.586868018795040136e+00 2.909952389788387772e-01
4.039532832772466664e-01 1.371157939640059720e+00 -5.823498317763825538e-01 1.178673004987357720e+00 -1.207068446669949058e+00 -1.602453434298551471e+00 2.712336489887689495e-01
1.137048120492865078e-01 1.349619065950613983e+00 -4.273056645949296906e-01 1.196420460575978950e+00 -1.140152281281471724e+00 -1.427207185166242009e+00 3.641041476116271824e-01
-2.732255410689727881e-01 1.214499722067720722e+00 -2.995783404502317393e-01 1.169833074124210670e+00 -1.008312097764471948e+00 -1.126744413379325627e+00 5.409923723449420185e-01
-6.978919414931180620e-01 9.932416481543850928e-01 -1.895120239681979124e-01 1.118105856538645249e+00 -8.586201642882886897e-01 -8.027840975271129942e-01 8.020062065319746303e-01
-1.116453056391638388e+00 7.388164351547846787e-01 -1.148632421254469488e-01 1.049517694800464085e+00 -7.420232415525598313e-01 -5.434526343515069247e-01 1.152023533560214474e+00
-1.471368154999631583e+00 5.331027339076580551e-01 -1.228429795268983632e-01 9.782267853474125863e-01 -6.883934299152956182e-01 -3.970089255961476438e-01 1.542302597224929128e+00
-1.722035786371457489e+00 4.385944710280469394e-01 -2.359447722791585544e-01 9.231985320127356065e-01 -7.155603678657324052e-01 -3.651695694425518557e-01 1.890948266764805430e+00
-1.893028103068704171e+00 4.429468600004147771e-01 -4.128690610572807174e-01 8.720630341862771751e-01 -8.197145172102134891e-01 -3.854906032529933357e-01 2.145950935418007965e+00
-2.029740569293067232e+00 4.963972621781049810e-01 -5.947483488288146658e-01 7.899716261800463490e-01 -9.621709649296268374e-01 -3.682239402254047222e-01 2.283343489737144516e+00
-2.106076600790857789e+00 5.835467014587422119e-01 -7.569597005475227069e-01 6.759022850007800898e-01 -1.090099571647352050e+00 -2.869513621704533612e-01 2.267453120369937292e+00
-2.047143612502814847e+00 7.067714148014441200e-01 -8.842435418885327136e-01 5.595984489260885653e-01 -1.167783513504443649e+00 -1.868408626018739915e-01 2.075501422581510713e+00
-1.830558281002953258e+00 8.325299601578887154e-01 -9.465880193795788156e-01 4.372511458884396629e-01 -1.182566963386578740e+00 -1.043274804093525937e-01 1.749291525815455772e+00
-1.487115658142835750e+00 9.093301412412603257e-01 -9.363446707922644663e-01 2.651290657667697004e-01 -1.130650204811046278e+00 -4.066460473054496483e-02 1.365040162271131230e+00
-1.032096113152231043e+00 9.235657581229353985e-01 -8.888335227711655628e-01 3.006473258564226758e-02 -1.013483060863137775e+00 -1.445443580114099368e-02 9.635341471486523757e-01
-4.778261629505459740e-01 8.945420655918971953e-01 -8.383812513480118911e-01 -2.252451588618204215e-01 -8.423911072138714484e-01 -7.281168627629745760e-02 5.586895562853205766e-01
1.081115155714934967e-01 8.307671077988399988e-01 -7.921804756762090838e-01 -4.582159033430713291e-01 -6.347839126069571014e-01 -2.329466970014112404e-01 1.970315193396314779e-01
6.170531848148999021e-01 7.317590484966507436e-01 -7.645523994556976399e-01 -6.590229540150410736e-01 -4.162746418352623601e-01 -4.534804256941430411e-01 -4.807148774296097354e-02
9.622856068381161476e-01 6.039036502739701939e-01 -7.801286935485578500e-01 -8.239607098906042149e-01 -2.237459518655789403e-01 -6.650294973682442379e-01 -1.401653286487688499e-01
1.097007180589609998e+00 4.415846342399066815e-01 -8.276286951515512413e-01 -9.464835372665321156e-01 -8.393619512286096263e-02 -7.982048207955869668e-01 -9.879473755119820566e-02
1.006352192515098221e+00 2.280614277251611643e-01 -8.677091764466989821e-01 -1.041488770900676153e+00 1.225783822915823759e-02 -7.932028439223045568e-01 3.255453012845287847e-02
7.457551072499134515e-01 -2.829493296840945513e-02 -8.881186702170783542e-01 -1.138863876768397621e+00 1.018470581724155583e-01 -6.314593320578896218e-01 2.032204856308849616e-01
4.506709625010535958e-01 -2.952134201226342958e-01 -9.001544098140269456e-01 -1.255087066846501953e+00 2.167080352639430829e-01 -3.649670686499192906e-01 3.640105807168252938e-01
2.403989755450717247e-01 -5.567049002602283414e-01 -8.914618100659135180e-01 -1.400656384562777745e+00 3.643593382475652231e-01 -7.888812434760185399e-02 4.907444872437085603e-01
1.425397567339272142e-01 -8.197979075637414903e-01 -8.280487743076010432e-01 -1.600508113938885923e+00 5.370773051911442719e-01 1.788866632888800878e-01 5.832566903982256967e-01
1.396551404915662986e-01 -1.083304223311376324e+00 -6.944999148634447561e-01 -1.869677711968587897e+00 7.218695925993868778e-01 4.104155925292090057e-01 6.297436540349369283e-01
2.351826017786003975e-01 -1.320865430160536924e+00 -5.023103959423121934e-01 -2.164125446617770177e+00 8.916074702501571858e-01 6.154759116987308376e-01 5.983455394577589237e-01
4.316777293192576304e-01 -1.497373229901997060e+00 -2.679218266147761485e-01 -2.385294532889772778e+00 1.008433904875549736e+00 7.664850712530525412e-01 4.764053802770808477e-01
6.829640575526926272e-01 -1.585964778350814175e+00 -1.027629572430522817e-02 -2.444526958651487725e+00 1.053024405887606818e+00 8.431428958425022380e-01 2.852846169725694603e-01
9.246312359188845198e-01 -1.554570185380081071e+00 2.317334843253469334e-01 -2.300404319848670553e+00 1.034402800179484050e+00 8.398264325479569692e-01 4.066137966076534965e-02
1.128431421997345474e+00 -1.362569484359038574e+00 4.135644027537500600e-01 -1.947564360272282746e+00 9.671433967253878494e-01 7.371770559636715570e-01 -2.662632284955676054e-01
1.274796533679412924e+00 -1.006417670194477587e+00 5.281992273666765714e-01 -1.418929972317682475e+00 8.557772662285565435e-01 5.214096919813672182e-01 -6.230571244516871499e-01
1.306589255205777844e+00 -5.504813021480144952e-01 6.054945377235204651e-01 -7.989738764802598592e-01 7.015095800739730159e-01 2.249855482043252031e-01 -9.554808294616193853e-01
1.169708562395250340e+00 -8.979282124675733168e-02 6.664875399388154875e-01 -1.968164530806564283e-01 5.135464373210315570e-01 -9.099949593464516651e-02 -1.162409704760992701e+00
8.808860785388277215e-01 3.065251766303391801e-01 7.072960514994035552e-01 3.135594170588579255e-01 3.055824831802002040e-01 -3.879866102043513787e-01 -1.190000941490875208e+00
5.054442882228230571e-01 6.056109430950348260e-01 7.226739006514514285e-01 7.179002348982955750e-01 8.211293489495460896e-02 -6.521767214828464443e-01 -1.050540750050007466e+00
8.705204582933287472e-02 7.831359193666089791e-01 7.150995692295158968e-01 1.021123499235374821e+00 -1.550112949222658965e-01 -8.501494933831653666e-01 -7.760081220782304445e-01
-3.394078401555951086e-01 8.284564763841386625e-01 6.702366559732673146e-01 1.215824607373466648e+00 -3.866434703062931466e-01 -9.395601110499263164e-01 -4.010115366586857744e-01
-6.906566191612453220e-01 7.738618144275262178e-01 5.530736690804347599e-01 1.304866603750505671e+00 -5.825702662687674005e-01 -9.340325357429885011e-01 1.296904712681959046e-02
-8.711575207373019047e-01 6.669882866034982927e-01 3.561775483085666272e-01 1.310947656073786938e+00 -7.279688023496273530e-01 -8.970770687592661830e-01 4.014038502896628557e-01
-8.603801050051514965e-01 5.196099577822631543e-01 1.260384417354218634e-01 1.243609027901712238e+00 -8.239642400782525300e-01 -8.711376856376765732e-01 7.509180034902284140e-01
-7.093891183267482248e-01 3.201675405879677583e-01 -7.712913600765963773e-02 1.086941399300178857e+00 -8.537823063927288958e-01 -8.600056962560785889e-01 1.081197546926255804e+00
-4.609130602642494412e-01 8.307906508760136421e-02 -2.185437077617405077e-01 8.358694457659359145e-01 -7.755704244439103334e-01 -8.686834450541853769e-01 1.371455216625658169e+00
-1.263620092346825763e-01 -1.465758526717321208e-01 -2.793280985186120668e-01 5.210348504643994572e-01 -5.695284518153261866e-01 -9.162512531146823624e-01 1.549819038564342000e+00
2.549842814125434787e-01 -3.325510080953047454e-01 -2.376485963580232952e-01 1.843658975087908158e-01 -2.661347128514298666e-01 -9.995592431146231860e-01 1.561253235080384272e+00
5.979814024083045521e-01 -4.562083318154432909e-01 -8.897456811162277046e-02 -1.397927779706595042e-01 8.359351155735100791e-02 -1.069528939233429732e+00 1.400178398424074322e+00
8.429368470287563753e-01 -4.827865881866949538e-01 1.200050091012972026e-01 -4.061473526022763569e-01 4.320158840213556561e-01 -1.073806446004004878e+00 1.072852875069651324e+00
9.905746259525131103e-01 -3.691975153895707962e-01 3.081580108480971858e-01 -5.621310717846746963e-01 7.195664094582938652e-01 -1.011297446150734469e+00 5.873721573753655223e-01
1.031624706722478191e+00 -1.225050589803837464e-01 4.039318983591470014e-01 -5.914542807738777386e-01 8.680988061227362662e-01 -9.071230166137226325e-01 -3.458186169251597792e-03
8.915847386450811429e-01 1.730503028367356699e-01 3.645662001088364468e-01 -5.421115288600798499e-01 8.212072640179700622e-01 -7.349213313110700696e-01 -5.819358266132720336e-01
5.125682757787146659e-01 3.801961496959815334e-01 2.010247173582264679e-01 -5.093896009756199161e-01 6.030054250572871588e-01 -4.221198721485330263e-01 -9.832330010829527511e-01
-1.358935252014592879e-02 3.778085861132758905e-01 -1.070407718881496127e-02 -5.650156614207640926e-01 3.155461941958004335e-01 1.562174005587070764e-02 -1.051544006013419796e+00
-4.825669779670723747e-01 1.393332037824357994e-01 -1.754109452190683593e-01 -6.899784978799164969e-01 6.081893626426282395e-02 4.244966154618047827e-01 -7.372464344216774768e-01
-7.616508114446598476e-01 -2.530289620323177280e-01 -2.341496938207329737e-01 -7.995644797951927396e-01 -1.221001512344885576e-01 6.584151423545734350e-01 -1.316720229108201135e-01
-8.463921312353471782e-01 -6.271750665514971290e-01 -2.119494770390934757e-01 -8.073181274391321161e-01 -2.583027097780429826e-01 6.660592066389128263e-01 6.014685457084677500e-01
-7.678213026359067550e-01 -7.636607170376231712e-01 -2.215524118776592832e-01 -6.556784899342655848e-01 -3.985816848877015151e-01 4.416296306881314915e-01 1.284617280037196885e+00
-5.524856159700556324e-01 -5.232529982415738967e-01 -3.607249899998549725e-01 -3.487484195186953406e-01 -5.600106301221909888e-01 3.086177435957703288e-02 1.738811906710116650e+00
-2.575258132468703498e-01 3.640751698320940366e-02 -6.076945267446515198e-01 2.191341029925466394e-02 -6.877099610739594304e-01 -4.312129309680550193e-01 1.812622894775264504e+00
1.397611170468644921e-02 6.750105439825766496e-01 -8.321912963152504616e-01 3.059788356993610736e-01 -6.789307849706273101e-01 -7.656338415972225864e-01 1.443218707810938861e+00
1.535114336440086824e-01 1.081381433010866644e+00 -8.807326602197614873e-01 3.614169300969006793e-01 -4.577528042213727111e-01 -8.362046522371922030e-01 7.212370847372902016e-01
1.312825472265909954e-01 1.043756665617130208e+00 -6.745814715456666111e-01 1.453761180418222942e-01 -5.574143899986626349e-02 -6.265964143656134189e-01 -1.140991215252362551e-01
4.318333397041986682e-02 5.979917517995293474e-01 -2.626133291375878365e-01 -2.114595273536334918e-01 3.730939475169015029e-01 -2.598898676673770392e-01 -8.031471716402270866e-01
4.807324072877545984e-02 -4.367940186849431604e-03 2.122678525126956428e-01 -4.651419847758158088e-01 6.412888861582256572e-01 7.137579293393817026e-02 -1.175816997133886099e+00
2.425150339911550101e-01 -4.902773402139098957e-01 5.822951141611699688e-01 -4.523948000969638117e-01 6.476794740321660804e-01 1.925050315931753075e-01 -1.127668352070992253e+00
5.585571572076987179e-01 -7.332395373023103957e-01 7.260362624425672484e-01 -2.253151930203629860e-01 4.320569124495509117e-01 4.906083742625422239e-02 -6.250659648254167644e-01
7.753021804611605061e-01 -7.701176982699740048e-01 6.238973105125942276e-01 1.737344926790451369e-02 1.339465849930074615e-01 -2.160825059525780523e-01 2.046696826136848169e-01
6.879007003915907914e-01 -6.867387305624331750e-01 3.475955039186453543e-01 1.239681056473651011e-01 -1.067944695033622021e-01 -3.855400871593427370e-01 1.061006748309974324e+00
2.766436354198899550e-01 -5.213818859503348557e-01 1.336927888995391792e-02 8.765899164512938602e-02 -2.245256785132578314e-01 -3.841181800953406000e-01 1.596781338802211403e+00
-2.974742579792868935e-01 -2.782086139996358676e-01 -2.619340924265934900e-01 -3.442696424160467117e-02 -2.373384797796786461e-01 -3.054898258531362210e-01 1.624804835146308246e+00
-8.096510487099644049e-01 1.295988517256835802e-02 -4.055980281956834133e-01 -2.207850092411608733e-01 -1.972772635963390975e-01 -2.424147825328542560e-01 1.215991360449752312e+00
-1.057114360652787521e+00 2.760676110268686090e-01 -4.171023589182988323e-01 -4.721824082087722196e-01 -1.214474564253192196e-01 -1.649707656813293455e-01 5.749717079596761149e-01
-9.149492545477256877e-01 4.373294245582908246e-01 -3.709975656717024450e-01 -7.501563165832931812e-01 1.360986085667569359e-02 -9.597474477594385850e-03 -1.103658937329658474e-01
-4.123527504442202063e-01 4.685357545239329791e-01 -3.595946694421323642e-01 -9.786632088253752748e-01 2.116682954075814471e-01 1.856601672002090864e-01 -6.887800845839030517e-01
2.626904258967711070e-01 3.697861193215326581e-01 -3.946589649822822565e-01 -1.091851276127588477e+00 4.137985123729450709e-01 3.009483649461611177e-01 -1.027006171821433389e+00
8.780700630102087345e-01 1.654102950436135699e-01 -3.984810125766636846e-01 -1.041984272341272000e+00 5.227927874974283018e-01 2.406977192310023606e-01 -1.048840238480820863e+00
1.253136253744957740e+00 -8.973386504308279721e-02 -2.878295100497467174e-01 -8.016231789979775257e-01 4.773659882174775548e-01 1.204101137521660682e-02 -7.810246608896569409e-01
1.287253451006927785e+00 -3.338417180107564053e-01 -4.423846018784562822e-02 -3.992112490422198290e-01 2.942143366565267981e-01 -2.769719682188537258e-01 -3.331213481699406564e-01
9.959029595176397409e-01 -4.893027889468566927e-01 2.564905197873182385e-01 8.783756001820375303e-02 3.241739508919188467e-02 -5.256165266769373678e-01 1.584179381872065639e-01
5.121727721822590951e-01 -4.715089085117528667e-01 4.948582462090741485e-01 5.630115052831045075e-01 -2.454827688422758225e-01 -7.168778543722932328e-01 5.704495699040025292e-01
2.873784649759870795e-03 -2.808545996425237945e-01 6.194890062087988758e-01 9.027902182571603262e-01 -4.684935310843430512e-01 -8.459597620754362168e-01 8.138087797839036464e-01
-4.023059344085120337e-01 -3.059451555558694372e-02 6.615115395236976781e-01 9.792215404636699372e-01 -5.625540893997605929e-01 -8.516823501266311824e-01 8.451811823398470702e-01
-6.139160750940011457e-01 1.573588981620209770e-01 6.390479983023354960e-01 7.415538341759446705e-01 -4.847132832604780228e-01 -6.786863553470111610e-01 6.717485070143178749e-01
-5.909056082199602988e-01 2.438891918571613748e-01 5.117524354039914014e-01 2.676455792638211539e-01 -2.529373021490606277e-01 -3.735806679249175644e-01 3.537420771181167267e-01
-3.743964146462518405e-01 2.631638391043268910e-01 2.372924801280598961e-01 -2.788532670351181464e-01 4.535327502360515795e-02 -8.756518894026885103e-02 8.370345771038744526e-03
-8.383182775818866228e-02 2.646464453662568661e-01 -1.564301689371769000e-01 -7.348703650374797114e-01 2.885760436453713718e-01 3.820672684445654277e-02 -2.291449166231898094e-01
1.550806983272335626e-01 2.738711424027117092e-01 -5.602819115075210465e-01 -9.840853495693315800e-01 3.939145914235432366e-01 -1.103838096323003781e-02 -2.844751360386670869e-01
3.037334395398165743e-01 2.904991151379882064e-01 -8.447595176645847914e-01 -9.659609689047666814e-01 3.527611342716714393e-01 -1.751835468380324723e-01 -1.498230198790270196e-01
4.128271537233947908e-01 2.968720311074542484e-01 -9.308775694481824514e-01 -6.954351219727715749e-01 2.098413590493576064e-01 -4.365766249148174682e-01 1.585929505621422597e-01
5.151112289579031778e-01 2.598675179337800456e-01 -8.055959910703593962e-01 -2.718688745713054855e-01 4.001948689712055141e-02 -7.646483992704630195e-01 5.662651099940487764e-01
5.750559555708177895e-01 1.674859958632348711e-01 -5.193905650323331624e-01 1.796177065727484479e-01 -8.135519463145311769e-02 -1.034571066124179817e+00 9.199710182701141825e-01
5.520912147953743743e-01 7.153182806844535224e-02 -1.862788228727105255e-01 5.746430138601515969e-01 -1.196116788508792134e-01 -1.136585054534535733e+00 1.087711087891001460e+00
4.393048467286079228e-01 3.297845220181419568e-02 8.236201680415455861e-02 8.481158494997856900e-01 -8.759201144790236537e-02 -1.088769805136673430e+00 1.058337202311699254e+00
2.380593786205299489e-01 3.632624893783284459e-02 2.617600349863739573e-01 9.165925697849323095e-01 -1.880533007202156437e-02 -9.727174954681401253e-01 9.200057552479259382e-01
-5.347175208638189209e-02 1.596308261211394977e-02 3.929004977887957106e-01 7.225216005477156367e-01 5.362003870009649648e-02 -8.175944106703944003e-01 7.657795499642928716e-01
-4.123429810171533316e-01 -5.330841306175102684e-02 4.946578924100085151e-01 3.085380866875549466e-01 1.018719179992549212e-01 -5.838326203745083376e-01 6.270600441474701858e-01
-7.587724035202642048e-01 -1.210310524567416030e-01 5.273239468374607553e-01 -1.618887028582173537e-01 1.004440405657035240e-01 -2.442900859750049836e-01 4.725084290752027405e-01
-9.718434541695167850e-01 -1.105419258529881654e-01 4.413082844108240921e-01 -4.767996061189761492e-01 2.924587873014764666e-02 1.466344395056786709e-01 2.642102605789036773e-01
-9.653393681269701876e-01 4.735146486330625050e-03 2.437285143362887263e-01 -5.106663746168293994e-01 -1.051516165211555526e-01 4.822528604216272941e-01 1.321483697500241278e-02
-7.562964134900956870e-01 1.759439008406789573e-01 4.326375295103265101e-03 -3.058753726266174033e-01 -2.526700058553233430e-01 6.937517218242714723e-01 -2.268664562140683683e-01
-4.519325926639264912e-01 3.162799038989964062e-01 -1.942544066172489370e-01 -2.009364089829273475e-02 -3.454551487994796943e-01 7.949835480201312699e-01 -3.998245311962242976e-01
-1.633182314105258992e-01 3.717456574398916302e-01 -3.110118151034413359e-01 2.122796706638598041e-01 -3.529380732137828991e-01 8.234570310442513863e-01 -4.762757183955595996e-01
5.904847621598501711e-02 3.501834079645441133e-01 -3.529164129144622408e-01 3.533220808493566234e-01 -3.023608852789074763e-01 7.696181430363060461e-01 -4.564932592569073688e-01
2.010066054752471520e-01 2.686562937178973431e-01 -3.336472246133382336e-01 4.017659705385602242e-01 -2.383198348406795064e-01 6.190821008819733517e-01 -3.517853866447365196e-01
2.450375544186262633e-01 1.226671502666077107e-01 -2.619767691312158142e-01 3.296709441011196340e-01 -1.780001698396604937e-01 4.254055068749714175e-01 -1.882479840043088104e-01
1.964029275379185480e-01 -6.749500060164702331e-02 -1.708569826641552492e-01 1.220867507424796133e-01 -1.195853119884552201e-01 2.654186431043437655e-01 -2.278823191199208856e-02
1.053935609999834266e-01 -2.357368622871043318e-01 -1.092765378326593373e-01 -1.695862763031882603e-01 -7.200907269377128384e-02 1.518481916778155194e-01 8.498200605536655738e-02
1.793171340358452187e-02 -3.310455595502039272e-01 -9.027521137666112694e-02 -4.631444509021439004e-01 -4.993329380216883495e-02 6.523142886215345382e-02 1.179857571711642045e-01
-6.620499889618156053e-02 -3.683548053643562747e-01 -7.640003210762749686e-02 -7.016246902878309211e-01 -4.802470248515326723e-02 4.906082721165323096e-02 8.950950091341428050e-02
-1.610145511757818948e-01 -3.916690415147016657e-01 -2.770145775316785325e-02 -8.424463801283659237e-01 -3.912514704372602181e-02 1.930741321857634141e-01 -7.883375476163407072e-03
-2.535292937554337600e-01 -4.113960719621225781e-01 5.865235245153908872e-02 -8.300706606688631473e-01 -1.784472457851422628e-03 5.285378655243969659e-01 -2.061444872265056627e-01
-3.173551369542224609e-01 -4.030439908024130991e-01 1.618569109634307723e-01 -6.199893944187606643e-01 5.794416152162981670e-02 9.984074716278243944e-01 -5.154813573206674659e-01
-3.414648232749470380e-01 -3.482639883938022929e-01 2.639530481345943591e-01 -2.239552930039521994e-01 1.173906482059235284e-01 1.515449977818358995e+00 -9.016213806408329701e-01
