1.248674990640306209e-01 6.749630079158344120e-01 -1.576817321292214968e+00 -2.286162467424449896e-01 -1.582022330955011213e+00 -2.057066727729714717e-01 8.277349045058366439e-01
-1.804890696475110190e-03 6.269190064896336123e-01 -1.387985489293115160e+00 3.465226830221670995e-02 -1.348217807824145353e+00 -1.711993948865846993e-01 5.167004165901557533e-01
-1.712450741599195470e-01 4.778758288897971274e-01 -9.853251716382455117e-01 2.168861697482873940e-01 -9.698020855626036107e-01 -1.186824802200455581e-01 2.906175280248910475e-01
-3.468854220291214263e-01 2.575854043589245745e-01 -4.147171412272465107e-01 2.903585533236499594e-01 -5.087438480348381864e-01 -3.618195265881043315e-02 1.445133954382445129e-01
-4.779718886876171413e-01 1.637663086471478902e-02 2.221583099102460435e-01 2.440483568305524265e-01 -4.692954814202875136e-02 7.581517185986576257e-02 4.117383522752321445e-02
-5.289761265435188875e-01 -2.090082812404514823e-01 8.148233145774561592e-01 8.830614472372989854e-02 3.680154202579962730e-01 2.164192355661253286e-01 -6.540376598822315868e-02
-4.880236086359441838e-01 -3.914806089144648449e-01 1.265134362766959342e+00 -1.374563424985072169e-01 7.126746753326845818e-01 3.812401308280607415e-01 -1.916296999072160112e-01
-3.567731687810257735e-01 -5.054580104799044626e-01 1.494461462114368588e+00 -3.642789326502154368e-01 9.645345999114612878e-01 5.411080754058715803e-01 -3.112320436815139701e-01
-1.536598597853200132e-01 -5.471044227796478809e-01 1.466915316964358285e+00 -5.170920187538051715e-01 1.117972114592094890e+00 6.647436705801080814e-01 -3.966486122227901312e-01
8.321391870538361046e-02 -5.315182814100674058e-01 1.203572983997714285e+00 -5.576154748474563272e-01 1.174290108324044901e+00 7.423059018795848951e-01 -4.411207811533928158e-01
3.158617088627327929e-01 -4.670551221238025130e-01 7.722376759992111150e-01 -4.959834801636633927e-01 1.114233696878536461e+00 7.587567787475631986e-01 -4.329134856856636793e-01
5.130888602798455711e-01 -3.590048581737344535e-01 2.678152503164886178e-01 -3.555727620036568393e-01 9.256078509932795795e-01 6.982195964696449320e-01 -3.574328541772024415e-01
6.338354974213277204e-01 -2.135929470470699643e-01 -2.225971892513592676e-01 -1.502748066042519648e-01 6.242221474238852652e-01 5.849289864397896332e-01 -2.250691462508398466e-01
6.396367836472350854e-01 -1.345369606013177566e-02 -6.589905671222857642e-01 1.000341805129286582e-01 2.118133147521330251e-01 4.589762498007074476e-01 -5.735248403299610109e-02
5.270836386185072664e-01 2.783746181043753598e-01 -1.045507176984941111e+00 3.594037070433669379e-01 -3.330166136450631864e-01 3.301178728064092516e-01 1.340265387795386842e-01
3.228379287030650469e-01 6.726249786484971294e-01 -1.387363619355366007e+00 5.835617283870327965e-01 -9.921377907327827428e-01 2.020311332271148841e-01 3.217467064149815981e-01
6.318568509925170940e-02 1.129530717518076210e+00 -1.660544584133023305e+00 7.197993766169852314e-01 -1.672925048284090499e+00 9.609283027154273682e-02 4.521825548247984106e-01
-2.064191522299436143e-01 1.564231052565187463e+00 -1.817484178342012147e+00 7.199001233061896876e-01 -2.238662349630430093e+00 3.208411454377945587e-02 4.805706317983080011e-01
-4.372610219839709877e-01 1.865695684804187682e+00 -1.813306577918137874e+00 5.744372641785938649e-01 -2.562221535440130982e+00 2.527038080411424248e-02 3.896108250832915343e-01
-5.917545828696400001e-01 1.949967391695296648e+00 -1.636973186482670650e+00 3.142346199565687614e-01 -2.582401691342245176e+00 7.310368747624168551e-02 1.939637455439481573e-01
-6.451840431577557933e-01 1.797077018615993449e+00 -1.316554987474374716e+00 -1.637671386797305215e-02 -2.318390301877811144e+00 1.216949268042337856e-01 -4.945393414274344007e-02
-5.890488766680533894e-01 1.418506923608477521e+00 -8.835303482954771637e-01 -3.604978682793042455e-01 -1.820696269035525727e+00 1.012473762854081277e-01 -2.717512171855496761e-01
-4.461056101499904503e-01 8.288392295523044906e-01 -3.547213978984956606e-01 -6.464535249825129615e-01 -1.141106624791837998e+00 3.095124697826778879e-03 -4.366569090988262070e-01
-2.667498905166298950e-01 7.274138486147704863e-02 2.322058077497279327e-01 -8.111673085631343483e-01 -3.648134956911505133e-01 -1.313293216396762830e-01 -5.228443032778398170e-01
-9.850670894375182507e-02 -7.519120956436189385e-01 7.875334645732773309e-01 -8.102072015917317627e-01 3.771130330598557734e-01 -2.864253433287687334e-01 -4.910672619352292601e-01
3.065176157512185945e-02 -1.517895402231276947e+00 1.196806421923833907e+00 -6.202353612820002970e-01 9.644600055851973996e-01 -4.773173031475224093e-01 -3.176768654984016282e-01
1.059603802419208374e-01 -2.107131316203242122e+00 1.376709683608607904e+00 -2.616870153325583925e-01 1.341361450085176488e+00 -6.990330708754006750e-01 -3.959479116212755861e-02
1.232160116299297475e-01 -2.428803359419320351e+00 1.298150335823200496e+00 1.988566533041931095e-01 1.506462790252763195e+00 -9.234173856397959179e-01 2.647141622544537110e-01
9.040509671291825644e-02 -2.427970776117907015e+00 9.790117551076439328e-01 6.758646744030072373e-01 1.478076895493579901e+00 -1.127857037110765903e+00 5.233178304046496310e-01
2.716286522376795687e-02 -2.099141641984629381e+00 4.821344081078748345e-01 1.084209532929357955e+00 1.281707731239141168e+00 -1.306018479987461678e+00 6.957029096043449989e-01
-4.057528393481500684e-02 -1.500091911031224523e+00 -8.341591223140354394e-02 1.345207974334935441e+00 9.678031507800803901e-01 -1.455455800846429559e+00 7.686226651726573156e-01
-1.027836216300223315e-01 -7.621781704325015783e-01 -5.668591409675042270e-01 1.397568525265460160e+00 6.472912975566207372e-01 -1.535699677699737364e+00 7.317719583769481950e-01
-1.850566381135367033e-01 -7.076158257778872307e-02 -8.041874009738791962e-01 1.226240127651953449e+00 4.833416465702818354e-01 -1.442411312057312101e+00 5.545512652575665946e-01
-3.168470508057900648e-01 4.268697074017010484e-01 -7.191226100948351352e-01 8.744737426634773270e-01 5.586183020420969481e-01 -1.084213649616922792e+00 2.161206315534405509e-01
-4.718949494364371722e-01 7.191939284702180135e-01 -4.220447972134390158e-01 4.065373624170731115e-01 7.326959250926647904e-01 -5.005803797141898936e-01 -2.201426859264644931e-01
-5.771468724385393489e-01 8.825405802617551920e-01 -1.199225943082100343e-01 -1.206140007718071450e-01 7.505366697280901889e-01 1.501593980864990019e-01 -6.111888563004791441e-01
-5.905142719803461171e-01 9.507422429438615596e-01 6.853856360991175678e-02 -6.378375736087322778e-01 4.850246395652862419e-01 6.955218820255605339e-01 -8.223035574569332873e-01
-5.390211361081289621e-01 9.052886824362089691e-01 1.263067432106954602e-01 -1.053631828479652643e+00 -3.908269476384016589e-02 9.910111456301639032e-01 -7.677432795707102020e-01
-4.795218994216946529e-01 7.408030959648381764e-01 6.544519878520366207e-02 -1.278355933030490776e+00 -7.366662846453374547e-01 9.521805861393405346e-01 -4.337263026698443547e-01
-4.494608065887764625e-01 4.815523353975250109e-01 -5.926060966951489373e-02 -1.263449359824324159e+00 -1.435408828683803151e+00 6.382432841593911332e-01 5.643032237101230225e-02
-4.538127544817716630e-01 1.881726726680632289e-01 -1.630811120607067177e-01 -1.029599150390196671e+00 -1.890297871936559959e+00 2.364714135490805780e-01 4.711411773444235673e-01
-4.757630688718978984e-01 -4.167571727155316291e-02 -2.111827533036021443e-01 -6.433425457575230322e-01 -1.928618899797918784e+00 -8.063369443461387842e-02 6.188502929797690122e-01
-5.000257307122496497e-01 -1.237407660159161871e-01 -2.299173550087859896e-01 -1.775111390593823446e-01 -1.523384807924458739e+00 -2.257290339990543904e-01 4.326956986274953509e-01
-5.314967489761751596e-01 -4.498797421669428059e-02 -2.481991501647380360e-01 2.893393669924061995e-01 -7.555099636226159099e-01 -1.650291436703549552e-01 -3.764173472383233743e-02
-5.801963311573419269e-01 1.315243283613887759e-01 -2.682622752125536358e-01 6.632128942824109252e-01 1.961832236878210955e-01 7.601930055671352049e-02 -6.324332343289857938e-01
-6.233812144570162195e-01 3.024704496776234319e-01 -2.826547306427037998e-01 8.301093197613650387e-01 1.026011490935671455e+00 3.725997727933078041e-01 -1.091814143548130778e+00
-6.058944934294845375e-01 3.610127128662277696e-01 -2.806139254781488401e-01 6.827408570699637913e-01 1.391279210020975654e+00 5.467125255896134739e-01 -1.154301301979900218e+00
-5.065175735176853378e-01 2.379891512935407849e-01 -2.201084757686339322e-01 2.419264660860496463e-01 1.177435614333069536e+00 5.140730927438236231e-01 -7.627985215362345084e-01
-3.711159603045839916e-01 -5.158041762239348044e-02 -4.443198392660465540e-02 -2.709447670283097187e-01 6.076595828437620916e-01 3.481361811400316419e-01 -1.378076376430686645e-01
-2.450206204141024413e-01 -4.024927823057092291e-01 2.357398234347951871e-01 -5.890634584515316297e-01 2.508818113345312201e-03 1.675820206074155050e-01 4.205672153388795853e-01
-1.167500769378393005e-01 -6.764719842064400579e-01 5.223994465322919778e-01 -6.047437843965733917e-01 -4.475346105848325151e-01 3.127527001291068726e-02 7.187678150763699980e-01
5.248729060719747180e-02 -7.808635077853710582e-01 7.057959337841860359e-01 -3.923214367913284706e-01 -6.753024862881046309e-01 -4.786116116488740163e-02 6.816609498746860618e-01
2.720485931284204462e-01 -7.134680848278632803e-01 7.290226984743517491e-01 -7.593555120187304996e-02 -6.706342918824432786e-01 -6.640019813369199553e-02 3.297772435673719804e-01
4.895055379068160017e-01 -5.469621734039739058e-01 6.006415874213217876e-01 2.879608718642722165e-01 -4.643924522416936762e-01 -2.609656927364649090e-02 -2.242959694093213663e-01
6.159937800282581088e-01 -3.576955647129036464e-01 3.724866738452939363e-01 6.812078930395075727e-01 -1.428679109480044673e-01 5.382394506400741546e-02 -8.093388118018695065e-01
5.960904062230956146e-01 -1.727293300837444145e-01 1.019999396941500547e-01 1.039285646258975015e+00 1.665689499577318600e-01 1.294172848436743462e-01 -1.263030503266367566e+00
4.330439134003739032e-01 -8.424175435509764429e-03 -1.511676777446161191e-01 1.260968569624434821e+00 3.833042735675091794e-01 1.750323337573302385e-01 -1.502028775404588457e+00
1.490215802199468254e-01 8.482785197651099285e-02 -3.121553421346258683e-01 1.271240818437683329e+00 5.290290165379395448e-01 2.340700691305253045e-01 -1.541598252331835672e+00
-2.321382909340610201e-01 7.775505484124282940e-02 -3.349457311717347063e-01 1.040845316563551393e+00 6.431116539084847927e-01 3.601046033745965436e-01 -1.429546028622533660e+00
-6.517984629730456669e-01 2.404537195462857352e-02 -2.615868059551825220e-01 5.808499078866037335e-01 6.826620773125737784e-01 5.061180229343349435e-01 -1.168646158431987603e+00
-1.008840335851272529e+00 3.645663528440034728e-03 -1.902090006821173240e-01 -3.882159786784997874e-02 5.655238794808712388e-01 5.446477764328747639e-01 -7.336258799702850553e-01
-1.215367929739269881e+00 3.229983343492169590e-02 -1.738857648064042472e-01 -6.958643390703495024e-01 2.906808277937243945e-01 4.114069582559015115e-01 -1.555461969506924391e-01
-1.250289430687587133e+00 7.492908210215183662e-02 -1.893518277443526354e-01 -1.274718298365211222e+00 -4.429484956456743172e-02 1.694929021604976993e-01 4.555517702451642448e-01
-1.151239377029132260e+00 1.108170934748456543e-01 -1.972725791080499891e-01 -1.708169033141316628e+00 -3.419985273761260158e-01 -7.587238944072786928e-02 9.828549219431182982e-01
-9.793876737621636241e-01 1.420984573390437211e-01 -1.780828972880280359e-01 -1.973174142526022967e+00 -5.613470581085954203e-01 -2.527531536707583459e-01 1.357655711470497462e+00
-7.998607618622376458e-01 1.657322998073547382e-01 -1.195491609500600738e-01 -2.073102296496911912e+00 -6.898872392291484079e-01 -3.139454766611750047e-01 1.547796288612996785e+00
-6.673020716503152983e-01 1.663088688102319357e-01 -1.127955230197948133e-02 -2.026362052942808578e+00 -7.229025484952208425e-01 -2.306656938147226832e-01 1.540482242759348974e+00
-6.150593748270266614e-01 1.307663427712305038e-01 1.451256806107023845e-01 -1.864078951519829497e+00 -6.714023733642101588e-01 -2.661110504757081135e-03 1.339486352286892501e+00
-6.559146525334791367e-01 5.990132872128382108e-02 3.294145608019650728e-01 -1.630455484148128686e+00 -5.627388254164363834e-01 3.467760328119072755e-01 9.659079337320684022e-01
-7.816806047973049454e-01 -3.672034388841837610e-02 5.120490966991761983e-01 -1.369985250027123236e+00 -4.286744494128771898e-01 7.689425531498454980e-01 4.699178138279785366e-01
-9.554172845177993922e-01 -1.401818933840867643e-01 6.604306516740727773e-01 -1.103494176195525256e+00 -2.995664165576558680e-01 1.180726436055193007e+00 -6.718777092411670759e-02
-1.109455591037922906e+00 -2.102994443995457041e-01 7.318612616803141790e-01 -8.295822076205326967e-01 -1.958160075879578910e-01 1.483813829432818254e+00 -5.683983746366805256e-01
-1.170773097886992575e+00 -2.118461158018054014e-01 6.922610366838053420e-01 -5.482944373384586179e-01 -9.464284724038031504e-02 1.616874929678199013e+00 -1.001409760548844119e+00
-1.111508842060419111e+00 -1.762983562240407198e-01 5.642164080028673201e-01 -2.535020173023422307e-01 9.489562100112163001e-02 1.603986446283060863e+00 -1.377286809872093398e+00
-9.730493582803487751e-01 -1.995851959554056643e-01 4.371850446996172201e-01 8.736505327373129959e-02 4.798527887368227440e-01 1.546925332076055870e+00 -1.714900056516057258e+00
-8.231560408849440957e-01 -3.370768668849609684e-01 3.921213437931133639e-01 5.067043822681085441e-01 1.054931026284134488e+00 1.528197596908763334e+00 -1.992666050742437411e+00
-6.905664294666649106e-01 -5.241649138946627984e-01 4.055436385174380209e-01 9.975972741009967448e-01 1.628828378161111923e+00 1.508022214997614574e+00 -2.128091354054047368e+00
-5.547753006436692003e-01 -6.419318884890328203e-01 3.699850081426831472e-01 1.514753715766257836e+00 1.947698984510155773e+00 1.375676493319041738e+00 -2.048693905857565944e+00
-3.949474600898663090e-01 -6.359526059454533309e-01 2.237579950233359594e-01 1.985421458830210373e+00 1.917660067152191505e+00 1.112118730965000246e+00 -1.793188351052491303e+00
-2.217756183315234275e-01 -5.234698922351156414e-01 2.030392257654156478e-03 2.312783361275401184e+00 1.641814539673175810e+00 8.215406308303989658e-01 -1.491617828077711261e+00
-4.715328394511292959e-02 -3.184493706544422320e-01 -2.415410482949522375e-01 2.412316771506354485e+00 1.257537492057629880e+00 5.941473327787162306e-01 -1.248407020542292800e+00
1.421206474921772600e-01 -2.858592591509206970e-02 -4.790688823204564684e-01 2.269166105832423508e+00 8.509734909415070936e-01 4.357793968119501593e-01 -1.097436952831864376e+00
3.507893598055739082e-01 2.883441750602925846e-01 -6.727059468644022155e-01 1.950417766159842303e+00 4.941245453962166412e-01 3.404493282338690308e-01 -1.042908951986821986e+00
5.510394737069387316e-01 5.469971911876091442e-01 -7.743871613444267554e-01 1.568778619813459896e+00 2.370563955692312486e-01 3.174885937487400001e-01 -1.068124455472046375e+00
7.114788582488729141e-01 7.077273884845350915e-01 -7.686946712047466601e-01 1.236273719170847052e+00 7.724507869944176319e-02 3.369932064084889545e-01 -1.124452913602705051e+00
8.180957082798120394e-01 7.816934433683402350e-01 -6.780195632885076540e-01 1.024482013016514204e+00 -9.176414997967953860e-03 3.380266468293910975e-01 -1.169990754554770307e+00
8.693530321849237685e-01 7.961517487683896777e-01 -5.387869284259584335e-01 9.494943923916947526e-01 -3.612707183157733842e-02 2.871631866837557889e-01 -1.206003283083172839e+00
8.731873704500525690e-01 7.729686985307362423e-01 -3.855994085587230447e-01 9.783880710512184997e-01 -6.765017177363174400e-03 1.987797004317035376e-01 -1.257949137864278866e+00
8.309202365455747863e-01 6.901845410911865430e-01 -2.308873919063737790e-01 1.046372074340636171e+00 1.033435613391186642e-01 1.253006463513531010e-01 -1.334926759373951999e+00
7.128228197623435181e-01 4.709176723681345322e-01 -5.438400949611970486e-02 1.087215791657820896e+00 3.365802967395110645e-01 1.264459674802432543e-01 -1.401874948151260236e+00
4.741761657903535432e-01 7.284620579776272808e-02 1.634108321114394469e-01 1.048490703889892295e+00 6.645051966993325010e-01 2.119447752522582162e-01 -1.373864405571421532e+00
1.057615859678153608e-01 -4.350485050854775437e-01 4.051489952941472183e-01 8.973437710147146307e-01 9.461864513451577752e-01 3.181531682285925200e-01 -1.150432071110827126e+00
-3.490694917845815759e-01 -9.353080503879894758e-01 6.428189500092674757e-01 6.324017865579861786e-01 1.050174689351309976e+00 3.739490058579948428e-01 -6.959469146190502276e-01
-8.245446991161933248e-01 -1.344770373194576596e+00 8.689873515039607810e-01 2.753608739145217421e-01 9.633743630119397938e-01 3.641640182641980306e-01 -8.295239072697872806e-02
-1.254012038776395777e+00 -1.603342549155696961e+00 1.063439317987274979e+00 -1.338092991452696223e-01 7.329976292496463985e-01 3.024595437210623738e-01 5.619151348505327936e-01
-1.573227385502328879e+00 -1.666920044903311027e+00 1.180487525708581842e+00 -5.382250824635571584e-01 4.116815332794409588e-01 2.102354426320137970e-01 1.108857543960299008e+00
-1.736146731963615242e+00 -1.543643011792707131e+00 1.197480034294860829e+00 -8.929143823622087695e-01 8.151445479461996713e-02 1.424379646043548719e-01 1.434492064202081529e+00
-1.721017040443322044e+00 -1.277936482084776504e+00 1.122322465197851393e+00 -1.171603475712376552e+00 -1.817885357068786956e-01 1.544744989626080089e-01 1.471090055849400668e+00
-1.516563600474405415e+00 -9.057806532228553920e-01 9.579711927762051271e-01 -1.345970512345300296e+00 -3.611861298211395122e-01 2.422316821846196289e-01 1.248648530601462747e+00
-1.130538806502339400e+00 -4.659603931691636558e-01 7.072382554398660703e-01 -1.388227980967868147e+00 -4.627209286739065175e-01 3.645564490899032561e-01 8.595463445907164379e-01
-6.111089941175862350e-01 -1.556730148184834808e-02 3.908373419765134305e-01 -1.276959315865593858e+00 -4.843080513028724665e-01 4.836162987832492433e-01 4.161343931827840570e-01
-3.825459319879153525e-02 3.917294705118869458e-01 3.849581681582471548e-02 -9.911905296551886124e-01 -4.428564122328897401e-01 5.553932979239942780e-01 3.411340970972899511e-02
5.034697505361848124e-01 7.105033881080942137e-01 -3.118768252236651106e-01 -5.258557952398079660e-01 -3.760333662652186049e-01 5.346289284499387007e-01 -2.036074300154323002e-01
9.427792863013771951e-01 8.939966195697599538e-01 -6.072855745970591190e-01 7.470189106077720909e-02 -3.047984905269320310e-01 4.067974244143277573e-01 -2.820396540372578920e-01
1.232325055435556038e+00 9.091484070139880247e-01 -7.911287818624720414e-01 7.072690968517975074e-01 -2.231254603175386875e-01 1.967734581301184560e-01 -2.438118723958077882e-01
1.362861778672071589e+00 7.621726702394064912e-01 -8.296396821400823240e-01 1.244295468222784251e+00 -1.229152155378962913e-01 -5.283959875046671112e-02 -1.510685336759225728e-01
1.369638715775357563e+00 5.009740922356665793e-01 -7.373859942041547377e-01 1.581982922944074943e+00 -8.360064559178766175e-04 -3.079115428833227308e-01 -5.789124618749982853e-02
1.306836491360048313e+00 1.809867285543878546e-01 -5.654103992765049380e-01 1.668571397240906418e+00 1.609739263743230342e-01 -5.388369220776644264e-01 -3.649521363500637765e-03
1.209427027745910266e+00 -1.652524803581956747e-01 -3.517372042570467428e-01 1.512704822662373161e+00 3.811209428626771700e-01 -7.045735350592194912e-01 -7.293204700674447462e-03
1.096084200604866776e+00 -5.041899373857449129e-01 -1.063395036051924397e-01 1.164064634532885556e+00 6.158249179188987066e-01 -7.824060150387524004e-01 -4.736094253185167691e-02
9.989997999876999435e-01 -7.734098247414648020e-01 1.596004291339664649e-01 6.839170516390195020e-01 7.448882570738881714e-01 -7.998544849968720616e-01 -6.548360201209123266e-02
9.575402866867246399e-01 -9.193490211229631281e-01 4.298335483909394017e-01 1.530675001074818797e-01 6.737755844393380489e-01 -7.934483200602284736e-01 -2.409407126327391124e-02
9.866261126957096561e-01 -9.320119875749026672e-01 6.857386105947432808e-01 -3.178260828049242481e-01 4.108084933082930545e-01 -7.649542650731654403e-01 5.535239776430948139e-02
1.072556689633512583e+00 -8.158128031853972839e-01 8.806162739177207932e-01 -6.321847286564323820e-01 1.345137868625784217e-02 -7.073627706574256990e-01 1.283186538648059816e-01
1.184667751414380632e+00 -5.786246785651809610e-01 9.622760747478898979e-01 -7.510760522170433218e-01 -4.467130536776871552e-01 -6.157321088035486722e-01 1.508882645543718481e-01
1.275958649169339321e+00 -2.591639775334040330e-01 9.356660974309634060e-01 -6.828046258696853776e-01 -8.513763411032471140e-01 -4.528094884843127943e-01 6.147346511602921892e-02
1.297835994947799776e+00 8.698161245626620519e-02 8.497706792216168648e-01 -4.711576794521933897e-01 -1.081905601716051768e+00 -1.786880989183064761e-01 -1.799489574892915444e-01
1.228464287102780883e+00 4.209855879318938898e-01 7.368437753929076850e-01 -1.928622667516952383e-01 -1.099873060733818964e+00 1.801652817687088570e-01 -5.308739134342915778e-01
1.073526264271370101e+00 7.150473338810885426e-01 6.065942738615831553e-01 8.751286811369016205e-02 -9.227820566191710094e-01 5.543726822231928031e-01 -9.084301273505421825e-01
8.519327947377814958e-01 9.446077804569233960e-01 4.655336689286077578e-01 3.548948544446750564e-01 -5.829889394505286537e-01 8.901101640458577435e-01 -1.255215158341767889e+00
5.974823590247643201e-01 1.104238890844248200e+00 3.103944830472173400e-01 6.129175891039546631e-01 -1.532446403353835418e-01 1.136915372024889459e+00 -1.525264100021975766e+00
3.550908292839758951e-01 1.198072793772675171e+00 1.401998683778979959e-01 8.502237070569741428e-01 2.722567148612322629e-01 1.248397532905092033e+00 -1.683068781890909804e+00
1.618742624044179346e-01 1.212722122754946730e+00 -1.630742980665573355e-02 1.055544668902280048e+00 6.438889286584882354e-01 1.231572734698215488e+00 -1.744341573315790095e+00
4.209325315275733170e-02 1.137418190865403522e+00 -1.223850063425356710e-01 1.231096415882728889e+00 9.475607655595805756e-01 1.132770868204400649e+00 -1.758547015299765537e+00
1.128566152275362229e-02 9.899620350080678977e-01 -1.661464781140297997e-01 1.375442044014000720e+00 1.169218429097732992e+00 9.835950961241087809e-01 -1.754611764405290320e+00
6.350370793358962873e-02 7.945867699702031661e-01 -1.465371227940232002e-01 1.479272949010129068e+00 1.313729506338619180e+00 8.056048474633985546e-01 -1.735188702438586805e+00
1.630554400804242743e-01 5.772338452435054057e-01 -6.443668410610328690e-02 1.544140663088205523e+00 1.403395795161910042e+00 6.227520472092223924e-01 -1.696472849677256756e+00
2.655354783149333486e-01 3.916890546666674799e-01 5.568251862883629583e-02 1.582982004602353054e+00 1.432930298298746186e+00 4.435348745043604657e-01 -1.635016536444743096e+00
3.484791249243707201e-01 3.144961882254067032e-01 1.615824028512772015e-01 1.599818042170545240e+00 1.360814693834488498e+00 2.598412628526052259e-01 -1.558274464669408221e+00
4.254074927894180291e-01 4.089639030589378166e-01 1.934830868149890748e-01 1.580452236090236662e+00 1.149396948854796374e+00 5.716761650519992105e-02 -1.490504926625561000e+00
5.246779247160588966e-01 6.832813293607467031e-01 1.130911221853499182e-01 1.497992252172097638e+00 8.109670096215694235e-01 -1.726587336691590702e-01 -1.451842702913878957e+00
6.522059988225907823e-01 1.078952227976481826e+00 -7.665089624351970055e-02 1.323530460504901196e+00 4.142106295385952763e-01 -4.241997496939945433e-01 -1.428612064180463159e+00
7.882978460241316654e-01 1.506692942433254245e+00 -3.438950709517817339e-01 1.043848348325598252e+00 3.979329214583912644e-02 -6.982321143061864799e-01 -1.366852737407609153e+00
9.010283304101650570e-01 1.863866310850350372e+00 -6.415816587726844711e-01 6.799109136303634893e-01 -2.393464297365042737e-01 -9.848052129353820350e-01 -1.209526189281526998e+00
9.432684163535780542e-01 2.030887954051276534e+00 -9.027044153236960522e-01 2.904855780416250588e-01 -3.485610665220783555e-01 -1.220066818066948500e+00 -9.391671717340478454e-01
8.750808571239904188e-01 1.930012541937371706e+00 -1.065968523710633553e+00 -5.130170655361321330e-02 -2.785526538181106737e-01 -1.351477339402384237e+00 -5.494844096164752667e-01
7.061938456271502629e-01 1.589711923767103574e+00 -1.119422323115691453e+00 -2.994867085275356722e-01 -1.473298676119588757e-01 -1.427807966434016640e+00 -4.692429329097204047e-03
4.876276482705788062e-01 1.099627037330671131e+00 -1.076371969580196319e+00 -4.590008423658652470e-01 -8.234899798128612891e-02 -1.526326796208183456e+00 6.953032833117055445e-01
2.704836145171416462e-01 5.351451592281443181e-01 -9.300793521023290600e-01 -5.708307900205602525e-01 -9.029309665650935013e-02 -1.640809635422020740e+00 1.450646391020585124e+00
9.806795097431927899e-02 -3.833694203562350300e-02 -6.950543036787306672e-01 -6.833626210394061484e-01 -1.333604937225544851e-01 -1.721253755408352015e+00 2.136639374076655162e+00
1.255783571790734798e-02 -5.493927464066089561e-01 -4.427064351968981737e-01 -8.322239050290070050e-01 -2.189130229299331709e-01 -1.751086468542717434e+00 2.681557842098162503e+00
3.839539397813452465e-02 -9.487710357671125250e-01 -2.372260271973819501e-01 -1.015926836534826405e+00 -3.449501975119024788e-01 -1.727955319792152666e+00 3.040573451944030836e+00
1.757595098906328535e-01 -1.206729863702811656e+00 -9.850825868377190153e-02 -1.187006105893233077e+00 -4.788455316698014275e-01 -1.656338782800740761e+00 3.186365308419094600e+00
4.222088764964811447e-01 -1.280265312884333317e+00 -4.511884069684687221e-02 -1.293431305815778698e+00 -6.169432594059481856e-01 -1.593503958185717995e+00 3.142925197228874978e+00
7.701821789298249898e-01 -1.148765818729947208e+00 -9.627541239428305531e-02 -1.321161326131354619e+00 -7.671233181930547929e-01 -1.613343148857081077e+00 2.964182562146709277e+00
1.172284867833435218e+00 -8.704024720332081966e-01 -2.318463990010354303e-01 -1.281382213506918610e+00 -8.890060684282309333e-01 -1.718005167999676841e+00 2.688146591753761694e+00
1.541731439002786086e+00 -5.387732056598995012e-01 -4.051522918367274073e-01 -1.183758949100773172e+00 -9.367128664023193219e-01 -1.856004112250543070e+00 2.351901811659149910e+00
1.798384239516805039e+00 -2.088858764497739107e-01 -5.817778629752048403e-01 -1.036560761754680149e+00 -9.274453886891337318e-01 -2.000591590086908678e+00 2.017476079550941659e+00
1.900463961999923290e+00 8.922819040290812242e-02 -7.424989956293098770e-01 -8.482156603211762347e-01 -9.092376228277223582e-01 -2.151966919828837366e+00 1.745959701030106004e+00
1.844895307395964856e+00 3.123482777814263756e-01 -8.769376060479985302e-01 -6.213087803662462605e-01 -9.122622784844502952e-01 -2.299340043352816831e+00 1.579033112540848327e+00
1.659707095318092129e+00 4.280599511285745895e-01 -9.912996203097100834e-01 -3.589769445753430155e-01 -9.672224612966461299e-01 -2.426841257726697343e+00 1.549360418739960998e+00
1.391820192493925301e+00 4.457832210035713727e-01 -1.094538136962486696e+00 -8.150919227651477750e-02 -1.105027953705302268e+00 -2.523014617916303770e+00 1.654506191220350253e+00
1.091664946558965399e+00 4.006233443822599938e-01 -1.167514950732265522e+00 1.687021057695763382e-01 -1.312188890819516285e+00 -2.558167308107146098e+00 1.821027977017220412e+00
8.068917501967661776e-01 3.262880253615053627e-01 -1.166574019703807474e+00 3.386224636420429590e-01 -1.529794269755686331e+00 -2.488103618925789018e+00 1.938156851964222049e+00
5.763947425022682980e-01 2.384220502256746976e-01 -1.049123607017136361e+00 3.784070758254394207e-01 -1.688614361510863304e+00 -2.281309324219242374e+00 1.918631690767808484e+00
4.143796234132631207e-01 1.271016865803325790e-01 -7.832142276355347210e-01 2.550447441565510398e-01 -1.728278494435357304e+00 -1.916104945007714555e+00 1.715643772151669744e+00
3.111629193387481229e-01 -2.404403295676157612e-02 -3.586428951755420980e-01 -3.725387675581012109e-02 -1.617687056601771145e+00 -1.392321956752598622e+00 1.329404896387622159e+00
2.559620668931690268e-01 -2.197741368702606501e-01 1.960317977206837980e-01 -4.688947934334355971e-01 -1.365090929427267508e+00 -7.682063963845880972e-01 8.245126687035854163e-01
2.394643063634455116e-01 -4.676556221956202908e-01 8.232342218507221476e-01 -9.656449339286580225e-01 -9.982802911998162054e-01 -1.423579843069541218e-01 3.153042848378738716e-01
2.394601322010861399e-01 -7.746168793625354265e-01 1.454834880786953999e+00 -1.430100753494301324e+00 -5.637826572839617079e-01 3.921876804984607556e-01 -7.973893223592622148e-02
2.264459413858520287e-01 -1.118030177040836071e+00 2.010684229896650077e+00 -1.790510318281012925e+00 -1.358222287798879768e-01 7.652818742665198348e-01 -2.828862163549147324e-01
1.791550414524075707e-01 -1.453096587377911586e+00 2.410705154949818851e+00 -2.020441211408214865e+00 2.202053028495143117e-01 9.516034924585500265e-01 -2.835302952030807622e-01
9.438722092077690695e-02 -1.735297171359404755e+00 2.604383840436710340e+00 -2.122668816675040038e+00 4.785619728876359669e-01 9.740453540876174987e-01 -1.229627179471090848e-01
-1.552940928656484747e-02 -1.928168586144039631e+00 2.586848538322342073e+00 -2.108530322928171774e+00 6.467444177029636476e-01 8.831343979531696142e-01 1.352731007666675700e-01
-1.426675309673251790e-01 -2.016434201178450181e+00 2.394521021756866208e+00 -1.983891113857806587e+00 7.597062581341158527e-01 7.595165286579707020e-01 4.125026595912094640e-01
-2.848635051258736062e-01 -1.995390320527230532e+00 2.071139968105939477e+00 -1.747951688193299269e+00 8.482540450280502409e-01 6.735616446324648177e-01 6.419158662292737683e-01
-4.257407436591025829e-01 -1.854461153438123233e+00 1.644552140540161300e+00 -1.412056691183949608e+00 9.083368591434363148e-01 6.225186800516691044e-01 8.025291743690614599e-01
-5.426125140853849116e-01 -1.607428741375178660e+00 1.157363313636462721e+00 -1.013359043994883413e+00 9.320448796249999335e-01 5.730609714372404406e-01 8.986887896345433502e-01
-6.280187311872854616e-01 -1.305417568684668295e+00 6.800056026641478901e-01 -6.016330914364284022e-01 9.253625123999366098e-01 5.248505328879476961e-01 9.394135509859713462e-01
-6.881530218153446565e-01 -9.961568658863844128e-01 2.637901709819752138e-01 -2.274208169958520931e-01 8.781180252042637413e-01 4.845404865147268092e-01 9.529030556639318528e-01
-7.364080780051768249e-01 -7.003874993293336404e-01 -8.412666639640993538e-02 6.130305845249930247e-02 7.633469257917370188e-01 4.401058268145698338e-01 9.710293669546062878e-01
-7.847064876198147632e-01 -4.184777090353984375e-01 -3.788571603827201595e-01 2.371141758230560503e-01 5.554519422028909581e-01 3.716137873066123753e-01 1.002005231231732463e+00
-8.237908176038916119e-01 -1.349761430284230068e-01 -6.435327345958293810e-01 3.079990792815001099e-01 2.337785648955962026e-01 2.516328178197983489e-01 1.040338619817505084e+00
-8.270089157422483295e-01 1.628363727592568588e-01 -8.928029058152464614e-01 3.014492014712470969e-01 -1.851486856660745917e-01 7.443987439752884627e-02 1.066245401071044485e+00
-7.766165919345440205e-01 4.648739151911753242e-01 -1.114324618276494983e+00 2.422174776328337442e-01 -6.316779761923123626e-01 -1.149692338233916228e-01 1.042448135272253440e+00
-6.704921227808231521e-01 7.507948282320940914e-01 -1.283676628227009786e+00 1.462008602588045492e-01 -1.036781522194762495e+00 -2.656880261214337735e-01 9.497596873696209085e-01
-5.201816260260310187e-01 9.988654191138760519e-01 -1.373262067486894278e+00 1.634891717836454983e-02 -1.354585569008112111e+00 -3.525525244214142151e-01 7.973699966086603697e-01
-3.522269739009979972e-01 1.182023091838449558e+00 -1.350656618984598767e+00 -1.426647763828493842e-01 -1.540967259340717543e+00 -3.584533572290070635e-01 6.009390298831929211e-01
-1.906333215316849961e-01 1.289943119713709230e+00 -1.210456888429383149e+00 -3.009487248825205019e-01 -1.580700025378757312e+00 -2.907180559514904172e-01 3.879858884310655731e-01
-3.893576282879755712e-02 1.342512176548174896e+00 -9.910476952247128102e-01 -4.206871240736670403e-01 -1.506411451506158850e+00 -1.946538791378550348e-01 1.945439365226655226e-01
1.123544952805987651e-01 1.364562851340088701e+00 -7.392498354645842262e-01 -4.813732670375790446e-01 -1.358613688460926561e+00 -1.122895276065945802e-01 3.248894852186241800e-02
2.689251647306906690e-01 1.362843579245898384e+00 -4.715448133431554001e-01 -4.756983846572268027e-01 -1.151688274285106228e+00 -4.136707141113660918e-02 -1.233212642354425681e-01
4.207692555220344244e-01 1.321698774927134501e+00 -1.669788811394915806e-01 -4.036460428744373385e-01 -8.629970526240635653e-01 6.847338729840904414e-02 -3.188845907958187120e-01
5.400152391520678385e-01 1.216440958365047509e+00 1.995500148588925660e-01 -2.728329199244236003e-01 -4.585050262135496602e-01 2.769254995921079932e-01 -5.868745411735650785e-01
5.921803095762403490e-01 1.041005513858390019e+00 6.145528187692651523e-01 -9.949095474154705243e-02 5.281837293355633178e-02 5.977896912912635807e-01 -9.146113827736950253e-01
5.475157810437362160e-01 8.027531920606595373e-01 1.038120001024541716e+00 9.475439125729782919e-02 6.296421364858512115e-01 9.969667065304473885e-01 -1.255624333198138931e+00
3.883654087811382327e-01 4.970606948339637010e-01 1.439925558467942679e+00 2.994624155139568034e-01 1.236805328369121826e+00 1.425806982461261807e+00 -1.561738978101844699e+00
1.258167145538055809e-01 1.270110117397025284e-01 1.787317176252058992e+00 5.214031775336308572e-01 1.813238085630508589e+00 1.816385351932580550e+00 -1.784726153496901668e+00
-1.933469721525992169e-01 -2.823984751714189723e-01 2.044269732021580133e+00 7.586567582416592348e-01 2.269780699048325801e+00 2.090519400547838469e+00 -1.885226306821557563e+00
-5.077608352608088405e-01 -7.118016987712249000e-01 2.211244489501321464e+00 9.827098854365441394e-01 2.553266331402458178e+00 2.210472622720917268e+00 -1.863774516022781214e+00
-7.597021777099529638e-01 -1.132788764361213563e+00 2.306487336319848147e+00 1.157886370615751837e+00 2.644821585753776017e+00 2.174445159191746857e+00 -1.753238878932504186e+00
-9.041812846351199306e-01 -1.484549367745945592e+00 2.323417333490053416e+00 1.254179387181908689e+00 2.542270028949606075e+00 1.993399133839438564e+00 -1.598778171097452905e+00
-9.290998135290173821e-01 -1.728448857745344069e+00 2.265727947011945353e+00 1.246932700414323136e+00 2.308195431039308687e+00 1.720376017976658289e+00 -1.455606682546849440e+00
-8.608250001331698709e-01 -1.883039903178792995e+00 2.173597509198499811e+00 1.136035076025768920e+00 2.060831914443624679e+00 1.434075868443379864e+00 -1.354799269810705198e+00
-7.370809079891689208e-01 -1.960399035509218235e+00 2.066446727736366729e+00 9.508125614510815060e-01 1.880012056363264739e+00 1.163077764711284656e+00 -1.274155348401040166e+00
-5.795410466186514675e-01 -1.907962636328303097e+00 1.894859403064481862e+00 7.333094760109677424e-01 1.756871004399182645e+00 8.682080060825979606e-01 -1.172799521778797205e+00
-3.956235501748127659e-01 -1.657356268212931250e+00 1.584015498416911250e+00 5.404619589241257405e-01 1.640707829595487333e+00 5.044228940427986085e-01 -1.033878216823903351e+00
-2.001113786532612848e-01 -1.218825761035881472e+00 1.122908064241381121e+00 4.389300474611828040e-01 1.511429066149884148e+00 8.240325450654135964e-02 -8.597302849306537320e-01
-2.208007699868544046e-02 -6.835666097553652065e-01 5.855629939106615778e-01 4.619868893287313316e-01 1.380106657904387912e+00 -3.406767051117849943e-01 -6.448821421924023634e-01
1.087673480175710555e-01 -1.411164101336935817e-01 6.049667730007481786e-02 5.814357999397000709e-01 1.243928054367683833e+00 -7.119879814410859931e-01 -3.799362162953109912e-01
1.703662339316099616e-01 3.563110392211069621e-01 -4.040922089653466998e-01 7.367889391080301165e-01 1.091418928613012262e+00 -9.903636782930416160e-01 -8.730360404701505150e-02
1.481867086957144863e-01 7.468898111562259912e-01 -7.707293746236555387e-01 8.739185768359766238e-01 9.495072189372752991e-01 -1.118948351719206702e+00 1.710426177789403923e-01
4.638136869641260734e-02 9.394167669569044588e-01 -9.829192514406766001e-01 9.600329537409809655e-01 8.701373630159291439e-01 -1.054568567804177626e+00 3.421205250030606715e-01
-9.550701682722155528e-02 8.863570611816595779e-01 -1.015240352082914521e+00 9.867246178463136008e-01 8.443868491654012987e-01 -8.432581973928827690e-01 4.329440405858328567e-01
-2.241907922659137353e-01 6.305169994635245745e-01 -9.127163309050373430e-01 9.454687613878458574e-01 7.978333289291400510e-01 -5.956887143227831416e-01 4.909411792446463640e-01
-3.303132867657567195e-01 2.448768055815024325e-01 -7.381905340843303298e-01 8.026309526462946931e-01 6.905747691771600971e-01 -3.670542167893076635e-01 5.434162823693591271e-01
-4.581176834583171043e-01 -2.079001523887279712e-01 -5.314173992648018041e-01 5.287459978805147953e-01 5.276386789527433008e-01 -1.442675572780920124e-01 5.981028733291606780e-01
-6.502105937258618740e-01 -6.432567629030460088e-01 -3.396971757234710787e-01 1.424219426413065037e-01 2.824967759498465680e-01 6.103284688423134263e-02 6.851315899869585557e-01
-9.190618997394055523e-01 -9.700573149448841193e-01 -2.139270386562563131e-01 -2.955120735700125789e-01 -7.256542306507268725e-02 2.145220570278776884e-01 8.404845045521794900e-01
-1.265619873818196961e+00 -1.150295605178167868e+00 -1.639179139653216544e-01 -7.204405909070669134e-01 -4.939091066457873547e-01 3.235461249551001561e-01 1.065681171032395680e+00
-1.676429867074470614e+00 -1.192353280598690946e+00 -1.714405102280282256e-01 -1.085961789132090516e+00 -9.178491825261958503e-01 4.079009822083353165e-01 1.343619169973188976e+00
-2.105974463466055102e+00 -1.116144089530077599e+00 -2.219087698238265682e-01 -1.358987317416629148e+00 -1.315934214378668754e+00 4.592760472686917006e-01 1.654069153073270737e+00
-2.493115433940751302e+00 -9.600128520927079245e-01 -2.948380708304671471e-01 -1.514506475968016685e+00 -1.655246902062941228e+00 4.825070734435673581e-01 1.951737537808496681e+00
-2.782615208422587916e+00 -7.707000821616344366e-01 -3.711839110225397254e-01 -1.551700253825084364e+00 -1.898731220126315344e+00 5.097918338299657348e-01 2.175601336552179355e+00
-2.927658158732918015e+00 -5.675397749274497805e-01 -4.595783304427767946e-01 -1.504517993004373277e+00 -2.049221518696005440e+00 5.659872839960351509e-01 2.276418914050692965e+00
-2.906542734525669580e+00 -3.563961694948019066e-01 -5.715881312056462216e-01 -1.422069408729419004e+00 -2.122078997219645657e+00 6.806528241572106230e-01 2.211175633081848169e+00
-2.734242723785978324e+00 -1.554076193957149021e-01 -6.909873986173015181e-01 -1.344174672280174621e+00 -2.121579916997833326e+00 8.920763327273836252e-01 1.955073769992115462e+00
-2.432971231097297071e+00 2.494475742752972486e-02 -8.021570268983252427e-01 -1.286684169956598067e+00 -2.077545776473618488e+00 1.185588636913992522e+00 1.539943016051166458e+00
-2.016219000493656210e+00 1.839680293912386577e-01 -9.045312221958223819e-01 -1.248345879360555077e+00 -2.026643873440070909e+00 1.484456922183189587e+00 1.039687328855802839e+00
-1.513339541985395886e+00 3.117805574533809021e-01 -9.880711650729825379e-01 -1.241181804177309500e+00 -1.966521861314935338e+00 1.716495170693854044e+00 5.220578062314270573e-01
-9.780036455286921226e-01 4.013763009383380376e-01 -1.036843495724712350e+00 -1.289330819981690857e+00 -1.879629976500574839e+00 1.843828334051246243e+00 4.076076118170915419e-02
-4.764995403574301402e-01 4.474140410404856549e-01 -1.037969440332014992e+00 -1.393283817014391968e+00 -1.750917892874426895e+00 1.859780932531860609e+00 -3.530575985802293926e-01
-7.760920015447529685e-02 4.315311744549087947e-01 -9.774206092953203751e-01 -1.519261720977448382e+00 -1.567904193689044989e+00 1.777085655508119588e+00 -6.040284613945482439e-01
1.744995167176630890e-01 3.525818867660128197e-01 -8.620175118860941010e-01 -1.608743559989078475e+00 -1.354426309000093420e+00 1.584187338366640718e+00 -6.550983745190962493e-01
2.779910208452385234e-01 2.386940227661059899e-01 -7.216742396526869552e-01 -1.594772144758888954e+00 -1.151022399524867623e+00 1.252241437795956092e+00 -4.895825374690206955e-01
2.500552096460009199e-01 1.090381698978309666e-01 -5.750935815563102960e-01 -1.438695286122882777e+00 -9.575495214499316621e-01 8.020002530204302094e-01 -1.624738842405229200e-01
1.118272633683231737e-01 -1.311124026416299673e-02 -4.411015082029322576e-01 -1.151006975367522722e+00 -7.708866350908225584e-01 2.912881492573993203e-01 2.416126278166555175e-01
-1.003311228615850342e-01 -7.200740107130083889e-02 -3.555805936628068653e-01 -7.738496717193056318e-01 -6.313318766825035677e-01 -2.331086805174688859e-01 6.530398465990593371e-01
-3.414715989027338194e-01 -2.771133880765962176e-02 -3.254493779533303432e-01 -3.541831602751649988e-01 -5.709960859071031569e-01 -7.105061802109424729e-01 1.010541100368814282e+00
-5.694565004731099167e-01 1.188524221144481724e-01 -3.192564517515592004e-01 6.581753859480415914e-02 -5.937989534385994528e-01 -1.071299461971500167e+00 1.263552188983948055e+00
-7.378533085690368587e-01 3.629476355306907043e-01 -3.190641274516569648e-01 4.347618219879193502e-01 -7.156771450171092175e-01 -1.293143968193611881e+00 1.389169663641922403e+00
-8.037393937017879297e-01 6.884736839624865379e-01 -3.221980892393866980e-01 6.876558300008622782e-01 -9.389243328316004833e-01 -1.387219140746676072e+00 1.379986968124368385e+00
-7.454293952161803460e-01 1.045613076539933628e+00 -3.217098779591377467e-01 7.723409140606326551e-01 -1.219292636036544586e+00 -1.367069606328316089e+00 1.242357312560810501e+00
-5.556745004547252176e-01 1.390955491311113290e+00 -3.391671259726860566e-01 6.765485662331882644e-01 -1.508120392111957697e+00 -1.277213130796877927e+00 1.016902177254449757e+00
-2.401266689627849782e-01 1.704775476976541304e+00 -4.217870199889422467e-01 4.340235342359023973e-01 -1.753658900062616599e+00 -1.175040252287294695e+00 7.491687078231314967e-01
1.562282428958132463e-01 1.936087783685235930e+00 -5.683446170478603232e-01 1.097989141640711985e-01 -1.849601026051421071e+00 -1.051878712697073892e+00 4.432006908316772353e-01
5.494663132958056417e-01 1.999897161698356740e+00 -7.149381721271604873e-01 -2.254611510467571245e-01 -1.690247978097234594e+00 -8.583875672672698354e-01 1.042470790035930350e-01
8.677796097028002142e-01 1.866789868344005843e+00 -8.181766796566057875e-01 -5.071502857687049115e-01 -1.311270517870400942e+00 -6.284763459484912218e-01 -1.853223971863609820e-01
1.086829529922936244e+00 1.598847579501553318e+00 -9.013178219767008503e-01 -6.783953325494288533e-01 -8.960940524124728634e-01 -4.884334843252184366e-01 -3.018845249850385937e-01
1.206880752695186354e+00 1.274179934955610882e+00 -9.897276670055048520e-01 -7.178826150619304070e-01 -5.989934338836546690e-01 -5.145273121884136325e-01 -2.012805648084493026e-01
1.224539599234749421e+00 9.272458857292079637e-01 -1.046431481449069612e+00 -6.654231958077714282e-01 -4.297640069190815648e-01 -6.550391169816650594e-01 4.568176624168696076e-02
1.145411851922851554e+00 5.727610073964747306e-01 -1.005907815306459563e+00 -5.856417676367410285e-01 -3.251211207141641579e-01 -8.084717308499304034e-01 3.314927014963373608e-01
9.950586849388893818e-01 2.310758874167120336e-01 -8.263195896316865019e-01 -5.148477152881782981e-01 -2.225102250957386174e-01 -8.932861027500624829e-01 5.647461637898630871e-01
7.971067323517153635e-01 -8.444844101942068637e-02 -4.921662015092909681e-01 -4.546064690799405117e-01 -6.138962636372492787e-02 -8.354840695983664078e-01 6.714274557256786347e-01
5.627960031159777721e-01 -3.607377216177847234e-01 -2.249102529429240077e-02 -3.929329017039285277e-01 1.816444639836949371e-01 -5.867261984291186616e-01 6.182654166942068708e-01
3.065257763989137629e-01 -5.652124870445039972e-01 5.109230934281461245e-01 -3.273176037505422520e-01 4.580562879686733146e-01 -1.731568201892210168e-01 4.292814248507653696e-01
5.215668509096389044e-02 -6.662020599214634187e-01 1.002799644364824827e+00 -2.705981232737117437e-01 6.833362312670422378e-01 3.129908021865552836e-01 1.631924154511507907e-01
-1.716364604112094183e-01 -6.541713863278160179e-01 1.344714261088219676e+00 -2.368862803013724871e-01 7.739398896071582046e-01 7.513900004441460556e-01 -1.040042559427472590e-01
-3.354667705474176365e-01 -5.270147912722178418e-01 1.438061861100367933e+00 -2.345685790087602141e-01 6.589230850616104584e-01 1.026430885629306955e+00 -2.899869005713244796e-01
-4.159926130199689265e-01 -2.823783798186364491e-01 1.215182057720962661e+00 -2.519036630316603964e-01 3.095951732641995524e-01 1.065310659372356250e+00 -3.367334705839897246e-01
-3.998465363813533124e-01 6.751032778348763086e-02 6.706221882422055414e-01 -2.459951714433416259e-01 -2.404943340941884944e-01 8.575350350268290400e-01 -2.373881192718599320e-01
-2.922547217219128579e-01 4.667769275999487100e-01 -1.057932483786334088e-01 -1.812295627670365006e-01 -8.776511504374141515e-01 4.691795295915907049e-01 -4.845967199859411295e-02
-1.319127656623821365e-01 7.879289416020559544e-01 -9.027807281606561318e-01 -5.282152483656944730e-02 -1.369932651406712498e+00 6.217171276113721973e-02 1.056415749222966716e-01
2.716454764954645898e-02 8.778449599235056411e-01 -1.455907612290377129e+00 1.466245451012656298e-01 -1.450180990269070103e+00 -1.821162340205050301e-01 9.704988397632173525e-02
1.666545778547824652e-01 6.954908456379249593e-01 -1.629287247525362359e+00 4.287029162235674873e-01 -1.051563266758160253e+00 -2.304734387881381963e-01 -7.622140456705056577e-02
3.143213905267513431e-01 3.870141058975850035e-01 -1.510073838003001878e+00 7.600745632823250331e-01 -4.006879736083144850e-01 -2.226642826196976455e-01 -2.792669984770712599e-01
4.935531679119450899e-01 1.720876235169763735e-01 -1.291021982568086202e+00 1.046268184637596965e+00 1.797402948412766821e-01 -2.968379772461988697e-01 -3.856631504909340813e-01
6.830431138551289472e-01 1.634560082822432425e-01 -1.096158679506138434e+00 1.183969158963507518e+00 5.050953769759575218e-01 -4.652816775893772183e-01 -3.665756216020603642e-01
8.310367345777256443e-01 3.206941701547965096e-01 -9.335237189997702689e-01 1.128906957541121914e+00 5.606917784819605011e-01 -6.526321861393358237e-01 -2.467737808211377670e-01
8.972929933894876475e-01 5.440195031112913249e-01 -7.681555097817518440e-01 9.076634105732873659e-01 3.942422387217689450e-01 -7.813546280020298163e-01 -5.276056903768549383e-02
8.723808928299192633e-01 7.551382599525233719e-01 -5.847461353573425447e-01 5.758915417876612208e-01 6.343318236404345278e-02 -8.043535921778187658e-01 1.749101342513568746e-01
7.603856841884660822e-01 8.960136703062817620e-01 -3.830233194276493891e-01 1.839751869408569052e-01 -3.364899759393547019e-01 -6.835292138850008747e-01 3.617738133208878715e-01
5.642480425924498721e-01 9.135852604604872695e-01 -1.622994164206096324e-01 -2.203594422110284334e-01 -6.842235285550876123e-01 -3.877261852097909078e-01 4.357716242558112851e-01
2.944664045048221435e-01 7.754129102217490743e-01 7.139770037765710842e-02 -5.840122637033403619e-01 -8.891032306405742824e-01 7.132025404254925538e-02 3.792868473321518441e-01
-2.173078886207704258e-02 4.923614709201410977e-01 2.971832550356002245e-01 -8.665434562178436773e-01 -9.196293827072866689e-01 6.239978874676511689e-01 2.324197473788493784e-01
-3.422589751883689524e-01 1.295654297251323805e-01 4.752136062569445873e-01 -1.054269133558430438e+00 -8.045028575543836658e-01 1.157123533654004222e+00 5.969331470211122759e-02
-6.159416171225209347e-01 -2.016670655730966322e-01 5.481118160777199710e-01 -1.155597077152773267e+00 -6.297020920302149882e-01 1.538094016509208961e+00 -7.557448888507965756e-02
-7.891003244008163442e-01 -3.798601417555057536e-01 4.667687426717322952e-01 -1.201436761169749845e+00 -5.115445526128793441e-01 1.654066192711915129e+00 -1.238196583731994982e-01
-8.220850682325380188e-01 -3.356203454452686974e-01 2.325001913599755721e-01 -1.219051724826513805e+00 -5.183639612632749971e-01 1.457733413939060751e+00 -6.894076667169413142e-02
-7.205090877490799572e-01 -1.070955997111811969e-01 -7.021207276648847029e-02 -1.172437644219226582e+00 -5.809094194312285353e-01 1.015751044077248810e+00 4.815388261989436702e-02
-5.352511574551445106e-01 1.978168195722772027e-01 -3.103591936719547473e-01 -9.768824052489317733e-01 -5.515750953888279851e-01 5.022764746178693951e-01 1.472573502735460838e-01
-2.947872181380178369e-01 5.283589954006993050e-01 -4.544781672360579949e-01 -6.131127069615637248e-01 -4.391411589458913411e-01 5.848283284166375107e-02 1.953250366683825234e-01
3.147471264307464406e-02 8.995613657620062931e-01 -6.109844318930779394e-01 -1.780276011635675004e-01 -4.388296744719371034e-01 -3.023349882004098821e-01 2.357578824336359624e-01
4.521633887826752574e-01 1.243061659655111173e+00 -8.341260141123568728e-01 2.001011481693184269e-01 -6.200636066367276600e-01 -5.854126531873390382e-01 2.915718452386956150e-01
8.755890959619224700e-01 1.400573225013951095e+00 -1.018839101009625159e+00 4.416151195213283698e-01 -7.956240644046489452e-01 -7.452675512989214157e-01 3.294852255278209463e-01
1.153787068624026801e+00 1.294858650999441751e+00 -1.054070252926439855e+00 5.217551376354009340e-01 -7.557541562139166169e-01 -7.583279378225742384e-01 3.228517100605868273e-01
1.187888125715057308e+00 9.808217916362803601e-01 -9.231893395856411999e-01 4.615388153294715523e-01 -4.490896757087473046e-01 -6.371028371556909375e-01 2.642121877460687496e-01
9.864321521969623419e-01 5.735048326742411273e-01 -6.639695899209377972e-01 3.045028326799028018e-01 2.633350957012846674e-02 -4.028684728345497401e-01 1.535341870079412196e-01
6.346847594122206893e-01 2.065733372615614072e-01 -3.519279522453498399e-01 9.128460619875167215e-02 4.911270332072492639e-01 -1.088734262568482464e-01 1.354941662332047499e-02
2.247111270377851189e-01 -1.121705351755951374e-02 -7.734157654127228609e-02 -1.309953557554349446e-01 7.919386370071194170e-01 1.699374966837684797e-01 -1.251151603828127012e-01
-1.764506850637166113e-01 -4.165461107275984787e-02 1.120006394024698898e-01 -3.027849131288356532e-01 8.757668660823632045e-01 3.869063556443158025e-01 -2.520327750549015144e-01
-5.154874105030892162e-01 8.950189972913458192e-02 2.129275889551036915e-01 -3.739727133537982251e-01 7.609175181074809835e-01 5.262318043042099047e-01 -3.655022647247770373e-01
-7.409231970513042720e-01 3.212235805460095794e-01 2.283881416815016219e-01 -3.237205349756563932e-01 4.965619058120958051e-01 5.734386092268285440e-01 -4.505617239373038152e-01
-8.096805457990310373e-01 5.798561860082680486e-01 1.488513225568545983e-01 -1.605907486530283867e-01 1.643806787943189185e-01 5.055719002771078552e-01 -4.786710400089749795e-01
-7.024029449386141044e-01 7.966824094321982574e-01 -3.749003510750054113e-02 8.521550746275392829e-02 -1.283484849680044393e-01 3.025278569143675655e-01 -4.256610176776750021e-01
-4.362391358463935109e-01 9.150708749507849848e-01 -3.128636436190518899e-01 3.568067258108607587e-01 -2.791913272423300896e-01 -3.667820811998975111e-02 -2.915434443403771003e-01
-6.775289560125979937e-02 9.024313339254252941e-01 -6.172826902800152560e-01 5.745547219554272278e-01 -2.371778502989419224e-01 -4.826896805367399401e-01 -9.832428759162782639e-02
3.237393561518899232e-01 7.726553504437914111e-01 -8.797377303744435828e-01 6.775997157859482423e-01 -5.845873377184887532e-02 -9.740658370673804800e-01 1.304155511334080253e-01
6.628532821682131537e-01 5.839401391668440633e-01 -1.048406511423725984e+00 6.523758797800145448e-01 9.941994932901053461e-02 -1.424530976037925445e+00 3.774949623783196428e-01
8.911578593640540058e-01 4.073787057470486528e-01 -1.092019481255760871e+00 5.165909803267947353e-01 7.462501755896877587e-02 -1.734439906025314393e+00 6.176987461851011219e-01
9.693832438813807517e-01 3.014424208319914644e-01 -9.942752232287620506e-01 2.963293039294755404e-01 -2.064004861378199995e-01 -1.809614674124298883e+00 8.028549548077404951e-01
8.817873813592499443e-01 2.928837749124242329e-01 -7.501683131993166498e-01 4.006085616597961432e-03 -7.010965750583102452e-01 -1.590366747019923865e+00 8.663949841692172305e-01
6.409675481648408057e-01 3.502296102532293509e-01 -3.671817411926195929e-01 -3.557449740756403189e-01 -1.262051071070640740e+00 -1.085124412843590846e+00 7.554226245114938898e-01
2.888178293155696519e-01 3.702318148496698824e-01 1.287689398613907354e-01 -7.245388722130939874e-01 -1.657442116151671918e+00 -3.771799136442574585e-01 4.638249395685279386e-01
-1.058572626762031427e-01 2.287394432075532114e-01 6.940991915063944306e-01 -9.707203254602471132e-01 -1.619758520236549204e+00 4.167947400406026848e-01 2.052699146928293333e-02
-4.529147177695568849e-01 -1.107811923202603327e-01 1.260498165616187771e+00 -9.806479426582010994e-01 -9.990772656665053431e-01 1.165974655896458545e+00 -5.148376899680097152e-01
-6.648517232250888975e-01 -5.554456602226823803e-01 1.714419650609565693e+00 -7.404214205008847749e-01 4.510881440155901229e-02 1.701350545164026284e+00 -1.004341124827199394e+00
-6.957472835486976370e-01 -9.721058816328826957e-01 1.925392034600262203e+00 -3.056535614634089959e-01 1.099632599973454194e+00 1.866409106349290248e+00 -1.268789765033047967e+00
-5.531735096727581347e-01 -1.287741674862784791e+00 1.838981246509033385e+00 2.507107434083187258e-01 1.827727631356978355e+00 1.633564863948960388e+00 -1.237373348517992078e+00
-2.749743372854852042e-01 -1.484842511496580864e+00 1.511422585028945997e+00 8.275500152674346577e-01 2.138969301594145112e+00 1.113665333055663176e+00 -9.859121473749333786e-01
9.544149194523675328e-02 -1.553417374911763016e+00 1.041000697332209679e+00 1.294028725249054101e+00 2.052552224705129547e+00 4.488228848803901827e-01 -6.232715351305160301e-01
5.138759607766753001e-01 -1.508464673683826307e+00 5.299279713832173444e-01 1.541922245226681421e+00 1.628611209299824614e+00 -2.359177952432565673e-01 -2.399214142926144044e-01
9.288792820587072896e-01 -1.427184983561739395e+00 1.095178467455990567e-01 1.528097716575690823e+00 1.039575974055253260e+00 -8.025584186840096779e-01 6.421172275072269120e-02
1.290072204615428708e+00 -1.404574032460070843e+00 -8.961253610778655010e-02 1.276933382282575913e+00 4.983065957091946663e-01 -1.135590823083898693e+00 2.187424037218381190e-01
1.562943850493180298e+00 -1.479195919528930592e+00 -1.432778559430893453e-02 8.617374158796868855e-01 1.056596967096545964e-01 -1.210198484590100376e+00 2.279840854259291560e-01
1.727274788107138859e+00 -1.623122627491193626e+00 2.923832227038312137e-01 3.786356981300874058e-01 -1.461036703922658220e-01 -1.068969574191531935e+00 1.174049515683809330e-01
1.772697391955769364e+00 -1.765616022211549341e+00 7.259902578781185500e-01 -7.919384340956175938e-02 -2.868076618441252612e-01 -7.636741432595575141e-01 -1.202671516639371718e-01
1.697415888910434267e+00 -1.821263101565981257e+00 1.161583247440086009e+00 -4.301774385503331355e-01 -3.326443219857757039e-01 -3.479095813024839501e-01 -4.945037226160718391e-01
1.498461987084099611e+00 -1.743574183646149134e+00 1.500553426658988165e+00 -5.972548651034443878e-01 -2.684945783693863941e-01 1.189545511805371603e-01 -9.711247293908896738e-01
1.167632188004473992e+00 -1.547529452356893875e+00 1.703125669861944136e+00 -5.303417042027134265e-01 -5.038792975620342424e-02 5.928970735565628480e-01 -1.475161426532574760e+00
7.052466565390750342e-01 -1.257069469174870280e+00 1.779248808685459204e+00 -2.586163850437835920e-01 3.289938343608415638e-01 1.047902101538715547e+00 -1.913399525971474002e+00
1.343011100382216216e-01 -8.678404249783545632e-01 1.755834420592748746e+00 1.058255937547790820e-01 7.832122821536523505e-01 1.445953708251286995e+00 -2.184663919614449501e+00
-4.931024305311464961e-01 -3.734997754901932532e-01 1.643222561204229493e+00 4.402828036306937198e-01 1.162642231375328405e+00 1.724207784676543787e+00 -2.203837539326468420e+00
-1.094248822017404033e+00 2.074109655241244132e-01 1.422891112485608511e+00 6.696732424546869566e-01 1.333181725698211917e+00 1.815763238710530469e+00 -1.950593891010100389e+00
-1.572123558482647399e+00 8.233116889003002647e-01 1.079672041836890806e+00 7.552100434745904201e-01 1.240438307469763801e+00 1.689100254373568921e+00 -1.495306981655403877e+00
-1.851831556468133577e+00 1.385164483501790000e+00 6.434841916299928188e-01 6.901754564062901887e-01 9.385226335713586776e-01 1.386035554378038714e+00 -9.698703403385512400e-01
-1.908959334022053644e+00 1.786762770487088980e+00 1.936008271606811104e-01 5.179182053619936221e-01 5.607253026790597339e-01 1.014676464323524874e+00 -5.108430474912888375e-01
-1.765662899236520866e+00 1.954829186031754151e+00 -1.700338957474369639e-01 3.027401902518372379e-01 2.314476546312195238e-01 6.789445082699485656e-01 -2.060259693012621851e-01
-1.466276138424044584e+00 1.871924206035138649e+00 -3.583100537961373955e-01 9.975451050233520578e-02 8.718737086969399405e-03 4.162903347341931348e-01 -7.143560441338388245e-02
-1.063412339727187295e+00 1.550332225609214243e+00 -3.114206047092771823e-01 -3.483491186490671188e-02 -8.959864886706160603e-02 2.188878552705535441e-01 -7.584821264263584550e-02
-6.211294595206600100e-01 1.025783156573703891e+00 -2.141574402802318838e-02 -6.090147833324895815e-02 -7.577872511325570160e-02 7.657474446219604547e-02 -1.673169903874294762e-01
-2.157199890695472577e-01 3.667153236949919348e-01 4.566754743378262926e-01 1.203278120319264261e-02 3.754364881787539197e-04 -1.569288638344333228e-02 -2.899471388210829170e-01
7.597569632705426790e-02 -3.577260585612661026e-01 1.041681730814910223e+00 1.391645718223652739e-01 1.216636798590429169e-01 -3.785577119374083227e-02 -4.235974967106345135e-01
1.985488008423716144e-01 -1.094364048644977494e+00 1.659289436009695029e+00 2.728021939234893667e-01 3.291606261929433397e-01 5.955084818012670173e-02 -5.888857143196474242e-01
1.413615171545834770e-01 -1.771672348137895536e+00 2.219451528493577186e+00 3.714732280867272252e-01 6.136909888765487153e-01 2.924429454135528128e-01 -7.868051751262037374e-01
-6.321807744775645443e-02 -2.292771158600968029e+00 2.601723028036870833e+00 4.007293883085598640e-01 8.713726204904432837e-01 6.089444576360376615e-01 -9.758209598285565445e-01
-3.713546480411909489e-01 -2.579324027335865299e+00 2.704415414685831909e+00 3.363907561604755903e-01 1.015200171810701990e+00 9.497359762904211689e-01 -1.124456110272616050e+00
-7.450064920077855701e-01 -2.601423892728205178e+00 2.498043023544136876e+00 1.677941266394336606e-01 1.044291018316310771e+00 1.287474224360598551e+00 -1.235110729214780712e+00
-1.139369307838402401e+00 -2.374418447893428041e+00 2.024283371526617969e+00 -9.747861933607640528e-02 9.921185797979751309e-01 1.591637831357584520e+00 -1.305066829696396979e+00
-1.501239236117529297e+00 -1.956219116953255011e+00 1.373319554165111755e+00 -4.339639227958620449e-01 9.060899242743157833e-01 1.826616607889304467e+00 -1.312078544067771135e+00
-1.790368071709155684e+00 -1.436046320915420615e+00 6.599688795357196991e-01 -8.047887137773754862e-01 8.562138426049207274e-01 1.983761632261293872e+00 -1.229305299030755139e+00
-1.989340048398822836e+00 -8.980914445377382593e-01 -1.541135681951085780e-02 -1.167003366304836698e+00 8.629166504455565434e-01 2.054220334413409788e+00 -1.006820171630625760e+00
-2.095023630397764069e+00 -3.979232406651396214e-01 -5.952613824438307555e-01 -1.478085669108557765e+00 8.502171282977366573e-01 2.001210408751425973e+00 -5.780254448376815901e-01
-2.112234061507435978e+00 3.051704987179207004e-02 -1.063615890025413568e+00 -1.705576792370708361e+00 7.249814580286276788e-01 1.804360481304874586e+00 6.001255704382679051e-02
-2.047989701900844839e+00 3.657807544238855235e-01 -1.431140619869948338e+00 -1.838030995828828118e+00 4.633215545683900816e-01 1.497446516872939837e+00 7.999198890356898906e-01
-1.903019800807984829e+00 5.952552351665733044e-01 -1.714858961459583941e+00 -1.888252405755385555e+00 1.226591096912348078e-01 1.151592662153056779e+00 1.471592417705438693e+00
-1.667141566231400640e+00 7.148622855199514570e-01 -1.927099541720375564e+00 -1.868211069108182132e+00 -1.867645326924883553e-01 8.406060231260248372e-01 1.916591962011352512e+00
-1.316849143812977907e+00 7.482282620333805534e-01 -2.083334790416552007e+00 -1.754339022353866628e+00 -3.696577010606441061e-01 5.985068308963251704e-01 2.048556237983692352e+00
-8.207792949412784367e-01 7.605637003876384306e-01 -2.200928107478059559e+00 -1.503933322114269666e+00 -4.232438501904445816e-01 3.870194319474552502e-01 1.892408388343284065e+00
-1.641966234552682813e-01 8.151485760781089773e-01 -2.282945978907492179e+00 -1.102787313383182033e+00 -4.139056544311863761e-01 1.266761305974606622e-01 1.555055610291550705e+00
6.256127735053857997e-01 9.167322343741760582e-01 -2.318616207327464984e+00 -5.678646496880844774e-01 -3.709152609871486095e-01 -2.302161639149773731e-01 1.137247979643938312e+00
1.483387904875820285e+00 1.024630614539616680e+00 -2.295478303040972445e+00 6.601862600990682228e-02 -2.860189228239948811e-01 -6.842088512528570199e-01 7.017555766052208099e-01
2.330752919630146192e+00 1.097521342110994613e+00 -2.202789411426387733e+00 7.325568355978302471e-01 -2.049484022717750209e-01 -1.226387558149925949e+00 3.101843178439602777e-01
3.090616365331218418e+00 1.105006200809637518e+00 -2.036563767123704238e+00 1.342785352758052886e+00 -1.983759764228209266e-01 -1.831497084909603501e+00 2.025364465717431964e-02
3.685486639201625003e+00 1.028777988570251489e+00 -1.809710909401982759e+00 1.825194915065567747e+00 -2.671428234265842971e-01 -2.424322396334855245e+00 -1.485213392348297690e-01
4.042731987525196580e+00 8.758486854550741052e-01 -1.551137391128140752e+00 2.150695128992325067e+00 -3.661633194127426050e-01 -2.908304410339639379e+00 -2.106939811248140504e-01
4.113109094965746948e+00 6.794251056450724136e-01 -1.287283679788023605e+00 2.333096463312142266e+00 -4.582149078867874814e-01 -3.209582880865140098e+00 -2.060484562089643645e-01
3.885932266644725797e+00 4.789270767042618226e-01 -1.025558953012144725e+00 2.413254000007105660e+00 -4.953274393050456914e-01 -3.272872511993574651e+00 -2.024381278756075264e-01
3.404161858719504163e+00 3.032424521087799252e-01 -7.613443863297335579e-01 2.432520329436512085e+00 -4.210983717647529545e-01 -3.081087686909008028e+00 -2.606855381243888825e-01
2.767920407854479237e+00 1.632452911720959354e-01 -4.917424034940778843e-01 2.416510988469996235e+00 -2.005045125455844068e-01 -2.687492869135622353e+00 -4.019594144212713660e-01
2.101854063284106289e+00 4.703454882479200794e-02 -2.139273172859680605e-01 2.376326827135362585e+00 1.812515740516517648e-01 -2.175931617418526809e+00 -6.223958086715430937e-01
1.514457918633772771e+00 -7.070796055502032162e-02 7.865316643700032140e-02 2.306667442516960875e+00 6.972779612862063381e-01 -1.620277007172320038e+00 -8.889494612521585681e-01
1.073913760403022222e+00 -2.033528596495971230e-01 3.777166949293493947e-01 2.196503187567875326e+00 1.253364466637073349e+00 -1.094285344356959344e+00 -1.124012814804709937e+00
7.939231479210134834e-01 -3.320970692001610769e-01 6.336415078327803929e-01 2.063642086430200528e+00 1.737777303998728762e+00 -6.629194590069937831e-01 -1.248009336836943817e+00
6.439980644432971024e-01 -4.076685996704946247e-01 7.691170313271786796e-01 1.952553934564840166e+00 2.077165769351946523e+00 -3.625321530820335703e-01 -1.235553952815862999e+00
5.817553830942033821e-01 -3.733367711704819181e-01 7.283913934740336993e-01 1.890906866491942173e+00 2.238896559606194714e+00 -2.047153550171738889e-01 -1.124203903291352447e+00
5.727493321359345968e-01 -2.011126152546719725e-01 5.138962283652998009e-01 1.871566132036581731e+00 2.230006025553778581e+00 -1.720936789053759408e-01 -9.821325323785737860e-01
5.887110484169036928e-01 8.532692934744480484e-02 1.863268753711121162e-01 1.862138356066192380e+00 2.083865798191303131e+00 -2.146241697535843096e-01 -8.588061877336563565e-01
6.047617434475677234e-01 4.182317016480733285e-01 -1.654097721126011333e-01 1.816825678459048854e+00 1.831380096879009711e+00 -2.749680682449731073e-01 -7.591236090728764596e-01
6.076430229906629732e-01 7.073636234447339133e-01 -4.571472864462163832e-01 1.693554231501490648e+00 1.514177464776764959e+00 -3.143519915759321881e-01 -6.611399443602546944e-01
6.060792098392284721e-01 8.793517453422231567e-01 -6.365309254238807890e-01 1.469816806924274966e+00 1.190157445896952604e+00 -3.277175899177358076e-01 -5.351188445857065767e-01
6.271120142664150521e-01 9.154818447078952870e-01 -6.992327941001079683e-01 1.149759965955383656e+00 8.872615080766336204e-01 -3.508711686682017272e-01 -3.404800162876421288e-01
6.915587357182977346e-01 8.362518373645014824e-01 -6.737949604465781617e-01 7.705925663897380540e-01 6.079817290253050066e-01 -4.287544593162305184e-01 -4.755870726838898332e-02
7.907834881654393078e-01 6.679302822234488568e-01 -5.972455630050899078e-01 4.019741331335118795e-01 3.677712489085470660e-01 -5.742190571431105006e-01 3.257522043935416889e-01
8.928761266586566769e-01 4.461267554673942759e-01 -5.110330320142636440e-01 1.185802682321185353e-01 1.592238739249436652e-01 -7.744513153981646969e-01 7.279902371350895907e-01
9.621700141818919638e-01 2.259986773676760374e-01 -4.579530493972521765e-01 -3.946723848214137714e-02 -5.962284093334190710e-02 -9.997169224876724103e-01 1.098789346703006986e+00
9.682423871993135478e-01 6.965519283768176195e-02 -4.729585852720766259e-01 -8.080007545557869875e-02 -3.065340024183434986e-01 -1.194775198559579588e+00 1.368588023029658318e+00
8.947516815576871396e-01 2.687260669609608729e-02 -5.791616606640206388e-01 -4.682465412745471373e-02 -5.738404437762697485e-01 -1.310637069491672690e+00 1.485314302551182353e+00
7.464182366772599275e-01 1.145773598478173755e-01 -7.723608815257470006e-01 1.345186301801213832e-02 -8.482855483558663368e-01 -1.332760661670074676e+00 1.443269159131670198e+00
5.441736159084835656e-01 3.078609404370948877e-01 -1.013201211462862572e+00 6.738126429836430176e-02 -1.098991414424206559e+00 -1.273001526131026573e+00 1.278658705035893073e+00
3.192863433965200115e-01 5.607840858210660917e-01 -1.256317362610117394e+00 1.074230374833425039e-01 -1.303729857300811146e+00 -1.177333468955111373e+00 1.058546942631876986e+00
1.015645297472786562e-01 8.132851303925949793e-01 -1.457910893853151091e+00 1.325927791884532192e-01 -1.448622475818984512e+00 -1.095668217327858684e+00 8.451386630423686208e-01
-9.827696644689096206e-02 9.739346710771068505e-01 -1.547325284634849529e+00 1.289628633071480401e-01 -1.476461737208657476e+00 -1.011188744598022549e+00 6.586401636825495176e-01
-2.840690544759709169e-01 9.525564376425685875e-01 -1.445971592658285232e+00 7.490526946703195132e-02 -1.328533505273257198e+00 -8.717153314052584756e-01 5.089313255963684446e-01
-4.522680217227895150e-01 7.279698882181419028e-01 -1.132388760201613831e+00 -3.631805013560544110e-02 -1.038331712802772033e+00 -6.889873500894291292e-01 4.360786913965450928e-01
-5.913873019900887096e-01 3.547479420632390079e-01 -6.635947839102176449e-01 -1.845290143209320777e-01 -6.989638533099085116e-01 -5.233944666315841765e-01 4.670485007740949879e-01
-7.005420775805146771e-01 -8.687493015117184192e-02 -1.318170061313415076e-01 -3.474738369283251194e-01 -3.670268054574304939e-01 -3.916287133806157783e-01 5.609703122802882636e-01
-7.868475223976966193e-01 -5.282116490455134317e-01 3.829824603996764831e-01 -5.299602044523077371e-01 -6.220510311875459414e-02 -2.693604781869184950e-01 6.454946032877736384e-01
-8.524635738634449567e-01 -9.267712258986989804e-01 8.350497899641148303e-01 -7.441484530381925477e-01 2.060423794307741918e-01 -1.388021647108087786e-01 6.734088260317703245e-01
-9.027382766464709940e-01 -1.265989175689097523e+00 1.218142198017898359e+00 -9.710039035454509637e-01 4.611888334617450513e-01 2.669669396471550243e-02 6.193706325827581516e-01
-9.468042513622368928e-01 -1.528222304946753818e+00 1.538781335015666496e+00 -1.161850225921514657e+00 7.292090032719950043e-01 2.502600154467983229e-01 4.830513381523855454e-01
-9.798481011499835525e-01 -1.673618645980461617e+00 1.775635823853106032e+00 -1.262053873474195287e+00 9.791880277119200393e-01 4.965494884549366272e-01 3.057269361836661981e-01
-9.811416112517317156e-01 -1.663342147830261242e+00 1.883243405394946501e+00 -1.221006373308676674e+00 1.158385932471610147e+00 6.961177967404803546e-01 1.320505043590365635e-01
-9.229774876984130350e-01 -1.492123909929018444e+00 1.825191315666259584e+00 -1.006692976071693835e+00 1.237686055480319069e+00 8.010157855672812577e-01 -2.489835875264362688e-02
-7.768180125623113108e-01 -1.191167118152202331e+00 1.591490834310501645e+00 -6.336022874879466693e-01 1.195039461363441635e+00 7.816001791531443921e-01 -1.609091785466234825e-01
-5.306482840278381463e-01 -8.169025886341414466e-01 1.208519102179076876e+00 -1.717842939336328700e-01 1.032604018525884459e+00 6.299274936897142352e-01 -2.678002652101286740e-01
-2.042394873480653517e-01 -4.340376727090213271e-01 7.362289616883972432e-01 2.802824578713481452e-01 7.991187062052451662e-01 3.781020948354262279e-01 -3.464541599246818704e-01
1.593033062695827506e-01 -9.571271610833723131e-02 2.405365502882275686e-01 6.391300962639518968e-01 5.472005092259121239e-01 8.080884536550957120e-02 -4.041250371602970737e-01
5.109437577283634235e-01 1.622987938315015866e-01 -2.260087883753855997e-01 8.678615019955318033e-01 3.054638790292006356e-01 -2.012069521160660401e-01 -4.444737328407728505e-01
8.067612026802579717e-01 3.200790160227385273e-01 -6.219615872017784097e-01 9.764594730970869163e-01 8.633897418830231707e-02 -4.092489613608963905e-01 -4.653476315381226414e-01
1.013503316955597811e+00 3.655136574988182008e-01 -9.065873301962983355e-01 9.927496166409859324e-01 -9.667598029894947098e-02 -5.028216310172439751e-01 -4.706300574946155613e-01
1.111768791499086584e+00 2.824539869216719512e-01 -1.033243863671658991e+00 9.410365317144144814e-01 -1.958776528036331177e-01 -4.640318036206595997e-01 -4.840901252468809979e-01
1.103045383047211558e+00 6.584669678424837080e-02 -9.719206065810351847e-01 8.462159000451919821e-01 -1.546547653543995926e-01 -3.172146951022687955e-01 -5.192683773510425871e-01
1.016921471540385591e+00 -2.570444732103818186e-01 -7.389524013838160155e-01 7.390095989986912306e-01 2.502224414731687302e-02 -1.486647432115404954e-01 -5.416171403116099015e-01
8.990936666218067863e-01 -6.416462862833802738e-01 -3.809550109802223861e-01 6.431562672983872631e-01 2.959552499652800539e-01 -4.880725770291235999e-02 -5.008881122005093278e-01
7.846569871776021277e-01 -1.046925134318339445e+00 5.692136038639658557e-02 5.446137652168046017e-01 6.010604843973486044e-01 -4.398865331010310548e-02 -3.744244447287819466e-01
6.859841915866408124e-01 -1.435304755066275195e+00 5.314121435434829843e-01 3.862933109978153867e-01 8.583391740239674217e-01 -1.155886980692983346e-01 -1.542570763133687961e-01
5.924290876996614053e-01 -1.778487411897444304e+00 9.962261995438536077e-01 1.194433181094984170e-01 9.928522124204819388e-01 -2.257752927768769402e-01 1.583353244737256971e-01
4.763290793385572819e-01 -2.060718222600738780e+00 1.400681629099194803e+00 -2.507478373655661064e-01 9.842767117449858771e-01 -3.200552606504402653e-01 5.354226813855539335e-01
3.137211091064321944e-01 -2.256447865040478895e+00 1.682246443334168617e+00 -6.769304323308140692e-01 8.406168451934999952e-01 -3.583595646729622608e-01 9.249124557864905061e-01
9.025833774312819191e-02 -2.320566220795508894e+00 1.790932891527136306e+00 -1.105162290307071915e+00 5.924242967121534642e-01 -3.055082142733585582e-01 1.246676863770822541e+00
-2.021524941400462128e-01 -2.202832825179708021e+00 1.720193109178900004e+00 -1.487625404096468262e+00 2.914597213508703377e-01 -1.148466935370086595e-01 1.407087424956957822e+00
-5.419197276485895332e-01 -1.858758635383249258e+00 1.484143444495179986e+00 -1.776763937553101247e+00 -4.828108117368599961e-02 2.013276580199900023e-01 1.361008034334747485e+00
-8.713605532885019267e-01 -1.279749878177196321e+00 1.102737816639230317e+00 -1.929269636510218211e+00 -4.195743277779475644e-01 5.531843882237437171e-01 1.123443819701323676e+00
-1.131445782410153145e+00 -5.310328869192443291e-01 6.347659981417795860e-01 -1.915967460664183442e+00 -7.286766889291648175e-01 8.632841060487781437e-01 7.221394947948936993e-01
-1.285946196385703288e+00 2.669799161331415371e-01 1.777941068179989814e-01 -1.737133290031952271e+00 -8.583123879094103348e-01 1.097226018557862393e+00 2.045429878391341882e-01
-1.321553162709507623e+00 1.000413001203011021e+00 -1.867342306778259631e-01 -1.438982401897918262e+00 -8.166024303646826077e-01 1.210562904447791688e+00 -3.198258377466405844e-01
-1.248648478110601756e+00 1.594574528192301610e+00 -4.261265331340243212e-01 -1.097410694566277822e+00 -7.147950382039678363e-01 1.156079784539458588e+00 -7.210155536093975082e-01
-1.105116598945309336e+00 2.004392492137909265e+00 -5.385214524880844733e-01 -7.816004053247059824e-01 -6.156388196272530866e-01 9.561023569111769538e-01 -9.413757481127076332e-01
-9.446539075738530356e-01 2.214068279733131028e+00 -5.364682849989835800e-01 -5.402094908364506454e-01 -5.172494178762655492e-01 6.949327577409436518e-01 -9.962180233396933371e-01
-8.095448404723522007e-01 2.245958162143723680e+00 -4.489302081213212836e-01 -4.030355479761545401e-01 -4.487934482738818454e-01 4.382645772567423381e-01 -9.022286402833793462e-01
-7.226041896266386377e-01 2.133107600781333435e+00 -3.080816851146796487e-01 -3.785718927994143335e-01 -4.622344404929902284e-01 2.222018237921125627e-01 -6.608574158841319379e-01
-7.036008738189944989e-01 1.893998506284669814e+00 -1.334394537367447897e-01 -4.592594315923493875e-01 -5.648074108699411289e-01 9.187917158239568283e-02 -2.948472189369270025e-01
-7.684384749844345164e-01 1.555850317732708321e+00 5.875638572834682161e-02 -6.314184561709860199e-01 -7.331547587992537363e-01 7.956687106638363205e-02 1.419772083863326539e-01
-9.088478905359472781e-01 1.170362485629535376e+00 2.465606642555579764e-01 -8.711134708481046429e-01 -9.482593049651888428e-01 1.677940417186498112e-01 5.889229401979300116e-01
