7.594123514798923891e-01 1.255564663491542499e+00 -7.541102844975915431e-01 -5.848346147987355526e-01 -7.267518856312791264e-01 -7.913687872417671798e-01 -1.026182993696047374e+00
8.217382466405928065e-01 1.246346084220406381e+00 -6.535320865427809434e-01 -6.275421001871124282e-01 -7.010537821661723124e-01 -6.254668403067689120e-01 -9.957150015551725630e-01
7.636536614866449302e-01 1.034868127834077001e+00 -5.225445640502830447e-01 -4.680009618667623772e-01 -6.443072515960376334e-01 -3.896315175049109847e-01 -7.210841126461809969e-01
4.951775685538043481e-01 6.284647205077231735e-01 -3.680695313940907654e-01 -1.221964540899448670e-01 -5.359670270756874411e-01 -1.093800008238278582e-01 -2.214990126942228132e-01
4.382278280591078018e-02 7.777915104314767070e-02 -1.859210541292002361e-01 2.654433832633003032e-01 -3.315303720573488655e-01 1.568049963363360721e-01 3.681788811968354502e-01
-4.257787984958473770e-01 -5.202110191691339258e-01 3.467473842857273642e-02 5.027191788211538004e-01 -6.673094823147244017e-03 3.504802507234283104e-01 8.391131592833793729e-01
-7.704917221744542744e-01 -1.032735915718067776e+00 2.911494354775137072e-01 5.126503370784133429e-01 3.752042495549800516e-01 4.512063054116165484e-01 1.052991062358033414e+00
-9.649941745910879387e-01 -1.341221455278109209e+00 5.579101525346479296e-01 3.684858045111251701e-01 6.849203583324008360e-01 4.652343713385804769e-01 1.016743995232282538e+00
-1.016611412321179131e+00 -1.390287197969268362e+00 7.930611065986199471e-01 1.792108034044709586e-01 8.320837416048787460e-01 3.942132178070494319e-01 7.934911125653612007e-01
-8.752215283114934685e-01 -1.199156046054502767e+00 9.566310270800920668e-01 1.010729976915352574e-03 8.255733792413133543e-01 2.474633015701662442e-01 4.060563176485429415e-01
-5.149048563991848182e-01 -8.401956456424568565e-01 1.027499675620790809e+00 -1.357368382566190856e-01 7.139566996955384326e-01 6.142653865734958030e-02 -9.761293554569461239e-02
-5.126579613024300625e-02 -4.061192274059392537e-01 1.000355019601359752e+00 -1.816610211368102357e-01 5.011905261158829950e-01 -1.290876668770100932e-01 -5.434130629578617366e-01
3.211262109201133419e-01 1.199018769326153436e-02 8.757280773744169355e-01 -1.015643104738727098e-01 1.647454471425758016e-01 -3.211001725809662366e-01 -7.086479353665706693e-01
4.784134431260233522e-01 3.334220223819464035e-01 6.621127046556917195e-01 7.109615129983670734e-02 -2.680596979405189817e-01 -5.227459964346975463e-01 -4.942630590650419764e-01
4.169816294874126861e-01 5.011661632070343320e-01 3.792188274096985889e-01 2.443065516907201584e-01 -7.025812800006836500e-01 -7.161608849345373340e-01 2.308643392304842584e-02
1.904131102120734109e-01 5.102636340695034800e-01 5.264678235527611022e-02 3.423089407338169021e-01 -1.041276072095517868e+00 -8.592663011150598606e-01 6.811959160354894571e-01
-1.538958460507004466e-01 4.111750294711747356e-01 -2.898375107456253041e-01 3.550198894891892221e-01 -1.237558314721167729e+00 -9.175080131885778867e-01 1.322720243738208401e+00
-5.511386451675318598e-01 2.703156947617440520e-01 -6.170680536128656524e-01 3.036348787683602057e-01 -1.272552523279642633e+00 -8.762022435299761103e-01 1.797158807420623283e+00
-8.597558629466517388e-01 1.460647996098749513e-01 -9.015415125324723888e-01 1.952226990074543145e-01 -1.115362241863015802e+00 -7.215495913839186093e-01 1.927095472890966166e+00
-9.102648420285380793e-01 8.790514306910340858e-02 -1.122141642969650022e+00 3.221428330964776210e-02 -7.501694747574901845e-01 -4.334805581502663707e-01 1.575863059874836880e+00
-6.514001142789344057e-01 1.307267343752645805e-01 -1.257904073877648576e+00 -1.509925741461220494e-01 -2.401858857135993341e-01 -1.682686265244202548e-02 7.877402022270250104e-01
-1.828554604740746936e-01 2.981031222460632790e-01 -1.305626981349246929e+00 -2.799769715070985487e-01 2.901103631793484627e-01 4.741373539732814946e-01 -2.337984152948718308e-01
3.458560815592450211e-01 5.999115643521116814e-01 -1.294524459564751151e+00 -2.715430400769147656e-01 7.438587425068255987e-01 9.504010012363596216e-01 -1.286690324611976521e+00
8.013729163802932876e-01 1.003098546327406693e+00 -1.255183049868888068e+00 -7.503498720656372190e-02 1.083907034937933611e+00 1.315006162605507400e+00 -2.229336176241156764e+00
1.085218419452853356e+00 1.412232395863852297e+00 -1.189921324000499991e+00 2.904387633324410078e-01 1.304005971530382002e+00 1.494432919370580093e+00 -2.943481948610481513e+00
1.170138655689869855e+00 1.705235362108245889e+00 -1.086703953196302752e+00 7.247381848693146278e-01 1.406556580115859711e+00 1.468075637765783981e+00 -3.336134800356503227e+00
1.116880918953831348e+00 1.803758543216060328e+00 -9.429096348667711514e-01 1.090165919988287158e+00 1.384835220048765025e+00 1.257915163202225406e+00 -3.365620220445991517e+00
1.020211648484214972e+00 1.702180803526116337e+00 -7.672398021441779736e-01 1.274758604198550138e+00 1.208154721584315805e+00 8.919064568489475375e-01 -3.027044230402421210e+00
9.365322430872492498e-01 1.438932789190564110e+00 -5.733049406563289763e-01 1.219394202723781406e+00 8.423533697301882617e-01 3.952650582854184691e-01 -2.338871742522673269e+00
8.820134404086497071e-01 1.077374355707754194e+00 -3.857888690838214285e-01 9.210960168655114577e-01 3.075796727682214571e-01 -1.754664304971246258e-01 -1.410430066235810909e+00
8.822492124647121070e-01 7.015310489920824066e-01 -2.383128335698907196e-01 4.234896625599938735e-01 -2.973690834882852241e-01 -7.088833499700633034e-01 -4.813507899617764374e-01
9.640902260584751637e-01 3.784823940555884225e-01 -1.395397541024141486e-01 -2.127301497939032560e-01 -8.682254804537009596e-01 -1.090892370510421427e+00 2.393753132147254659e-01
1.087297106482118858e+00 1.308456022033475108e-01 -6.040634693146163664e-02 -9.161983849107944167e-01 -1.369490571786527333e+00 -1.277766400607371455e+00 7.395212914111473079e-01
1.152806205088133140e+00 -4.282606585671214910e-02 2.695686485883317524e-02 -1.592272163122449680e+00 -1.795433699110225767e+00 -1.291464431635661603e+00 1.118187613771138622e+00
1.113383695782682148e+00 -1.561616221676394023e-01 1.236376330667720153e-01 -2.147919758302708093e+00 -2.094255486602603522e+00 -1.162832087475249132e+00 1.408159471324268885e+00
1.029508724458901847e+00 -2.357112731300801123e-01 2.177964502146425285e-01 -2.530146974095141221e+00 -2.177849160927421757e+00 -9.029662912611595704e-01 1.542475334712662516e+00
9.896575008312566979e-01 -2.939502100616327440e-01 2.975129225826558810e-01 -2.724422230238033205e+00 -2.007146328883597342e+00 -5.273973113320767903e-01 1.454484192581260382e+00
1.011245999763181080e+00 -3.145121381630743840e-01 3.509602100561723392e-01 -2.730058989657822011e+00 -1.635274825425258483e+00 -8.915073736214436384e-02 1.163783115879474916e+00
1.035357157043945264e+00 -2.794385101922137737e-01 3.666900164625366276e-01 -2.551486689512488581e+00 -1.155156871686372710e+00 3.323036653160729159e-01 7.540530664733382515e-01
9.999241128017386515e-01 -1.842388106843701190e-01 3.327570010895202213e-01 -2.199817311612769721e+00 -6.268497410897795330e-01 6.774736997603001409e-01 2.702546551764004046e-01
8.976656100114642767e-01 -3.415179153235523707e-02 2.412188117847592073e-01 -1.697369455644213820e+00 -6.140365841686139942e-02 9.331273960549448798e-01 -3.285113485865640004e-01
7.390690376616037005e-01 1.402996525910529813e-01 1.053351787108856991e-01 -1.095814499262669939e+00 5.215620876720228338e-01 1.098391639922889684e+00 -1.040287431435922949e+00
4.860746075121620269e-01 2.806195577095073612e-01 -3.708429781666998382e-02 -4.852956735424198698e-01 1.032903761543032539e+00 1.137978836071993793e+00 -1.681544342065291353e+00
7.322164842368183990e-02 3.384654049402879283e-01 -1.479075816314077974e-01 3.513973125720475099e-02 1.340623395345965196e+00 9.961897918824196285e-01 -1.971331884353906716e+00
-5.121083180043177752e-01 3.143615706716531011e-01 -2.156072310619141785e-01 4.148956196810010266e-01 1.363288205084986826e+00 6.562316192382441349e-01 -1.754741919127129846e+00
-1.174828184167275635e+00 2.553243096413885804e-01 -2.631238806786250772e-01 6.814851533321200083e-01 1.144727764476052068e+00 1.879105847345035052e-01 -1.150953100454188416e+00
-1.727570601375791215e+00 2.102703366256749029e-01 -3.214674959390856901e-01 8.927825220016439856e-01 8.238400950264447298e-01 -2.739379290587977134e-01 -4.704417817557586257e-01
-1.984810314980686385e+00 1.905763506495031789e-01 -3.865908722282763721e-01 1.061678477605310977e+00 5.012878369733996253e-01 -6.330448603043589140e-01 6.552676015926896247e-02
-1.868734364122291769e+00 1.716960667594422951e-01 -4.157133599042285299e-01 1.136921741331526237e+00 1.589651183105338095e-01 -9.076631864729344246e-01 5.030592273964014094e-01
-1.440014305879420142e+00 1.152877962254160449e-01 -3.704239764652832445e-01 1.041682138802219049e+00 -2.655192043604895358e-01 -1.184157488356053722e+00 1.035382829795556736e+00
-8.471970634490493257e-01 -8.966665410073466251e-04 -2.585696782463307586e-01 7.448314307410210944e-01 -7.427201607175952791e-01 -1.491482536206187204e+00 1.717019174615185717e+00
-2.703901222371916102e-01 -1.537625457815505747e-01 -1.342633316561893664e-01 3.232632141994672414e-01 -1.122412545941110062e+00 -1.723580367749352193e+00 2.331248226668426238e+00
1.187342475066275882e-01 -2.795979454727459124e-01 -5.461941264626557491e-02 -5.323364172941258410e-02 -1.253330173905539580e+00 -1.723868808401391339e+00 2.581804045264159075e+00
2.187409865701865908e-01 -3.199344293146137441e-01 -4.382402584758449127e-02 -2.129311666781638912e-01 -1.088737043849332009e+00 -1.436396542562282441e+00 2.343641299437988490e+00
3.565838126625479193e-02 -2.674093214600785084e-01 -9.821998845696555680e-02 -8.292099026428534359e-02 -6.711358007386729607e-01 -9.224631864332791809e-01 1.684257715121821430e+00
-3.376703912494900539e-01 -1.640000116063141111e-01 -2.007047654450944130e-01 2.688457074637395916e-01 -7.903869405079565202e-02 -2.795054897582565645e-01 7.497983250918178744e-01
-7.658075537491637608e-01 -6.926647833293754497e-02 -3.143704298197703695e-01 6.940621120845258396e-01 5.960893717548992887e-01 3.960943097723718109e-01 -2.788014529133410746e-01
-1.149545483397633072e+00 -3.773321824016884901e-02 -3.816154387716598206e-01 1.092935617013742977e+00 1.248982962944756636e+00 1.006131712796959121e+00 -1.152533302471199228e+00
-1.478665983704517295e+00 -9.782920223690590167e-02 -3.614310320123327869e-01 1.458114339483651989e+00 1.766543110150631701e+00 1.455635701308158447e+00 -1.601067492544934412e+00
-1.741451376019335751e+00 -2.383729333873466638e-01 -2.694705534814151315e-01 1.761112192507492846e+00 2.069947896282290589e+00 1.681380227370426805e+00 -1.510233439156763113e+00
-1.824105068282183106e+00 -4.123714668853172283e-01 -1.627173552307087379e-01 1.900876130777965800e+00 2.148512181155110223e+00 1.692537207592133441e+00 -1.036064917813290354e+00
-1.613188071293377712e+00 -5.429144966462696731e-01 -8.552656763792385042e-02 1.829665681429990753e+00 2.011860363296996468e+00 1.548589017330950890e+00 -4.498014446564944646e-01
-1.144990820802975318e+00 -5.400548820703623409e-01 -4.860383265095219452e-02 1.624062582845319680e+00 1.637639547153341590e+00 1.286939882142488667e+00 8.725634924266073567e-02
-5.576527870030386635e-01 -3.575596075343602798e-01 -4.821363131762929077e-02 1.370744322454479747e+00 1.030219817894617584e+00 9.157474972867448715e-01 5.136816858135558883e-01
5.288293080875946378e-02 -5.244581285816311833e-02 -6.972458968223195497e-02 1.033278150719284083e+00 2.850127031938833322e-01 4.497554417434858065e-01 7.787898691311326838e-01
6.709286434149329681e-01 2.520043443418177875e-01 -7.500854937039513892e-02 5.084606034282439513e-01 -4.652757373491965831e-01 -7.388600669923886533e-02 8.619019307462318924e-01
1.264720064091618079e+00 4.696225561811609439e-01 -1.861491597363880771e-02 -1.844229751012496088e-01 -1.133121765697258976e+00 -5.846832478384106357e-01 8.065424019591392879e-01
1.702676311911538232e+00 5.765432951263633754e-01 1.073032345051859876e-01 -8.791153360229507774e-01 -1.672580370946447292e+00 -9.943885309141056172e-01 6.992734907055335736e-01
1.844972707003498691e+00 5.580260499336916480e-01 2.578613569888643653e-01 -1.455907641544187614e+00 -2.030861164345334036e+00 -1.235177704572707702e+00 6.094957935246145819e-01
1.683183264587139627e+00 4.032150068045256552e-01 3.801543460226311510e-01 -1.927861757449851776e+00 -2.160774123333788488e+00 -1.272193354083700045e+00 5.552159484299794556e-01
1.278135146560913649e+00 1.546515017587472562e-01 4.550141840054443554e-01 -2.292996356390859081e+00 -2.080688153572363586e+00 -1.102820994201500593e+00 5.435998108619349845e-01
6.476590725516624403e-01 -1.002389174186137238e-01 4.839049593987582720e-01 -2.461667087840958335e+00 -1.864192014614234782e+00 -7.633348276741099836e-01 5.952305252361993482e-01
-1.307161600404897206e-01 -2.971593932446863207e-01 4.630529843813223079e-01 -2.401946888508311950e+00 -1.558033133461703690e+00 -3.261376093985990932e-01 6.770293432528541322e-01
-8.295517951594122419e-01 -4.138134281626281163e-01 3.917778175309141742e-01 -2.212541929036025756e+00 -1.172367696236547907e+00 1.169138303359613940e-01 6.911390003151195449e-01
-1.238855169048786120e+00 -4.273300766616336399e-01 2.854669013512443621e-01 -1.976785700718416638e+00 -7.548347286817554957e-01 4.748803138798727286e-01 5.874908187013458960e-01
-1.322576723848130742e+00 -2.973138151327632817e-01 1.547306890137818691e-01 -1.663016210843879072e+00 -3.951790337930054520e-01 6.789708227874903246e-01 4.007501439327834092e-01
-1.130489992440302682e+00 -1.607439365687200403e-02 -8.982020854350018096e-03 -1.242002206090661032e+00 -1.356199985065033864e-01 7.027358163808764546e-01 1.546051995437467408e-01
-6.814372622632551835e-01 3.456060276515156571e-01 -2.043341582418932156e-01 -7.941842147791029483e-01 6.869393744338074537e-02 5.679326706783431877e-01 -1.779520148448619776e-01
-2.972748933107964564e-02 6.814788168407549529e-01 -3.964498274426668245e-01 -4.120772509971861175e-01 2.707041473769383200e-01 3.267040562707236862e-01 -5.863388802747429018e-01
6.365901836467796615e-01 9.200619174655139121e-01 -5.368794354400218127e-01 -7.958855252199356634e-02 4.599657482606843151e-01 3.383923126474105980e-02 -9.576155717406540369e-01
1.077154573287152362e+00 1.021986731961449513e+00 -5.989968179216437205e-01 2.680071131348091829e-01 6.136565050352151829e-01 -2.664740660772359493e-01 -1.161638723868654521e+00
1.185143195433014274e+00 9.431440999803871739e-01 -5.876737139175536306e-01 6.074529081071866621e-01 7.617311894622753599e-01 -5.400033524787236638e-01 -1.162396606861108683e+00
1.029915483392884301e+00 6.504430765372283263e-01 -5.140353634035492725e-01 8.331306330429486540e-01 9.339596135229981666e-01 -7.683592042464568728e-01 -9.790336505637543540e-01
7.258900889601860307e-01 1.888171489468882802e-01 -3.857689560927362038e-01 9.084559574366378731e-01 1.087487244437313816e+00 -9.463351383983131804e-01 -6.168380473887694615e-01
3.603686743375900670e-01 -3.009305459164779428e-01 -2.317221252584032720e-01 9.132446242305175543e-01 1.151584723551138056e+00 -1.062836941898259946e+00 -1.233538941404145051e-01
4.102497638229902349e-02 -6.740960287106844140e-01 -9.533867919974775562e-02 9.109556423253961643e-01 1.126473595070947464e+00 -1.091456220589499315e+00 3.503740598593705347e-01
-1.124851728398277018e-01 -8.747216668361538217e-01 4.607672249272255771e-03 8.832371363140412157e-01 1.097727769239857709e+00 -9.896470663340298790e-01 6.020400247340174094e-01
-6.781661216984774532e-02 -9.204448282974229123e-01 8.542215052397046648e-02 8.134954288144307100e-01 1.130017885565302915e+00 -7.225998401112503355e-01 5.302842176347318803e-01
8.115262863763364476e-02 -8.326541091443518949e-01 1.731007081571458162e-01 7.462208628452284831e-01 1.174129203509326480e+00 -3.059843144882909982e-01 2.316310938197175540e-01
2.060531586479700805e-01 -6.067645230029051762e-01 2.664740346911287361e-01 7.541668721071448367e-01 1.125018016709824487e+00 1.988680472064769389e-01 -1.182712739390107959e-01
2.653894042700056244e-01 -2.487511722056562347e-01 3.393637306275610888e-01 8.735174145306989768e-01 9.469129987039651697e-01 7.325511225094336609e-01 -4.479420864076097408e-01
3.204786163600641946e-01 1.798978902590432916e-01 3.787441124404700710e-01 1.072526463774190253e+00 7.063071309339186143e-01 1.262999633505522024e+00 -8.074725369171857903e-01
4.130307512714207485e-01 5.759691139039668784e-01 4.079274505662494055e-01 1.277611533261234111e+00 4.742266298227397203e-01 1.756597170833861243e+00 -1.204659143827583545e+00
4.606410260004177304e-01 8.462370958155902567e-01 4.699608441438891115e-01 1.413443208569679754e+00 2.311412087580473618e-01 2.139021073242590276e+00 -1.480014194370996128e+00
3.398131775772132990e-01 9.372508595351614069e-01 5.862131710401321527e-01 1.413876945013357256e+00 -7.306914459934608919e-02 2.323237619030204204e+00 -1.439175981861954501e+00
5.095033935091201199e-02 8.261362970722663235e-01 7.403482823946584412e-01 1.215495107659657181e+00 -4.050070013155210313e-01 2.279288894148666866e+00 -1.065575747188040490e+00
-2.599625217666670096e-01 5.156176544596272615e-01 9.065642263699330572e-01 7.852118144030708624e-01 -6.636536124693146466e-01 2.056557123708750989e+00 -5.245030599256302883e-01
-4.391102972729408194e-01 5.008847977208688573e-02 1.077868731217682008e+00 1.719609520923183199e-01 -7.901101121765313762e-01 1.738943025234830353e+00 1.225407083985314595e-02
-4.472422279219764318e-01 -4.938670405768353366e-01 1.261712443793854721e+00 -5.043788634022965400e-01 -8.105796807712607466e-01 1.390424933245303363e+00 5.000843096520330988e-01
-3.527210161131751343e-01 -1.031408682115859454e+00 1.448674859386259950e+00 -1.115442283129014944e+00 -7.686777763408297881e-01 1.048654893535900801e+00 9.616542489985127062e-01
-2.433962733842328641e-01 -1.481457953491258861e+00 1.594331251996625287e+00 -1.566424146744248791e+00 -6.541004798174480106e-01 7.534215525629649468e-01 1.343580622894518184e+00
-1.687205618200040280e-01 -1.791091560497910740e+00 1.649316036123741114e+00 -1.816798881220675010e+00 -4.228207151580836154e-01 5.544374362371056186e-01 1.527215745990186058e+00
-1.611292444304527893e-01 -1.949050780432578733e+00 1.602852352553663984e+00 -1.878111406682240636e+00 -8.824468175992490615e-02 4.771599062825817028e-01 1.485508465780562837e+00
-2.530699278100473348e-01 -1.960683474564766771e+00 1.483964690770128270e+00 -1.789196869185030847e+00 2.345499915088732346e-01 4.885089138478480586e-01 1.341711610782524211e+00
-4.254719748014719749e-01 -1.823559127744684538e+00 1.326889138274090385e+00 -1.596990718986944113e+00 4.063544555221081933e-01 5.214581699400556714e-01 1.233259723547212694e+00
-5.740447903990881784e-01 -1.536157679195706560e+00 1.148698352112373033e+00 -1.344217975944208332e+00 3.748078899071529690e-01 5.396742841307038407e-01 1.162589491733653446e+00
-5.660210950502259086e-01 -1.122355615666347006e+00 9.594774912872585659e-01 -1.057699567269286156e+00 1.902842784876470628e-01 5.549505139827911604e-01 1.023903402871654489e+00
-3.372539020798949738e-01 -6.334573995202933405e-01 7.769358813552597054e-01 -7.415861879954133151e-01 -6.803100269663721333e-02 5.836053785719825804e-01 7.499872042792016247e-01
5.298510083513817415e-02 -1.268976327614735333e-01 6.210359765485060635e-01 -3.833472537266904845e-01 -3.450326763376874717e-01 6.185499833719756424e-01 3.808520692390480189e-01
4.478241946437170884e-01 3.356113758544875258e-01 5.067871276009867643e-01 1.536305053241993242e-02 -5.961604517906147205e-01 6.418351957773286154e-01 2.116313314327139539e-02
7.040132057163159818e-01 6.790970364655352087e-01 4.425980923301830461e-01 4.066757044894223627e-01 -7.520281308895243599e-01 6.453548303478114923e-01 -2.469467566833225824e-01
7.966907310812280096e-01 8.411117905604349465e-01 4.240019509911507889e-01 7.133440819611466255e-01 -7.172385011569000213e-01 6.376101969517986578e-01 -4.404996994342638694e-01
7.794176326068719129e-01 8.063773914019359834e-01 4.376885942505294724e-01 8.867501615215676036e-01 -4.341307167660540256e-01 6.210529170943982491e-01 -6.226270526672147421e-01
6.706158371384961514e-01 5.991882345270996835e-01 4.754404966993539539e-01 9.367933922583124851e-01 5.843091408905960737e-02 5.674753934009237888e-01 -7.709050930409351299e-01
4.534064138492696627e-01 2.508851918304791928e-01 5.317162325139610513e-01 8.953823351744742975e-01 6.589575649540505564e-01 4.361908431507906525e-01 -7.833956821340117838e-01
1.729652190785113675e-01 -2.055806939198308314e-01 5.870705841509470391e-01 7.646674243566617957e-01 1.275697610393841108e+00 2.115022345932685566e-01 -6.110779423479930639e-01
-5.464853339764646351e-02 -7.095878667812978158e-01 6.089201736987989166e-01 5.364811990954910792e-01 1.831082071930887123e+00 -9.104182770766768018e-02 -2.968997258546109963e-01
-1.536176737603847375e-01 -1.150649736899217457e+00 5.654756817543528102e-01 2.708742461374203381e-01 2.225987342675973313e+00 -4.393940769915574140e-01 9.433825330588287150e-02
-1.459693929760737807e-01 -1.384390477003656139e+00 4.259707363913187161e-01 1.047224661498492582e-01 2.360590261527059308e+00 -7.921375340119759523e-01 4.935128386454269434e-01
-9.739887946507663763e-02 -1.303308205687425447e+00 1.665313216372779903e-01 1.458227600913172828e-01 2.192060865882905496e+00 -1.105197434200138273e+00 8.127756762204387808e-01
-4.870704381341901812e-02 -9.043747651586953040e-01 -2.098554636243502580e-01 3.872447674746853363e-01 1.757551033714164435e+00 -1.338594404721014097e+00 9.688920921016878074e-01
1.908887330603450169e-04 -2.792998257973764442e-01 -6.673617781589694653e-01 7.373266474445532292e-01 1.143841748045799855e+00 -1.472313102023676157e+00 9.256196168099164456e-01
4.633507046306632737e-02 4.462104739017075938e-01 -1.148946662012499509e+00 1.097218515133500771e+00 4.292988754803348517e-01 -1.530390133648207529e+00 7.349152802365254145e-01
4.468297227846115133e-02 1.161147319503233799e+00 -1.596214757923247296e+00 1.400931954545839631e+00 -3.370824747563228585e-01 -1.568465135349195627e+00 5.138489503085915677e-01
-5.641193776543759753e-02 1.780479952167248081e+00 -1.966462258021283382e+00 1.608104357006423513e+00 -1.100087732500834248e+00 -1.630651333225283439e+00 3.568316245650289820e-01
-2.381722089844908463e-01 2.225970196728134010e+00 -2.232507413327923018e+00 1.680995717533882106e+00 -1.763065529446817603e+00 -1.721047125316766069e+00 2.709441048254084827e-01
-3.992056361729099390e-01 2.418157778570864558e+00 -2.370553379041927755e+00 1.578754460517004965e+00 -2.211051112214414971e+00 -1.808414068915091599e+00 2.042577432067506082e-01
-4.527040466108400163e-01 2.306736155326315263e+00 -2.355228077474730508e+00 1.281224811722906365e+00 -2.384665924285761740e+00 -1.863826306233856256e+00 1.537551048420637834e-01
-4.114498445726939568e-01 1.902050121167357943e+00 -2.170779833188027030e+00 8.186385442439196858e-01 -2.310463581030766544e+00 -1.887068712075328669e+00 2.009627216989643972e-01
-3.482729479242003268e-01 1.269420548126127368e+00 -1.829558622797445855e+00 2.688317165865996006e-01 -2.040546749321448416e+00 -1.878189052660911074e+00 3.972813551058467785e-01
-3.009128021626520932e-01 5.049225174119233994e-01 -1.376467692544280030e+00 -2.727287540386873488e-01 -1.594898074203801253e+00 -1.796504317500235315e+00 6.554845201160036661e-01
-2.445621914430839983e-01 -2.862932294814439782e-01 -8.638238528346193768e-01 -7.163723557063629288e-01 -9.946392074003143069e-01 -1.582820528595266785e+00 8.183530278912479750e-01
-1.484905185452024545e-01 -1.008647395144572023e+00 -3.238713248820763724e-01 -9.930735965772544693e-01 -3.287638294796940142e-01 -1.228161274969561623e+00 8.266572956258634308e-01
-1.159045020174533092e-02 -1.584841068991114543e+00 2.224562970086619573e-01 -1.070627159908772219e+00 2.636016734138347806e-01 -7.942525373889106621e-01 7.509279713926370059e-01
1.661914848747425288e-01 -1.965049377135972053e+00 7.471146010391368497e-01 -9.671090108803757079e-01 6.827598005678888748e-01 -3.677596693313371912e-01 6.778596592919228225e-01
3.941831307284672237e-01 -2.148049755802486693e+00 1.219906673355014348e+00 -7.479277336148643096e-01 9.248563268633949175e-01 -8.963294827367544390e-03 6.280876742273057145e-01
6.615482399195492524e-01 -2.182782823381511861e+00 1.611724531243885705e+00 -4.875647473120034991e-01 1.071739222008730952e+00 2.721996362242970480e-01 5.487156962343204825e-01
9.122373727725293646e-01 -2.128637026489440753e+00 1.892635434888648494e+00 -2.278502382447889218e-01 1.219256268365039197e+00 4.941819854372633269e-01 3.708959553905104012e-01
1.052089785172485081e+00 -2.005987985261718620e+00 2.043138701232560361e+00 2.265619246465594774e-02 1.387392843520447894e+00 6.529359176941164078e-01 8.996875923913483231e-02
1.001458529705150591e+00 -1.790084023212963560e+00 2.059011582241265348e+00 2.612023877969045782e-01 1.516860099020932662e+00 7.113735659439750503e-01 -2.402723452740598009e-01
7.703562523423889141e-01 -1.459261917292775435e+00 1.942683137322065212e+00 4.528029572504175260e-01 1.557788015091932765e+00 6.456876693992105176e-01 -5.925453797649110621e-01
4.952973470395957145e-01 -1.028733083065419107e+00 1.701507588169604457e+00 5.262903201208884996e-01 1.531899028341394686e+00 4.916733502813807055e-01 -1.032644588714746625e+00
3.502620305450831473e-01 -5.339982801468112772e-01 1.362116930292758932e+00 4.410159066196149280e-01 1.482613100366653391e+00 3.291823748415907414e-01 -1.643988029982632604e+00
3.802623565277930551e-01 -1.693367410741660611e-02 9.816814942681243439e-01 2.362704720925644652e-01 1.387407233011806351e+00 2.155049486374958079e-01 -2.349664604295269132e+00
4.734278328035669836e-01 4.709219162227370470e-01 6.269445330996109567e-01 -1.359691828810619639e-02 1.177784208594335746e+00 1.524736132833190427e-01 -2.913078632152820369e+00
4.914473998904375085e-01 8.765533218784625769e-01 3.337098541652425143e-01 -2.597456928001363741e-01 8.398709306822406129e-01 1.220355723207405402e-01 -3.152506088957164554e+00
3.694200195275672005e-01 1.162446654089815956e+00 8.540624410221911433e-02 -4.692437750061727586e-01 4.560061210460728542e-01 1.349204540571274924e-01 -3.086929269514888663e+00
1.182313125503847567e-01 1.318588542243969819e+00 -1.602037387192497553e-01 -6.004275565221531830e-01 1.361278616513397210e-01 2.149061866317582559e-01 -2.855372632709989755e+00
-2.183087188950562640e-01 1.357491777100437558e+00 -4.162173633556066066e-01 -6.356635982612436342e-01 -8.558830168211804812e-02 3.286889872796024403e-01 -2.529691787089665134e+00
-5.915850188384264019e-01 1.302336771703116902e+00 -6.575832527956957385e-01 -6.144159514234222019e-01 -2.566325109841615104e-01 3.790361263692720861e-01 -2.074333057539062164e+00
-9.404529939145351847e-01 1.187197240512503749e+00 -8.622579284837535996e-01 -6.027930198303738107e-01 -4.123343533225630186e-01 2.936164618051104735e-01 -1.497162855422763172e+00
-1.195353336536663535e+00 1.048149472443774544e+00 -1.026540553123461041e+00 -6.467708227876415306e-01 -5.233934309748380365e-01 9.131689130437267710e-02 -9.374180373623868245e-01
-1.321895032632047995e+00 9.011281517360361093e-01 -1.136380351677906742e+00 -7.516156008491019502e-01 -5.516984652591260252e-01 -1.548478606552010084e-01 -5.389723701880244633e-01
-1.359420029906225791e+00 7.463848033557122230e-01 -1.156393994122622892e+00 -8.787826315896642981e-01 -5.252208431297918922e-01 -3.953734622515091002e-01 -2.933883904833343714e-01
-1.394818601001349689e+00 5.966809733405855631e-01 -1.065246969534916488e+00 -9.692293694117295466e-01 -5.243747083090416483e-01 -6.231449224275772414e-01 -7.478298843825595399e-02
-1.486556847239590917e+00 4.828016631124205094e-01 -8.866647004666652343e-01 -9.778734075177547558e-01 -5.912967741260751753e-01 -8.223936722941753708e-01 1.847639340596576585e-01
-1.625674812859297269e+00 4.277422992236984967e-01 -6.737969270730619353e-01 -8.772831083209086112e-01 -6.770587388894521164e-01 -9.232180485050761609e-01 4.078057273451975440e-01
-1.764239033142917856e+00 4.275228367461482160e-01 -4.684711653485135185e-01 -6.508457421895728068e-01 -7.086847831019236210e-01 -8.430171614427928173e-01 4.906004273035524665e-01
-1.852085046314470240e+00 4.654718806496218053e-01 -2.857023845227979475e-01 -3.082630327754327104e-01 -6.867435892659707886e-01 -5.775606429476678461e-01 4.522019123689760001e-01
-1.833566935281858656e+00 5.324285943828266365e-01 -1.296414464048999404e-01 9.791827139902933852e-02 -6.806736034861076146e-01 -2.246159894043248673e-01 4.114809659624421023e-01
-1.637253719577509870e+00 6.213908884813041933e-01 -3.742871174996208541e-03 4.792888961036664286e-01 -7.537477780849056730e-01 7.585324195069387265e-02 4.755928514924557815e-01
-1.210428465471328652e+00 7.137389445449242587e-01 8.653072283677192000e-02 7.432500139415290086e-01 -9.062615266096092359e-01 2.174730568293101185e-01 6.654964479968296098e-01
-5.833532170537534256e-01 7.839903937706192982e-01 1.190550371659490764e-01 8.431653788008041106e-01 -1.056853816764380838e+00 1.831778393727466481e-01 8.747436286951645323e-01
9.938056695881263003e-02 8.212042141405188067e-01 5.502314238050341755e-02 8.142885805544315403e-01 -1.089355683815823372e+00 5.319811017497987071e-02 9.172434271440556008e-01
6.461471634937185904e-01 8.428037444645013476e-01 -1.180755657357682453e-01 7.534087908862795446e-01 -9.632897262477851941e-01 -6.922884259981837429e-02 6.915571972961837011e-01
9.419823889409832951e-01 8.824509450639490549e-01 -3.525290267984731440e-01 7.594408287791940548e-01 -7.577786316603101202e-01 -1.492123983001950316e-01 2.711263532140449906e-01
9.738243165853718297e-01 9.575932195752187015e-01 -5.641479303898744302e-01 8.848649615937536073e-01 -5.914774214812703601e-01 -2.220984359169107802e-01 -1.712253179685296889e-01
7.594188169234943331e-01 1.047420741555054269e+00 -6.807282966753817055e-01 1.118076238402511358e+00 -5.300968969240870132e-01 -3.250219482152066353e-01 -4.773680132627973194e-01
3.348938883447066250e-01 1.103234077319966255e+00 -6.804239162085798931e-01 1.396143521514299879e+00 -5.366864036011687045e-01 -4.341811439493772906e-01 -6.080818250306707640e-01
-2.027350098928623334e-01 1.080550337660368898e+00 -5.957222133002875175e-01 1.641652070096607741e+00 -4.901076216386081041e-01 -4.649488885869735855e-01 -6.699452818254981734e-01
-7.117515058411463258e-01 9.608585375728392330e-01 -4.671999103243338891e-01 1.793932836616839221e+00 -2.981109018709455771e-01 -3.532505426949903438e-01 -7.720359568890503565e-01
-1.065508625580227742e+00 7.395628596096375240e-01 -3.003431978584431006e-01 1.811409375453678416e+00 2.188978795696536542e-02 -1.219250905752213843e-01 -8.859462593874709579e-01
-1.189574133312284232e+00 4.108892889729823805e-01 -8.068767930455286730e-02 1.665458605252690072e+00 3.855479822599578443e-01 1.514837417853706902e-01 -8.959214917355049490e-01
-1.083962226430137843e+00 -2.168888225188091504e-02 1.837333389398724814e-01 1.345943232024443548e+00 7.225282469081549808e-01 4.108920524991793166e-01 -7.340051337200189652e-01
-8.232565110879630499e-01 -5.322390331238052719e-01 4.514524583279874714e-01 8.885921188991594555e-01 1.022840490245147560e+00 6.661945449907749062e-01 -4.538866399014344077e-01
-4.953827440709950292e-01 -1.060137165810428383e+00 6.764859230119321110e-01 3.982961181060914457e-01 1.311404635419129550e+00 9.668265197979956094e-01 -2.045746036969562087e-01
-1.369757569649348306e-01 -1.509176365747455728e+00 8.394369999165307572e-01 8.458368951907943058e-04 1.568524304195343833e+00 1.324619356379447943e+00 -1.193578931749079419e-01
2.502715385644923574e-01 -1.791782668550560009e+00 9.576036826716677330e-01 -2.507636966037342097e-01 1.705058917714523448e+00 1.675641341775863546e+00 -2.123124691595655866e-01
6.432111083646400163e-01 -1.876445800732491120e+00 1.067279627151362487e+00 -4.099593955630113640e-01 1.633284064341939734e+00 1.920519259899380993e+00 -3.926909579124444605e-01
9.444166406863494512e-01 -1.791957632408244239e+00 1.174412397947853126e+00 -5.798253212940434054e-01 1.370728538157730547e+00 2.008936290631475607e+00 -5.794384789241575628e-01
9.879749074826231769e-01 -1.608941099627069660e+00 1.232318407634453550e+00 -8.285701634389159853e-01 1.059424614573049261e+00 1.987098262353298672e+00 -7.605822315996093597e-01
6.930368071051902223e-01 -1.396737707248578486e+00 1.195045259486773537e+00 -1.153057678938152586e+00 8.312888722064555314e-01 1.928753895161174237e+00 -9.330386034462407885e-01
1.938536051204408084e-01 -1.182986100461988155e+00 1.074880139134513524e+00 -1.504305089951487595e+00 6.734467622300978062e-01 1.830255511972223470e+00 -1.032045093407342184e+00
-2.585699371523740853e-01 -9.663688038551330184e-01 9.257446995554489133e-01 -1.829898890876401785e+00 4.717974118076443957e-01 1.617676186901574331e+00 -9.615952852780342841e-01
-4.729521782739662394e-01 -7.315582301601084581e-01 7.749660794862947011e-01 -2.087726677369662553e+00 1.550098596194501854e-01 1.248244598306000208e+00 -7.239189114874308162e-01
-3.874786584164879866e-01 -4.407879946039662822e-01 5.931560124264330103e-01 -2.233400641644023299e+00 -2.402710021975741628e-01 7.712694434918114794e-01 -4.762173586700501060e-01
-3.727425104699259861e-02 -6.302668459669596990e-02 3.504981164034998153e-01 -2.233815978895233201e+00 -6.344513458545575357e-01 2.767422754388995099e-01 -3.772345062725430687e-01
5.151086365648975818e-01 3.762632091415945013e-01 7.421162129671116103e-02 -2.120607768785122804e+00 -9.893554339115518959e-01 -1.857913040386011683e-01 -4.146729088253782169e-01
1.208002936739852151e+00 7.899018622548664714e-01 -1.739907526150944184e-01 -2.006787984061171759e+00 -1.292971134089130114e+00 -6.077492239010964248e-01 -4.447114828898821592e-01
1.931859928782630575e+00 1.068574520192739019e+00 -3.592390781862160321e-01 -2.002099501916886570e+00 -1.481541038057355708e+00 -9.576151513144131044e-01 -3.649696242526143108e-01
2.490672281171653957e+00 1.137890503748910653e+00 -5.043154059896531871e-01 -2.100230859645192183e+00 -1.430559125342427684e+00 -1.144939941525082494e+00 -2.124801266075327932e-01
2.695923580075926473e+00 1.000947802126682884e+00 -6.532933749706055782e-01 -2.179049973998461454e+00 -1.071976071751925996e+00 -1.090060662379772394e+00 -8.543669610923837476e-02
2.497133452302993106e+00 7.267871334447977283e-01 -8.127734988918364767e-01 -2.110781116594475204e+00 -4.997086266712155167e-01 -8.332843860290483073e-01 5.599159355793125251e-03
1.978533873676211696e+00 4.109735972129863746e-01 -9.599302332050744235e-01 -1.836537904251984932e+00 8.998487354436759955e-02 -5.254859961432767346e-01 1.410641657849318331e-01
1.275359965665880058e+00 1.547692353239148444e-01 -1.092481508237495236e+00 -1.360770566433214368e+00 5.310490933106936096e-01 -3.256413063655406726e-01 3.703936787350153303e-01
5.096512274088934591e-01 2.867411178233918168e-02 -1.236460613123606000e+00 -7.360215438051698200e-01 7.575657207352133327e-01 -3.173147844734339196e-01 6.536975672102874890e-01
-2.180068238193201002e-01 3.269833969148253083e-02 -1.414106625366259529e+00 -3.545735195268672618e-02 8.148735582861431626e-01 -4.587398798364035191e-01 8.698547971207910567e-01
-8.004244409126540782e-01 1.155999243958688583e-01 -1.606318835999495098e+00 6.841418483745466128e-01 7.901756114799115549e-01 -6.268181724444368275e-01 8.995169542686823894e-01
-1.148270625379319565e+00 2.205469460950121863e-01 -1.742056627358043341e+00 1.363538402402612260e+00 6.988470906834967078e-01 -7.531856460135747389e-01 7.811686704493784328e-01
-1.236989482904466087e+00 3.060779082240540072e-01 -1.737972593111038133e+00 1.886926983227137145e+00 4.821181328774639674e-01 -8.798798796090716579e-01 7.143838286186731112e-01
-1.117721812554659966e+00 3.365766233603876834e-01 -1.549603728098541744e+00 2.093139287452630448e+00 1.149403295010760773e-01 -1.078785279254010243e+00 8.855001831892321817e-01
-9.138221072489292052e-01 2.812545748771311249e-01 -1.210712452311524467e+00 1.905927058403480645e+00 -3.126614672618936996e-01 -1.334892169627166725e+00 1.300723427770967389e+00
-7.518949857160898143e-01 1.635134748001597083e-01 -8.402067216995711130e-01 1.452110666921397231e+00 -6.349621828540363833e-01 -1.513461815605524396e+00 1.735504143262911692e+00
-6.727235713668218153e-01 8.367561925322601624e-02 -5.683309081667746732e-01 9.847277350670357032e-01 -7.527795381763991989e-01 -1.474933844827117424e+00 1.901856187807607013e+00
-6.532940372613902369e-01 1.449833252577016063e-01 -4.470415808367674271e-01 6.923858669983669056e-01 -7.084364713083638465e-01 -1.206713484380168344e+00 1.695061702480809895e+00
-6.645251538501741884e-01 3.727939034556370657e-01 -4.426178886284065084e-01 5.998832920865211360e-01 -6.148543397952525025e-01 -8.140233563760835844e-01 1.222678519140904418e+00
-6.842543496210907739e-01 7.042850856104448942e-01 -4.897276958506870392e-01 6.146448658006841148e-01 -5.466283126290326644e-01 -4.067126121564938468e-01 6.392316613970958628e-01
-7.038885862775311475e-01 1.028312119196862051e+00 -5.457996238297733171e-01 6.495032341714673807e-01 -4.828875016292334954e-01 -1.343770252403733321e-03 4.952580346467136928e-03
-7.091854565193645987e-01 1.251917959212785814e+00 -5.976496383045902805e-01 6.949578835991189196e-01 -3.593930444470876395e-01 4.616229500293131394e-01 -6.992176261317674113e-01
-6.545257935936097393e-01 1.342941579378553296e+00 -6.198676894789145742e-01 7.643103089795001415e-01 -1.927311146636289385e-01 9.934340535583385812e-01 -1.417062390430320118e+00
-4.906297522502952035e-01 1.303893625123126787e+00 -5.562855807860027646e-01 7.935942900888376395e-01 -1.078527678740054674e-01 1.482916427924927616e+00 -1.926391780018056776e+00
-2.259911479647319088e-01 1.129961937698843233e+00 -3.592986123588681191e-01 6.457799300973077194e-01 -2.242380776292691169e-01 1.770291913939293860e+00 -1.963711825818172496e+00
1.321687382942997660e-02 8.221696419133566192e-01 -5.452021584646986330e-02 2.618800334646297356e-01 -5.143059819818384115e-01 1.807558801883229815e+00 -1.479286462652637857e+00
1.328855867603759289e-02 4.311874649025010386e-01 2.426463304654853936e-01 -2.095309309343428850e-01 -7.763618884139363852e-01 1.744176912222776599e+00 -7.657349110663745906e-01
-3.434826492031937129e-01 5.159405454052454904e-02 4.198518485762849362e-01 -5.071948990413246428e-01 -8.079488468697966219e-01 1.791709793607075829e+00 -2.362345081092192545e-01
-9.320088636339359800e-01 -2.379774083502622095e-01 4.683826107974866648e-01 -4.865039649523168475e-01 -5.973875328878398561e-01 2.007242024975891326e+00 -7.264804351567380469e-02
-1.459838408840703039e+00 -4.146086220440752812e-01 4.639553324266941225e-01 -2.259593696166050381e-01 -2.993872208672492263e-01 2.260419967127204277e+00 -1.574009680738003569e-01
-1.664620726547085594e+00 -5.003479442645764053e-01 4.852422052287049259e-01 5.750017783061210641e-02 -7.986909350471689539e-02 2.361640291366031263e+00 -2.609392714088898946e-01
-1.478153659637287065e+00 -5.398994353760816489e-01 5.539128366261406589e-01 1.815606473389420605e-01 1.888804482234533386e-02 2.210727549393720182e+00 -2.477705192890318209e-01
-1.032523340147256441e+00 -5.797040009451172038e-01 6.205812190595896283e-01 1.336397740398682088e-01 1.220685840406924155e-01 1.883429028265140470e+00 -1.932972072482591896e-01
-4.775013041237319844e-01 -6.362384253323385419e-01 6.226369504637447871e-01 5.229960740854048412e-02 3.851244256028496515e-01 1.553027275814180985e+00 -2.991106931224000731e-01
1.578935299505124512e-01 -6.934001110526362144e-01 5.612850518437448866e-01 6.873733576398073641e-02 7.995059738205241295e-01 1.306268536417618753e+00 -6.431732508414844673e-01
9.131927632090925950e-01 -7.371614087347752031e-01 5.036632877366409300e-01 1.799993108889313409e-01 1.190378209672487309e+00 1.075361751491277218e+00 -1.064121258958495408e+00
1.771054263775308835e+00 -7.737340402774175452e-01 5.231865042670884591e-01 2.645468612156883226e-01 1.369710991056750204e+00 7.348885336712309702e-01 -1.289045004414197892e+00
2.549186023216163832e+00 -8.276069393701167565e-01 6.398899225255748613e-01 1.986015178159017125e-01 1.272449670582184833e+00 2.320050450880341286e-01 -1.117962948615051744e+00
2.929973008697438708e+00 -9.190100727141259362e-01 7.877998244395688632e-01 -1.742404953801940035e-02 1.011958377610348681e+00 -3.351791188404508737e-01 -5.761883904035736137e-01
2.681873339672566914e+00 -1.005644549221444972e+00 8.436472166764510394e-01 -2.213572445131783140e-01 7.938234635706686859e-01 -7.430696741959856855e-01 4.348635151406991806e-02
1.822695327100045226e+00 -9.750959216173689104e-01 7.185762444380363601e-01 -2.015874099510859829e-01 7.324302805670386274e-01 -8.043140852310742828e-01 3.972300612436028278e-01
5.844796634814607428e-01 -7.397523428240452281e-01 4.274096144316681944e-01 1.342976797179029624e-01 7.786714715922022911e-01 -5.233681504761905634e-01 3.666040858830497684e-01
-6.801239037560301570e-01 -3.154830579806369162e-01 7.755074989644719641e-02 6.948900419430966702e-01 7.975603833751362393e-01 -8.219485400980372503e-02 8.420067127394810502e-02
-1.607986204809217945e+00 1.904466676605623410e-01 -1.905733053144066935e-01 1.259680332813730042e+00 6.581244414990925495e-01 2.763988792276544371e-01 -2.034727689249640759e-01
-1.996780895026478264e+00 6.255195186920895489e-01 -2.841594990116697583e-01 1.601127058397432412e+00 3.179789645625220040e-01 3.731701384047610981e-01 -2.784518221358694978e-01
-1.920114364086786818e+00 8.484979064255826486e-01 -2.185697787352343380e-01 1.627230406097720961e+00 -1.145224645143054221e-01 2.008209021363965285e-01 -7.498348577203065024e-02
-1.612013682622929434e+00 8.071328201660045165e-01 -8.437840791410232411e-02 1.431399438278211811e+00 -4.609364158915168486e-01 -8.624944491695377136e-02 3.004246317808527134e-01
-1.213712212867086970e+00 5.636860928795645043e-01 5.812128024986754071e-02 1.191265343799162491e+00 -6.344265428346674840e-01 -3.269218579694214699e-01 6.854270065398143652e-01
-6.991636008853480133e-01 2.176399701840086576e-01 2.264149919105646613e-01 1.011668973418236250e+00 -6.752552112030260067e-01 -4.703066620284139798e-01 9.892654939442848683e-01
-8.122852103402848634e-02 -1.634382564254285852e-01 4.360481307644415438e-01 8.772763769054022776e-01 -6.402510630386816226e-01 -5.157484963134392197e-01 1.186050775494035259e+00
4.257168139899746295e-01 -5.298488837689401265e-01 6.277838598050894392e-01 7.471039280239852864e-01 -5.205715583069352448e-01 -4.207765027078313458e-01 1.236298844063597357e+00
5.729287203828834496e-01 -8.346221000808246027e-01 7.441202168762115488e-01 6.202330004156706433e-01 -3.166642841362102834e-01 -1.643510919593366704e-01 1.136834291892113047e+00
3.262831136509449226e-01 -1.054320856509246118e+00 8.245000431397391250e-01 4.968521270097822073e-01 -1.311453072386788987e-01 1.625550327328864619e-01 1.008272689636683594e+00
-1.421569346398565414e-01 -1.198593345568849111e+00 9.513052300180672161e-01 3.433285062414754285e-01 -8.617093399602882009e-02 4.228369448904495398e-01 1.002198308863077036e+00
-6.456399356985024207e-01 -1.291366314406057425e+00 1.138962608221645301e+00 1.315397764436320727e-01 -1.851903764877611547e-01 5.613144943801572362e-01 1.139775911104785822e+00
-1.101165691765890520e+00 -1.335155505487904959e+00 1.319198213184124890e+00 -9.130720311074165541e-02 -3.197109103229967553e-01 6.312937381092875722e-01 1.286042452412730297e+00
-1.471593256751646317e+00 -1.305932345066039613e+00 1.419813294367130219e+00 -2.263176917575452363e-01 -4.026037781927769288e-01 6.960385766203064373e-01 1.302744165321094716e+00
-1.676916889634560981e+00 -1.194505177453072164e+00 1.427992948420481856e+00 -2.438730840987659576e-01 -4.620134295077203967e-01 7.261345008033539550e-01 1.222171408542509718e+00
-1.641001423673513315e+00 -1.036248866051515671e+00 1.375036444217890841e+00 -2.173029588696618608e-01 -5.783541147818196393e-01 6.301078972783009657e-01 1.205772082256352684e+00
-1.403880131542135423e+00 -9.051671208401704805e-01 1.280452698821040070e+00 -2.147320138490869945e-01 -7.459117661879678396e-01 3.825576313487460411e-01 1.346434127035867956e+00
-1.104429713812263625e+00 -8.652745269376629356e-01 1.120628620201436831e+00 -2.145483713400817283e-01 -8.535117308394799540e-01 6.928890217801657314e-02 1.578187024342606160e+00
-8.408747504944124040e-01 -9.086168630291030501e-01 8.671198136615627661e-01 -1.516956419572076109e-01 -8.285013728850105785e-01 -2.212856784356992124e-01 1.788267669885766464e+00
-6.212643586849958544e-01 -9.684171124234844941e-01 5.511560785132176843e-01 -1.517773574853831589e-02 -7.352301043971463113e-01 -4.936043380704656647e-01 1.961635662037578332e+00
-4.520176781439790847e-01 -9.957266055874808286e-01 2.614571429069078023e-01 1.222748228215240623e-01 -6.880108620515039686e-01 -7.972390811100573682e-01 2.168596089984380360e+00
-4.170641797000537720e-01 -9.983555524044974705e-01 7.016503648240442204e-02 1.799896254111613136e-01 -6.996840061239993913e-01 -1.108041049979343828e+00 2.417391713118240304e+00
-6.124920723119415822e-01 -1.002329326451671276e+00 -2.944540450951925459e-02 1.712023117711937437e-01 -6.380989389332765160e-01 -1.281948086594175029e+00 2.539861113706793461e+00
-9.865127339403333417e-01 -1.004826932964053787e+00 -8.550479060953390664e-02 1.823179987662621182e-01 -3.713600917146309688e-01 -1.183589815800083933e+00 2.320019895616620254e+00
-1.313982456802057497e+00 -9.879517251205514050e-01 -1.013386816630951620e-01 2.482253547516342640e-01 6.198483617477679175e-02 -8.532905501197824982e-01 1.752711302125112836e+00
-1.336072172750550235e+00 -9.518485728877128516e-01 -2.552834636437363927e-02 2.990818246692103499e-01 4.867830478248164616e-01 -4.876751551634656567e-01 1.061099562026789123e+00
-9.080945680799934472e-01 -9.222298814960990798e-01 1.930690407380074580e-01 2.207727649549162119e-01 7.383810536934717339e-01 -2.915609092350857634e-01 5.149920590518765051e-01
-1.117579912140758275e-01 -9.375589774107421226e-01 5.419181497310826545e-01 -5.207878436787939658e-02 7.513129427097932078e-01 -3.596893183118413662e-01 2.951045664151524806e-01
7.241987627754293833e-01 -1.008743463690214837e+00 8.980393475321885033e-01 -4.752907902821097985e-01 5.896551494100950030e-01 -6.216263026827075766e-01 4.010665270175212127e-01
1.195484090960565737e+00 -1.077593463295845044e+00 1.063994709268037298e+00 -8.959108764133080216e-01 4.139021597987433410e-01 -8.758686605556634808e-01 6.281700556993924378e-01
1.112290074365249071e+00 -1.027430568023532276e+00 8.959735074722406933e-01 -1.115332956963296596e+00 3.418477074155482631e-01 -9.430667421077870705e-01 7.245788161968491625e-01
6.522425879927842285e-01 -7.567700276830970907e-01 4.036615961477348913e-01 -1.004112326688678225e+00 3.341748828846438091e-01 -8.181478332734278824e-01 5.974723245310585851e-01
1.921460101546388632e-01 -2.652301796830948133e-01 -2.696337383400924104e-01 -5.890723262433965601e-01 2.707480751619844028e-01 -6.447067944578639409e-01 3.408533480637714885e-01
-4.154698366439864982e-02 3.352804461792480706e-01 -9.561623684820134139e-01 -1.254248643568600663e-02 1.125151859970776741e-01 -5.536887602885711690e-01 1.096936388599661638e-01
-1.251456428479627847e-01 9.031204804864575442e-01 -1.570439861686788507e+00 5.905420073679970017e-01 -4.119843980159439839e-02 -5.600032265782787233e-01 -2.624991463132145264e-02
-2.262216951406182119e-01 1.365054520930418569e+00 -2.111711859142895609e+00 1.158288057331087639e+00 -7.436776299186299843e-02 -6.195889209163762956e-01 -1.111337783010706015e-01
-3.451962749942550368e-01 1.739878837494863051e+00 -2.580239509048287694e+00 1.663883212599869266e+00 -2.047545151022357734e-02 -7.438187934292316283e-01 -1.810943535507520408e-01
-3.394023320371419850e-01 2.072748826985165937e+00 -2.940395399466115389e+00 2.055399923122956718e+00 -2.586711407781060873e-02 -9.986078986951961722e-01 -1.971394443307031841e-01
-1.286543342486348718e-01 2.360723565969069959e+00 -3.164359706937782235e+00 2.263199818791872264e+00 -1.636739611055314791e-01 -1.408096157711153262e+00 -1.208376058075135567e-01
1.904952679348317357e-01 2.546404022026359737e+00 -3.271315717012904578e+00 2.269948473863205418e+00 -3.500861588511336442e-01 -1.896315579083770464e+00 6.806018097477294949e-03
4.532263820064347248e-01 2.584559263914340654e+00 -3.301994400761822046e+00 2.146130911205607728e+00 -4.483298634573971708e-01 -2.326763172321455908e+00 7.732218594662816635e-02
6.015078951079704250e-01 2.503172962292097292e+00 -3.267719594374794756e+00 1.985123934802916157e+00 -4.301352998595634469e-01 -2.601244148311748106e+00 1.265242066492536406e-02
6.773250772064657310e-01 2.376267397189055774e+00 -3.147404512254674103e+00 1.807562112546466038e+00 -3.978318028521171668e-01 -2.709778976525029304e+00 -1.481773410519385825e-01
7.008755773356389884e-01 2.247598030134680513e+00 -2.923556179565803603e+00 1.551447679869881746e+00 -4.541526772490768193e-01 -2.688557302032262619e+00 -2.875933597600781044e-01
6.365822200779551743e-01 2.099516725753338697e+00 -2.607306201634212783e+00 1.177545094598568154e+00 -5.751986247326518198e-01 -2.549376700651200256e+00 -3.502687728081018137e-01
4.546078719515596056e-01 1.900466489022966554e+00 -2.236105792287969685e+00 7.677812086462512120e-01 -6.371737773470272925e-01 -2.266080069845862965e+00 -4.085864861622106048e-01
1.978983842829568629e-01 1.671083500187802828e+00 -1.845336776001053058e+00 4.615831310333871063e-01 -5.920870936940274554e-01 -1.853899973237190579e+00 -5.405247199451123086e-01
-3.126475749707778584e-02 1.482237383542826192e+00 -1.448453656847341620e+00 3.044330634691423398e-01 -5.592853993386701639e-01 -1.432254815888761801e+00 -6.897706015118714173e-01
-1.617309810584904584e-01 1.391719784145871053e+00 -1.052240848047448329e+00 2.161171069955306334e-01 -6.954705656846770223e-01 -1.152704247042469765e+00 -7.171675562604369336e-01
-2.041177702866041055e-01 1.393294632780765818e+00 -6.796855798916925373e-01 1.031345732329677772e-01 -1.006697986946545109e+00 -1.068122935754054481e+00 -5.799917932209173177e-01
-2.055492640708159735e-01 1.431388708717733049e+00 -3.692073594170386941e-01 -4.048310933928678940e-02 -1.325869376519108966e+00 -1.097836906796566758e+00 -4.036741026259199061e-01
-1.574396939725260514e-01 1.455072980018107254e+00 -1.321749704252037916e-01 -1.519035967541511323e-01 -1.494134139900757052e+00 -1.134995378465600169e+00 -3.357274694438255880e-01
5.829397230742221388e-03 1.424619690853452303e+00 8.548017845155131411e-02 -1.769944226056891501e-01 -1.506551746692140759e+00 -1.153979572991463032e+00 -3.665459479919418451e-01
2.580304279333649475e-01 1.277520933658086388e+00 3.551650785635630525e-01 -1.022794218214241185e-01 -1.430536455200339674e+00 -1.169168800540815401e+00 -3.463788994378643737e-01
4.236413576193702735e-01 9.425095191922707727e-01 6.818397008958123617e-01 5.669665480419907450e-02 -1.268836117289775745e+00 -1.146602544406515989e+00 -1.500614115566635265e-01
3.621507346999582877e-01 4.028094299577799076e-01 1.002598740984087966e+00 2.740953571678880207e-01 -9.631805885829298752e-01 -1.023475859222583439e+00 2.116962266233472778e-01
1.279137349078555419e-01 -2.666743020061371761e-01 1.254895274936111527e+00 5.314384561178638888e-01 -4.972730424953167860e-01 -7.832479422319322815e-01 6.286579528554342433e-01
-1.176751799965831263e-01 -9.283364095940827010e-01 1.409858623080980422e+00 8.045874168986837383e-01 4.292938916908151797e-02 -4.664410776818064819e-01 9.940227598861275382e-01
-2.985216268326349454e-01 -1.441926043823133385e+00 1.428996988614557040e+00 1.045051009517384610e+00 5.487420839458209132e-01 -1.100001438991064229e-01 1.221790370759496591e+00
-4.559357858704958799e-01 -1.704141225642841873e+00 1.234750234962036286e+00 1.214037483405198792e+00 9.964621920109394404e-01 2.842997246448005777e-01 1.201927329461686789e+00
-6.007270186421909131e-01 -1.663360651163385162e+00 7.814610442607613505e-01 1.306342971216670534e+00 1.387790626880491374e+00 6.840471457889980567e-01 8.714542096593257403e-01
-6.577891265603161841e-01 -1.322542269352983801e+00 1.296456764019969787e-01 1.316507718690042683e+00 1.629012753624825782e+00 9.745164069412437513e-01 3.388608433073277970e-01
-5.897361787894122021e-01 -7.420995156690017858e-01 -5.915939015131816969e-01 1.211922974081821813e+00 1.589237121607938841e+00 1.029719306237179000e+00 -1.666093883652358665e-01
-4.626454289567556999e-01 -4.160149893195793508e-02 -1.273729406711910483e+00 9.531203630436185792e-01 1.269884784061689587e+00 8.098988273664201598e-01 -4.850248312974910769e-01
-3.665975522334883885e-01 6.344110249157771664e-01 -1.863253614141451520e+00 5.543163220497365762e-01 8.358329318643875627e-01 3.746633943551838097e-01 -6.303041633877723982e-01
-3.264201538199940078e-01 1.182926806872452552e+00 -2.325199851074430502e+00 1.098568676306638930e-01 4.490154422890971775e-01 -1.776216249893753651e-01 -6.998900075293694734e-01
-2.866503195492559608e-01 1.569593692266008755e+00 -2.608538864000869317e+00 -2.821853511207587095e-01 1.314118263237673001e-01 -7.689079149686982584e-01 -7.363950101932958958e-01
-1.611905271533374540e-01 1.791531267754539414e+00 -2.670062412393030105e+00 -6.027590799516805431e-01 -1.615244548072322095e-01 -1.336534339564000584e+00 -7.428938864926230012e-01
6.915039622315677370e-02 1.839714458262655450e+00 -2.523551477200085102e+00 -8.739250412805379398e-01 -4.048302377185984402e-01 -1.787326705155304563e+00 -7.712446082956340154e-01
2.954543438442492898e-01 1.707691639363493108e+00 -2.244387001169426910e+00 -1.063829584262733885e+00 -5.111445322793390922e-01 -2.000348382856314888e+00 -8.925283936013053143e-01
3.800658924181306020e-01 1.420268355437924512e+00 -1.904566613336735381e+00 -1.094198541543862424e+00 -4.616569979832995108e-01 -1.915520889663099302e+00 -1.081541444592492240e+00
3.136139260624257741e-01 1.037710099350416248e+00 -1.518375177035796275e+00 -9.393671766136741930e-01 -3.668932339780845986e-01 -1.600334106800580969e+00 -1.198119947536815388e+00
2.480845132630680738e-01 6.364393671236895367e-01 -1.067177097709565148e+00 -6.764770251943041934e-01 -3.662323305766375103e-01 -1.205757432235443405e+00 -1.116743641218660210e+00
3.980541302563499473e-01 2.916815208814614313e-01 -5.517661900744463832e-01 -4.447296674753703494e-01 -5.107787081402707097e-01 -8.724512648250416502e-01 -8.489828549706145422e-01
8.536130228078918636e-01 5.292428718364763224e-02 -1.970856467996361105e-02 -3.501290021046103429e-01 -7.234203906614669055e-01 -6.439075308540210818e-01 -5.424408771393511852e-01
1.482951727542584530e+00 -7.883499539505084419e-02 4.481778971213748464e-01 -3.828990598693160496e-01 -8.317438308741926800e-01 -4.392104914897383972e-01 -3.947616213429545606e-01
2.084610176481042743e+00 -1.220047773188566304e-01 7.947133160606059121e-01 -4.392593436348786184e-01 -7.108019137249735886e-01 -1.566679411265285427e-01 -5.290573269494733832e-01
2.557875378496288654e+00 -7.613627929557126306e-02 1.031087984855010298e+00 -4.283400456204803919e-01 -4.163165109584877066e-01 1.987736884136279414e-01 -8.871353893649246425e-01
2.891087263007710906e+00 4.707197023913978901e-02 1.224093957487834450e+00 -3.554201937569689829e-01 -1.311349983946634989e-01 5.212890347372204358e-01 -1.246067557360345024e+00
3.095563808286073471e+00 1.856006600015697450e-01 1.444513103126262354e+00 -3.231517533891903882e-01 -1.092454135096350420e-02 7.015257501029708020e-01 -1.366638009592484604e+00
3.148173327968597945e+00 2.591331638893380473e-01 1.701169587367667102e+00 -4.384056402203582170e-01 -7.745773457018835517e-02 7.230318069967363037e-01 -1.162686599517523955e+00
2.967954091978835418e+00 2.314410065281037598e-01 1.914216847682208567e+00 -6.963387288710443102e-01 -2.113897289865051266e-01 6.847982059232478047e-01 -7.590263879839180827e-01
2.509879869529323404e+00 1.327611195282009382e-01 1.986870407365085800e+00 -9.836756440000812285e-01 -2.798860614452613471e-01 6.959541617551452397e-01 -3.664583491534232351e-01
1.864443530063918386e+00 1.281109146214184924e-02 1.901712222998729551e+00 -1.200860141649022106e+00 -2.697464090567239792e-01 7.661865909663893026e-01 -9.284901444218425504e-02
1.205094554480538482e+00 -1.242994536661484184e-01 1.724138676144298277e+00 -1.350119022007419956e+00 -2.648492534036960278e-01 8.253074017726395040e-01 1.234860291351633638e-01
6.664482799442453809e-01 -3.204318030495219571e-01 1.533563868149449005e+00 -1.497089706169243861e+00 -3.339262036022410118e-01 8.100070564159193021e-01 4.084091784247847468e-01
2.990937513297141082e-01 -6.100966997379803081e-01 1.366982707814311748e+00 -1.658791130992574026e+00 -4.427229186327918953e-01 7.303247068761079541e-01 7.658328861167950086e-01
9.876590231800781716e-02 -9.809171796256617171e-01 1.219375565422610608e+00 -1.760164697442281101e+00 -4.737165939608542486e-01 6.661690198574901078e-01 1.041896379589534849e+00
5.467234216445995831e-02 -1.375379999398270048e+00 1.092288918762185368e+00 -1.725699165472963426e+00 -3.693012280156303673e-01 6.746368596339102908e-01 1.119963806790599925e+00
1.672857843729122218e-01 -1.723309936465085013e+00 1.020114694545934286e+00 -1.585236388908660032e+00 -2.123557123462283813e-01 7.183274832120972730e-01 1.065281404421937861e+00
4.064119868138282854e-01 -1.969034631203260277e+00 1.030123440563572190e+00 -1.448847592715043486e+00 -1.177222539185489997e-01 7.180536038355299633e-01 1.010259043742380847e+00
6.613447015492653902e-01 -2.080720088613293051e+00 1.094188152837788364e+00 -1.385878651830489083e+00 -8.563478459775658580e-02 6.591202368402671041e-01 9.621639616956121355e-01
7.779683564123944794e-01 -2.064486766924813921e+00 1.150690922932606330e+00 -1.372060589122600094e+00 -1.196231680721519287e-02 6.081911873245607891e-01 8.138924139774226241e-01
6.883766290993655890e-01 -1.963599277380015939e+00 1.177327072801269470e+00 -1.355707737337402019e+00 1.584099529617940261e-01 6.068637928653389801e-01 5.274017060006193081e-01
4.622087539297131120e-01 -1.820334843665787794e+00 1.204746204882158223e+00 -1.322914133748031906e+00 3.445092850513948313e-01 5.956985787981299296e-01 2.166229822339409972e-01
2.022063606664568913e-01 -1.649030438944096622e+00 1.248040772331716619e+00 -1.286867380837539487e+00 4.262145873707294252e-01 4.887036435991497507e-01 3.085258812439513332e-02
-4.233095803517636369e-02 -1.449858629680345290e+00 1.266650620201220212e+00 -1.240301120395752132e+00 3.897850000863652964e-01 2.872725044246843273e-01 -8.772364614312081615e-03
-2.677624999846603959e-01 -1.222533961445385842e+00 1.206231471576462377e+00 -1.130529427823640853e+00 3.324523259083884130e-01 8.734917628255210731e-02 -2.129727877802370731e-02
-4.837028209200076589e-01 -9.633010867370672692e-01 1.058611772682800822e+00 -9.031417742583609520e-01 3.179011993882228104e-01 -1.924477754061892920e-02 -9.816637151340422418e-02
-6.695937839487040577e-01 -6.777986770903051683e-01 8.707261106730334044e-01 -5.855254853424939343e-01 2.922731748465017265e-01 -2.143170232017053284e-02 -1.893375934234094171e-01
-7.668283727730184074e-01 -4.033767573430049325e-01 7.008498929451673076e-01 -2.961394775423092929e-01 1.841467427354742392e-01 4.867163080299771738e-02 -1.993454004614488573e-01
-7.617694326143694683e-01 -1.954530389754332576e-01 5.641222269317910376e-01 -1.313458485627574945e-01 4.094451444759961839e-02 1.992531705507590845e-01 -1.459294088835180747e-01
-7.426118300425652574e-01 -8.236602426214890971e-02 4.190072430184672569e-01 -6.102022462218365667e-02 2.566665459139609237e-02 4.897948712240794422e-01 -1.803262555707670078e-01
-8.110860020145760352e-01 -3.493755425765751599e-02 2.201719889759461701e-01 2.969895191516454952e-02 2.573496120871692772e-01 9.450442348858671959e-01 -4.438208396178816018e-01
-9.721821083504729177e-01 1.501262798713023060e-02 -2.513967389552843740e-02 2.186584523691759152e-01 6.757305218286627779e-01 1.485586128499249758e+00 -9.271886337412446055e-01
-1.139551636396923140e+00 1.222139945261675326e-01 -2.632734958898032551e-01 4.844127141422118199e-01 1.086395807053496920e+00 1.964534423441288924e+00 -1.476150580397795453e+00
-1.182444573733451909e+00 2.973108556753620291e-01 -4.294124440951769817e-01 7.193340028986808798e-01 1.282446972990512135e+00 2.237490466967565261e+00 -1.887450793714778641e+00
-9.554042932580255609e-01 5.130336211690635917e-01 -4.765249306363297244e-01 7.712380560415320607e-01 1.127834410930777187e+00 2.208125272689794638e+00 -1.997947283708092048e+00
-3.847606008596001215e-01 7.222030764267287628e-01 -4.070411172225049112e-01 5.279955830001625827e-01 6.282374276358202447e-01 1.876455948984511624e+00 -1.765391441507993875e+00
4.236480704994879942e-01 8.784521653506879302e-01 -2.913487073289957041e-01 2.991098180485690303e-02 -3.118538587644596391e-02 1.372010390252952794e+00 -1.329943457122212402e+00
1.210811498006131748e+00 9.582175772865346719e-01 -2.371302123273638929e-01 -5.210126405788597648e-01 -5.752317317066908409e-01 9.025701320413327400e-01 -9.435003589192838547e-01
1.729950072401632788e+00 9.674063377080061032e-01 -3.156429170875791335e-01 -8.988292940582204293e-01 -8.320713926855246578e-01 6.026495780563349003e-01 -7.507578642274487235e-01
1.863640570217893755e+00 9.247272793912333366e-01 -5.248988363410095337e-01 -9.962774586712928038e-01 -8.170378017718398223e-01 4.314419418749034785e-01 -6.752028837778327741e-01
1.603433264314723106e+00 8.418345694735264173e-01 -8.294242920113572559e-01 -8.560010280577911024e-01 -6.109657383856862412e-01 2.709853576938612285e-01 -5.768278499679937443e-01
1.033708906896978696e+00 7.176980168963350559e-01 -1.185144459968625830e+00 -6.025405338298649438e-01 -2.411420939664055130e-01 8.206863039539037674e-02 -4.484589381922352014e-01
3.351750298956978069e-01 5.411711111997575818e-01 -1.504797053660001938e+00 -3.445503249241608779e-01 2.719441230510859508e-01 -9.739506614245971305e-02 -3.599319528669299162e-01
-3.122966189658964442e-01 2.938772571158083102e-01 -1.659133574859243510e+00 -1.240050840845787344e-01 8.385006812607218585e-01 -2.345692651800912465e-01 -2.914593171073648348e-01
-8.180355201454480030e-01 -3.677658140758190142e-02 -1.558150005658228698e+00 5.764746271865572175e-02 1.352916639707297808e+00 -3.089974708640208512e-01 -1.769096802998121332e-01
-1.149446951223842328e+00 -4.309441477666020592e-01 -1.224163703594560060e+00 1.969384150914854914e-01 1.779120855151317793e+00 -2.852750457678727147e-01 -4.929012626237907341e-02
-1.273902761025363706e+00 -8.146528052104267115e-01 -7.714067538583558870e-01 2.948718184808973852e-01 2.115827258263347499e+00 -1.281169484659912816e-01 -2.254978666594798301e-02
-1.156714841974709307e+00 -1.078056779013323085e+00 -3.182931250663411649e-01 3.736421249001438682e-01 2.309219877111633679e+00 1.631523086295955383e-01 -1.587696763835171887e-01
-8.042544182796576013e-01 -1.138658201375597034e+00 7.071946264477466104e-02 4.546409099427333178e-01 2.267494568106907860e+00 5.408777809640388234e-01 -4.031978776151770028e-01
-2.943292814261272428e-01 -9.909090485161650141e-01 3.752988714265200754e-01 5.305544905408767775e-01 1.961683796299054761e+00 9.184568681442074611e-01 -6.506772125571325116e-01
2.259636649353105320e-01 -7.025709938616206962e-01 5.901678275366917248e-01 5.733239523451320041e-01 1.477530256500576566e+00 1.199813710322322313e+00 -8.405696163044428237e-01
5.981468822226847504e-01 -3.724641282234829043e-01 7.238903053183673997e-01 5.673636783694818719e-01 9.512917948577828131e-01 1.311272989601573347e+00 -9.588947783275226788e-01
7.480728632227727770e-01 -8.151729436953920882e-02 8.095487638044507328e-01 5.203772313363771440e-01 4.577982331039093800e-01 1.213189215748244898e+00 -9.675314767325303711e-01
7.179806823490515466e-01 1.289168999598186982e-01 8.857955939945468815e-01 4.382540808498114893e-01 -6.338363288704102043e-06 9.119856321101321717e-01 -8.052737618533258868e-01
6.083564555555849296e-01 2.406899052078029788e-01 9.625709339180841262e-01 3.130749203430473471e-01 -3.855051284443380966e-01 4.787424634998572182e-01 -4.954221917613451653e-01
4.810570000231403909e-01 2.343355492175994148e-01 1.017514424100054660e+00 1.563032628562410764e-01 -5.878196613676339721e-01 3.785569439473250586e-02 -1.706771903746691355e-01
3.359700764136595019e-01 1.065001057348169688e-01 1.027608995689356597e+00 2.876013817470607706e-02 -5.299205522449682570e-01 -2.940195692910708702e-01 4.009462604000997576e-02
1.663990192299494575e-01 -9.475072071589595024e-02 9.972810266973544113e-01 1.403902580683624897e-02 -2.708859916702969772e-01 -4.705324399740927754e-01 1.056023724734560659e-01
-2.905677839484713601e-02 -2.931255289106048934e-01 9.516488084857087637e-01 1.563827313932977803e-01 3.630477442479244921e-02 -5.104382170492380855e-01 9.314569712266873580e-02
-2.461522854084852441e-01 -4.445404406523966179e-01 9.127275571311480595e-01 4.153474228881127162e-01 2.644148042907024654e-01 -4.456124722072389299e-01 9.816225487149281281e-02
-4.714830973699772332e-01 -5.587309711164756276e-01 8.808539173529690292e-01 6.863803615977775996e-01 3.948106687122416303e-01 -2.758846640328483923e-01 1.461217589521143778e-01
-7.303851238095314669e-01 -6.713610726570546916e-01 8.306233441207334645e-01 8.862464923043495979e-01 5.089227001434755149e-01 3.593143845488334237e-02 1.701147565969143294e-01
-1.081035325195005559e+00 -8.028352017714489586e-01 7.412522537212968832e-01 1.004785580067541817e+00 6.718987628592301142e-01 4.965799801799272717e-01 1.173270440858323049e-01
-1.525947667962472609e+00 -9.434177044156666359e-01 6.298248117264440005e-01 1.064020927697195029e+00 8.376640572220503955e-01 1.016777072685170591e+00 4.503134591719948343e-02
-1.980755426016474585e+00 -1.077952455314343361e+00 5.383680557560076574e-01 1.060531266172879850e+00 8.993298031448123675e-01 1.446625263594529365e+00 8.729594397716125553e-02
-2.306406845064865596e+00 -1.208795945325729759e+00 4.982612722675822114e-01 9.587979474725167872e-01 7.907245680910885977e-01 1.663933325678393915e+00 3.440403287048993675e-01
-2.350033094837451486e+00 -1.337926911514524475e+00 5.032454381236263208e-01 7.287707968159895522e-01 5.420079381079181413e-01 1.640967485888986666e+00 7.617184359920390335e-01
-2.024439565452462286e+00 -1.431168683069170555e+00 5.070146574664807781e-01 3.971421822336936303e-01 2.630754802216302979e-01 1.449532277051231111e+00 1.124058668502944114e+00
-1.364500844304695315e+00 -1.420196811288409577e+00 4.680786162059443756e-01 4.738111247890528649e-02 4.208840432580840396e-02 1.178257395863126167e+00 1.231042648469314438e+00
-4.848474129150427969e-01 -1.260009465730201672e+00 3.978329772433694123e-01 -2.454453453077862501e-01 -1.215621547797855195e-01 8.564582645237032166e-01 1.066097675867509365e+00
4.853629147224822193e-01 -9.797924437373055628e-01 3.425879957475778115e-01 -4.618635468912364872e-01 -2.606238938083437762e-01 4.811169929316891358e-01 7.535828945195592876e-01
1.399998318880823822e+00 -6.694665999605573514e-01 3.237641620017599475e-01 -6.192420688371390591e-01 -3.511855333630872766e-01 9.221981415983825092e-02 4.071225704365715736e-01
2.064747410079035284e+00 -4.251397369327045150e-01 3.154618015044097779e-01 -7.172509854997664025e-01 -2.973548212007828262e-01 -2.019998308875654847e-01 5.315108971862921722e-02
2.292811417308032063e+00 -3.021581906622651248e-01 2.865324031808726968e-01 -7.212899131108322370e-01 -2.696012898852004347e-02 -3.015093041517413197e-01 -2.980914964720651206e-01
2.012495275282958573e+00 -3.002159619241402955e-01 2.420969332532601215e-01 -6.104002805680925903e-01 4.027914279753166960e-01 -2.169910815769465207e-01 -5.461875017084345529e-01
1.305363274521109451e+00 -3.791609899809573747e-01 2.064882554085058775e-01 -4.136301084934361771e-01 8.413163776114369607e-01 -6.430249547564730050e-02 -5.407040146695453187e-01
4.056244624875496307e-01 -4.891535432368911418e-01 1.914284641644453389e-01 -2.055755233294353501e-01 1.163867640468408293e+00 2.395747283436412342e-02 -2.204152861241840122e-01
-3.522135706491397733e-01 -5.972000230879563887e-01 1.892987053664193786e-01 -8.248001123993445316e-02 1.339180420338770050e+00 -2.555215567246113886e-02 3.154436999918675544e-01
-7.346459035843186935e-01 -6.776875278846556938e-01 1.615706516508110258e-01 -7.728003960746912537e-02 1.435423328016342426e+00 -1.769938934762219640e-01 8.181065922956805014e-01
-7.920531383437255935e-01 -6.767512272327264045e-01 4.321285249454869665e-02 -8.329077781431508398e-02 1.554980962294993718e+00 -3.012681887276786319e-01 9.911402276597472971e-01
-7.633885322311084742e-01 -5.340721097349907520e-01 -1.862303858010396773e-01 4.910836182064858002e-02 1.697966104835646695e+00 -3.039776106653371834e-01 7.266964672267334224e-01
-8.224704705238021774e-01 -2.520046369900370009e-01 -4.487280549162447341e-01 3.370929712694986091e-01 1.705474967553149535e+00 -2.338200310820729988e-01 2.501566908739514816e-01
-9.471492921525477282e-01 9.754710451907915025e-02 -6.255105166151277984e-01 6.311749290625988662e-01 1.382544002099582503e+00 -2.312149434919223423e-01 -6.346506947256601305e-02
-9.701626069255266938e-01 4.294780989827429729e-01 -6.527045939740542257e-01 7.224348217287605012e-01 6.611834434367422908e-01 -4.007513417000306277e-01 8.121067708360312290e-03
-7.545734424323082834e-01 6.869905974808944160e-01 -5.611617068315931656e-01 4.850888077937080545e-01 -3.299554891160463299e-01 -7.254569127941666862e-01 4.053723053799672127e-01
-3.415226426173237906e-01 8.555916364015396791e-01 -4.462388869801571789e-01 -2.917225175609407598e-02 -1.320337824092063128e+00 -1.070176992123573090e+00 8.710812467173878471e-01
1.183178961101152282e-01 9.694846811405466447e-01 -3.870169922802738638e-01 -6.239333824024109187e-01 -2.080094917986778480e+00 -1.295603765877553881e+00 1.164259373346082427e+00
5.457505645465183797e-01 1.088385789421927985e+00 -3.896865111271268778e-01 -1.104301422659797582e+00 -2.559749529764391962e+00 -1.371845409578754893e+00 1.211886366845480234e+00
9.535177480339341871e-01 1.236921728905937323e+00 -4.142276943603166450e-01 -1.397294698791401446e+00 -2.821187065088602175e+00 -1.356405972404913562e+00 1.077316308176362147e+00
1.312153874734722336e+00 1.378943128496121995e+00 -4.336618006943812054e-01 -1.522665727815084136e+00 -2.898374737362197084e+00 -1.293883779664354527e+00 8.475932794974162521e-01
1.509902061102647242e+00 1.467525945062832848e+00 -4.449319203885360730e-01 -1.485527505406951665e+00 -2.787177615194635028e+00 -1.182526550793947751e+00 5.762774329118112160e-01
1.469814679824201997e+00 1.493371478893729121e+00 -4.343279226200743581e-01 -1.263326977897322179e+00 -2.536792328708854072e+00 -1.028428115728842185e+00 3.196093864222133152e-01
1.246795958552710193e+00 1.468972133865716900e+00 -3.691161787948195050e-01 -8.886655639319342992e-01 -2.263910848990673852e+00 -8.747209217653720836e-01 1.564156425150030061e-01
9.745548390490131885e-01 1.389154835147127232e+00 -2.348011529059886859e-01 -4.754040782892393624e-01 -2.040309444821831075e+00 -7.480858631597930852e-01 1.095231746942625095e-01
7.153567471034331104e-01 1.229989703796208644e+00 -5.840397011434966118e-02 -1.214464135961660640e-01 -1.822726577931922387e+00 -6.124566151019485982e-01 9.778434727193725806e-02
4.308488322184187425e-01 9.922176809141205478e-01 1.186492969174369749e-01 1.706640565524069064e-01 -1.537021539278457860e+00 -4.158670680545181741e-01 1.184017202103704834e-02
1.242404194091122349e-01 7.212574630844040824e-01 2.842898112510660602e-01 4.258370792113852499e-01 -1.196288179364526361e+00 -1.702018293544060867e-01 -1.763986947724533183e-01
-8.298338474328149916e-02 4.526749340901506935e-01 4.670960551938154737e-01 5.857948386358377002e-01 -8.959995572934527086e-01 4.486904549191043923e-02 -3.724272607596517681e-01
-4.636694572435492989e-02 1.633099680227075301e-01 6.975175254834031779e-01 5.288917729336132245e-01 -6.991630675491778968e-01 1.562158122893599066e-01 -4.427086097266296760e-01
2.304809498894547504e-01 -1.853016773504937431e-01 9.411808991359087440e-01 2.303969883786898820e-01 -5.282875958782781156e-01 1.840126588796140161e-01 -3.918879216522621056e-01
5.216361663469600840e-01 -5.768099444259470188e-01 1.093052641675367864e+00 -1.535439273703887719e-01 -2.113754559362317487e-01 2.447692911599769761e-01 -3.895179290170100450e-01
5.538795869331742949e-01 -9.386436381805814966e-01 1.074642244698958082e+00 -4.179415276000239543e-01 3.107762453422994176e-01 4.250002146838668948e-01 -5.411772502947369556e-01
2.641950458318124695e-01 -1.193474321895292789e+00 9.037333392817075151e-01 -4.692668860395248775e-01 8.917941225783181380e-01 6.803994184073485219e-01 -7.446329473816676314e-01
-1.758050387712591089e-01 -1.302930510550375898e+00 6.551499458280680699e-01 -3.604869049257892200e-01 1.321064444833715656e+00 8.896158030341901890e-01 -8.084660440730470077e-01
-5.552779274503005791e-01 -1.281243171703403849e+00 4.001697511637097304e-01 -2.297244267784644967e-01 1.483008349558431194e+00 9.644651864124260676e-01 -6.111287916684936539e-01
-7.916282870972750629e-01 -1.170832467752011885e+00 1.694158959433612610e-01 -1.627212595177728593e-01 1.418449400038169994e+00 9.184151714514291465e-01 -2.023296618607098862e-01
-9.314356644405719088e-01 -9.947606690870056667e-01 -5.068139694540948342e-02 -9.969884325669067793e-02 1.268265602972720618e+00 8.471538645602554318e-01 2.163783520495144164e-01
-1.035277543837065606e+00 -7.532984824900670340e-01 -2.593957883391441732e-01 6.750057433262922346e-02 1.101884286454846817e+00 8.044261175335908343e-01 5.143267880160261596e-01
-1.093020814089541437e+00 -4.667942656693658265e-01 -4.047507465398695325e-01 3.359316955036556474e-01 8.433840478232522697e-01 7.276097820326883348e-01 7.748534041823125218e-01
-1.068480893425233669e+00 -1.789239340979189852e-01 -4.472169317121116872e-01 5.994533184952993699e-01 4.173307894926908679e-01 5.358536576828352160e-01 1.119412412508990151e+00
-9.867879466077618122e-01 8.446869866626163792e-02 -4.260495830204105716e-01 7.886067815711131912e-01 -1.076970657916056368e-01 2.494996356724325792e-01 1.491021041420375282e+00
-9.140329690782723615e-01 3.248666399565329765e-01 -4.182078528788782945e-01 9.218052630560606975e-01 -5.798583466819688947e-01 -3.930899502554320579e-02 1.719343521971167688e+00
