-1.661521059741562611e+00 5.928166174257918364e-01 6.079660555533598076e-01 6.571607766745457546e-01 2.736376378940291731e-01 4.046224956584683619e-01 -2.730558399255623159e-01
-1.466750863096895507e+00 6.959345668321387235e-01 1.861974466104925341e-01 4.695873858809300194e-01 6.671965160794414429e-02 3.216531004805638916e-01 -2.187818405588731752e-01
-1.086389103535527312e+00 6.388601074444868466e-01 -1.458661368305073924e-01 1.309268499408588748e-01 -4.934392432412544605e-02 2.649854944983636162e-01 -5.254186297036888414e-02
-4.786526059433526270e-01 4.605933539608845773e-01 -3.283216686724519384e-01 -2.105594265354179817e-01 -1.142779125757767689e-01 1.511672839482749442e-01 1.450374040349032279e-01
2.839046228506134639e-01 2.477587947888842401e-01 -3.523253667797756061e-01 -3.715482137756817571e-01 -1.988894707860655031e-01 -7.794982273936239270e-02 2.511171359169782624e-01
9.523210853578858437e-01 3.080567858223078742e-02 -2.570179859789136212e-01 -3.294247200285942978e-01 -3.123784223307510821e-01 -3.453907471551925235e-01 2.401886920597674224e-01
1.230251184194536274e+00 -2.260105223856545276e-01 -1.148576022170178096e-01 -2.508291358398799797e-01 -3.966638023720089890e-01 -4.788497657298601551e-01 2.238955990244441974e-01
9.825365124295604158e-01 -5.350484506158563747e-01 -8.823593878587037559e-03 -3.056778299535909960e-01 -4.031326184634909660e-01 -3.640331381312059134e-01 3.268766009550163054e-01
3.103355982417327907e-01 -8.395729199116752639e-01 1.453391219793642199e-02 -4.930991989395043240e-01 -3.204948769199579273e-01 -4.647414223901605995e-02 5.695209641922119870e-01
-5.319428436078655897e-01 -1.040550844180455181e+00 -2.923945050371384857e-02 -6.419065826899524874e-01 -1.496781779410963631e-01 3.023658036784601100e-01 8.494208431181220487e-01
-1.305866211150341627e+00 -1.066086412533963523e+00 -8.811984902398337094e-02 -5.953924942511689133e-01 1.033012998301902491e-01 5.361968159288176272e-01 1.020714922830239235e+00
-1.915785338438343421e+00 -9.332993813032089969e-01 -1.182908825224361499e-01 -3.886985544161136175e-01 4.188161042805004231e-01 6.490925874084821912e-01 1.028287369812292296e+00
-2.342710748087965200e+00 -7.172803246746871642e-01 -9.586653393905292253e-02 -1.863461388502360705e-01 7.578682859529354277e-01 7.113071461510592775e-01 9.329866722274758883e-01
-2.513309971445356172e+00 -4.712232526443464464e-01 4.251358018649820623e-04 -8.814774861946439444e-02 1.062466699772251166e+00 7.468409084908587126e-01 7.973026166686101313e-01
-2.334505846707493504e+00 -2.121129629726231647e-01 1.799098733584122700e-01 -5.181908383894939796e-02 1.280646998858415708e+00 7.256274242797602358e-01 6.072996160692823997e-01
-1.824348926781154345e+00 3.837427597804572016e-02 4.163103927146907246e-01 3.622349479922044868e-02 1.401756130021242219e+00 6.327899209780061263e-01 3.037945248993421110e-01
-1.152323828553677876e+00 2.277072768158407701e-01 6.521140517362636890e-01 2.234542076851686321e-01 1.458498492946566305e+00 5.191684260261790751e-01 -1.321029261969432211e-01
-5.306229694653692430e-01 2.974585732371426428e-01 8.220578671052615194e-01 4.254231159304743826e-01 1.489011556117088242e+00 4.780304097609410774e-01 -6.287576120053131046e-01
-5.360307448998065383e-02 2.408020309206176379e-01 8.846897722357821570e-01 5.380054640520014475e-01 1.499503718590551538e+00 5.466647604794923065e-01 -1.080343159251049734e+00
3.240216499981374287e-01 1.151306542385328174e-01 8.428427285696530324e-01 5.695012680333620958e-01 1.465896599974405357e+00 6.551399411576764864e-01 -1.433965826196941462e+00
6.506871573890721239e-01 -1.524649537586364456e-02 7.293234861190734941e-01 5.914137583323101355e-01 1.363498417963892040e+00 7.138443449499727311e-01 -1.696441842480012063e+00
8.847622314718897041e-01 -1.298690658180567115e-01 5.798857180699382718e-01 6.180708452558897337e-01 1.190747048326873836e+00 7.131149677034847034e-01 -1.876675642938359312e+00
9.550150844091600533e-01 -2.358734858536445378e-01 4.185967309188220464e-01 6.102605054743913682e-01 9.689530296577291146e-01 6.941045884902639074e-01 -1.949433259890854586e+00
8.725128716613919089e-01 -3.216201642323048837e-01 2.561996290759006034e-01 5.589166790725840217e-01 7.208448695324329858e-01 6.608653267376803919e-01 -1.886167922103979322e+00
7.481139945669847968e-01 -3.510871618499896152e-01 9.700162796207702220e-02 5.047674648708292411e-01 4.524162845828961221e-01 5.617829799105986677e-01 -1.695240621439073392e+00
6.905489634427544043e-01 -3.026140698771879745e-01 -6.294782332091025667e-02 4.747407357795075389e-01 1.549351400522853972e-01 3.533388602601142403e-01 -1.403084340126658613e+00
7.043425377536094434e-01 -1.993392173134492518e-01 -2.476139074008286423e-01 4.212610981581400571e-01 -1.818103530767923026e-01 6.638359391018788802e-02 -1.002725465831703078e+00
7.166673751790860747e-01 -9.091970443727760698e-02 -4.857421997448121420e-01 2.512031136484854654e-01 -5.660810348041021012e-01 -2.149846369057544226e-01 -4.507424863645710378e-01
7.087037052417796135e-01 4.682188320657788838e-03 -7.569436633723420904e-01 -5.750024218625502531e-02 -1.010630542128446274e+00 -4.568388780889332534e-01 2.535446214675447507e-01
7.811996605839161001e-01 1.381506800780654409e-01 -9.828833799771996560e-01 -3.735413656974568286e-01 -1.523997874777145212e+00 -7.302807534233355380e-01 9.869940606709650677e-01
1.043417188931881956e+00 3.837281308892062093e-01 -1.098578166770206366e+00 -4.898237227832274443e-01 -2.092674639185096996e+00 -1.129679570753155726e+00 1.540047590693529811e+00
1.449691665927008044e+00 7.447948339512378002e-01 -1.088137580581363562e+00 -3.063609612513999991e-01 -2.673443435631030596e+00 -1.656769637997282940e+00 1.771509672980212891e+00
1.798437919135058571e+00 1.133516979378113465e+00 -9.677958827299750766e-01 9.287691553985487347e-02 -3.191194573068125706e+00 -2.203889843085337308e+00 1.714279331081229873e+00
1.892749201328530528e+00 1.450281610117530651e+00 -7.907647130826409576e-01 5.313631725487985014e-01 -3.554077401291475535e+00 -2.617294478418170645e+00 1.510427237862709937e+00
1.683617277759786868e+00 1.645527033297734976e+00 -6.286359010807544001e-01 8.491775739934980249e-01 -3.693644091199887125e+00 -2.770385930013970821e+00 1.275813626352880092e+00
1.286599866922948365e+00 1.719863480812983347e+00 -5.283083553038313562e-01 9.642477014206100039e-01 -3.589965860459575886e+00 -2.624971628742212015e+00 1.040057530434540523e+00
8.791123605943318431e-01 1.709002743516683465e+00 -5.131962058333976451e-01 8.987524989878871162e-01 -3.261557979970036047e+00 -2.244116766713267097e+00 7.689849012720585408e-01
5.610027471388028264e-01 1.650554090987900846e+00 -5.938016013000556592e-01 7.179730459030864154e-01 -2.749494117302998308e+00 -1.726201030171191420e+00 4.310628669991100059e-01
3.201608154826224295e-01 1.555453475042601230e+00 -7.625819419020578582e-01 4.455127484300014928e-01 -2.114743664171308435e+00 -1.141374866723644743e+00 5.939066195508745788e-02
1.451937503720361622e-01 1.436352299842838631e+00 -9.925317124149398706e-01 9.800111030471968243e-02 -1.446243933201086573e+00 -5.633272225867648197e-01 -2.734730444571376595e-01
1.162898660168022180e-01 1.342327098310913458e+00 -1.225786960198534503e+00 -2.246776202361432107e-01 -8.592423869585106289e-01 -1.231887017667722128e-01 -5.413273962239263382e-01
3.472730501597014463e-01 1.339273408314672453e+00 -1.379245168394597210e+00 -3.594347422178556517e-01 -4.681728760378372489e-01 2.918506200948928209e-02 -7.899209270186612342e-01
8.446408155096555292e-01 1.449349279321346939e+00 -1.393195666778683783e+00 -2.262855153721757273e-01 -3.437137646126932622e-01 -1.591103607209483350e-01 -1.063962188994165725e+00
1.433848939973789038e+00 1.605352270399956538e+00 -1.274916769806853756e+00 4.885603873141823594e-02 -4.715950432653108759e-01 -5.644178896633369469e-01 -1.318106740817980516e+00
1.878334626892672388e+00 1.692839606993969070e+00 -1.092234369112942360e+00 2.047937134625505973e-01 -7.577617833364398425e-01 -9.559762412803949339e-01 -1.434795404171845368e+00
2.077596795089047710e+00 1.644488117067849808e+00 -9.238833679997902060e-01 6.921741233666442450e-02 -1.086253181116500377e+00 -1.166174603264705567e+00 -1.344071717353826134e+00
2.112919752385562955e+00 1.482766969188566542e+00 -8.134773814265736647e-01 -3.001399895316539945e-01 -1.362838348501985264e+00 -1.182594700769365126e+00 -1.108550585010737555e+00
2.130911545201722657e+00 1.291830815785673270e+00 -7.712404198265967459e-01 -6.884533641623620248e-01 -1.525796202430840687e+00 -1.093565339089160871e+00 -8.924184692438772437e-01
2.186321950140362791e+00 1.141081115312935657e+00 -8.008841293885831103e-01 -9.197706612949193561e-01 -1.541711460149969515e+00 -9.630951447690888623e-01 -8.384829469068358909e-01
2.185024884238791376e+00 1.028155870487905243e+00 -9.055652574043836500e-01 -9.779723591641290570e-01 -1.395921018477537912e+00 -7.678256267415947134e-01 -9.590781494512470307e-01
2.005675914066688215e+00 9.172569541915849278e-01 -1.078502506089740409e+00 -9.445840962024536491e-01 -1.106036934089455803e+00 -4.645887521848975354e-01 -1.153276973765187563e+00
1.641622882109760040e+00 8.080556711874298248e-01 -1.298503325406453746e+00 -8.632345224341445578e-01 -7.382712611665086522e-01 -8.657205569804896084e-02 -1.315281556655021333e+00
1.186513749710571108e+00 7.398327664776076507e-01 -1.532850887291565156e+00 -6.880987484863173576e-01 -3.780642948873429443e-01 2.538101987042503116e-01 -1.406372780684636448e+00
7.148284097764954215e-01 7.353756200962230372e-01 -1.738417389886036446e+00 -3.639679226354272101e-01 -7.464032306419822460e-02 4.589372032159675929e-01 -1.432304217741467101e+00
2.139396999380155928e-01 7.539845754605791761e-01 -1.868592584356373987e+00 5.354842168852097517e-02 1.778282302037807183e-01 5.335953593626966418e-01 -1.369036550605134961e+00
-3.441780640607218222e-01 7.243343993286541771e-01 -1.894707238300535446e+00 4.222101582847704315e-01 4.024900408859024559e-01 5.450625561788887685e-01 -1.152287650660518636e+00
-8.839631227285803527e-01 6.208775767863300432e-01 -1.810974407281079168e+00 6.784371954473772393e-01 6.015726804977177267e-01 5.101669063695172257e-01 -7.716675324093599242e-01
-1.250209725518492965e+00 4.809545923910647502e-01 -1.624134515788749011e+00 9.005517999433190202e-01 7.586741450509021378e-01 3.829781309671016487e-01 -3.264925022280562028e-01
-1.383974584668816954e+00 3.351174777906616442e-01 -1.360194465619765980e+00 1.156515172948971770e+00 8.604447085603220691e-01 1.682189622500447346e-01 7.172807276207496252e-02
-1.402434718858512008e+00 1.446353727754541296e-01 -1.071411548483354181e+00 1.352072317712763594e+00 9.135171426609124401e-01 -7.645162987167435954e-03 4.170881628189556656e-01
-1.441406752302669458e+00 -1.509804977894659006e-01 -8.110929832114541771e-01 1.313915425483720867e+00 9.343130398924965885e-01 2.358256163066574547e-03 7.687601978794702529e-01
-1.491416678192127199e+00 -5.402270446628203437e-01 -6.021246852552258888e-01 1.004772975450302752e+00 9.186340249514698408e-01 2.069137108279333337e-01 1.128275510650158076e+00
-1.455043294062658532e+00 -9.351263444125827995e-01 -4.413379791820796760e-01 5.795828204066282296e-01 8.401729934402927258e-01 4.695681025966604860e-01 1.418413182497830993e+00
-1.313832526797052536e+00 -1.257067585118670783e+00 -3.182859130390912061e-01 2.127495111574863318e-01 6.889759615489279287e-01 6.597326989615613924e-01 1.575606534601664110e+00
-1.188669163298157416e+00 -1.499757371503909864e+00 -2.325656068203407201e-01 -6.099044107982384139e-02 5.038593865100401414e-01 7.698750594288931159e-01 1.631364930964122495e+00
-1.236739795264196751e+00 -1.702020029148097802e+00 -2.011170736638560330e-01 -3.150529288688670437e-01 3.510083685821471233e-01 8.780333778610203144e-01 1.688484973039460657e+00
-1.487695428414238741e+00 -1.880142623520989265e+00 -2.207316600203191870e-01 -6.078436394534425524e-01 2.637267666893681195e-01 1.024077593284644205e+00 1.820378634478927005e+00
-1.784034458897169939e+00 -1.985863625411595335e+00 -2.471160206193125652e-01 -8.922314392491705881e-01 2.126551540501200044e-01 1.133846974486417913e+00 1.995251554780941738e+00
-1.905841603883666080e+00 -1.923888518676150294e+00 -2.446006232876343500e-01 -1.025609089630752591e+00 1.322585955945815017e-01 1.071582069111854940e+00 2.095495904186060354e+00
-1.762683381986086983e+00 -1.630961457213764065e+00 -2.250816448098651723e-01 -9.050302037851030157e-01 -2.958114317644548047e-02 7.748135473277130147e-01 2.024937618317378174e+00
-1.434626150449222814e+00 -1.128302970399270411e+00 -2.315252619315065208e-01 -5.701324185289126101e-01 -2.792119251079780984e-01 3.147183189735718867e-01 1.785729812124336569e+00
-1.024581454142059700e+00 -4.844783772027234647e-01 -2.984626795451599812e-01 -1.310973798565302773e-01 -5.804073546326463662e-01 -1.877150865930551082e-01 1.427667414552879821e+00
-5.530455153916696842e-01 2.335066066595947176e-01 -4.335906163641667921e-01 3.397265957512113355e-01 -8.751130675148137694e-01 -6.516479635747395305e-01 9.695480654824265576e-01
-4.180483738199682747e-02 9.501431952859362706e-01 -6.345790063906830980e-01 7.876031885836146662e-01 -1.097345160401575814e+00 -1.011994823164771296e+00 4.210149207772014845e-01
3.926098584754514342e-01 1.554233843344000165e+00 -8.859818004267512315e-01 1.118055530748161219e+00 -1.179176271360442341e+00 -1.176924190047015761e+00 -1.571286603714374119e-01
6.233109236403534537e-01 1.928176455074993134e+00 -1.131701752623194723e+00 1.234936491158873162e+00 -1.074452715465604502e+00 -1.081542942633709758e+00 -6.715609966911695317e-01
6.496763259517077671e-01 2.020850311506655395e+00 -1.286585835461557359e+00 1.121212449445126547e+00 -7.961456726906988024e-01 -7.692876599534700377e-01 -1.060599424049163186e+00
5.628352626243776635e-01 1.864817152695058988e+00 -1.286988215857672202e+00 8.523238569238694717e-01 -4.056495320177638253e-01 -3.685507673172295218e-01 -1.306303243400173786e+00
3.940152306248069225e-01 1.513220412980279539e+00 -1.123725045240682396e+00 5.151634592279233926e-01 4.283071169621353869e-02 3.061426389088808125e-02 -1.398747655392226896e+00
8.556294096436471708e-02 9.967462572104365259e-01 -8.278232602454629330e-01 1.270959378809763118e-01 5.171824195034175897e-01 4.388030439636036451e-01 -1.322863738109875564e+00
-3.666820495095591825e-01 3.637709344450765214e-01 -4.418161066016682570e-01 -3.152892686122254484e-01 9.697518804219559252e-01 8.786903106169132727e-01 -1.102996371249175933e+00
-8.126668554593402538e-01 -2.682362284034048860e-01 -2.653311611100780953e-02 -7.258758634358798423e-01 1.329978194513113721e+00 1.286792026432150404e+00 -8.489875577953576169e-01
-1.054916855804389542e+00 -7.542329921886057331e-01 3.285251026296067134e-01 -9.591272569992882469e-01 1.549490563932296672e+00 1.555533065883444754e+00 -7.034094368928817120e-01
-1.047483807893472285e+00 -1.032375577486388529e+00 5.448582184055387190e-01 -9.565925754080701893e-01 1.636820102269473720e+00 1.649774861850107133e+00 -7.195769203044966034e-01
-9.418713212706490978e-01 -1.171214813839066560e+00 5.987046754432380213e-01 -7.938329329020207270e-01 1.656329054231153064e+00 1.649469941534754680e+00 -8.267427609215997064e-01
-9.099209071178415709e-01 -1.291407045732032577e+00 5.154692585523670267e-01 -5.803596856228370182e-01 1.689428453574881361e+00 1.667607940992302584e+00 -9.258270754844695194e-01
-9.551587827486293092e-01 -1.445925027763192094e+00 3.314537414347462629e-01 -3.618168469454625669e-01 1.766921017991135878e+00 1.734210639694100609e+00 -9.911929124798564139e-01
-9.446189505340978343e-01 -1.595477346297002663e+00 7.629557208576143168e-02 -1.404788414285324527e-01 1.842982268324963924e+00 1.789424640519594822e+00 -1.064434690243030612e+00
-7.889520011518890152e-01 -1.696587795782264818e+00 -2.006881945320809768e-01 3.530683940478050731e-02 1.844951156274004855e+00 1.778600268440474030e+00 -1.160524566746573560e+00
-5.299268491386670554e-01 -1.769541610703794898e+00 -4.194927044078874401e-01 5.005829565201645043e-02 1.735851083014346541e+00 1.715998217057310926e+00 -1.215530633240714087e+00
-2.569764327413656124e-01 -1.862761227089357874e+00 -4.984629911294915505e-01 -1.967223824572180979e-01 1.522427347197784053e+00 1.643792626410187641e+00 -1.138192857538705915e+00
2.146331432141220658e-02 -1.974583028864840717e+00 -3.891605571983776657e-01 -6.828411354443784109e-01 1.222556099914564154e+00 1.534139557485488581e+00 -8.878288264304632360e-01
3.759739997755870422e-01 -2.041163092520617894e+00 -1.065594444864717688e-01 -1.239778636873390072e+00 8.561615112229074009e-01 1.282168883877147447e+00 -5.031114345328662196e-01
8.113410682199536650e-01 -2.013144183868595061e+00 2.698919094401177055e-01 -1.671048475433831726e+00 4.636795236486713767e-01 8.345969063449579783e-01 -6.234121172786472737e-02
1.187490383234643510e+00 -1.911842849799961108e+00 6.424596047272004284e-01 -1.892939125636109665e+00 1.059506485864405989e-01 2.769869187002828026e-01 3.849042389137680154e-01
1.344699602124354687e+00 -1.783295599818062183e+00 9.427560195285529243e-01 -1.922554330606714101e+00 -1.718915464457150821e-01 -2.479678659249524575e-01 8.218668499962992202e-01
1.274145520411174681e+00 -1.618928523044424139e+00 1.128691618820712783e+00 -1.756970885224486079e+00 -3.833704134628902471e-01 -6.780172601056383419e-01 1.201547907332428222e+00
1.104541255347737172e+00 -1.354948760588448486e+00 1.163413483316790620e+00 -1.352538975236282193e+00 -5.933873671290506024e-01 -1.046596753830401960e+00 1.427972591516033951e+00
9.335620067584655679e-01 -9.571066228355835648e-01 1.034938050558443345e+00 -7.350243716260113080e-01 -8.541961271754084928e-01 -1.381731513717443294e+00 1.435521785496162162e+00
7.312294285446768738e-01 -4.840603184432570871e-01 7.880484467421554617e-01 -6.199481763175241494e-02 -1.149955761328526727e+00 -1.638559321962927973e+00 1.267615381018431187e+00
4.236248555418495876e-01 -4.681623736400017388e-02 5.189428665114457218e-01 4.475622771065738137e-01 -1.408303201753990042e+00 -1.730234644059074123e+00 1.033102442445428482e+00
3.168261332102925015e-02 2.887898268787174594e-01 3.288876752458840813e-01 6.574190931795219628e-01 -1.559187564857161812e+00 -1.616981646420538432e+00 7.927055753301718299e-01
-3.003968972869985321e-01 5.544809673861618160e-01 2.574628687984442665e-01 6.249740194695601048e-01 -1.573603895122548835e+00 -1.376824814080730208e+00 5.147751986462706375e-01
-4.266224106320649079e-01 8.332983353329102005e-01 2.602771212905233833e-01 5.476333158213548824e-01 -1.458210637640402929e+00 -1.156679266652779203e+00 1.322619267724970682e-01
-3.636578051619629992e-01 1.150849362475669491e+00 2.626474932841255105e-01 5.634178344731899379e-01 -1.217741116358128206e+00 -1.023030806093396139e+00 -3.508362281639487712e-01
-2.923928298546217275e-01 1.432389733753292482e+00 2.194763177667949372e-01 6.339472133945804888e-01 -8.320130536899870144e-01 -8.983733161261296951e-01 -8.190159787899705668e-01
-3.514214087825729971e-01 1.586995527243498127e+00 1.332014057510008120e-01 6.343095298090091205e-01 -3.006874452337618409e-01 -6.752864154231089655e-01 -1.141335723810865677e+00
-4.837280259252123571e-01 1.608528243538984048e+00 3.134093137721598310e-02 5.103173490046444272e-01 2.978274995052268004e-01 -3.609618095076929101e-01 -1.278709853811006436e+00
-5.348478748597129684e-01 1.576121350145152977e+00 -7.987199388448965043e-02 3.227382155059511648e-01 8.260775493582220852e-01 -6.932077666896779844e-02 -1.280992970616163573e+00
-4.580939398237175997e-01 1.559943331156867785e+00 -2.222793425439343606e-01 1.474017694026307501e-01 1.181146744032949281e+00 1.224204013151288656e-01 -1.208389211712171285e+00
-3.631262335646205930e-01 1.544031353713647192e+00 -3.944410941082263644e-01 -1.779773496937149535e-02 1.365874265670468990e+00 2.513447487291297078e-01 -1.075343499672107850e+00
-3.501753670146641739e-01 1.464900537506989009e+00 -5.342683326423598444e-01 -1.967508757387234908e-01 1.453683819174864000e+00 3.709724068683019627e-01 -8.842292626436268899e-01
-3.622229891585798667e-01 1.304803761208134905e+00 -5.523158017398285269e-01 -3.391309776707408519e-01 1.503112265357827493e+00 4.407482558356577429e-01 -6.866674852702751020e-01
-2.618606098943829230e-01 1.109515884125357621e+00 -4.066941461152493442e-01 -3.462161237688205495e-01 1.530272836594527064e+00 3.708725338057655141e-01 -5.660123838445232369e-01
-1.618808665639311431e-02 9.213215332561326409e-01 -1.371036829887123665e-01 -1.791850351294139998e-01 1.530009117809072228e+00 1.448901492223757803e-01 -5.585050115305242313e-01
2.653314449044857359e-01 7.279608107328982003e-01 1.794857698427362591e-01 8.430097493319009538e-02 1.493432356771501768e+00 -1.407787990126195543e-01 -6.236273798212126351e-01
4.798480489059366860e-01 4.953483980651128826e-01 4.958481518378148878e-01 3.224130340916310233e-01 1.413881340955352561e+00 -3.655836324529113113e-01 -7.094623401270417906e-01
6.359173136551866667e-01 2.276327128079915219e-01 7.974817910592122416e-01 4.912219297422578124e-01 1.286250087413226995e+00 -4.878089177515846364e-01 -8.163223110147729278e-01
7.637404487502462702e-01 -4.238192916843243341e-02 1.059855777575417601e+00 6.270615833869580547e-01 1.109889180167981548e+00 -5.265996854812537986e-01 -9.615731018999414959e-01
7.939530050250069859e-01 -3.127180201467332221e-01 1.244645442595367468e+00 7.341695766213115482e-01 8.991666611104670581e-01 -4.750443995397599650e-01 -1.094620072075605854e+00
6.052936950801222071e-01 -6.197108903336111529e-01 1.328534673808129618e+00 7.371464238068221597e-01 6.796790118399174130e-01 -2.940491556385537164e-01 -1.085062166029673980e+00
1.894550176743587666e-01 -9.774315071191695958e-01 1.322057034608322024e+00 5.707829722293993324e-01 4.611715305444784585e-01 4.819429944341782797e-03 -8.229105096579750755e-01
-2.748642482222752870e-01 -1.325035514914250090e+00 1.262589640781101252e+00 2.945000108511453552e-01 2.290354547700091670e-01 3.084092614785829967e-01 -3.332546923000003769e-01
-5.378832887237934290e-01 -1.547038041593124413e+00 1.185963525861807977e+00 9.066318982568863372e-02 -2.501314996348641059e-02 4.540142871832035798e-01 2.235633531618126668e-01
-4.786208047619271433e-01 -1.564587622156878410e+00 1.113195886741009000e+00 1.253360881598371002e-01 -2.779478355809036905e-01 3.456024928327161572e-01 6.766641870433949268e-01
-2.019975048030320242e-01 -1.412701233053853311e+00 1.056813579286497218e+00 3.939171745516058531e-01 -4.793877908032468937e-01 4.125259791330612713e-02 9.707865326848559295e-01
6.755734177630874637e-02 -1.216823644226269208e+00 1.029948131696652558e+00 7.087800773937972254e-01 -5.748939214999397862e-01 -2.780012737445249349e-01 1.169213730493102954e+00
1.942831301797462717e-01 -1.090561906875692211e+00 1.058040640424020129e+00 8.506091365093185752e-01 -5.500179416538806265e-01 -4.466803259866840570e-01 1.344617362208192946e+00
2.195012545706345741e-01 -1.057930845871050796e+00 1.170082533410641723e+00 7.325280508404659052e-01 -4.576477809448689649e-01 -4.287967416967608525e-01 1.494160917557398216e+00
2.748675785194233390e-01 -1.057058290019821767e+00 1.365104990364887527e+00 4.482710330588110526e-01 -3.874826132413253799e-01 -3.207246088628364356e-01 1.550711897530533623e+00
4.468075012925782352e-01 -1.002729185489103170e+00 1.602272089548954614e+00 1.960641834115353088e-01 -4.150418339791445699e-01 -2.692154304099523832e-01 1.440399017694904638e+00
6.794439244243180021e-01 -8.676802558717788827e-01 1.828653233560924019e+00 1.185904332395617128e-01 -5.653504457994941168e-01 -3.548967728399164412e-01 1.152980039712322657e+00
7.881862464932470891e-01 -7.189294692674506049e-01 2.004303101886758309e+00 1.737125353245138060e-01 -7.937305828602422286e-01 -5.200927589941951590e-01 7.819592525412296657e-01
6.237485662468719161e-01 -6.599621465896834405e-01 2.115525751630619400e+00 1.705799310750881759e-01 -1.015135753473175750e+00 -6.279752902547176552e-01 4.655150031405465016e-01
2.411771487615036458e-01 -7.296240571470909986e-01 2.177053894234262099e+00 -4.787249353948151709e-02 -1.167845544117580570e+00 -6.104858124179616263e-01 2.747482028645294450e-01
-1.165716148606489866e-01 -8.621229653007461691e-01 2.205538714004851020e+00 -4.594883420917922900e-01 -1.237441024420059099e+00 -5.363568260913239572e-01 1.654175939192487899e-01
-2.212955016922791007e-01 -9.541105227247413945e-01 2.194158748080798915e+00 -9.137516962260547881e-01 -1.231719058761976626e+00 -5.121842279845939538e-01 3.418014036833079416e-02
-5.546452513422913538e-02 -9.689695341857467170e-01 2.118438893223297370e+00 -1.309791794302467949e+00 -1.147453561819271606e+00 -5.399497395415405743e-01 -1.693937133662738181e-01
2.116685490695053296e-01 -9.586772513296282217e-01 1.960714819562879851e+00 -1.680419827274937994e+00 -9.633807821125153215e-01 -5.143991444033320093e-01 -3.878535913364223875e-01
4.500852297712188976e-01 -9.754961257753049786e-01 1.734884069331855905e+00 -2.086043991319841417e+00 -6.851069666399750568e-01 -3.710757368526017563e-01 -5.270256438914278085e-01
7.044865446824061239e-01 -9.893028027205565955e-01 1.479088629154849510e+00 -2.457717219899933525e+00 -3.859054934054202968e-01 -1.945184092328869352e-01 -5.672687277405831230e-01
1.070676225755032185e+00 -9.224483598638189008e-01 1.223290046207126780e+00 -2.607498700796976099e+00 -1.619837583715691975e-01 -1.346705433412047348e-01 -5.808620554606341857e-01
1.510279900849414991e+00 -7.494505721009571131e-01 9.764809906625342428e-01 -2.408846271401757999e+00 -4.860201797844379557e-02 -2.395185380879056580e-01 -6.335920716428335986e-01
1.848807725365506194e+00 -5.304888687833221317e-01 7.349502139922119426e-01 -1.910675950694883163e+00 3.072174940480279346e-05 -4.134968039011847618e-01 -7.000396185383724879e-01
1.954072303378808995e+00 -3.472941726967552767e-01 5.066140237644469746e-01 -1.268756959845173338e+00 5.154431234010697915e-02 -5.300504940108599072e-01 -7.108651086398554142e-01
1.868784527114738747e+00 -2.256058993359122966e-01 3.263945753129835481e-01 -6.168380059511603397e-01 1.300842728991983277e-01 -5.501051557949162563e-01 -6.471631115791974809e-01
1.735068448255564277e+00 -1.244345714888947935e-01 2.284563932335952896e-01 1.871727034150188216e-03 2.149622032305691099e-01 -5.233669086444294738e-01 -5.597258061529161166e-01
1.631940261245823587e+00 1.200730786789984406e-02 2.227851381998832703e-01 6.087064347355618521e-01 2.842024848811368076e-01 -5.029645542842779982e-01 -5.243156519582155006e-01
1.526700592795253719e+00 2.092737422875608211e-01 3.025962592470008983e-01 1.200979906092195515e+00 3.295425003320557322e-01 -4.903371595256284521e-01 -5.815260690202195271e-01
1.373826998705992342e+00 4.770290910391701833e-01 4.486551021549449181e-01 1.718631998914056158e+00 3.267009254923337602e-01 -4.766772749318913815e-01 -7.103415174518067365e-01
1.225276284503593383e+00 8.427864079070922498e-01 6.369906343640756585e-01 2.122869429493728699e+00 2.232745705763163890e-01 -5.245952292812932072e-01 -8.621367174277714263e-01
1.203027870316644155e+00 1.336998430923709291e+00 8.532148202501507184e-01 2.460215081971548479e+00 -1.854822023846953646e-02 -7.590056312933639582e-01 -1.008048577170047588e+00
1.368709952240376948e+00 1.945423137588037532e+00 1.091497319173670322e+00 2.806989098092961932e+00 -3.770244857901360325e-01 -1.250186139656368045e+00 -1.147505359027723326e+00
1.636537977498115914e+00 2.581651085264593970e+00 1.335797226514069180e+00 3.166801701673453984e+00 -7.759807190098134688e-01 -1.920045426451228110e+00 -1.268281784062565531e+00
1.806645954533665721e+00 3.101669003773855682e+00 1.545393067985095126e+00 3.432757892535303945e+00 -1.125179905155719640e+00 -2.564645205048282861e+00 -1.302765167283086001e+00
1.724380194048439785e+00 3.371389801849860035e+00 1.678928401131613235e+00 3.467360875658993091e+00 -1.364648848407044035e+00 -2.982681191102466656e+00 -1.167244183966499538e+00
1.428140545515730553e+00 3.347090832519611592e+00 1.727864723507483546e+00 3.235324388596293677e+00 -1.484280369206239847e+00 -3.105956577589191525e+00 -8.540275053544084116e-01
1.106232177066639899e+00 3.091436788558692861e+00 1.704994731540536268e+00 2.841575815793143445e+00 -1.503801235561964322e+00 -3.008158455077356130e+00 -4.529212999556500585e-01
9.139996812061014220e-01 2.712326478943085206e+00 1.617934990382808857e+00 2.453381293734535618e+00 -1.443428011569670266e+00 -2.806130129926855510e+00 -8.783197934860878520e-02
8.281415420180505693e-01 2.277914392411677813e+00 1.458476485010130830e+00 2.192981735786006858e+00 -1.308200959229069316e+00 -2.554255001979285566e+00 1.710780504856184436e-01
6.675744826257794529e-01 1.784639000925899222e+00 1.202440317843330275e+00 2.063153496884864158e+00 -1.086405662648706638e+00 -2.211066114014155204e+00 3.518354010474308846e-01
2.892155546679270328e-01 1.206472136476610668e+00 8.423709503559413392e-01 1.957302369574530410e+00 -7.784683605364517422e-01 -1.713817173441976482e+00 5.303247930393418796e-01
-2.537167152219935717e-01 5.586330773281813489e-01 4.250287445858803581e-01 1.754437741163763942e+00 -4.262412811826669090e-01 -1.080716928640941710e+00 7.471487155553276915e-01
-7.724977409203035439e-01 -8.974144366561624675e-02 2.455093180932013675e-02 1.412880898604553348e+00 -9.313742496800979376e-02 -4.157994522156202577e-01 9.806170852836385565e-01
-1.116833920769550126e+00 -6.556301860071225285e-01 -3.139255156241883560e-01 9.758822446731213462e-01 1.758471093980454869e-01 1.805777548907266938e-01 1.172298024898394520e+00
-1.273218510219027877e+00 -1.093236854245439815e+00 -5.884422593096314547e-01 5.028131064304139919e-01 3.705780950339276347e-01 6.843434572672054683e-01 1.277434577059273657e+00
-1.315154890575209290e+00 -1.398466390354483835e+00 -8.176314011857406250e-01 1.978439846423839243e-02 4.986895056272963034e-01 1.121292648591152963e+00 1.300850549689367641e+00
-1.276360682349459319e+00 -1.568470453491296768e+00 -1.014243039451692807e+00 -4.579109503992289110e-01 5.531193371873317499e-01 1.478222457691440894e+00 1.276873023800732865e+00
-1.115220703505089839e+00 -1.586170109472869516e+00 -1.170185644613723319e+00 -8.774281126148510968e-01 5.154449998111718667e-01 1.676977527435350224e+00 1.223401952093881251e+00
-8.178586199390011080e-01 -1.456737305252467252e+00 -1.257371159169087038e+00 -1.164016824888632451e+00 3.965294628826575574e-01 1.663781538762920009e+00 1.128815188303308181e+00
-4.856580733088878277e-01 -1.239299124993685552e+00 -1.251146313015398803e+00 -1.305458925058649466e+00 2.490207549997018321e-01 1.500801199703755140e+00 9.915396290947037228e-01
-2.725575519401479685e-01 -1.020753869144672477e+00 -1.155091152827205203e+00 -1.385610941335204238e+00 1.260552701091962602e-01 1.328376743406741056e+00 8.609282018218462618e-01
-2.404556256486507504e-01 -8.535695446024899047e-01 -9.980705345061131606e-01 -1.494440547999321467e+00 3.207992493312230436e-02 1.234874911949881859e+00 8.057947605026307691e-01
-3.240995841631785779e-01 -7.289138573198462590e-01 -8.245731754488185850e-01 -1.620422839533964154e+00 -7.126095500472197364e-02 1.196512087094827148e+00 8.471093298682049744e-01
-4.464060829860161395e-01 -6.132808675652848818e-01 -6.894615324903851095e-01 -1.673811080691159692e+00 -2.046949954008411010e-01 1.157141863045047403e+00 9.453660380659741902e-01
-6.104028468740982927e-01 -4.883079864447448792e-01 -6.492205886731875486e-01 -1.605573917155644015e+00 -3.403781182311927944e-01 1.125231485034087875e+00 1.048381431383779816e+00
-8.523798631199113185e-01 -3.447574347035607945e-01 -7.503739176717512116e-01 -1.453807916255595689e+00 -4.345150183939451849e-01 1.158468937304724999e+00 1.130978533188503610e+00
-1.148063408607720826e+00 -1.663747670628682729e-01 -1.007501599836159834e+00 -1.273354920865931161e+00 -4.594990849814712397e-01 1.281928057600571824e+00 1.174711040582194554e+00
-1.409730291858598550e+00 6.462342898641670885e-02 -1.392732717841546064e+00 -1.058577809951553039e+00 -4.044906867306172216e-01 1.451571099838971035e+00 1.132771331577446583e+00
-1.578507873568894659e+00 3.473357944592287416e-01 -1.848313950031343689e+00 -7.648106880824967480e-01 -2.665011661529411158e-01 1.602072397796587389e+00 9.522673487776279755e-01
-1.694112400898290405e+00 6.417702955997822700e-01 -2.300554733183810985e+00 -4.040788300363532537e-01 -4.630772345724831068e-02 1.724093816081420538e+00 6.334516978461535164e-01
-1.839907414584309731e+00 8.850487311916417354e-01 -2.675255514096532394e+00 -8.489609396639415106e-02 2.326734221541509884e-01 1.860963363041849394e+00 2.516933935355293306e-01
-2.020033507995079081e+00 1.039673031103707457e+00 -2.914374132289704988e+00 5.752923167511443669e-02 4.986618306565117065e-01 2.021995527922278324e+00 -8.356369294949685111e-02
-2.135302886863990945e+00 1.111853571275602581e+00 -2.997084158643800844e+00 -3.197490940578941176e-02 6.578255728555194581e-01 2.139133441572417471e+00 -2.891898708525837414e-01
-2.083961628657590825e+00 1.125034013307917302e+00 -2.951433793526894167e+00 -2.885140482634483972e-01 6.633681215357211114e-01 2.120366145417002635e+00 -3.412447569852046225e-01
-1.855627267474885489e+00 1.083686113882005531e+00 -2.816583255585831669e+00 -6.009726060800189007e-01 5.536722323344527297e-01 1.935077301088520718e+00 -2.670915914808223435e-01
-1.531721415862514313e+00 9.623686247987928155e-01 -2.596170932642263285e+00 -9.270745750278750474e-01 4.197756105080690525e-01 1.653048012677588163e+00 -1.054773261434429621e-01
-1.194912783137646706e+00 7.408512471449903991e-01 -2.266395359697252143e+00 -1.311673998304169642e+00 3.299426831606077082e-01 1.389216118327441851e+00 1.166365086049928057e-01
-8.394650906378692268e-01 4.489733924088885608e-01 -1.811697351919337562e+00 -1.776546608744759670e+00 2.909041142896067189e-01 1.196879411494677692e+00 3.592834160639146179e-01
-3.932670773375115392e-01 1.696156990669936415e-01 -1.257970539785971287e+00 -2.212509436523359074e+00 2.720078342878596844e-01 1.025640453497333349e+00 5.393566225839404593e-01
1.783907195356092545e-01 3.284365654776390904e-04 -6.886853509902988169e-01 -2.405022780666743909e+00 2.409506871553316054e-01 7.846939285963070443e-01 5.433435860044136811e-01
7.799190955088676214e-01 -1.654646480817062448e-02 -2.142947249724483916e-01 -2.197283568155520062e+00 1.934624785504164279e-01 4.548225084192225043e-01 3.068349090653306188e-01
1.191718870767097815e+00 6.102160855624826075e-02 7.906623436440136932e-02 -1.650429387713598706e+00 1.612056750512316783e-01 1.452984835495683691e-01 -1.005108198209849202e-01
1.237487764323008665e+00 1.360461611520465408e-01 1.583656227213003365e-01 -1.015755694572384238e+00 1.661900645574267144e-01 9.501443973819669042e-03 -5.153813865113954229e-01
9.557355639366823530e-01 1.762103272382878061e-01 4.109854051529945179e-02 -5.202287957380581362e-01 1.839873520387146910e-01 9.545941668332304231e-02 -8.172844893078432538e-01
5.557782186872619601e-01 2.246804358190820361e-01 -2.297152473406367523e-01 -2.021562535826376961e-01 1.771297850628439086e-01 3.058097371276601861e-01 -9.907994009608254160e-01
2.166419350743900296e-01 3.170336403980431594e-01 -6.013048218930351352e-01 1.613808191137479364e-02 1.387714720759351816e-01 5.036584020609649048e-01 -1.057881673809300427e+00
-4.260957256224540135e-02 4.134169254926219894e-01 -1.010717923405088925e+00 1.457952570312736063e-01 9.143314955845613379e-02 6.326254415301200140e-01 -9.824968209210828141e-01
-2.947633433284407856e-01 4.279425832847748024e-01 -1.387647652235045159e+00 9.465472702070111544e-02 5.049398913200353611e-02 7.183071294455640743e-01 -6.785419651869425417e-01
-5.370382975144437632e-01 3.246964030200482076e-01 -1.668145689761125317e+00 -1.906347218178747749e-01 -1.020214989900492669e-02 7.700814780191462816e-01 -1.262405005696295990e-01
-6.529053873327528290e-01 1.602478427523457705e-01 -1.817916372924043067e+00 -6.069793863637721332e-01 -1.383920192303773333e-01 7.341948634604456014e-01 5.505743357973729157e-01
-5.516275422331502476e-01 2.121027670421002723e-02 -1.842182703127257071e+00 -9.670085699415368330e-01 -3.482680823202490838e-01 5.679823181435241786e-01 1.148112896801376293e+00
-2.869405773625697265e-01 -5.924947132977628761e-02 -1.760000764972451615e+00 -1.160930814216472040e+00 -6.000851060270485648e-01 3.153727589766359141e-01 1.518801771834507042e+00
-2.145055537924711250e-02 -1.218033236405225844e-01 -1.571693210206043245e+00 -1.211748309829396408e+00 -8.209687833337901974e-01 8.386693444415345422e-02 1.647871502080473505e+00
8.359374291209412111e-02 -2.431348477085248927e-01 -1.265422834394180240e+00 -1.214883456124528305e+00 -9.388999548796509442e-01 -1.774273113014978101e-02 1.620338991929017425e+00
-3.634807033899210144e-02 -4.788221585289517135e-01 -8.449756414783704539e-01 -1.257416696551397539e+00 -9.176213607729899469e-01 6.930045944844751005e-02 1.533515418400058561e+00
-2.891737222040752231e-01 -8.083657235816910092e-01 -3.464983099211043083e-01 -1.347224426103383887e+00 -7.704156838724232070e-01 2.997962311034201299e-01 1.430424495360398618e+00
-4.695385588274852418e-01 -1.126123205036104302e+00 1.577358162288610144e-01 -1.384095642988165675e+00 -5.365511173177006654e-01 5.216632970494450294e-01 1.290587742246595004e+00
-4.210179482408513141e-01 -1.321301710812670782e+00 5.938312084987278361e-01 -1.245357910824084202e+00 -2.458446350415884607e-01 5.878276441601756330e-01 1.069609141819879206e+00
-1.649884303928842721e-01 -1.371240125848402380e+00 9.284896777329350037e-01 -9.124187793668899760e-01 1.026950352026562568e-01 4.832514417777286075e-01 7.572147017967144622e-01
1.513742026644014638e-01 -1.329113031447043625e+00 1.155450368642277903e+00 -4.676181532063185542e-01 5.283532662961244464e-01 3.056677100561083771e-01 4.010062114796494881e-01
4.251506290919298547e-01 -1.234049582843510962e+00 1.271074367199957811e+00 1.175069399865400280e-02 1.008634551229654175e+00 1.283417968819165478e-01 6.349808472149795491e-02
6.654164764988311775e-01 -1.067846045157260226e+00 1.278756899154299687e+00 5.172540823497786544e-01 1.438474372443409477e+00 -7.641972207739702871e-02 -2.260527786227904401e-01
8.854891138821625596e-01 -8.021340095583437968e-01 1.189152632588271752e+00 1.076405756624395416e+00 1.681051950534692141e+00 -3.610901077944775328e-01 -4.682396323058082288e-01
1.002443220158004467e+00 -4.630933014592273356e-01 1.010703511614428507e+00 1.664922304061772218e+00 1.658162877494567145e+00 -6.873382655023418941e-01 -6.577066008826396581e-01
9.002269064130549170e-01 -1.257611982632310943e-01 7.475371704973228226e-01 2.175856413029241487e+00 1.382444222818299817e+00 -9.407353077866120739e-01 -7.609124606149503256e-01
5.726594961012299034e-01 1.528733320708115795e-01 4.090341953415322918e-01 2.503900884942998228e+00 9.176198974302096634e-01 -1.056092279559701197e+00 -7.442451626489464678e-01
1.447942770525234568e-01 3.679266615731735524e-01 2.384023474291590075e-02 2.630013716920643674e+00 3.363609025790587070e-01 -1.076395505452031776e+00 -6.161252101502951994e-01
-2.637021668739862879e-01 5.233828699627722791e-01 -3.514639157059946117e-01 2.582056865395262246e+00 -2.707130221035714546e-01 -1.066121439132935667e+00 -4.188893348805424188e-01
-6.445534997284400047e-01 5.883601993054661250e-01 -6.437465263178774322e-01 2.356003610428662132e+00 -7.773750437605493335e-01 -1.012785738338934260e+00 -1.848491023946001732e-01
-1.039917371091547249e+00 5.269633296944143952e-01 -7.913314236223101261e-01 1.929993571896312821e+00 -1.066703326218051195e+00 -8.576094768615802888e-01 7.760900163701692223e-02
-1.408270398329096507e+00 3.565758422858578691e-01 -7.559673346282211881e-01 1.340708147078869539e+00 -1.100638467631374517e+00 -6.002349996102810392e-01 3.464308978526303151e-01
-1.605778708116044395e+00 1.572166770498278354e-01 -5.299316397910620591e-01 7.307950163419630885e-01 -9.176035344411760386e-01 -3.342275522576153013e-01 5.499095855150256673e-01
-1.520023485208546132e+00 2.522855324898395923e-02 -1.570692939044500691e-01 3.072938063884878557e-01 -5.730946431318891809e-01 -1.680227688591109103e-01 5.827298896653583249e-01
-1.209236227256315299e+00 5.867156761046359720e-03 2.756888670616661208e-01 2.072100806293177833e-01 -1.025218103816661758e-01 -1.145141474028306128e-01 3.829233056537389435e-01
-9.018425109020054009e-01 5.446395666771319810e-02 6.864895481064593463e-01 3.820462220595537417e-01 4.745411877673003653e-01 -6.310846116474098932e-02 1.226301826742406259e-02
-8.209958086566553348e-01 7.950932213618548683e-02 1.035968561518715969e+00 6.440778463986126523e-01 1.116409904471351355e+00 1.164390719650637701e-01 -3.724848461458611926e-01
-9.946270378772836818e-01 3.376223541976057507e-02 1.314858240112073196e+00 8.339028634904588344e-01 1.721713516441665703e+00 4.366891849550243454e-01 -6.413958170332090258e-01
-1.262453624216391734e+00 -4.964493113101393212e-02 1.494780712988521110e+00 9.207818453344963627e-01 2.153090299296635202e+00 7.847962850865682904e-01 -7.689726624614936501e-01
-1.420080880791157130e+00 -9.388480674192285769e-02 1.513423962408726453e+00 9.877472626328696048e-01 2.308485189278445926e+00 1.010018095319411335e+00 -8.215065569847079807e-01
-1.338970052021778212e+00 -3.761139265762063200e-02 1.321194378350718068e+00 1.149592848882903473e+00 2.166753341288943702e+00 9.902991265287568456e-01 -8.797762077072986964e-01
-1.040495723434375908e+00 1.118778193035300933e-01 9.201178955258150216e-01 1.409006299483419378e+00 1.780197196871710075e+00 7.031312289475335486e-01 -9.392655042609612259e-01
-6.707917260009347293e-01 2.742486771935357392e-01 3.600332934305382482e-01 1.592610756256093829e+00 1.243481870301798242e+00 2.658063397473270917e-01 -9.004294961013022958e-01
-3.517460036575226767e-01 3.545409966593432438e-01 -2.692336497565461229e-01 1.494499879006673915e+00 6.753693011015603487e-01 -1.455177847446547379e-01 -6.841442065884197898e-01
-9.103043147236912491e-02 2.981778939637533821e-01 -8.560904882663676885e-01 1.050131890179466509e+00 2.050733095716495424e-01 -4.079008731443888314e-01 -3.197483153118031995e-01
1.379679283634833720e-01 9.373101413904502688e-02 -1.304341770028947023e+00 3.363639536395878205e-01 -5.749517368108147952e-02 -4.644441395111303938e-01 9.275961897808274181e-02
3.109004312427702810e-01 -2.425776649184650247e-01 -1.545694802523214895e+00 -5.326025942316864326e-01 -5.835423306689930395e-02 -2.884963670879396314e-01 4.618481280480862816e-01
4.056350626035771234e-01 -6.504720304123781105e-01 -1.536132553103338294e+00 -1.439739564471467448e+00 1.604653129348398155e-01 8.140286453856247773e-02 7.382426666404878768e-01
4.730879851864937535e-01 -1.011952986619858441e+00 -1.265516499693452701e+00 -2.220544131749514705e+00 4.528089166733574311e-01 4.872363657041168805e-01 9.028882080315029368e-01
5.746122708730933004e-01 -1.198090730368515544e+00 -7.751214765745513269e-01 -2.665924271956219282e+00 6.407749251506290600e-01 7.204327191752469828e-01 9.417035686020330809e-01
6.720179163266756239e-01 -1.145278365826625455e+00 -1.711033561822307703e-01 -2.634172939000147817e+00 6.183563631863190357e-01 6.766237811318145390e-01 8.534793160677672796e-01
6.491699921381453020e-01 -8.842807491808082343e-01 3.935397152407819621e-01 -2.162259221363584505e+00 3.875383163477200688e-01 4.095050467544061323e-01 6.903242205334382264e-01
4.648776433609160819e-01 -4.982747095333411869e-01 7.775896981161529720e-01 -1.419758637357017239e+00 1.572381036916792318e-02 2.385868277078529581e-02 5.478972042741616644e-01
2.256690841312663787e-01 -7.669577548921155397e-02 9.086903192870056101e-01 -5.771509896543304263e-01 -4.068185280666876125e-01 -4.219893475756781864e-01 4.971181847042875357e-01
6.514246577400897853e-02 2.825053700434900228e-01 8.032130677763399396e-01 2.202429469489836089e-01 -7.764771740952984835e-01 -8.762521065021916522e-01 5.528878563946879598e-01
-4.550456593025167741e-04 4.670722547720937978e-01 5.510325781757589025e-01 8.087656808685763643e-01 -9.925761423379041437e-01 -1.225421052263162336e+00 6.946028204371100800e-01
-5.602149736367129096e-02 3.966776128815106550e-01 2.788656539175565774e-01 1.021471524698115640e+00 -1.005009180179673667e+00 -1.328880940757511064e+00 8.748284086741683341e-01
-1.346992423039937437e-01 1.031135159171528148e-01 1.046283631821135207e-01 7.752337562526017134e-01 -8.615132547274572117e-01 -1.134965836279556939e+00 1.003843987996716924e+00
-1.349942198554643924e-01 -2.545646068234219128e-01 8.203190182396738472e-02 1.820629657492157383e-01 -6.751227169800798622e-01 -7.473942225796270655e-01 9.627765646045814973e-01
4.355582986485288105e-02 -5.053163625432046668e-01 1.716709646618773122e-01 -4.773964207322106690e-01 -5.127048225666906989e-01 -3.322705579584841473e-01 6.777774831550130719e-01
3.353799083050291174e-01 -5.929713311598793224e-01 2.824722908646818964e-01 -9.662108910988108645e-01 -3.431659144238358716e-01 3.431843011384908687e-02 1.874851488635402852e-01
5.750398600172899055e-01 -5.662581573825921089e-01 3.447342247334745369e-01 -1.214395347995761210e+00 -1.086633244115575991e-01 3.664595844982085349e-01 -3.802206074518003631e-01
6.760012635303822570e-01 -4.828583349407913339e-01 3.539849344342975712e-01 -1.224456348020902974e+00 1.870273395441073572e-01 6.441415146341069597e-01 -8.930316319358422295e-01
6.483468787814644640e-01 -3.599379661699808053e-01 3.492355146356705409e-01 -9.809885752213481913e-01 4.733828205175495962e-01 7.876336693668177791e-01 -1.267631408519980907e+00
4.804510656263257795e-01 -2.098201617884530024e-01 3.549037806431054043e-01 -5.101716216230781642e-01 6.827741949981138703e-01 7.676439758367572530e-01 -1.450762812781749567e+00
1.244526086555880484e-01 -8.297450278288617809e-02 3.684975510826422052e-01 5.138867071606083997e-02 8.046904009207744846e-01 6.519704309422821309e-01 -1.391164874179676270e+00
-3.645902789742581640e-01 -2.784829677122192815e-02 3.906117900203676108e-01 5.355310491656147809e-01 8.561506855043705677e-01 4.955926139864065827e-01 -1.072532475266579910e+00
-7.705712330213490002e-01 -2.254618149792365564e-02 4.272205589957734917e-01 8.755957303484414034e-01 8.283481432693883262e-01 2.520011190285019742e-01 -5.619288906349934054e-01
-8.786485312686638238e-01 5.565761223390611363e-03 4.616495527438000401e-01 1.107780380714151303e+00 7.002318106339531223e-01 -1.414889621832822464e-01 1.402295882354502197e-03
-6.619553564530427092e-01 9.460240298377518842e-02 4.552249243107457377e-01 1.252533211087951459e+00 4.882722870384119118e-01 -6.326585280390846222e-01 4.760416534777334729e-01
-2.539939612982926032e-01 2.174974140282358859e-01 3.886626425580731459e-01 1.256255614858754699e+00 2.433298068456453966e-01 -1.073897814865407252e+00 7.747532752148388324e-01
2.181498280413813884e-01 3.328036523727744833e-01 2.835257573424371791e-01 1.070675276566475542e+00 4.464015811047488715e-03 -1.350927210441245974e+00 8.543877114327694811e-01
6.830296467676066907e-01 4.220839195388538245e-01 1.718911575142731962e-01 7.369073772237969555e-01 -2.060387665380155608e-01 -1.428349154285670553e+00 6.916839301536379381e-01
1.036998476303456318e+00 4.661840947533796298e-01 7.049141039401436715e-02 3.425494815672500692e-01 -3.478772369144406129e-01 -1.280136215326449500e+00 3.054856000555146167e-01
1.137002332768090707e+00 4.241207265141441196e-01 6.145899088899200524e-04 -7.688092508736930897e-02 -3.678788151841390630e-01 -8.640929548702356300e-01 -2.081442083020378642e-01
9.413426026395199653e-01 2.742323609870984114e-01 -1.837625762302589607e-03 -5.276625670107106814e-01 -2.591737249231793050e-01 -2.099549152342514158e-01 -7.097703663220803483e-01
5.835620693365876077e-01 6.587311539071741273e-02 7.493519906449201684e-02 -9.504785520870477900e-01 -8.533622951742965423e-02 5.256475605804526996e-01 -1.114322440608792153e+00
2.327022063736040591e-01 -1.173166742016440584e-01 1.984234305389723507e-01 -1.217457420534428403e+00 8.546894906486930676e-02 1.160899314771369095e+00 -1.425778169605426582e+00
-6.465004820207088942e-02 -2.441189563208933933e-01 3.201374060314589598e-01 -1.269658664010202553e+00 2.444232944895221304e-01 1.621648418966667338e+00 -1.659632695471513708e+00
-3.427176111201768460e-01 -3.430128543002440300e-01 3.968440647949951217e-01 -1.172972309388920165e+00 4.109555038434418717e-01 1.923735017720254792e+00 -1.779714912644913438e+00
-5.724937273067168819e-01 -4.314721643881747615e-01 4.031678168616606994e-01 -1.014842437125592856e+00 5.729251505829258129e-01 2.058862771060676611e+00 -1.742527595961389730e+00
-6.400053876020899146e-01 -4.760961958690817508e-01 3.439331092994868944e-01 -8.130273143690364135e-01 6.905344309695475857e-01 1.967986629826292910e+00 -1.574410742602520008e+00
-4.742666224120511420e-01 -4.298383241323671666e-01 2.417491126662858481e-01 -5.464151597452094888e-01 7.331218853403650426e-01 1.630344758353725609e+00 -1.376387862040186594e+00
-1.476797806754252262e-01 -2.940046653642922059e-01 1.245701282851349595e-01 -2.329789024815996090e-01 6.957530707119393698e-01 1.125479615800508926e+00 -1.244038391752044115e+00
1.815875034009231670e-01 -1.248518193521605951e-01 3.304746995934834675e-02 5.933959431613430174e-02 5.927334763055289724e-01 5.798401430305429871e-01 -1.188557840534876231e+00
4.142998628414900630e-01 2.089559168531129538e-02 2.401163962591192080e-02 2.727030634089178118e-01 4.350381044456277380e-01 6.928641965667203806e-02 -1.147840277833823253e+00
5.756795972857917665e-01 1.269419263610944426e-01 1.510494545408242739e-01 4.005368015634404588e-01 2.157142501501711496e-01 -4.125996819189242104e-01 -1.052638931728806959e+00
7.423215476601063845e-01 2.023612011529057342e-01 4.313225530481248349e-01 4.625086257687551772e-01 -7.465582591974480320e-02 -8.996705468875079159e-01 -8.642239878111107609e-01
9.281622248216016002e-01 2.373734899373552143e-01 8.389625694834295100e-01 4.587250840114086570e-01 -4.167337079465466831e-01 -1.378207079052824247e+00 -5.707524810640349777e-01
1.068873551899123697e+00 1.926588706255278893e-01 1.322344010352737742e+00 3.587714189417475774e-01 -7.631932377351769992e-01 -1.776423081157414874e+00 -1.722851036446452211e-01
1.122928541355373344e+00 4.921628191693840776e-02 1.809413755050154560e+00 1.374372851680364105e-01 -1.084322160425144954e+00 -2.038396374645326858e+00 3.185850735763039454e-01
1.143887027393714062e+00 -1.507462391933979684e-01 2.222214474742103096e+00 -1.777873122147991813e-01 -1.387712685781091748e+00 -2.186353086591228401e+00 8.542388315614082295e-01
1.217234939966555629e+00 -3.286759981518219687e-01 2.503069852002011153e+00 -4.980756804943021199e-01 -1.680257147659304007e+00 -2.283344646696971125e+00 1.338206833875062562e+00
1.338925602138189008e+00 -4.303235206792847545e-01 2.617569893762937916e+00 -7.237527469143014702e-01 -1.926315089216804388e+00 -2.350205310694870597e+00 1.670874504011373496e+00
1.396471402072143375e+00 -4.596480182856063634e-01 2.549876945121108296e+00 -8.163704295509539577e-01 -2.054173160740112802e+00 -2.344280489168270698e+00 1.824164429994698411e+00
1.302811271365621693e+00 -4.459892564963017780e-01 2.313022032747421797e+00 -8.091966780063377662e-01 -2.018067106274839873e+00 -2.222682180457152601e+00 1.833007789604712556e+00
1.109713215540551134e+00 -3.910144117647453288e-01 1.952805138466394252e+00 -7.451623442650584517e-01 -1.838948871389475492e+00 -2.001697418403128648e+00 1.715673472662178067e+00
9.477710330327718813e-01 -2.656510286893436490e-01 1.527266496149648933e+00 -6.285628764913537836e-01 -1.570080210694106082e+00 -1.738042552814826669e+00 1.446551035447418476e+00
8.922229055276645893e-01 -5.122835092172544486e-02 1.090407924108458548e+00 -4.464727084052803607e-01 -1.257284415957498958e+00 -1.470378343537896537e+00 1.004308202608978906e+00
9.002358219601136469e-01 2.170451821603325837e-01 7.027854357060488999e-01 -2.249229259945360326e-01 -9.314373324306010060e-01 -1.185634156437921360e+00 4.303995311063887330e-01
8.628351079746076069e-01 4.498440176408008417e-01 4.382972204944391437e-01 -3.089820630945904270e-02 -6.087570354297912045e-01 -8.464422234750642593e-01 -1.624723674886371927e-01
7.329702260950132775e-01 5.678381924201832964e-01 3.567648443249009094e-01 9.432907107617741205e-02 -3.144193582977993229e-01 -4.683598391924489457e-01 -6.472491840891468895e-01
5.782565003367866607e-01 5.617519784820503848e-01 4.640175932439629114e-01 1.691511528414625098e-01 -1.025895651784663187e-01 -1.447976423865000306e-01 -9.453890647242771950e-01
4.791864374619697053e-01 4.710602797722164281e-01 7.101781341569411987e-01 2.310933781756740468e-01 -1.421831334488375155e-02 3.610707542282885069e-02 -1.041888695375218665e+00
4.164456674197540287e-01 3.221605553068790928e-01 1.021547672017659281e+00 2.917889900777090317e-01 -2.269898016395935011e-02 8.193388448966953952e-02 -9.628824063585519344e-01
2.987090862293841353e-01 1.131187445410742065e-01 1.324866341496043765e+00 3.267738732641518595e-01 -5.359088535204002690e-02 8.436529113105771527e-02 -7.475029186207542420e-01
1.010593213203408308e-01 -1.495450276711504656e-01 1.572096018371073933e+00 2.913330016520714327e-01 -5.654186756687236415e-02 1.216249108725651479e-01 -4.427573707119459301e-01
-7.104891569671209495e-02 -4.170315050869496942e-01 1.745843994597999771e+00 1.680175821114292534e-01 -4.274002067562612112e-02 1.817606212553172784e-01 -1.153985984934389614e-01
-8.854125286033483200e-02 -6.014096195376561482e-01 1.819192099896826953e+00 1.215339576698955606e-02 -5.779077827346347507e-02 1.849903024313090949e-01 1.510834230906578368e-01
6.080584294695629000e-02 -6.287648956057433347e-01 1.748910534482899237e+00 -9.157782001297225249e-02 -1.267986330292233677e-01 8.712195381268046657e-02 2.846047744358788933e-01
2.498326987421277678e-01 -5.003774052735795452e-01 1.518255644141240923e+00 -1.275139416165934070e-01 -2.249156625259992603e-01 -4.750213625489495273e-02 2.683768495544061605e-01
3.327191996510355798e-01 -2.753348531124911180e-01 1.151290210372419409e+00 -1.573144201464448111e-01 -3.046435564749235825e-01 -1.063372165147685594e-01 1.509780184438190009e-01
2.864279465591447194e-01 -3.394867373092483320e-03 6.955232684515706421e-01 -2.253419332149027288e-01 -3.429404898038461713e-01 -5.201747015244726630e-02 -6.186818699893009178e-03
1.964063794532452389e-01 2.960908923244243707e-01 1.935575336702650695e-01 -2.851729275248074402e-01 -3.494199062331710959e-01 5.000229785491606960e-02 -1.788928835126061268e-01
1.291744143441291848e-01 6.042362592911187935e-01 -3.244751087135361312e-01 -2.476726891729792712e-01 -3.384008271420722025e-01 1.239971731950314238e-01 -3.765086739394232218e-01
7.573267314344220291e-02 8.717914596616099798e-01 -8.049750841774930832e-01 -9.707988067061802673e-02 -3.033449145467442265e-01 1.682991522777399773e-01 -6.013662781123561007e-01
2.534040170513161740e-03 1.030338500554071057e+00 -1.162064696200186376e+00 8.128674178896543034e-02 -2.220474137852292140e-01 2.345413912445911409e-01 -8.216930349954083557e-01
-7.184328909475871938e-02 1.049561826008549970e+00 -1.331685802994696077e+00 1.969984060992646113e-01 -8.947675680861583158e-02 3.452734661201797284e-01 -1.004497522983725633e+00
-7.153892334088789162e-02 9.773024847421925010e-01 -1.321780301812144343e+00 2.543648789398731402e-01 6.721009474391358152e-02 4.513818990603094550e-01 -1.160751410033858289e+00
3.371462043402983361e-02 8.886676413134787511e-01 -1.194914725629897090e+00 3.211912494740680191e-01 2.156110033875032195e-01 4.931114844328899904e-01 -1.318718296007966195e+00
1.515511264290774207e-01 7.936734655140713635e-01 -1.013145552025560558e+00 4.084749744994204956e-01 3.421140668044908573e-01 4.884337347021333597e-01 -1.457803372542630926e+00
1.517223402104610486e-01 6.370896642291923317e-01 -8.211729404878822525e-01 4.488493345676715096e-01 4.386122050447698872e-01 5.143945589692304754e-01 -1.515340680456598532e+00
1.398515423507534598e-02 3.888364433228719830e-01 -6.582704865492299273e-01 3.915299174731635135e-01 4.855459115875588871e-01 6.148612495581315951e-01 -1.469540810683496623e+00
-1.341508068012848276e-01 1.026111173033426444e-01 -5.616923556634434433e-01 2.643675898389293843e-01 4.591793097226289366e-01 7.551877017579109452e-01 -1.378227939640417787e+00
-1.222906314495786073e-01 -1.185677303577867686e-01 -5.658882222300581910e-01 1.450496083592557328e-01 3.482431835283117949e-01 8.605056724566947368e-01 -1.330554832741476234e+00
1.027779532008455121e-01 -2.088444029091795495e-01 -6.852245782708995536e-01 9.006188041683284295e-02 1.718640686947021934e-01 8.927429004491862496e-01 -1.369884558560122478e+00
4.252075834870477911e-01 -1.834429831923455323e-01 -8.941991445731287680e-01 9.586264820984054247e-02 -1.246392003061408404e-02 8.801965114504198828e-01 -1.452131088346303889e+00
6.830220801707765910e-01 -1.033275546067026068e-01 -1.139019686534831211e+00 1.369184431050187722e-01 -1.323087943138076261e-01 8.705254756259935833e-01 -1.489967772386050271e+00
8.031930949992540647e-01 -1.617528339271482804e-02 -1.367020646256082994e+00 2.244443080503414623e-01 -1.409498626134041144e-01 8.732568366137347660e-01 -1.435793299922411226e+00
7.967787625667798190e-01 7.157998431418699514e-02 -1.547127472865418740e+00 3.989669964722965534e-01 -3.843228637845293172e-02 8.591207003034375678e-01 -1.300117721465437137e+00
6.602717909668023299e-01 1.650319003197637524e-01 -1.662933093043647892e+00 6.587102919027642001e-01 1.439570355949724156e-01 8.238750729844593890e-01 -1.107456420471822467e+00
3.375407413067634810e-01 2.332629120364837771e-01 -1.692961335942862799e+00 9.108268553713213533e-01 3.684131589399323725e-01 8.289778185531109234e-01 -8.583242753633515409e-01
-1.814370019137906964e-01 2.258836011920807296e-01 -1.605893297352530391e+00 1.016237210446050199e+00 5.838802499589033079e-01 9.332529523271544392e-01 -5.404864733677071653e-01
-7.650159505696372264e-01 1.366472712960638547e-01 -1.376567517561750886e+00 9.051449118413923411e-01 7.090883115614192711e-01 1.097278618921496918e+00 -1.813848608187773048e-01
-1.208861016971772395e+00 2.480681516430730676e-02 -1.014723790877671172e+00 6.507117072176782369e-01 6.567848607436302943e-01 1.190644440032882612e+00 1.361972106463930077e-01
-1.405728879722694558e+00 -4.766201460121029937e-02 -5.681529274012480091e-01 3.918875289360940206e-01 4.024176873249274977e-01 1.109232487210038975e+00 3.423054416859703242e-01
-1.427342581950701295e+00 -9.568607929320888106e-02 -1.009949082075194543e-01 1.820424021905787115e-01 3.061455501518149311e-02 8.852755376418396382e-01 4.546434706657523916e-01
-1.406831493018195545e+00 -1.898858576628023043e-01 3.190592290348122639e-01 -3.500458872134068478e-02 -3.144958396012875745e-01 6.453304551672881528e-01 5.558601473807099902e-01
-1.358408707199792342e+00 -3.544105056527931952e-01 6.259339826339874735e-01 -2.995525832641375841e-01 -5.279806209452208021e-01 4.619428454708751075e-01 6.947001468838016613e-01
-1.190729762695407201e+00 -5.265399221242367256e-01 7.533911770863570556e-01 -5.496398048468295050e-01 -5.806682768995596877e-01 3.073714561275052715e-01 8.369692909309129902e-01
-8.765721454298974757e-01 -6.275105975552376369e-01 6.570110793665550064e-01 -6.997984629989987271e-01 -4.877360563890674738e-01 1.558550127955140585e-01 9.156885244858589123e-01
-5.171372920076849899e-01 -6.459569851166065968e-01 3.674624515032626770e-01 -7.646922846224724069e-01 -2.821918791559631656e-01 6.090600279986072701e-02 9.019995479614785205e-01
-2.224931526185499331e-01 -6.269355726566713249e-01 -5.337769733649125846e-03 -8.498786240640806566e-01 -2.939539932683709125e-02 8.845686594911056355e-02 8.181897938997974018e-01
2.701643766815982686e-02 -5.893455315053940380e-01 -3.389850509977184179e-01 -1.040271616070405747e+00 1.576230894930590321e-01 2.086949288942122893e-01 6.972121539202977836e-01
3.625031138102096651e-01 -4.869452964946303086e-01 -5.719804053273969124e-01 -1.306003674006492643e+00 1.645477578639274185e-01 2.952814460992631562e-01 5.413438174969101846e-01
8.788641425873148227e-01 -2.540561020568752326e-01 -7.268309509539025992e-01 -1.497069391287581874e+00 -4.822767804296515526e-02 2.206198872928237242e-01 3.183642450798198076e-01
1.510047600308897175e+00 1.181182362960467441e-01 -8.591988587467512817e-01 -1.463795534639384277e+00 -4.225450620445165284e-01 -4.260358169906318382e-02 7.097659128034890068e-03
2.032920480438727751e+00 5.429418307909289476e-01 -9.877650913322337800e-01 -1.192055338981875101e+00 -8.378129310964502752e-01 -3.904858130407689587e-01 -3.405198894040719071e-01
2.231429980390256418e+00 8.894902025033469828e-01 -1.078784552604804547e+00 -7.932702345142440548e-01 -1.177777918460028550e+00 -6.768907984017988877e-01 -6.028404507265220369e-01
2.067897140002766587e+00 1.074490202117156068e+00 -1.080719826660667238e+00 -3.945202672241357456e-01 -1.384924315293567298e+00 -8.334546474961335161e-01 -6.670383891890002692e-01
1.653992528710152232e+00 1.088644938717586275e+00 -9.737796966426698342e-01 -6.723633931323710899e-02 -1.450776925153824726e+00 -8.792505557579206599e-01 -4.928906189890511214e-01
1.097681641899671767e+00 9.571859006484532140e-01 -7.923614905304505740e-01 1.687836491839372899e-01 -1.377305954477286321e+00 -8.431807934526845960e-01 -1.180069410119287954e-01
4.382548463206242806e-01 7.016738861113617221e-01 -5.907787518800465820e-01 2.969631838189963902e-01 -1.164240044527225404e+00 -7.145348563848690215e-01 3.761869151505195519e-01
-2.864563460291010277e-01 3.433750263120247670e-01 -3.995373021877857700e-01 2.829943361047631556e-01 -8.199128854639491371e-01 -4.715634961669794567e-01 8.956908210715057717e-01
-9.509524864022382840e-01 -5.608204366121053580e-02 -2.295077221085472796e-01 1.341415319453708177e-01 -3.778632138986248723e-01 -1.505719783735537387e-01 1.324451487300780217e+00
-1.363448978649383081e+00 -3.727200516792819607e-01 -1.040610274051348566e-01 -5.157877614053803933e-02 9.989520676592901494e-02 1.368187110445765742e-01 1.520595113713109514e+00
-1.414391024653982143e+00 -4.752933433313498157e-01 -6.757979083604540027e-02 -1.443421867215013699e-01 5.430887073929041575e-01 2.850202363996191535e-01 1.382799020087709607e+00
-1.182902661622087681e+00 -3.224781458248395793e-01 -1.508112044494304971e-01 -7.811623658177410667e-02 9.075818064372516147e-01 2.866783570646783685e-01 9.338669967237382963e-01
-8.440006518314037143e-01 9.891952766220927715e-03 -3.174763794392641558e-01 1.223333718469927223e-01 1.188664578122770044e+00 2.221347677942515364e-01 3.086184636475605703e-01
-5.085968540264258486e-01 3.890473450801492095e-01 -4.568185731670476590e-01 3.815320195745552923e-01 1.397023285047547914e+00 1.777108721512153378e-01 -3.400136685119691804e-01
-2.135884101312734151e-01 6.933245598126304143e-01 -4.617163846354143120e-01 6.220558939540851151e-01 1.535337708468969886e+00 1.985441225722017755e-01 -8.968387145386518267e-01
-1.351478824405531916e-02 8.485629020089832109e-01 -3.120204207610163816e-01 7.884367497699996674e-01 1.596626227796967834e+00 2.954477843721216579e-01 -1.282945832628608951e+00
-1.207933741386900232e-02 8.315955727766971561e-01 -6.788690677733515144e-02 8.482307894973087903e-01 1.571987823992484934e+00 4.622229631653617110e-01 -1.448428071909254822e+00
-3.121213495018826389e-01 6.499237250562238666e-01 1.934061485382897461e-01 7.656787448557833553e-01 1.464136550489589350e+00 6.907988798165028976e-01 -1.362346258421397893e+00
-9.375165326735857008e-01 3.252403710766670897e-01 4.270987698282597833e-01 4.864357109341447272e-01 1.299539527543173367e+00 9.724881604910406985e-01 -1.009154376017129318e+00
-1.751534163287522539e+00 -8.333469322809128332e-02 6.225966997270525605e-01 1.150518435435930222e-02 1.117796610439287130e+00 1.249489597475675673e+00 -4.216989512128489492e-01
-2.462598130411896236e+00 -4.514672629262790338e-01 7.600360539527721837e-01 -5.172365204187178156e-01 9.540789208919362441e-01 1.388606210288342746e+00 2.785150622138198306e-01
-2.812945139219758417e+00 -6.512935639245641672e-01 7.935634392342927335e-01 -8.856795397515585533e-01 8.533302636287336540e-01 1.283193159788123427e+00 9.157247270214634582e-01
-2.762382058397940821e+00 -6.474201484302259946e-01 6.925668488833737202e-01 -9.660674733105900636e-01 8.737694213246391950e-01 9.657698457008421222e-01 1.356955870041205880e+00
-2.416723673574161957e+00 -4.805090063602732720e-01 4.729754949160724919e-01 -7.601855821888344744e-01 1.025519422380346546e+00 5.564476658870977088e-01 1.547329063594666376e+00
-1.854523932188141488e+00 -1.774670000305012818e-01 1.850580724557364387e-01 -3.189118780825227484e-01 1.214831562286124766e+00 1.325602046866736494e-01 1.461597015336672856e+00
-1.127298381355762436e+00 2.669954153845489064e-01 -1.136315546529405585e-01 3.111167395972146421e-01 1.284209297599177457e+00 -2.941438690884790597e-01 1.082444841857744144e+00
-3.646707122022716518e-01 8.203861881377242371e-01 -3.711255714593215682e-01 1.047444466090152515e+00 1.123635587650520851e+00 -6.942577401652281210e-01 4.517467548108949349e-01
2.242374680998887315e-01 1.357715809477088698e+00 -5.348993580504360912e-01 1.712787862954368689e+00 7.478345749786582397e-01 -9.718540625901304075e-01 -2.762836337567280420e-01
4.818487074495386713e-01 1.707201688916371696e+00 -5.533016480240071644e-01 2.076106522066312188e+00 2.645314749457287617e-01 -1.028955422871989267e+00 -8.720322559137854146e-01
4.264159837345161685e-01 1.759969876805531408e+00 -4.033740783698954169e-01 2.007770263027842450e+00 -2.147576607974958363e-01 -8.727242248495195032e-01 -1.153975683584411716e+00
2.209079991616848260e-01 1.527696023145167947e+00 -1.214165756547883751e-01 1.587091631123337621e+00 -6.183440848766201814e-01 -6.239147870259271755e-01 -1.085341603132013555e+00
2.212553286958683293e-02 1.100325800564100343e+00 2.087290727087141584e-01 1.017000748295517010e+00 -9.053807457716380735e-01 -4.059910789664232800e-01 -7.575176488285784160e-01
-1.116637093110450230e-01 5.719842834609661919e-01 5.012937718229385498e-01 4.608209703260596202e-01 -1.055246276618675205e+00 -2.628667594428243381e-01 -2.932599238308325473e-01
-1.904724281012297460e-01 7.076498820753555040e-03 6.996883376098499419e-01 -1.073718913951465272e-02 -1.068722807416142118e+00 -1.905707135644229833e-01 2.311194846377307988e-01
-2.143235649362659478e-01 -5.451799309460727549e-01 7.816107719726367309e-01 -3.670512540700767712e-01 -9.697323817387775158e-01 -2.003237782940737177e-01 7.761322516236809355e-01
-1.480776471769362224e-01 -1.022452809464443169e+00 7.446594083706655764e-01 -5.553458420966650433e-01 -7.955878693836645477e-01 -3.216520037452404446e-01 1.277893902473302035e+00
4.728773349250283559e-03 -1.367844472442677928e+00 6.015608150272180321e-01 -5.221335184786588535e-01 -5.724216405989986933e-01 -5.423206529917746765e-01 1.653409525468346519e+00
1.420133396640062551e-01 -1.585263808417644693e+00 4.071275661062930262e-01 -3.025313123502900714e-01 -3.052201527585856056e-01 -7.729894600120527093e-01 1.884737102952157572e+00
1.487664428763180446e-01 -1.739178116729029000e+00 2.658639848975887787e-01 -2.339129835108799682e-02 -4.979710854275252140e-03 -9.104248392185514405e-01 2.041905698955262416e+00
2.760309033103323928e-02 -1.893226717462638709e+00 2.795109954944404174e-01 1.946416514200812464e-01 2.868788056164555123e-01 -9.220814763494961097e-01 2.199717077526870401e+00
-1.118574864714446532e-01 -2.067067605951816489e+00 4.761703305832785671e-01 3.035409029241754042e-01 5.217630119099173625e-01 -8.429735210787250299e-01 2.363617459884768124e+00
-1.647625173472301863e-01 -2.228965499488849922e+00 7.887152175308544955e-01 3.228137576138426224e-01 6.784958590877278040e-01 -7.198274024001943827e-01 2.473270128023505876e+00
-1.083700999378521962e-01 -2.317505587118357635e+00 1.099711568917969950e+00 2.983006760692649695e-01 7.614594430074591580e-01 -5.755556052360512043e-01 2.458487506802300882e+00
-3.307139027455022195e-02 -2.306122988293732856e+00 1.309171899909907566e+00 2.444839442068378332e-01 7.931466855876528887e-01 -3.872944367032878921e-01 2.308509636061841341e+00
-8.559544851549537314e-02 -2.241519288699397539e+00 1.377594247143281381e+00 1.162438297964686618e-01 8.144748259154301895e-01 -9.828723195965592685e-02 2.089786727300729119e+00
-3.176152003061957219e-01 -2.185565671793775255e+00 1.322208984269194199e+00 -1.351240113834621670e-01 8.613362943475376676e-01 3.070861294017999121e-01 1.879320685336112406e+00
-6.268439154081034692e-01 -2.139994296457486733e+00 1.168611359025238272e+00 -4.761133037359683851e-01 9.447107690008155201e-01 7.569074088773501963e-01 1.688991443310380092e+00
-8.722985790297171915e-01 -2.052272428913560098e+00 9.130355728188676023e-01 -7.983022575854815672e-01 1.063885277295376408e+00 1.151617268706183195e+00 1.466671079481268736e+00
-1.017244261527464166e+00 -1.888767185607141519e+00 5.564412402534271163e-01 -1.018476155388643223e+00 1.226051062119365209e+00 1.454781634016610203e+00 1.171907942045495199e+00
-1.145129022991494994e+00 -1.686160874033007406e+00 1.620340534377252562e-01 -1.140793139811531853e+00 1.447175719662294080e+00 1.702822028081823369e+00 8.379767388644014936e-01
-1.327081176782764160e+00 -1.511270563700141123e+00 -1.575639450298179089e-01 -1.217295955452713185e+00 1.721727166260869968e+00 1.922526611753601289e+00 5.457257030097555361e-01
-1.499961435676608001e+00 -1.375723508942944484e+00 -3.227469538282549122e-01 -1.264584860312585990e+00 1.988931349269826621e+00 2.057754225050164365e+00 3.462206263496315217e-01
-1.502862920076948772e+00 -1.205692431183549518e+00 -3.529900180304060275e-01 -1.221528616314686788e+00 2.151341086716227480e+00 1.999280932701539282e+00 2.096492950562482971e-01
-1.225530388851875374e+00 -9.048621633146930465e-01 -3.376932597335796649e-01 -1.002201971008842118e+00 2.138515415837654920e+00 1.688430787795281995e+00 4.521184697914212153e-02
-7.251862314245395291e-01 -4.580158397469272225e-01 -3.416549033226041199e-01 -6.016133881111764836e-01 1.952870203302984331e+00 1.186016195905071458e+00 -2.054418261836739867e-01
-1.865059588833900273e-01 3.995650342180381842e-02 -3.525722284674184803e-01 -1.341026830207934784e-01 1.655974797500284756e+00 6.377526852290349435e-01 -4.952589748805917846e-01
2.476363462007207250e-01 4.600717194157883383e-01 -3.062456418377859646e-01 2.392442936571549661e-01 1.311845163471876852e+00 1.742174515935425438e-01 -7.194081683221900114e-01
5.786519251089704552e-01 7.263884124572864698e-01 -1.470663173430000192e-01 4.160355865501845773e-01 9.443521626418663883e-01 -1.614563067822757658e-01 -8.185414673124625784e-01
8.990610789331299202e-01 8.573878423601234422e-01 1.130196442400094453e-01 4.090060379664328116e-01 5.395575235880766263e-01 -4.121123948077611288e-01 -8.242968997147983590e-01
1.271488310054309068e+00 9.426144781045205923e-01 3.847399584020787522e-01 3.155625373288492574e-01 7.472869662196342244e-02 -6.401609549039719571e-01 -8.258387740967144675e-01
1.634940944191593193e+00 1.044886733733045858e+00 5.674263099824204959e-01 2.248891757551572945e-01 -4.435701698297291329e-01 -8.535952170648618553e-01 -8.739806307368871430e-01
1.831798006111829302e+00 1.131244927933310995e+00 6.226206299234156027e-01 1.648732284819216798e-01 -9.536678623719572201e-01 -1.001747484761023266e+00 -9.196059789760588910e-01
1.763840645935099705e+00 1.125959755351678249e+00 5.822554217644443364e-01 1.298207241359576047e-01 -1.370026823867956711e+00 -1.041055000519689466e+00 -8.782437507557554479e-01
1.497655410461872671e+00 1.010916034055181933e+00 4.878685151484066784e-01 1.289938446469837685e-01 -1.648732962349116926e+00 -9.933192627163530686e-01 -7.293182408014342588e-01
1.186565737512619734e+00 8.501837847500419709e-01 3.277933762216720948e-01 2.004023259920834077e-01 -1.793263660537618431e+00 -9.263085834961479748e-01 -5.304378550912889345e-01
9.078150023323984241e-01 7.071823558054466385e-01 7.047559755610036114e-02 3.561702628647572255e-01 -1.798784820490342939e+00 -8.699198461972048602e-01 -3.430606571705551722e-01
6.015889702203476297e-01 5.551221263443872900e-01 -2.434514940309140119e-01 5.076134578718957124e-01 -1.626136231123036069e+00 -7.661791806134032878e-01 -1.575774266696050863e-01
1.848953430201497050e-01 3.132822034986456616e-01 -4.934173347485340533e-01 5.084560002657363409e-01 -1.248192306021653541e+00 -5.337076467507267941e-01 7.426674587516131354e-02
-2.911285231632552706e-01 -1.716759133076425567e-02 -5.856340623683818913e-01 3.199664069445877224e-01 -7.198666846536767583e-01 -1.904434861249319766e-01 3.330827791232423007e-01
-6.509387012196504729e-01 -2.980449909586606050e-01 -5.516613278421877986e-01 8.013412695873357861e-02 -1.800445223731401423e-01 1.347526653539415087e-01 5.002578277533835660e-01
-7.855081193725514943e-01 -3.803112382636181232e-01 -5.019155340858336700e-01 -4.971274882748396434e-02 2.322462037652329170e-01 3.383808246684535392e-01 4.676377289899396605e-01
-7.749005982524040936e-01 -2.556264193856840894e-01 -4.952047410181976139e-01 -5.256813843453871787e-02 4.585156215877632113e-01 4.411437591689148507e-01 2.602577053280200614e-01
-7.710046363504279299e-01 -3.466761629701387709e-02 -5.040540326022050488e-01 -1.880622016509354150e-02 5.218488713920170774e-01 5.260892417542017974e-01 4.201616971558241875e-03
-8.038946075969338745e-01 1.887130985349884660e-01 -4.827144739282147601e-01 -7.673397944890961685e-03 4.612365270827499253e-01 6.123231489733633737e-01 -1.965631521860943809e-01
-7.520059244505250540e-01 4.077111192262411477e-01 -4.276484158006976233e-01 2.271948932696002225e-03 2.796521330559528229e-01 6.191134845569287171e-01 -3.142542185381860809e-01
-4.908396847426230725e-01 6.574695495476121643e-01 -3.752318697223538391e-01 5.538549842958657987e-02 -3.332453430267202921e-02 4.587957695473684483e-01 -3.753009750709409564e-01
-3.648730324307989520e-02 9.349363959025318582e-01 -3.543837441726469528e-01 1.530706584425643446e-01 -4.407294710918070457e-01 1.428031465669996058e-01 -4.201101079062469212e-01
4.685642451135346720e-01 1.179517823158511058e+00 -3.588054282916445792e-01 2.543655647150583343e-01 -8.466491904041467675e-01 -2.234346889932851965e-01 -4.693382516096056278e-01
8.821296564491266645e-01 1.327408821649989523e+00 -3.653965552158796037e-01 3.197840388300320358e-01 -1.157216755780525741e+00 -5.331174602653848682e-01 -5.182671083935341816e-01
