-1.885898453066911507e-01 9.693737575264909090e-01 -2.882789906720283346e-01 -6.142466061788525167e-01 -8.837936318909064282e-01 1.698293255517052402e-01 1.774095750460409349e+00
7.376055647657157877e-02 9.943174390729768719e-01 -2.579191379015339028e-02 -4.290629864447573216e-01 -7.967701820384907041e-01 -1.657257504408309601e-01 1.166182455350308622e+00
2.673612045789953151e-01 8.679485349858929721e-01 2.850634185818926025e-01 -1.438790507321487389e-01 -4.690272469312667392e-01 -4.004960354575757275e-01 4.673364311228675461e-01
3.429265624168013060e-01 6.253635856448400698e-01 5.716186430845584532e-01 1.606411490357622929e-01 -6.089824456263858918e-03 -5.654929407183277856e-01 -1.885020723909161255e-01
3.245098887769595764e-01 3.144816876055079313e-01 7.917593038374705072e-01 3.772298914635072720e-01 4.611601215653607366e-01 -7.034787700272410182e-01 -6.434252105252882270e-01
2.957260662229221904e-01 -4.279208715277689479e-02 9.645582993791963489e-01 4.244067745533120495e-01 8.748294454519358609e-01 -8.192044017897737174e-01 -7.986991501436603302e-01
3.138862469378289055e-01 -4.286591541561173280e-01 1.111948637962050013e+00 2.719875033900534533e-01 1.220041825488703546e+00 -8.879334678758838972e-01 -6.518982945341009749e-01
3.726055453406577622e-01 -7.942281251382087293e-01 1.210112720302205069e+00 -5.478766156533262238e-02 1.454116463504761425e+00 -8.915820727388942268e-01 -2.860460228776247060e-01
4.445343996244642271e-01 -1.071742221050999699e+00 1.215651740258505642e+00 -4.856450957760024001e-01 1.512648183706962746e+00 -8.368063635705783598e-01 1.650229463172172839e-01
5.174504450649605181e-01 -1.213098244197969189e+00 1.106194172586936864e+00 -9.277268110122923739e-01 1.362876311143116581e+00 -7.474500742967167266e-01 5.750552114962741435e-01
5.849537751707396538e-01 -1.211703303218440331e+00 8.873456400100554475e-01 -1.286422783465081210e+00 1.030978675507187026e+00 -6.514942647357663263e-01 8.783278157788100282e-01
6.339983240420150601e-01 -1.098782671366829389e+00 5.798179166333250478e-01 -1.482667337187163481e+00 5.784303667936047111e-01 -5.795719576444332555e-01 1.068595356726973700e+00
6.570111976192990477e-01 -9.253302773965776939e-01 2.157909775454377177e-01 -1.469363086246162853e+00 7.442395513471269930e-02 -5.562463849307397457e-01 1.153592795162406981e+00
6.682180270276854017e-01 -7.458349321145582023e-01 -1.510185818401876823e-01 -1.249864922205630169e+00 -3.957465684521231375e-01 -5.787078451797803558e-01 1.137688930860230707e+00
6.870681389537066641e-01 -5.996467688641770044e-01 -4.595238871113140333e-01 -8.838798259423062964e-01 -7.328123142343176966e-01 -6.143768120904380403e-01 1.039143542253586849e+00
6.954864674830307791e-01 -4.801911323826268951e-01 -6.874578636823527322e-01 -4.491351130883692866e-01 -8.737099917755729583e-01 -6.118261851907664806e-01 8.595417165833855178e-01
6.359905127707127237e-01 -3.353845240753396406e-01 -8.631245905942149799e-01 1.526616686644054503e-03 -8.319829783731037542e-01 -5.091928398722131988e-01 5.465917609935058152e-01
4.723713795577866303e-01 -1.321956073328161285e-01 -1.008431653756977298e+00 4.260600704262852423e-01 -6.652046998730462013e-01 -2.591990328040727487e-01 6.490898711399702148e-02
2.308355720293747138e-01 8.655125983798386824e-02 -1.089042623657848097e+00 7.651856470959740308e-01 -4.212525933933203848e-01 1.442597798000136988e-01 -5.110524003358050127e-01
-3.438537043606677140e-02 2.381630715239706209e-01 -1.049812357194395140e+00 9.633914108564943790e-01 -1.483083530147518425e-01 6.654518508010500710e-01 -1.035531406124588605e+00
-2.895074273454336100e-01 2.872681295098652443e-01 -8.826203436880085684e-01 1.010168515195694505e+00 7.668713401693964815e-02 1.235096540350546501e+00 -1.408480285142987842e+00
-5.171020662382923572e-01 2.686529627735722014e-01 -6.278552927953036100e-01 9.460860353781579413e-01 1.818276549013786714e-01 1.764237121670652275e+00 -1.611758692908484170e+00
-6.968602874798802693e-01 2.393910003049757873e-01 -3.364974647927359008e-01 8.332140249655823894e-01 1.420196399681625810e-01 2.173413062348619640e+00 -1.650823870182840603e+00
-8.180545416533298031e-01 2.497764221698404730e-01 -6.802643953695730605e-02 7.280431119728398848e-01 -4.128343905409403297e-02 2.409333813942340363e+00 -1.518126628207702833e+00
-8.869569950936093683e-01 3.467075331606847000e-01 1.031408937520014724e-01 6.744638945910088612e-01 -3.618673060229699590e-01 2.435119007256533852e+00 -1.222407298611041249e+00
-9.103159395844334645e-01 5.651522890190041615e-01 1.158438321273148885e-01 6.904017432368004803e-01 -7.785996931764601614e-01 2.228531053139968687e+00 -8.196664766771168953e-01
-8.977008541252953222e-01 9.111342422728258006e-01 -5.005873475578763443e-02 7.524133078665754537e-01 -1.200276016732844342e+00 1.805738546668412825e+00 -3.982634605905329139e-01
-8.810810694624103823e-01 1.360788139401447605e+00 -3.775301084684726249e-01 8.237054372730630014e-01 -1.532501631817185572e+00 1.236455536628960239e+00 -4.615527104323528806e-02
-9.031373708573045000e-01 1.872913898678619571e+00 -8.249752719340099905e-01 8.957225814809066655e-01 -1.727573358226838440e+00 6.194406224789613669e-01 1.643050065065373710e-01
-9.760323252012039763e-01 2.390862080009489521e+00 -1.321014751032248524e+00 9.750150313811249969e-01 -1.782085240063805864e+00 3.813961746346768850e-02 1.988842652334741057e-01
-1.063574453756133575e+00 2.825388244611906519e+00 -1.755081016523006188e+00 1.039892410046843407e+00 -1.702157072848716535e+00 -4.616028890014356456e-01 1.156864996657115674e-01
-1.116844427528026928e+00 3.066674119268549603e+00 -2.010362398543870555e+00 1.037819360476831321e+00 -1.493010607835338677e+00 -8.602080444605488818e-01 6.736160798568308072e-02
-1.126379520870874007e+00 3.050998819672732232e+00 -2.030047411291406423e+00 9.284780283183049487e-01 -1.189632323839193262e+00 -1.144275114931535109e+00 1.898183605065431323e-01
-1.123657364463034769e+00 2.806518176020319721e+00 -1.837602937153022697e+00 7.188502270186762910e-01 -8.701397872685123769e-01 -1.299556650179410466e+00 4.984977509430914555e-01
-1.127630895336293237e+00 2.417048325344329118e+00 -1.488580898763121496e+00 4.559283010725465601e-01 -6.063039354582301366e-01 -1.309725043952231438e+00 8.946716080833710949e-01
-1.110593082187937730e+00 1.950463155946179361e+00 -1.019628500594663256e+00 1.925995788413047693e-01 -4.106485986962836177e-01 -1.157372566297324878e+00 1.244257269633136209e+00
-1.032266380930811689e+00 1.436550717606502880e+00 -4.555775423656989731e-01 -3.285278435308145589e-02 -2.619861749514503790e-01 -8.459428114018315847e-01 1.455070621808955078e+00
-8.868424334969806644e-01 9.079767377373966220e-01 1.511161920639373102e-01 -1.903429058110048255e-01 -1.646685605872408864e-01 -4.303988275409235675e-01 1.475462900176158998e+00
-6.895687927947076190e-01 4.157461141285728190e-01 7.298959259493391638e-01 -2.661495223446596059e-01 -1.437670117091438549e-01 -1.533920634417775160e-02 1.271491934119347134e+00
-4.354901422400823674e-01 -1.776531648559372123e-02 1.244160723519223799e+00 -2.941224446353015720e-01 -1.905920093188699371e-01 2.893624070817843452e-01 8.779710279949615170e-01
-1.043357210446603511e-01 -4.192433333027988374e-01 1.695901700312630878e+00 -3.481595719041910009e-01 -2.485256345097458797e-01 4.171904270661448977e-01 4.193907395134889859e-01
2.999764308610367580e-01 -8.220700293476604914e-01 2.077055560094209774e+00 -4.839447080137758705e-01 -2.644129678101390657e-01 3.524450592498519219e-01 2.711302418088478924e-02
7.352018360238915529e-01 -1.214137509685765171e+00 2.343110149197872083e+00 -6.948071204362038511e-01 -2.288211067652361208e-01 1.090733159438615069e-01 -2.591808047487973443e-01
1.147047777339943675e+00 -1.526578472179425328e+00 2.436383080614640484e+00 -9.274191132499786105e-01 -1.555486518853564093e-01 -2.818187118835259186e-01 -4.992406627491383087e-01
1.500899715158687808e+00 -1.681502410436149342e+00 2.331084554824240929e+00 -1.127919337958455115e+00 -4.212457860345560079e-02 -7.698438700224095044e-01 -7.516578203256321089e-01
1.780445167132999718e+00 -1.642824499903353885e+00 2.054729376422313791e+00 -1.259389745447871523e+00 1.373595719637125956e-01 -1.278499713928062498e+00 -1.004772818126762335e+00
1.967385000223858427e+00 -1.416707405123404095e+00 1.662302238873881288e+00 -1.286166633042288066e+00 4.003280136227769237e-01 -1.712204349881180310e+00 -1.231487861137707807e+00
2.051686601094723006e+00 -1.040929572755519006e+00 1.212710688835996198e+00 -1.174812329821280921e+00 7.371577573083017976e-01 -1.983843021169629184e+00 -1.442183854543061416e+00
2.056395270515245954e+00 -5.908512369573842848e-01 7.798768932370299112e-01 -9.361299427763469794e-01 1.132204570415080935e+00 -2.050114357521698683e+00 -1.628274908063164439e+00
2.017216317079571386e+00 -1.564915795142072519e-01 4.411583588814803614e-01 -6.467500465042637092e-01 1.566328015692548092e+00 -1.930032618979498960e+00 -1.716683090782670673e+00
1.943202831644078366e+00 1.963336413473745212e-01 2.398800342429975307e-01 -4.013433659450705293e-01 1.977248978487683662e+00 -1.688380304378486629e+00 -1.621733056041166687e+00
1.827676432569804055e+00 4.244179702004167165e-01 1.845734869361317920e-01 -2.562916874696861691e-01 2.241445366679592599e+00 -1.407051515480890247e+00 -1.301021122223708915e+00
1.687111594888976551e+00 4.990129199704619323e-01 2.707897727626913942e-01 -2.230248008514988667e-01 2.228779442686226631e+00 -1.159836253257980898e+00 -8.001294074949875101e-01
1.564774104302452118e+00 4.176429860343656153e-01 4.876467618419925709e-01 -2.949010798502441077e-01 1.888002155755109879e+00 -9.879243479053980703e-01 -2.777377798419953803e-01
1.497880227922392393e+00 1.914955067389503274e-01 8.196217126128920727e-01 -4.762322300803882302e-01 1.274486582128265599e+00 -8.985301154068615626e-01 7.824935859109288794e-02
1.485329490417698128e+00 -1.871595070875713140e-01 1.251155686520002419e+00 -7.885606335087977925e-01 5.165582323299353629e-01 -8.778437314607124842e-01 1.646258903830027098e-01
1.478958435681505756e+00 -7.340881079765092521e-01 1.747874305672059814e+00 -1.235814015637074048e+00 -2.152170332473954673e-01 -8.937664325099657914e-01 -2.982288913344720294e-02
1.478958435681505756e+00 -7.340881079765092521e-01 1.747874305672059814e+00 -1.235814015637074048e+00 -2.152170332473954673e-01 -8.937664325099657914e-01 -2.982288913344720294e-02
1.209670996201775761e+00 -2.083903091564311971e+00 2.444832181054844789e+00 -2.184891292415611641e+00 -9.928607004733664976e-01 -9.996712891575404436e-01 -8.803603540455359200e-01
1.209670996201775761e+00 -2.083903091564311971e+00 2.444832181054844789e+00 -2.184891292415611641e+00 -9.928607004733664976e-01 -9.996712891575404436e-01 -8.803603540455359200e-01
1.103504091759776484e+00 -1.957029622950434034e+00 1.576790081559541923e+00 -1.544726827353014142e+00 -1.113301503463895586e-01 -1.337076466545981557e+00 -6.470975048369552729e-01
9.973371873177773184e-01 -1.830156154336556540e+00 7.087479820642399453e-01 -9.045623622904166439e-01 7.702003997805872970e-01 -1.674481643934422115e+00 -4.138346556283741817e-01
9.973371873177773184e-01 -1.830156154336556540e+00 7.087479820642399453e-01 -9.045623622904166439e-01 7.702003997805872970e-01 -1.674481643934422115e+00 -4.138346556283741817e-01
1.116173318594061437e+00 -7.291197431104404769e-01 2.115194732129330180e-01 -1.633409218409936636e-01 1.211411155991963584e+00 -1.303917778764513535e+00 -2.714827781685461572e-01
9.439058639528323802e-01 5.566199108193139455e-01 -2.168018170642934950e-01 3.685196463163348812e-01 1.132862545891416328e+00 -6.151588775197766035e-01 -3.480550994904378914e-01
5.007223346983088463e-01 1.621720038892775273e+00 -5.369249909004191190e-01 5.726495691442623492e-01 5.472269354038928890e-01 1.306340152602528948e-01 -5.800036159689704318e-01
8.002122173274310232e-03 2.052230341256374491e+00 -6.318327422115677106e-01 4.412372801840651615e-01 -2.396169501231394383e-01 5.738272669032380424e-01 -8.125132965717795086e-01
-3.015144675089346804e-01 1.669672397133389774e+00 -4.194887701488074216e-01 7.133861351627530933e-02 -8.649982504036574094e-01 4.925315758462056603e-01 -8.750897789010709804e-01
-3.239753845673954413e-01 6.402016895541886576e-01 4.708595715826122130e-02 -3.715110836256466098e-01 -1.135645899741234643e+00 -5.084799369019554760e-02 -6.832005062459083344e-01
-1.016024413489412248e-01 -6.342374697225880986e-01 6.145010827268424514e-01 -7.188654344412598318e-01 -1.061298327036575895e+00 -7.873456200397896954e-01 -2.835910908940926789e-01
2.354125703553492099e-01 -1.707538098045741526e+00 1.115805851928752590e+00 -8.611786026335457311e-01 -7.538322852401995178e-01 -1.428333228204731409e+00 1.684718698510766499e-01
5.362965831484274304e-01 -2.250234469328193931e+00 1.405096311404228526e+00 -7.754170058134315369e-01 -3.453917552592864482e-01 -1.773482885949860366e+00 5.021241516371327540e-01
6.869066907855536641e-01 -2.153846248125358631e+00 1.387507193677591122e+00 -5.055806200276875551e-01 2.950875016301303388e-02 -1.724125827986641823e+00 6.194762688470688561e-01
6.512472139395137916e-01 -1.525989590691585907e+00 1.072286703777517225e+00 -1.339646184421856845e-01 2.605233544283589442e-01 -1.307990083370176748e+00 5.078878555181067789e-01
4.663155846358340018e-01 -6.030454178158130008e-01 5.753794691744706924e-01 2.207805969262372214e-01 3.138047120048912952e-01 -6.893941942910789544e-01 2.274353426655345567e-01
1.968840169453155431e-01 3.304642857481834284e-01 5.194999508121415921e-02 4.179989506371044050e-01 2.468356565234027800e-01 -8.280269340845583526e-02 -1.231376324967727448e-01
-8.371424868714447132e-02 1.009663048308389266e+00 -3.712104642188174264e-01 3.657564478334031088e-01 1.605495704022907033e-01 3.486251676914262632e-01 -4.711631388400757681e-01
-2.864326891187338742e-01 1.280401868315706793e+00 -6.293144739230953633e-01 9.656091924357675105e-02 1.223077127533104547e-01 5.152186438730347318e-01 -7.918847262476896853e-01
-3.372048303257700885e-01 1.156651546872159875e+00 -7.211914569108959228e-01 -2.653862833984845793e-01 1.325207496401597795e-01 3.925396931312426507e-01 -1.063273600878576364e+00
-2.213032612674229738e-01 7.621215607197783237e-01 -6.721565586327998831e-01 -6.127963419502704401e-01 1.691023172059324398e-01 2.957880394442935490e-02 -1.226046350734636858e+00
1.678706998720562449e-02 2.457690883640070156e-01 -5.133615967466899077e-01 -8.699991203156509645e-01 2.257369415064252594e-01 -4.552204041673958423e-01 -1.226572048206917120e+00
3.053112384683718816e-01 -2.328235710887365251e-01 -3.005364459722802972e-01 -9.390700836671163065e-01 2.890941251811080526e-01 -9.120715711228667422e-01 -1.086681286816340020e+00
5.794247633159641531e-01 -5.258662408035436053e-01 -9.772564025277953592e-02 -7.446134314058182602e-01 3.223861694085997098e-01 -1.221423888154010484e+00 -8.656020028849296111e-01
8.001153030400279809e-01 -5.502525857196430836e-01 6.029994637315697764e-02 -3.073251732105751755e-01 2.920404604339132404e-01 -1.336162986043111456e+00 -5.926765188760074743e-01
9.536000929462347120e-01 -3.013732903175814215e-01 1.610899772355061377e-01 2.893908490991568550e-01 1.938409599401199335e-01 -1.277398074421759233e+00 -2.992560215537438673e-01
1.036421836680156305e+00 1.651131172522449786e-01 1.952759107375456604e-01 9.479834344460826845e-01 5.877599389267278845e-02 -1.108095448590104448e+00 -4.584119144944800994e-02
1.040535726245402914e+00 7.452690010816054311e-01 1.663859119764542760e-01 1.548876620494148426e+00 -5.114718026700676434e-02 -9.028486534028115074e-01 1.184604322654571329e-01
9.622174742646389944e-01 1.287674350233384724e+00 1.129446620364506770e-01 1.944670849697715198e+00 -6.022754851407085414e-02 -7.230019202877721041e-01 1.973730427557633393e-01
8.189007695350576377e-01 1.619243762500220285e+00 1.033648940959660534e-01 1.998979981785937055e+00 8.302080555596551281e-02 -6.038350272302840382e-01 2.434968103026872721e-01
6.430713418995283037e-01 1.628424619791658756e+00 1.893340944132468617e-01 1.661010932619248370e+00 3.538799408782737910e-01 -5.467960340427364674e-01 2.954123225552600096e-01
4.652919668014400822e-01 1.341699773292885922e+00 3.641258544851034284e-01 1.004285714057909562e+00 6.417179071373370070e-01 -5.215958222310296266e-01 3.304330791699075509e-01
3.086662640119887113e-01 8.906262664127495565e-01 5.706412992479538149e-01 1.949399255364773764e-01 8.160499035690911285e-01 -4.898490227662267715e-01 3.155743816828747161e-01
1.929811953743217068e-01 4.000167817090702349e-01 7.397700673561811158e-01 -5.573730617962173728e-01 7.874796868405783412e-01 -4.311475806919622955e-01 2.835997051291632154e-01
1.241508356610587227e-01 -5.453737416916033809e-02 8.061574986648964991e-01 -1.040898584374198466e+00 5.101063317252989560e-01 -3.391383029102704727e-01 3.049820881043748266e-01
7.130739013099292312e-02 -4.022298303229939198e-01 7.055817739862809690e-01 -1.108232861488833487e+00 -1.167734602752871879e-02 -2.096867149537799957e-01 4.044743370006503858e-01
-1.275588178404362880e-02 -5.828769663450995564e-01 4.154144736789471826e-01 -7.675273053057855011e-01 -6.862499313235772558e-01 -5.492780068216254058e-02 5.682039109993565207e-01
-1.404311969784505232e-01 -6.075723698706584353e-01 -2.877890971792711108e-03 -2.041700979273617100e-01 -1.351249073166708614e+00 8.266966097245663503e-02 8.091789725296811842e-01
-2.944819981648221785e-01 -5.467569867553582208e-01 -4.514278061348411808e-01 3.314741751148349569e-01 -1.868158256371483583e+00 1.590942698923382137e-01 1.139935914019605256e+00
-4.658546778175566283e-01 -4.656959397407803292e-01 -8.634310840640122553e-01 6.652836320825702421e-01 -2.175277981540577610e+00 1.763040433884905112e-01 1.484089729764811905e+00
-6.467074499832642376e-01 -4.040927298863667971e-01 -1.199304889089030546e+00 7.482632518079402884e-01 -2.246493399902751875e+00 1.770854633636254616e-01 1.680569861357555705e+00
-8.084635904595516287e-01 -3.802630267655440210e-01 -1.426597554693996184e+00 6.296284689783466781e-01 -2.053239049618497791e+00 2.015344207920028441e-01 1.564046448123780353e+00
-9.033883474984614192e-01 -4.045533591741659052e-01 -1.514667911358493546e+00 3.922515814469363926e-01 -1.582394533953287663e+00 2.617464511428724827e-01 1.066563709093684365e+00
-8.771836615607386811e-01 -5.106772165420513376e-01 -1.427195939979292838e+00 8.347308473390055439e-02 -8.649478235948098170e-01 3.397355479424716829e-01 3.103485529419069411e-01
-6.946546293559302532e-01 -7.441981414636918979e-01 -1.146461376755512518e+00 -2.868007637318184533e-01 1.946314330037079293e-02 4.116977334673996292e-01 -4.477021858784296371e-01
-3.696772366452718561e-01 -1.097607338296769486e+00 -7.196236000639368857e-01 -6.881498269384682676e-01 9.540726658967679796e-01 4.807692867201857623e-01 -1.009983220219278444e+00
3.032446398688309203e-02 -1.474490322379975682e+00 -2.623523318541495786e-01 -1.041613488695992240e+00 1.798708383183809989e+00 5.743756072549016656e-01 -1.355287336180568625e+00
4.177052968193583071e-01 -1.734093707186380229e+00 9.635812774872259956e-02 -1.258401643759211153e+00 2.411166528773988738e+00 7.004204376751006489e-01 -1.574977793038003782e+00
7.288885184976505727e-01 -1.770424898220890775e+00 2.781452288898509928e-01 -1.295097277121112445e+00 2.689184424470076440e+00 8.150847592267931319e-01 -1.744652467568224896e+00
9.372032291723170205e-01 -1.557858877880101467e+00 2.732540253661616680e-01 -1.173309248938426252e+00 2.607971412668345312e+00 8.431410496747955285e-01 -1.866804649811015571e+00
1.040928346569619523e+00 -1.158048963466249637e+00 1.177224204111139705e-01 -9.670264553585928846e-01 2.214456537688009874e+00 7.188195039456586333e-01 -1.879203375714790569e+00
1.052392106683829320e+00 -6.892692245316391908e-01 -1.370466938668934709e-01 -7.674288142140212043e-01 1.603054738644484667e+00 4.174360512665649670e-01 -1.709354555793288322e+00
9.904235172401640863e-01 -2.655206544574102989e-01 -4.414734100405759420e-01 -6.359696688699624234e-01 9.040698472471730973e-01 -2.893937926586501522e-02 -1.348762915834613052e+00
8.888882718933178717e-01 3.731174966985113806e-02 -7.394021900529583746e-01 -5.836114589305616551e-01 2.636578362767600936e-01 -5.455211622649230874e-01 -8.657903856820375887e-01
8.103374355141752527e-01 1.774303060716150571e-01 -9.581659366315204984e-01 -5.950030748915712264e-01 -1.854390681622948012e-01 -1.044718117863037588e+00 -3.556747264179119239e-01
8.158820229941382562e-01 1.564618207894518387e-01 -1.041152707321287618e+00 -6.556630584940953410e-01 -3.483103125131253308e-01 -1.443760749945598665e+00 9.830254214652678346e-02
9.020879184106024296e-01 3.687628561291832890e-02 -9.988239839108955520e-01 -7.338242456449355355e-01 -2.006440487210018053e-01 -1.662508258641742120e+00 4.248891631000533131e-01
9.893036204609582107e-01 -8.231697343271909828e-02 -9.015690192241172518e-01 -7.577122363858465048e-01 1.814357839044875853e-01 -1.630843963698414445e+00 5.644681156616537798e-01
9.898893653799110126e-01 -1.200300968923633110e-01 -8.172397558413567742e-01 -6.545162057893924024e-01 6.354021477246937222e-01 -1.335017810938685434e+00 4.945128954965126722e-01
8.740106627664534500e-01 -4.377859608995296470e-02 -7.611307017006193609e-01 -4.104117630382324022e-01 9.931444482919239425e-01 -8.460579345408167917e-01 2.494713523162135904e-01
6.586399248335231826e-01 1.302919201320402454e-01 -6.952944466200736695e-01 -7.821844559532938057e-02 1.161333321297226329e+00 -2.775443666407959586e-01 -6.641542533483352218e-02
3.485843168758331334e-01 3.571542924775856775e-01 -5.850671734406825975e-01 2.689029271864221138e-01 1.099697001603315627e+00 2.687606000777150173e-01 -2.843917727371758630e-01
-7.644051975485847972e-02 5.964432901621252725e-01 -4.443351094670656698e-01 5.863398935147053903e-01 7.740980522252343121e-01 7.209724582738594734e-01 -2.595689768208676029e-01
-6.015079633268356485e-01 8.186764185151089723e-01 -2.947870933370382862e-01 8.555862936955607179e-01 2.018635847005858241e-01 1.035224063040101727e+00 3.702661306172028155e-02
-1.148929034076153322e+00 9.888587177624975633e-01 -1.255568759433340897e-01 1.055137521050053317e+00 -5.101078992323094807e-01 1.188523015041381248e+00 5.424382186153192675e-01
-1.639555006427814599e+00 1.079224503248090938e+00 6.535766516004397342e-02 1.168168136680838076e+00 -1.231363073593339186e+00 1.176403265432948153e+00 1.168816648532930103e+00
-2.037843471712589061e+00 1.090107900655435058e+00 2.384654464129039586e-01 1.206916356561124282e+00 -1.874938221413090744e+00 1.016654029564919792e+00 1.825919762252366851e+00
-2.323284581528701320e+00 1.040661669191782268e+00 3.527110540274730477e-01 1.201605968195244900e+00 -2.381483758972035680e+00 7.544605433561974994e-01 2.412025236009291085e+00
-2.474155140290352772e+00 9.575029470456684066e-01 4.001932400620591967e-01 1.168164899829395420e+00 -2.690766135241534851e+00 4.686941214490720764e-01 2.808994575522183457e+00
-2.501474192991776757e+00 8.781261949712186876e-01 3.828470284929471612e-01 1.097436658227997963e+00 -2.770017040403440767e+00 2.530477036288099058e-01 2.921618180269526910e+00
-2.453876221816416070e+00 8.391360960928706536e-01 2.942329824008135808e-01 9.754210093396168402e-01 -2.649615743106406462e+00 1.737757095699637711e-01 2.719566175936986685e+00
-2.367296913133624781e+00 8.471136572313333613e-01 1.478909365995693670e-01 8.079567781448901975e-01 -2.393647839243209674e+00 2.526140989123782932e-01 2.218625511737693845e+00
-2.245329720171230115e+00 8.734586527329690764e-01 -1.908742835724870635e-02 6.242111091953183033e-01 -2.052758966289137010e+00 4.668970289822969577e-01 1.464674061061699506e+00
-2.097811312372856563e+00 8.802726707391143046e-01 -1.908539090438485242e-01 4.661866436065728592e-01 -1.671923094881114125e+00 7.517384303420224789e-01 5.550166564198054653e-01
-1.958937452052258221e+00 8.329043975251525511e-01 -3.773385104590082917e-01 3.790908726150538643e-01 -1.310715339805119228e+00 1.039356474355510151e+00 -3.732972136459234980e-01
-1.855553199398025210e+00 6.891866988684177686e-01 -5.663564988293864344e-01 3.970403570093565815e-01 -1.024100759208144140e+00 1.306759492552546087e+00 -1.188857316308438161e+00
-1.780558535962584843e+00 4.132798325600249845e-01 -7.154906281461015372e-01 5.210716539026204464e-01 -8.340658425814947430e-01 1.558268949797595004e+00 -1.789965344241888578e+00
-1.708792850275371977e+00 2.369202503626077760e-02 -8.075293174909763394e-01 7.198489741321413282e-01 -7.356731438696832992e-01 1.768025722009595846e+00 -2.107899972149729351e+00
-1.625146187859623614e+00 -3.987220175509060827e-01 -8.797916252600795906e-01 9.617315882638257651e-01 -7.294653193392945933e-01 1.871126199297736381e+00 -2.105569051604289754e+00
-1.525516852785571587e+00 -7.649251430927336282e-01 -9.772791246656044040e-01 1.228551036924938611e+00 -8.292876113064320265e-01 1.812663579286049931e+00 -1.791845776125714496e+00
-1.401398328604813726e+00 -1.020389395466992699e+00 -1.091935351812811428e+00 1.498276578923214641e+00 -1.017947033366137122e+00 1.587452445803422263e+00 -1.246021024597571802e+00
-1.239829075710006334e+00 -1.146214863804251971e+00 -1.164382469412324150e+00 1.736876982850102502e+00 -1.210298273610812769e+00 1.234106841639911023e+00 -5.949327518466405174e-01
-1.047645162559469822e+00 -1.142054150380271693e+00 -1.150161651620328795e+00 1.918833950108731257e+00 -1.291659701323489173e+00 8.158738153596361009e-01 3.066922867966984448e-02
-8.590354180770867210e-01 -1.020960449176155249e+00 -1.055612701342836246e+00 2.045266625759967205e+00 -1.190692678096336943e+00 4.086767067585576063e-01 5.168111289233171535e-01
-6.966704612593489498e-01 -8.284460759440529509e-01 -8.886501438186920065e-01 2.106441562756507846e+00 -9.074097459544161470e-01 6.947114885808347573e-02 8.075947170783823736e-01
-5.450499056483157911e-01 -6.359051663289480016e-01 -6.185695198015732643e-01 2.035970070016241085e+00 -4.805463570916775340e-01 -1.815630033567313395e-01 9.195752358720146180e-01
-3.833572076963678854e-01 -4.911884625452714870e-01 -2.223604820327750309e-01 1.758261395941889349e+00 4.194729699382124255e-02 -3.315669377696400244e-01 8.897553120009042971e-01
-2.224395202792855408e-01 -3.925256906502798127e-01 2.519877785521634217e-01 1.284200131867311745e+00 5.853265989690564775e-01 -3.605260370916908430e-01 7.362505788597564216e-01
-8.836792009346026988e-02 -3.142845333031941135e-01 7.036505848731354762e-01 7.212166274065198168e-01 1.047190107181592111e+00 -2.639581366048580624e-01 4.492980087302289038e-01
1.658322205686758172e-02 -2.497636324887884396e-01 1.061584095153201401e+00 1.774044238440898591e-01 1.348116454881509441e+00 -8.323542646952480917e-02 3.634377195226574236e-02
1.125467207058254565e-01 -2.187477193499252626e-01 1.316631984163056490e+00 -3.104477647984085209e-01 1.467155911524775869e+00 9.018449144697925079e-02 -4.065714145692111980e-01
2.004407950229884217e-01 -2.254198428708331647e-01 1.461685336050611905e+00 -7.425080304742461834e-01 1.414740510996078005e+00 1.660456734535018519e-01 -7.374958254421464243e-01
2.517939094369013309e-01 -2.385012167580580211e-01 1.457635814148196873e+00 -1.103557196662803053e+00 1.199449566909943421e+00 1.109401179640679552e-01 -8.863042495446016300e-01
2.497653318545352552e-01 -2.306734264610535157e-01 1.291740959176813641e+00 -1.369492240810346706e+00 8.556229143236933066e-01 -5.004395035532437780e-02 -8.782432954084760102e-01
1.993228173249286250e-01 -2.058427241839939081e-01 1.012835889246775256e+00 -1.533096209063732784e+00 4.656057269847455049e-01 -2.596454452083591380e-01 -7.555545383705993823e-01
8.465074934323413292e-02 -1.732065128455262670e-01 6.778663459392439972e-01 -1.597840947245353638e+00 1.061608127782478483e-01 -4.368841381804933754e-01 -5.402557131046658023e-01
-1.291669476489645807e-01 -1.263498351867445302e-01 3.174944530052938862e-01 -1.553330636330814141e+00 -1.928860718502862781e-01 -4.863236703407683437e-01 -2.744909037966345999e-01
-4.311802597786869029e-01 -6.698377689966319992e-02 -2.615054126845320348e-02 -1.380838179069330041e+00 -4.071368562657304291e-01 -3.500033629230719923e-01 -1.678921758390449978e-02
-7.544467969940111818e-01 -2.316174474066564834e-02 -2.893131488488123737e-01 -1.084160642590421331e+00 -4.875698249469238021e-01 -5.259104402765071157e-02 2.214496256329377410e-01
-1.046469159790221592e+00 -2.282459479539971151e-02 -4.436632555379522169e-01 -6.989018390239954970e-01 -4.149584532549380755e-01 3.267747415044134907e-01 4.828204636394188287e-01
-1.297284564711717048e+00 -5.808935663944718442e-02 -5.266641672029184207e-01 -2.748208782652788451e-01 -2.421695571108967715e-01 7.142174667219836071e-01 7.810421947433969780e-01
-1.493143097921765028e+00 -8.259193418247881557e-02 -5.983501769977290774e-01 1.404832947603436855e-01 -3.341203860685168503e-02 1.066866463311634261e+00 1.031271606711047450e+00
-1.602005309745796025e+00 -4.299686257375642806e-02 -6.966789293200250643e-01 5.106165212126091424e-01 2.029687638839089148e-01 1.363606528516050798e+00 1.102607078700920118e+00
-1.612598454008578708e+00 8.832894828223138151e-02 -8.395057597911929070e-01 8.269237952235564126e-01 4.802962548625028250e-01 1.589342218462496126e+00 9.251379994271676788e-01
-1.543734992681563112e+00 3.118573473148466557e-01 -1.032497003998784413e+00 1.120552971813650434e+00 7.768704530209445958e-01 1.732491760680427317e+00 4.996342242897213182e-01
-1.410777071280859829e+00 6.093891809899689704e-01 -1.251961295974452826e+00 1.433217091159449286e+00 1.057151502251311825e+00 1.787943389841704978e+00 -1.416335599959056002e-01
-1.207314188748111361e+00 9.306265314988377835e-01 -1.431042114257788489e+00 1.758810744632895773e+00 1.315471314152818483e+00 1.750273442283583947e+00 -9.035112770807077753e-01
-9.333210409351171410e-01 1.200307847573230280e+00 -1.498452256615041112e+00 2.034597144500954080e+00 1.549559430413994354e+00 1.613819280668098433e+00 -1.608045050172935309e+00
-6.349045762024452255e-01 1.374608914842984531e+00 -1.446813417580112837e+00 2.208541938077601241e+00 1.705037757124999720e+00 1.394025228014239781e+00 -2.088542479507315086e+00
-3.912379601921815997e-01 1.468777713291319120e+00 -1.334076336961232512e+00 2.282366156512056321e+00 1.687806374871860138e+00 1.137247072701444095e+00 -2.280330949753518244e+00
-2.514753132316531192e-01 1.511103608177051250e+00 -1.207720089517454465e+00 2.260388760341077052e+00 1.440847181876424576e+00 8.940786085322967036e-01 -2.190667421449548957e+00
-2.018180250706737011e-01 1.505373077243336466e+00 -1.062860614062232978e+00 2.107515126948371176e+00 1.003071548064133012e+00 6.946263516017041617e-01 -1.854363293226968246e+00
-2.029049139036382399e-01 1.449455440025503972e+00 -8.845734543191423604e-01 1.805721878942648129e+00 4.847963094364090009e-01 5.514686236379781059e-01 -1.350624192991244588e+00
-2.304880976783473534e-01 1.348561019385934756e+00 -6.863870688074283910e-01 1.407281402719619878e+00 -1.017771525595689668e-02 4.551067133516937813e-01 -7.828913593775363999e-01
-2.623226546883789534e-01 1.198105756340622330e+00 -4.861226473828851868e-01 9.920502146528957788e-01 -4.204090428845528304e-01 3.643790473619323844e-01 -2.152607890256200140e-01
-2.536463533089273747e-01 9.718678596487257959e-01 -2.711363564641544599e-01 6.090256967620193418e-01 -6.957511089499791579e-01 2.357324475857221213e-01 3.354445473144195833e-01
-1.544538956134137719e-01 6.283202612063149006e-01 -7.077330501789634749e-03 2.850536473043657759e-01 -7.798764069223108608e-01 6.978624422430823593e-02 8.617515946515361680e-01
4.182656075808832696e-02 1.477678132558640500e-01 3.102857776422137670e-01 6.027669944288970710e-02 -6.594323476109361648e-01 -8.383347707225630163e-02 1.331490930911596093e+00
2.798526111826083462e-01 -4.162241746239498386e-01 6.162430393929355654e-01 -1.591172778103667682e-02 -4.044886258279200564e-01 -1.675554052539586225e-01 1.668014723896346307e+00
4.920416801781157257e-01 -9.485075627617367555e-01 8.144636477945708108e-01 6.394665211143940597e-02 -1.194894785447206814e-01 -1.564641658019363946e-01 1.780718611077257485e+00
6.547148055186569060e-01 -1.348445143096682841e+00 8.515766530194303074e-01 2.225953659897950687e-01 1.339920211060393052e-01 -6.379308422529050837e-02 1.635940193834817480e+00
7.742455913402084278e-01 -1.577167837372283055e+00 7.353262866311311985e-01 3.292675344029435403e-01 3.357122492753167875e-01 8.048542772805898637e-02 1.289171506470036643e+00
8.470984543189299387e-01 -1.643861307270016558e+00 5.008040315617218186e-01 2.822617630523782117e-01 4.553435113057325290e-01 2.460751639162236659e-01 8.473595774754056897e-01
8.718146061966773885e-01 -1.577645426591064215e+00 1.937135288824823609e-01 5.657739953478758271e-02 4.560851977688661352e-01 3.996256286774762523e-01 4.134454059743793986e-01
8.750868822533350855e-01 -1.412289370975956526e+00 -1.295388886666825334e-01 -3.068935569074378589e-01 3.358637810423130698e-01 5.011545774524914787e-01 7.452896303614274520e-02
8.872083531582796168e-01 -1.172481743426215806e+00 -4.258853149093042023e-01 -7.163565547949859447e-01 1.196784625969233296e-01 5.168781999183166276e-01 -9.974862863551939296e-02
9.066007296347545763e-01 -8.672687622164179100e-01 -6.866873279247626138e-01 -1.035319661874198882e+00 -1.760690647056354641e-01 4.404333279595158968e-01 -9.144212811323718104e-02
9.071833409486546040e-01 -5.023641120579424024e-01 -9.142729451761620885e-01 -1.132998522530074048e+00 -5.377959620550277764e-01 3.029704031074191284e-01 5.416717156320249860e-02
8.626290702890447859e-01 -8.698366295038216511e-02 -1.094511504089019649e+00 -9.590270858047120761e-01 -9.216569317782706827e-01 1.560304473319358565e-01 2.569781999203773482e-01
7.547355374152825425e-01 3.701692106226834866e-01 -1.208613754182410904e+00 -5.585258128808684441e-01 -1.259891127707017056e+00 2.918395456894107981e-02 4.412118165710068873e-01
5.759819109930389702e-01 8.525644133947902770e-01 -1.254443663152807309e+00 -2.763944132150588859e-02 -1.510653622308841149e+00 -9.644512054443875326e-02 5.712448883414114054e-01
3.399602465082550151e-01 1.325442449563138281e+00 -1.239460963517243108e+00 5.232274462590897901e-01 -1.673003350462521022e+00 -2.662940829227910533e-01 6.421527322833575635e-01
8.609842894577504624e-02 1.735878076708603501e+00 -1.156407503871050402e+00 9.778266429168992468e-01 -1.746484668861720824e+00 -5.125047252902100725e-01 6.496018900770779148e-01
-1.417379626546944604e-01 2.016369150790128462e+00 -9.798117516164411844e-01 1.236323921514288271e+00 -1.717242136850304357e+00 -8.331820993273570952e-01 6.041471162603047063e-01
-3.168223869170617712e-01 2.094582679043017315e+00 -6.851672219249694828e-01 1.254720844674052316e+00 -1.587415553901703191e+00 -1.191987270823388956e+00 5.478473197905397996e-01
-4.154110982111755002e-01 1.910866615180545125e+00 -2.574459100599890138e-01 1.041853401708178639e+00 -1.370279134358348916e+00 -1.521691856126168751e+00 5.125802683992756181e-01
-4.079920219629551981e-01 1.443722108188543407e+00 3.004221378174516954e-01 6.294656475224286174e-01 -1.062006245763958967e+00 -1.724463552842713021e+00 4.764943532480213628e-01
-2.974232842936004317e-01 7.397153618699405797e-01 9.347110081521993186e-01 8.936887448749644691e-02 -6.673486283763796489e-01 -1.693020974990963268e+00 3.901387254597946663e-01
-1.429970814173655569e-01 -6.802861543012921064e-02 1.526379431540672016e+00 -4.398704948153333016e-01 -2.361264223005569984e-01 -1.367851485313190008e+00 2.098544833635559159e-01
-2.015767686836019215e-02 -7.829251099671743486e-01 1.935410364499597913e+00 -8.106658079740568512e-01 1.642855773326974134e-01 -7.919640653876499625e-01 -9.625721425249694763e-02
2.453299031152218757e-02 -1.226776477186955372e+00 2.067686391579478755e+00 -9.618864368754462824e-01 4.929511074533910464e-01 -1.014863465702166706e-01 -5.001453419029087133e-01
-3.063313718723244955e-02 -1.316728870540241125e+00 1.902900885125883068e+00 -9.143110974158417115e-01 7.283369173372447047e-01 5.479406264956323547e-01 -8.877064542189639917e-01
-1.964019169817048938e-01 -1.064473726118280172e+00 1.475120909826839188e+00 -6.883361437795780802e-01 8.371951998922805283e-01 1.039422968129543268e+00 -1.147015785890573181e+00
-4.530310608611421985e-01 -5.381529548187524714e-01 8.611928546647884541e-01 -3.042925656595231176e-01 7.995088495172727461e-01 1.306034543187086339e+00 -1.261619748963513032e+00
-7.350262158473817031e-01 1.536645969753537011e-01 1.868377423600375842e-01 1.509267139901066257e-01 6.684823157690248374e-01 1.339108048448553134e+00 -1.293298155983403142e+00
-9.700397592045655326e-01 8.799383281101468279e-01 -4.187738242502991870e-01 5.542620732314208487e-01 5.393144566749364932e-01 1.190251581453067420e+00 -1.300427009445460635e+00
-1.119865220750958734e+00 1.519710962148052236e+00 -8.883778427135913258e-01 8.428032442467472407e-01 4.598083775096996617e-01 9.376048053470587007e-01 -1.298690427645224466e+00
-1.153930652747625851e+00 1.974000791859572335e+00 -1.194857192315178507e+00 1.018417894750794250e+00 4.433547864269885008e-01 6.451333613421385005e-01 -1.292595979950077689e+00
-1.027075894799430067e+00 2.170262578155347288e+00 -1.304400747912601410e+00 1.083380352405055369e+00 5.295006980259653329e-01 3.577268017570603975e-01 -1.307236168434496193e+00
-7.314225242685453710e-01 2.090514863415918967e+00 -1.210044074865123331e+00 1.031087154995770083e+00 7.406250922511361523e-01 1.193122141932718705e-01 -1.376746607504302444e+00
-3.253697368504541165e-01 1.781125697548042730e+00 -9.630670452348316646e-01 8.794683209837009796e-01 1.022666419144209193e+00 -3.183581355278602282e-02 -1.512266558140793693e+00
1.194239826327530285e-01 1.310922101661682992e+00 -6.274574487472185380e-01 6.654862175834536098e-01 1.295886404569355221e+00 -8.847502078893049182e-02 -1.663031894944120737e+00
5.526506584403645395e-01 7.399587348204662574e-01 -2.486818637254789299e-01 4.261674925888936927e-01 1.512612694611988440e+00 -8.618697536017073946e-02 -1.701018286789716338e+00
9.251180647250373257e-01 1.394071680710315675e-01 1.181682926483188095e-01 2.075927798065674013e-01 1.633382018412178116e+00 -9.202495483797777653e-02 -1.491052403201438947e+00
1.198000698643369111e+00 -4.041723502357577047e-01 4.094417240118741197e-01 4.617673959176665094e-02 1.618863288065250927e+00 -1.714897772970200851e-01 -1.005550712301787275e+00
1.373385185152876664e+00 -8.278078758569284989e-01 5.971486497883811140e-01 -7.265374669143533082e-02 1.474067223975723762e+00 -3.479630035928190090e-01 -3.420377111082777422e-01
1.468300456213204486e+00 -1.106260542491916965e+00 6.884990783570749118e-01 -1.833924912077750935e-01 1.244599167635852766e+00 -5.840905280802239918e-01 3.599333355895223407e-01
1.476119601720544239e+00 -1.227725484553234825e+00 6.872591941097151436e-01 -2.713190794046103638e-01 9.581324170954524932e-01 -8.078268124303137343e-01 9.707176293247463672e-01
1.390153412488653206e+00 -1.191331277295651248e+00 5.993764882439023278e-01 -2.952029331035788129e-01 6.159509706801703510e-01 -9.665901822705121882e-01 1.385790445985208619e+00
1.231534708065135986e+00 -1.022628540337727765e+00 4.594579624324501288e-01 -2.612209641628513990e-01 2.420681222758676587e-01 -1.046331536458788403e+00 1.560676015144488504e+00
1.019264938655498831e+00 -7.582819523844908094e-01 3.061328430192307715e-01 -2.059871018869141035e-01 -1.150256881934357128e-01 -1.049182626527927820e+00 1.525996209220526145e+00
7.552149130578116321e-01 -4.340688868615451002e-01 1.573388739864540753e-01 -1.379591876917043713e-01 -4.310629127075545353e-01 -9.941093848694754209e-01 1.367058577798923924e+00
4.707164492716796600e-01 -1.094377787191718465e-01 4.064729076448649059e-02 -6.507000509792623677e-02 -6.922211187993191350e-01 -9.207839228088733341e-01 1.177941465433442580e+00
2.405693900254682605e-01 1.300257100594777726e-01 3.753828025404926712e-03 -5.177882103738007391e-02 -8.475694146251421257e-01 -8.487650960623892571e-01 1.003214844689385821e+00
1.212207984124998722e-01 2.173058014124085724e-01 6.813945218823203032e-02 -1.826079986252206744e-01 -8.510088917272963238e-01 -7.647843472382012120e-01 8.415217908442875760e-01
1.173811469811629898e-01 1.366423914689057495e-01 2.103548130202363697e-01 -4.760451109228339694e-01 -7.213373838556892403e-01 -6.739073826848444027e-01 6.930254285359350730e-01
2.243265247298513454e-01 -9.082152612135775682e-02 4.066341963690578432e-01 -8.811287506345618636e-01 -4.935585984946406213e-01 -6.142570492595601506e-01 5.525817102692955896e-01
4.487581444233764705e-01 -4.325599864848137521e-01 6.587564906843560442e-01 -1.341218972789224084e+00 -1.554268753478613707e-01 -6.058984177653469194e-01 3.923998856297408189e-01
7.623578492297699016e-01 -8.457782979750176899e-01 9.536716481383835653e-01 -1.815399617481384897e+00 2.971604501850073077e-01 -6.238369532537464401e-01 2.086767673980783888e-01
1.077268743869897349e+00 -1.264761662927143426e+00 1.226306622039986971e+00 -2.246786892383355383e+00 7.738968927241350881e-01 -6.290455397805940763e-01 4.660135177656215405e-02
1.304109183851168696e+00 -1.612483652836197656e+00 1.394581487928192587e+00 -2.551537663536525891e+00 1.127937020883276853e+00 -6.091081848030114321e-01 -4.090457888400660796e-02
1.423013631324287598e+00 -1.846954590818668862e+00 1.430992435885844127e+00 -2.668701255423714613e+00 1.284766252227349970e+00 -5.795018561189277939e-01 -1.696614117559201024e-02
1.470248835937719933e+00 -1.972225543904237988e+00 1.366932430097661966e+00 -2.602436781450599312e+00 1.289743679549438138e+00 -5.452467136002935311e-01 1.323573162890928911e-01
1.461145442422774332e+00 -1.979645915807802359e+00 1.213423339321892280e+00 -2.381021286024326500e+00 1.208967723282626361e+00 -4.849546853817885972e-01 3.804262563708780687e-01
1.367233588384551446e+00 -1.814984193402060519e+00 9.315836410101377973e-01 -2.005574006131685127e+00 1.039613390373455015e+00 -3.861936141396397071e-01 6.598185119523566344e-01
1.173045560877189919e+00 -1.428623076643431800e+00 5.084065359065849110e-01 -1.494824985215365665e+00 7.575444859828399657e-01 -2.751324602542389308e-01 8.926251280489425621e-01
9.056263078451928239e-01 -8.351704184682411380e-01 2.156556052754411527e-03 -9.551260875967171327e-01 3.908587161062194726e-01 -1.926803991081356138e-01 1.043863865501033716e+00
5.882624046515657623e-01 -1.055255022818343408e-01 -5.203420289166177382e-01 -5.202775319807553256e-01 -2.867431875550224048e-03 -1.522256398378830367e-01 1.133092935910327004e+00
2.111210233157247707e-01 6.797105470232569502e-01 -1.042157308397799520e+00 -2.183741895126341259e-01 -3.911871800938931387e-01 -1.403975037876646070e-01 1.170318136989672464e+00
-2.117886157767231436e-01 1.425288127139290539e+00 -1.549182634463111219e+00 2.106369999307982493e-02 -7.593927678774411438e-01 -1.447853442381929756e-01 1.111868454277506579e+00
-5.897472914707727609e-01 1.980296817090458905e+00 -1.957962195894731527e+00 2.366946998483251685e-01 -1.068713651352431571e+00 -1.565456273280141364e-01 9.166430002271882538e-01
-8.004409116748024688e-01 2.161689657936670894e+00 -2.140873161632511845e+00 3.864919962298423162e-01 -1.258659790359091479e+00 -1.558850053246720602e-01 6.407620974875789521e-01
-7.607995027456746495e-01 1.836928911879245341e+00 -1.997858697079760049e+00 3.999047109110434040e-01 -1.285552300602990528e+00 -1.310971350632263166e-01 4.404324399236043130e-01
-4.460622168150722988e-01 1.008841009330564864e+00 -1.476553633340724092e+00 2.183938107171607690e-01 -1.119340935881910859e+00 -1.367856962583338665e-01 4.390494775589121046e-01
-4.460622168150722988e-01 1.008841009330564864e+00 -1.476553633340724092e+00 2.183938107171607690e-01 -1.119340935881910859e+00 -1.367856962583338665e-01 4.390494775589121046e-01
1.296073658887263891e+00 -1.934332491099520546e+00 1.399680877358169040e+00 -1.245274630209276978e+00 4.161911807951602094e-01 -1.060803888174159049e+00 9.017780156718386841e-01
1.296073658887263891e+00 -1.934332491099520546e+00 1.399680877358169040e+00 -1.245274630209276978e+00 4.161911807951602094e-01 -1.060803888174159049e+00 9.017780156718386841e-01
1.621327210303599164e+00 -2.166589789028542157e+00 1.980532054096755035e+00 -1.630930850009543187e+00 8.770620237667478003e-01 -1.282510047335956527e+00 8.990711637840836934e-01
1.661923781284603274e+00 -1.963901585241004444e+00 2.077987270646632023e+00 -1.777659080254629709e+00 1.140766811242650558e+00 -1.137171239268577327e+00 7.601424323176253495e-01
1.461895400189479055e+00 -1.472772106782690438e+00 1.732915401975053227e+00 -1.707464384415580572e+00 1.225779412359089493e+00 -6.878239496009826981e-01 5.045185639682107093e-01
1.123084060601774237e+00 -8.779963193000424049e-01 1.102347177192453120e+00 -1.534345279789886218e+00 1.177692589952287205e+00 -1.546036924773025456e-01 2.549014230529773606e-01
7.521042879506312229e-01 -3.775277400246237480e-01 3.740119942924057805e-01 -1.372684411374637481e+00 1.028691931040865093e+00 2.595295167499513389e-01 1.929028046537494823e-01
4.304555481711163090e-01 -1.156779545087403965e-01 -3.194806143456326852e-01 -1.266026429508185780e+00 7.786502762489317941e-01 4.508577806833101720e-01 4.182615615307261336e-01
2.258916918340778679e-01 -1.078599172618556895e-01 -9.152521535924126317e-01 -1.199965481940961087e+00 4.215443162225293583e-01 4.093558438305583969e-01 8.500460729818239969e-01
2.000557543768321511e-01 -2.459311055525013334e-01 -1.376604118619850992e+00 -1.162782608603726953e+00 -9.099514112977744734e-04 1.936089472218684715e-01 1.282217275237303555e+00
3.712674228575209012e-01 -3.954661721330132162e-01 -1.671236199424469104e+00 -1.171498441529554624e+00 -4.076030156506663116e-01 -1.163874467467913981e-01 1.567204280052245657e+00
6.776845498424850511e-01 -4.805699262543947081e-01 -1.792863518547344936e+00 -1.234725314301278853e+00 -7.461864214733348044e-01 -4.678486919511006259e-01 1.720061609745514808e+00
1.012366017111507199e+00 -4.875027394670498615e-01 -1.769502453191005520e+00 -1.316837020883779852e+00 -1.025482682075173457e+00 -8.378948627760387513e-01 1.832770331924692409e+00
1.307249112600329388e+00 -4.299129673373385807e-01 -1.630873455499028957e+00 -1.356255698253340247e+00 -1.272722238638363867e+00 -1.202221817244472524e+00 1.947763047636725142e+00
1.560423608598142220e+00 -3.186352999504297179e-01 -1.381592816685086378e+00 -1.314133253349343500e+00 -1.481865478913537926e+00 -1.526151407314351616e+00 2.034289366469549609e+00
1.782172953590604569e+00 -1.561345898883531313e-01 -1.017547422569699433e+00 -1.201502986059914235e+00 -1.627701653858816044e+00 -1.793490972670432448e+00 2.053572293214450895e+00
1.951281455434999756e+00 4.641037059301451884e-02 -5.556490159678613150e-01 -1.062171090315508826e+00 -1.705372143309494382e+00 -2.024147461073773968e+00 2.003346943425249549e+00
2.031609340725619717e+00 2.617338871759724017e-01 -3.335766088907560906e-02 -9.328958505675053470e-01 -1.720765933795910252e+00 -2.253787706507435207e+00 1.900497779277531940e+00
2.006772874746062030e+00 4.577678326392185526e-01 5.118341334926471697e-01 -8.143857189096523896e-01 -1.660379807820965947e+00 -2.493294585317159751e+00 1.759578819078761569e+00
1.885732323022843104e+00 6.177179858091298437e-01 1.046587466119957011e+00 -6.781018467262920346e-01 -1.492314857303600917e+00 -2.694812663586040102e+00 1.575300543768723083e+00
1.677621552454209741e+00 7.403607153901520244e-01 1.530809667914252881e+00 -5.072483884485325945e-01 -1.191431350281682011e+00 -2.767396225783906871e+00 1.331129137739666346e+00
1.373043168469205488e+00 8.129276518852253108e-01 1.918337484392968140e+00 -3.212762052701048088e-01 -7.598267845675887866e-01 -2.638432396292824222e+00 1.040685816498496230e+00
9.543014134147793648e-01 8.060064733687430927e-01 2.170826784181330016e+00 -1.570865740982178571e-01 -2.312948798053158506e-01 -2.292476442979364926e+00 7.429519254871437273e-01
4.112797514218647921e-01 6.990431078788165165e-01 2.262036118523082173e+00 -4.141803535546373372e-02 3.254490048245746725e-01 -1.767594188558336610e+00 4.714841467667976738e-01
-2.496688080052156811e-01 5.018001571617740630e-01 2.174316356196813960e+00 2.969365842968702679e-02 8.143903013302778993e-01 -1.134112661815770640e+00 2.416123829858051186e-01
-9.871687397450584767e-01 2.543094241250318799e-01 1.917459151278906315e+00 9.310297947570486676e-02 1.153155130921022176e+00 -4.593835537962128179e-01 3.336399353703251025e-02
-1.715892913178986623e+00 1.972259100613839820e-03 1.552858716727527399e+00 1.844787073123662358e-01 1.313430880137623546e+00 2.185013475717881015e-01 -1.888855591901320852e-01
-2.340705924634610025e+00 -2.341522781013951060e-01 1.173130282023425730e+00 3.069434505604105579e-01 1.318244297511451890e+00 8.765892985484020627e-01 -4.163367446801064520e-01
-2.794257901734838789e+00 -4.697087221218799180e-01 8.591641371659137771e-01 4.433773134864615884e-01 1.210929992081459128e+00 1.473070584458276766e+00 -5.800415885089157397e-01
-3.032375892956040708e+00 -7.325000422085126139e-01 6.540000046401303058e-01 5.966470108862345079e-01 1.031586581085787380e+00 1.942259880483083734e+00 -6.138882081632291987e-01
-3.024506178254939837e+00 -1.002254979095345444e+00 5.492336892375616619e-01 7.994865284859093979e-01 8.135394007104644887e-01 2.233125839619725994e+00 -5.440794598794119752e-01
-2.765553598125156665e+00 -1.193884150962078339e+00 5.088688295308648746e-01 1.054874577970960958e+00 5.922045609158219648e-01 2.338210135435084602e+00 -4.872235515824462904e-01
-2.287167411231166625e+00 -1.233796058303878063e+00 5.241967562454948881e-01 1.282585513973005353e+00 4.059782317531067108e-01 2.275134973583097686e+00 -5.201746542595757639e-01
-1.671372511529920057e+00 -1.126314774207539449e+00 6.185426717380870798e-01 1.360270958746490289e+00 2.771611763083211555e-01 2.069616180522809490e+00 -6.000481715587210330e-01
-1.052200862594245834e+00 -9.315476802433290127e-01 8.043988759773195163e-01 1.209787032053885270e+00 2.010083518010455095e-01 1.763383374196945796e+00 -6.434870957793027424e-01
-5.682392025327607232e-01 -7.268375839412666295e-01 1.068444432935731214e+00 8.454164493520547330e-01 1.594457839041184544e-01 1.407318734833142626e+00 -6.082921090563057076e-01
-2.944769603405666403e-01 -5.853521495757815218e-01 1.383566616875525401e+00 3.683979320582840278e-01 1.290400636255628619e-01 1.042039877482968446e+00 -4.873761371804429809e-01
-2.149944019214314883e-01 -5.385796022924591586e-01 1.718825823661765284e+00 -8.668758325209890980e-02 8.976685667931860735e-02 6.989954841384252715e-01 -2.976293704670716633e-01
-2.596357830429930624e-01 -5.542160341531888745e-01 2.039767176853955366e+00 -4.173008247549997440e-01 4.842932744930691230e-02 4.123595528585479730e-01 -7.893267293662159512e-02
-3.718128028997975121e-01 -5.577906328940727132e-01 2.291871535294600637e+00 -5.752690798204599387e-01 2.896785672411644405e-02 2.194295820505665906e-01 1.221446846439696171e-01
-5.398790178927820316e-01 -4.710005721906625475e-01 2.396670138703947739e+00 -5.516591234684551370e-01 3.209625811212180047e-02 1.496412962084056886e-01 2.614062410212251164e-01
-7.673771235746689179e-01 -2.441662991508355418e-01 2.287069595819575252e+00 -3.575277175090624260e-01 3.395618386356512308e-02 2.074910188759050145e-01 2.850850748912586163e-01
-1.025265728620140537e+00 1.198826184403906092e-01 1.957436065489525312e+00 -2.459071721650444783e-02 2.409493703387276947e-02 3.632047787196104882e-01 1.282774306430421174e-01
-1.249619590491652055e+00 5.629225225120402243e-01 1.478330325337343210e+00 3.788798330531488734e-01 2.257396534996334789e-02 5.624643554723754990e-01 -2.424906353234126122e-01
-1.394243561717269042e+00 9.977226308546756073e-01 9.555254332622969971e-01 7.695261443955376812e-01 6.113004604870688613e-02 7.430472393419887966e-01 -7.731940046942772371e-01
-1.463524355641519614e+00 1.334781295632751386e+00 4.851196093047286384e-01 1.102248673533389844e+00 1.600899981187316468e-01 8.496487496839217890e-01 -1.318343784811771835e+00
-1.488613742164152098e+00 1.503570115165288490e+00 1.411952758745088632e-01 1.377834291510231512e+00 3.209385538547100958e-01 8.629391359193638866e-01 -1.723596184048751034e+00
-1.499990668774958014e+00 1.480481463674707676e+00 -2.959278935666236066e-02 1.596532108422517249e+00 5.227122322534599741e-01 8.221909432672430684e-01 -1.903070274859747002e+00
-1.525474904177573698e+00 1.298956255406349625e+00 -2.585855374173274060e-02 1.732482711963512001e+00 7.089625259668501656e-01 7.823407337501079306e-01 -1.809287930782248477e+00
-1.580678940103584118e+00 1.028297011913291925e+00 9.783954303410803688e-02 1.758570732625851729e+00 7.954974857747884043e-01 7.398187601192753871e-01 -1.406788437491253152e+00
-1.641217191450984769e+00 7.460519865453962840e-01 2.602028181766238291e-01 1.675138353859955354e+00 7.313410369044374137e-01 6.467766297574846224e-01 -7.498598614489977443e-01
-1.648924572514591569e+00 5.234164361900421891e-01 3.967438510043001521e-01 1.508497837521153517e+00 5.481879196183958580e-01 5.034169945184945316e-01 -2.482152691406197542e-02
-1.566331849632397244e+00 4.036584002286485728e-01 4.684021486177528670e-01 1.285133341720052780e+00 3.164960686807773982e-01 3.762947966092474728e-01 5.666392946458789215e-01
-1.414860207159832850e+00 3.846149561299200270e-01 4.442541453508416227e-01 1.018358620579344231e+00 6.664548942300305145e-02 3.245382687065612726e-01 9.292979815155274492e-01
-1.252753143687238335e+00 4.390168335912013609e-01 2.981442156358899420e-01 7.282904842517147204e-01 -2.204842757991279101e-01 3.564379064112843110e-01 1.044782044493107076e+00
-1.114163407570346154e+00 5.369561033822058960e-01 3.845028843500514215e-02 4.483774427896776715e-01 -5.558172547786793816e-01 4.461280725155959415e-01 9.015231420016905917e-01
-9.728248027185057989e-01 6.411111072831734425e-01 -2.696099114213764136e-01 2.029074519701224155e-01 -8.951529699174737287e-01 5.583990068237437709e-01 5.021475922186532381e-01
-7.787791901225264990e-01 7.018630071849164542e-01 -5.442333166540554990e-01 7.628704136158051888e-03 -1.166254204542837902e+00 6.523778777293069986e-01 -8.514997474420786527e-02
-5.212051608741323783e-01 6.780510849362157977e-01 -7.516714442884558922e-01 -1.015557334653500593e-01 -1.332807124166554003e+00 6.734927288157589453e-01 -7.300117509230809043e-01
-2.246013217942546270e-01 5.599653974711756854e-01 -9.014050263333365232e-01 -7.191434413955916094e-02 -1.400680641819940453e+00 5.656043376366329811e-01 -1.318714378431832035e+00
1.041808520990921694e-01 3.493858407387389065e-01 -9.790506843133144343e-01 1.106445907598746642e-01 -1.367467012168750218e+00 3.027127411375760135e-01 -1.783094757282081888e+00
4.766101915580216453e-01 3.562035634452721811e-02 -9.336097203845085124e-01 3.904644573060514490e-01 -1.203323843469178422e+00 -9.464634588212150756e-02 -2.057850405624214840e+00
8.762127411957846279e-01 -3.790446715211591711e-01 -7.434162389663530046e-01 6.846424730603989373e-01 -8.902576678295452961e-01 -5.663944147731363454e-01 -2.092268562953817135e+00
1.264483985516652087e+00 -8.550376955045764227e-01 -4.448687649169217884e-01 9.301019508130645708e-01 -4.458430834325174952e-01 -1.026058704612998085e+00 -1.914006865803218549e+00
1.616437779740968805e+00 -1.327082418280947529e+00 -1.003215905990999940e-01 1.077743149868139794e+00 9.373045695839661573e-02 -1.374785134837571920e+00 -1.622008325070267487e+00
1.896225701040842759e+00 -1.722939802980017809e+00 2.122067399687740663e-01 1.075458830382916675e+00 6.681267305001298284e-01 -1.520918977544354789e+00 -1.290472351457875311e+00
2.033787947524297035e+00 -1.988159185541922724e+00 4.023756155612134289e-01 8.928843611219806631e-01 1.178714656400555061e+00 -1.406169060506508917e+00 -9.100628297310051629e-01
1.973931228643535318e+00 -2.102623763989386330e+00 4.113651786454945447e-01 5.590448942354497852e-01 1.529957073132848233e+00 -1.022126621063814023e+00 -4.559833720260752510e-01
1.719821500747426457e+00 -2.068010119118818935e+00 2.535727858953645830e-01 1.477130240275277284e-01 1.688141284351499349e+00 -4.072007648117000889e-01 3.360481905187157059e-02
1.309242780352643631e+00 -1.893804725552924006e+00 8.461862532721995105e-04 -2.746291958900328178e-01 1.677278628306176467e+00 3.540707891600448076e-01 4.981112617212893334e-01
7.760155719936782104e-01 -1.592899117428348665e+00 -2.779792859492901114e-01 -6.641261953840917887e-01 1.523208849515333085e+00 1.129226106504969351e+00 9.062136225490526886e-01
1.602269638105863758e-01 -1.187067168831853703e+00 -5.446563562317028317e-01 -9.819063282551654392e-01 1.227767868873349100e+00 1.760881534754604072e+00 1.228217164048831744e+00
-4.569512809856577928e-01 -7.255863218982113727e-01 -7.586009633164647603e-01 -1.199389874175862403e+00 8.018984565882870674e-01 2.108133521329499604e+00 1.422333061953032551e+00
-9.646088705782476236e-01 -2.759779766407487456e-01 -8.682693403124532860e-01 -1.299009678652718103e+00 2.974196896275781432e-01 2.080670027015690149e+00 1.462137892376181636e+00
-1.270303595837804389e+00 1.124790673648647377e-01 -8.578306681400288403e-01 -1.236967870728631125e+00 -2.119044863551536872e-01 1.659487277335599753e+00 1.345045817247840558e+00
-1.325702504780717161e+00 4.166745298693185218e-01 -7.652746732986791534e-01 -9.342760865396848580e-01 -6.672753478767424751e-01 9.107380286197558350e-01 1.074942274921824259e+00
-1.128201056422198700e+00 6.220800373523135418e-01 -6.420482982979717201e-01 -3.516629255349255634e-01 -1.028440306671687621e+00 -9.012058662097527720e-03 6.556584565085694649e-01
-7.212879792954349778e-01 7.083262719768785853e-01 -5.091533646021618731e-01 4.174908997167525726e-01 -1.246917998677647743e+00 -8.683787382992940174e-01 1.133690404637991977e-01
-1.950557489698965530e-01 6.387890780329045226e-01 -3.464040152281480101e-01 1.145236185732105172e+00 -1.248340763827128219e+00 -1.407146124907273643e+00 -4.695069629769778596e-01
3.188260279803257768e-01 3.771047351848102469e-01 -1.231145001621399976e-01 1.560428141909022903e+00 -9.667043667379385807e-01 -1.418522837862054242e+00 -9.374712928971594694e-01
6.732118128956137149e-01 -3.649463079003093663e-02 1.440760218401118675e-01 1.474136260433211554e+00 -4.173326630610134647e-01 -8.628497730608258864e-01 -1.111891998261703263e+00
7.642515134094810536e-01 -4.383554669306023999e-01 3.732389057431197421e-01 8.868676251296330193e-01 2.823422647655568496e-01 6.664423060591936898e-02 -9.137203692115166698e-01
5.894483009271392904e-01 -6.597391114181018201e-01 4.739633187987967733e-01 4.653662027732962444e-04 9.623505338047149138e-01 1.036013238749835308e+00 -4.571287738093741670e-01
2.377928455270212071e-01 -6.869951730003462931e-01 3.932038095454784554e-01 -8.534020758030300691e-01 1.438030792408359737e+00 1.739517881190816739e+00 2.263497082177149539e-02
-1.666181024553000378e-01 -6.411133149869322478e-01 1.095722943897242396e-01 -1.299107794334897426e+00 1.556562226733094967e+00 1.972828507080769622e+00 3.387044023590928821e-01
-4.824580851001092907e-01 -6.238370395804853086e-01 -3.443007502784377061e-01 -1.065103654304881298e+00 1.296659497295623575e+00 1.643351183134659887e+00 3.769952719064131874e-01
-4.824580851001092907e-01 -6.238370395804853086e-01 -3.443007502784377061e-01 -1.065103654304881298e+00 1.296659497295623575e+00 1.643351183134659887e+00 3.769952719064131874e-01
-2.662151332999407316e-01 -1.725068306123718823e-02 -1.489451747985042873e+00 1.824799157268848449e+00 -5.350139200614613122e-01 -9.738734131775315106e-01 -1.303599188955718802e+00
-2.662151332999407316e-01 -1.725068306123718823e-02 -1.489451747985042873e+00 1.824799157268848449e+00 -5.350139200614613122e-01 -9.738734131775315106e-01 -1.303599188955718802e+00
-2.662151332999407316e-01 -1.725068306123718823e-02 -1.489451747985042873e+00 1.824799157268848449e+00 -5.350139200614613122e-01 -9.738734131775315106e-01 -1.303599188955718802e+00
-3.871548690560857597e-01 7.120862835652318479e-01 -9.675642689270276264e-01 1.599994633129193655e+00 -1.353156686144237009e+00 -6.414138897388484972e-01 -1.145946364183933586e+00
-5.748540555836427757e-01 5.505274534699671207e-01 -2.571346760746130999e-01 7.287460536614022155e-01 -1.033659518225799046e+00 1.799553632711236306e-01 -2.494720210102772950e-01
-5.861280182933441552e-01 1.213997897486231575e-01 4.698468496509021763e-01 -1.896035037815322344e-01 -2.731453275445375195e-01 8.908467246120804761e-01 5.754560310656088307e-01
-3.999279120438581914e-01 -2.688975219785698645e-01 8.666548254668722251e-01 -7.923511344425355762e-01 5.112772193084211825e-01 1.235130673816601465e+00 9.040146163298309334e-01
-1.455755653410749084e-01 -4.030224257960061118e-01 6.956394887571725194e-01 -8.467554439173526903e-01 9.105938639237981524e-01 1.168230414599566558e+00 6.676916010559907910e-01
7.526685940059577029e-02 -2.620050831559845861e-01 -9.584114614730630463e-03 -3.474315951790427071e-01 8.018944220721979654e-01 7.580866356228912473e-01 2.076355288833635349e-02
2.403160222925613543e-01 2.641380389630494652e-02 -9.547796946270786789e-01 4.672175688253275561e-01 3.571838106980573246e-01 1.777240654563173872e-01 -8.077088209096356941e-01
2.403160222925613543e-01 2.641380389630494652e-02 -9.547796946270786789e-01 4.672175688253275561e-01 3.571838106980573246e-01 1.777240654563173872e-01 -8.077088209096356941e-01
3.178181285186501559e-01 2.371670915202691576e-01 -2.004925018213620014e+00 1.662637035927805984e+00 -2.861895056946783811e-01 -3.193630913379712499e-01 -1.782199794993614583e+00
3.178181285186501559e-01 2.371670915202691576e-01 -2.004925018213620014e+00 1.662637035927805984e+00 -2.861895056946783811e-01 -3.193630913379712499e-01 -1.782199794993614583e+00
2.378854428575557511e-01 1.019587490182318271e-02 -1.520435043805687725e+00 1.328024200003014021e+00 5.401447213030634298e-02 2.526381832580159095e-02 -1.355885445170136538e+00
1.568120864223589428e-01 -2.085123262589660964e-01 -8.534499237866188803e-01 7.960956541075983051e-01 5.111853922527092031e-01 3.741777824943985920e-01 -7.853623736042418813e-01
8.540074677551033611e-02 -3.409531121988287339e-01 -1.617804796632672237e-01 2.058981398046624556e-01 9.185522228520074384e-01 6.186466059766908554e-01 -2.180990398729868440e-01
2.887863417588917500e-02 -3.704761314817814344e-01 4.589692777136209489e-01 -3.208035103576003522e-01 1.169441931037159099e+00 7.380471741839222943e-01 2.603146419695723246e-01
1.805126739262637430e-03 -3.212044341709394679e-01 9.723559579561409372e-01 -6.995419527611097532e-01 1.255972351503726880e+00 7.547837590446525580e-01 6.103217486544488812e-01
1.394588935649996621e-02 -2.134073924869080985e-01 1.362081682680893469e+00 -8.976257167645393942e-01 1.223536646399346894e+00 7.044387777035245879e-01 8.081287584650681532e-01
4.230426820296846052e-02 -5.258630184011699182e-02 1.588738899455001574e+00 -9.253095122066630207e-01 1.096191379362422058e+00 6.331781888713758910e-01 8.701140099018515039e-01
3.573231491109200852e-02 1.479091958687513420e-01 1.593721487900854550e+00 -8.050061346118591032e-01 8.651832682679334585e-01 5.796185420427670820e-01 8.809086262892308339e-01
-4.451299649422121169e-02 3.725894980754442254e-01 1.340868476212674132e+00 -5.393203138405538999e-01 5.431619165594918641e-01 5.477035671251485605e-01 9.193750245712430935e-01
-1.898069215174113256e-01 6.177077999557517574e-01 8.549790381415922624e-01 -1.307139836016856238e-01 1.963339750589266630e-01 5.002262988730712401e-01 9.854296327013076784e-01
-3.384926717093175164e-01 8.669728115136997593e-01 2.359301720075279718e-01 3.620952378663019333e-01 -7.530827320887467646e-02 3.808696094370836449e-01 1.024624283115188605e+00
-4.154980654833653753e-01 1.066885649522922197e+00 -3.728203458903622813e-01 8.238330751376915506e-01 -1.759552025957394905e-01 1.599835127112572974e-01 9.927171388270942254e-01
-3.949109104495349687e-01 1.147602932729862468e+00 -8.543968291271748505e-01 1.151273576424960643e+00 -6.384812447654730772e-02 -1.183297767331772804e-01 8.718184263127769507e-01
-3.107145210490192544e-01 1.066101336553703316e+00 -1.167378043323577419e+00 1.308295639048121739e+00 2.089212201684862158e-01 -3.371162540400836072e-01 6.265548768630091470e-01
-2.054234177460692867e-01 8.217797963382379445e-01 -1.326843836729657333e+00 1.309933871303984976e+00 5.175517640642580686e-01 -3.961890369266579670e-01 2.245701891287292251e-01
-8.667710569754071004e-02 4.495018534221123518e-01 -1.349957056042897729e+00 1.172806385163219778e+00 7.466298035974547886e-01 -3.044304372738619868e-01 -2.921253766103537042e-01
6.113600680772959817e-02 1.313260113187282065e-02 -1.242607017588816865e+00 9.030121691542535300e-01 8.425853082161401941e-01 -1.484650433743474607e-01 -8.286039150507362727e-01
2.341280751035529351e-01 -4.158080691886968938e-01 -1.028799515665551612e+00 5.144858589235611346e-01 7.819640596552113188e-01 2.274442413701277012e-03 -1.284870657055235066e+00
3.914808591668252902e-01 -7.770168351742297030e-01 -7.639936152474953168e-01 4.947822755939113720e-02 5.418942125050711933e-01 1.305481883998443893e-01 -1.563067441441054584e+00
4.722042777423111626e-01 -1.006298850692594948e+00 -5.292555190257023368e-01 -4.049101622043225213e-01 1.198879741534177035e-01 2.494493105287461376e-01 -1.604076263530074042e+00
4.314017818840756857e-01 -1.029980203550189932e+00 -4.073175924053564212e-01 -7.498160910984498218e-01 -4.457488785862188108e-01 3.570904269434997946e-01 -1.428188441870917869e+00
2.870834777543069261e-01 -8.082700203193347033e-01 -4.283405029612654680e-01 -9.425833487244958953e-01 -1.056824489038916459e+00 4.016591346296194409e-01 -1.129747462642816336e+00
1.150307689064269112e-01 -3.806460104505227648e-01 -5.536768520313990471e-01 -1.000270936278638612e+00 -1.572143817034987512e+00 3.209273417900903591e-01 -8.307910999848222566e-01
-2.431002264601861071e-02 1.460290512668945551e-01 -7.320998675922609777e-01 -9.432742275487429051e-01 -1.897886232229961889e+00 1.167442069510480074e-01 -6.072847673921485390e-01
-1.177225028914565402e-01 6.483780437292226972e-01 -9.310847274058147161e-01 -7.775448054823345112e-01 -2.026930244548977189e+00 -1.392730099014086731e-01 -4.696821582660002936e-01
-1.563682381312351266e-01 1.018053870685725837e+00 -1.102875074836797920e+00 -5.349261895030643643e-01 -1.971380638550591202e+00 -3.642348369321753987e-01 -4.071941905307076004e-01
-1.248135917164529818e-01 1.183401948548272520e+00 -1.183216925688978849e+00 -2.934021123994003388e-01 -1.735177950711116690e+00 -5.143842849910669202e-01 -3.932073897352738046e-01
-4.676415040469191625e-02 1.140952737300318764e+00 -1.147976525243032953e+00 -1.306277228554519609e-01 -1.368225903202613836e+00 -5.868775117213779202e-01 -3.612767205664913495e-01
1.636036750134187145e-02 9.420473557838779932e-01 -1.020328716692027404e+00 -7.571999485361986804e-02 -9.725209917343179411e-01 -5.862944240617380398e-01 -2.285195828826751818e-01
3.213655488768193957e-02 6.461687587060289673e-01 -8.191751863831310265e-01 -1.161955552179443629e-01 -6.250450453951443830e-01 -4.941566764412312907e-01 9.046972870995196453e-03
2.630463944229372367e-02 3.115500823173542599e-01 -5.483351931905782184e-01 -2.259239054890329057e-01 -3.347797362775790098e-01 -2.754686446934879740e-01 2.169042680883646323e-01
3.776037236695703458e-02 -7.527667169394254738e-03 -2.273865840362464807e-01 -3.873599824743501063e-01 -9.482052681259664495e-02 7.142846495931774731e-02 2.648785697375172776e-01
7.596453107263484439e-02 -2.778225112276026532e-01 9.683850168899635347e-02 -5.883818186162430575e-01 7.607110429118518757e-02 4.872441057871000902e-01 1.850946115864524066e-01
1.459621076012010965e-01 -4.889601418343317296e-01 3.746215956935187719e-01 -7.965458830684735148e-01 1.787916367295384890e-01 8.851370326111693831e-01 7.532378025384356413e-02
2.828924394537536968e-01 -6.549157447402698118e-01 5.834212055057109714e-01 -9.786577709783731427e-01 2.645482267309822721e-01 1.181391992824033066e+00 -2.965668432303301613e-02
5.086749900145413061e-01 -7.982142673628996876e-01 7.156418564762496715e-01 -1.136215014077348595e+00 3.828874191000642968e-01 1.315681883934230356e+00 -1.225006860956490001e-01
7.766999242536679615e-01 -9.117754703883547140e-01 7.536820905431113049e-01 -1.287378494912852611e+00 5.337493651786848758e-01 1.284589097847107952e+00 -1.835081253207742902e-01
1.004857851754893394e+00 -9.612005591948120653e-01 6.869002051996800917e-01 -1.446304077262128507e+00 6.815267451517811326e-01 1.132274637945868356e+00 -1.931478098138374178e-01
1.138919305431385309e+00 -9.198176696202670088e-01 5.274754440687664525e-01 -1.616718302957471654e+00 7.885275624155123619e-01 9.087027290987130801e-01 -1.423684767525097983e-01
1.159691549828215873e+00 -7.856127027573551747e-01 2.917608161427862057e-01 -1.770337901590564034e+00 8.225775313868393113e-01 6.577634119038490157e-01 -2.561872966052788914e-02
1.066861254144558346e+00 -5.845581122873096946e-01 -4.741391018681696129e-03 -1.845926902298448358e+00 7.512572564098418670e-01 4.183293123466527152e-01 1.719686689410483971e-01
8.808517987043541497e-01 -3.540384568926422393e-01 -3.340314471715695177e-01 -1.779912225582967134e+00 5.585961582447138696e-01 2.178097350099745255e-01 4.340809998218592702e-01
6.346878690104827969e-01 -1.102828828985855797e-01 -6.660451544243108923e-01 -1.535123643722352549e+00 2.656492712980610960e-01 7.009415317780294530e-02 6.760558047040680085e-01
3.509795175799111377e-01 1.454180253938214540e-01 -9.834204692592920516e-01 -1.121503133749501169e+00 -8.676301799278331173e-02 -1.968404983756667781e-02 8.231736261967881330e-01
3.654005986137064121e-02 3.972021254709720561e-01 -1.270830242275575062e+00 -5.994293182663281705e-01 -4.681584257081605194e-01 -4.267640432674316836e-02 8.776433295857147820e-01
-2.986750226123652818e-01 6.113127241638723897e-01 -1.495267907033602350e+00 -5.636712062990100608e-02 -8.542027912699601266e-01 1.901109311119801581e-02 8.510418491267109919e-01
-6.220774779371307517e-01 7.404483045042504763e-01 -1.597485750910084601e+00 4.204542661230865619e-01 -1.201842012909995372e+00 1.726673019115509133e-01 7.220622903136248993e-01
-8.893845691282740162e-01 7.420514138444793684e-01 -1.520921881924434338e+00 7.713066739511226233e-01 -1.449166858411206960e+00 3.967717375951016479e-01 4.912311391726497112e-01
-1.074673591831516006e+00 6.177975156047542660e-01 -1.264348786776545497e+00 9.937795614295478197e-01 -1.546898607237267687e+00 6.500830267815995711e-01 2.021475152058188895e-01
-1.174160535294449970e+00 4.168681203633914922e-01 -8.868265391882954596e-01 1.140687840268603814e+00 -1.485113671812518410e+00 8.875162618678366089e-01 -9.065345109048357497e-02
-1.185350972348713450e+00 2.029683363946481189e-01 -4.616938590383536378e-01 1.273857332042294788e+00 -1.286508842662550167e+00 1.064055539384562987e+00 -3.647352778420474007e-01
-1.101420326064670219e+00 3.331216114084298296e-02 -4.787379511487422495e-02 1.414349654456486416e+00 -9.840926876258452305e-01 1.136239240664385308e+00 -6.432600659298287615e-01
-9.332732336093403358e-01 -6.034135028799933465e-02 3.084236625789443242e-01 1.533062157350283394e+00 -6.251415118584249253e-01 1.073827916878671962e+00 -9.144669836281754671e-01
-7.229265354970945134e-01 -9.155353795047140031e-02 5.764295296603022534e-01 1.587554011041912405e+00 -2.775118597555791822e-01 8.772721055282614033e-01 -1.060932367076298899e+00
-5.071764930649386161e-01 -1.089489764732637644e-01 7.523846013865976845e-01 1.555121057606516199e+00 1.858209225802901279e-02 5.720790720105630722e-01 -9.472310680377670211e-01
-2.792543814609317332e-01 -1.550296289924361082e-01 8.508062583498535725e-01 1.422577483388283381e+00 2.900248476138821419e-01 1.782611925708696421e-01 -5.611124545190167012e-01
-2.739502087358781229e-02 -2.285446864279331580e-01 8.677253952436559947e-01 1.179317292464999944e+00 5.665985868122754843e-01 -2.872216237386600035e-01 -1.926328962122557734e-02
2.089960059793558866e-01 -2.820643207174071687e-01 7.680090892487599907e-01 8.524508501174309361e-01 8.013363383811672458e-01 -7.753173578046514969e-01 5.300481105405100424e-01
3.747544332821267643e-01 -2.525174666154651471e-01 5.370003687305688889e-01 5.184669222728481852e-01 9.192656610189926525e-01 -1.215979631763522084e+00 9.523560134441035885e-01
4.727472577717048430e-01 -1.116321655029320764e-01 2.371516027813214411e-01 2.392866697311753499e-01 9.204619396541757759e-01 -1.562852399390837199e+00 1.141851720553468619e+00
5.478623132053852540e-01 1.055354244090360716e-01 -2.300681554817317342e-02 1.233838023291228270e-02 8.693555361888313238e-01 -1.779290836551398414e+00 1.070242728882774053e+00
6.054704087294808801e-01 3.390897687821183837e-01 -1.837749280407917352e-01 -1.810242378122404738e-01 7.984933615225759951e-01 -1.789291315583619646e+00 7.891118377059186395e-01
5.954632682319627168e-01 5.515790398959061758e-01 -2.665013052960198414e-01 -3.157261980017670999e-01 6.761560336367279378e-01 -1.504229797249918121e+00 3.868392773131215656e-01
4.810102167577118282e-01 7.174678923309133483e-01 -3.089136963837252892e-01 -3.521299998315888802e-01 4.740754329274839418e-01 -9.079644011316663210e-01 -3.448457698841018298e-02
2.802608606338856112e-01 8.050313628577597802e-01 -3.171872564696545660e-01 -3.028228205295654396e-01 2.217634343703490107e-01 -8.986697045314258336e-02 -3.716090117949426008e-01
2.419475565290165470e-02 8.019858181964023558e-01 -2.967020227849207492e-01 -2.344093031195726151e-01 -3.887031525919038000e-02 7.904463797790050039e-01 -5.190720474347823021e-01
-2.809560204327999910e-01 7.395407055915502736e-01 -2.756148648124417955e-01 -2.018763288961703539e-01 -3.021452005580989031e-01 1.556838163046079915e+00 -3.895048799760486014e-01
-6.150436785052663113e-01 6.696643014286345341e-01 -2.711072158008701050e-01 -2.044139507755161622e-01 -5.545077447954338545e-01 2.061664512199374855e+00 3.990265375955923295e-03
-9.058912742999720713e-01 6.247018933008310348e-01 -2.621551778611599937e-01 -2.098889621701975905e-01 -7.360304667967154657e-01 2.213951259258424287e+00 5.144098478755152470e-01
-1.069572736144216440e+00 6.016989038742550644e-01 -2.085427729495710203e-01 -2.034116390133691721e-01 -7.939638561805912875e-01 1.994181430790702203e+00 9.724512441575906552e-01
-1.074329921066162319e+00 5.794366824166548025e-01 -8.843168622457461825e-02 -1.971488624795889877e-01 -7.349698295965281236e-01 1.460089561506014100e+00 1.304078849411019592e+00
