4.849172683857599364e-01 8.023037470654137415e-01 -4.280237899198617302e-01 1.235127145998298870e+00 2.540339260531718768e-01 -2.953579342565362809e-01 -1.811980264708193733e+00
4.458112768787047403e-02 7.117832038764584368e-01 -4.337488142033200100e-01 1.051846101276197487e+00 3.565528220068533982e-01 -3.546461703843785222e-03 -1.473728757875408135e+00
-3.634204876122177907e-01 5.363061625878984273e-01 -3.928370545295692962e-01 7.575561018220873244e-01 3.238621247045073148e-01 2.898018480466672542e-01 -9.224375710348642343e-01
-6.083803083385574961e-01 3.032937482593796585e-01 -2.920879974618739716e-01 3.987715925558130148e-01 1.853187162641184160e-01 4.423213219829191245e-01 -2.532705106081430402e-01
-5.951827916666974083e-01 4.742919861111231233e-02 -1.302329854691515465e-01 1.721362887275759701e-02 8.039675223478299701e-03 3.309656277943965885e-01 4.270371713222200771e-01
-3.379020246865376831e-01 -1.993416903826158992e-01 6.675548581191943776e-02 -3.678266806049637072e-01 -1.553024287422570260e-01 -4.129437669650028869e-02 1.056938217739606278e+00
6.133431280464068935e-02 -3.875772223723284449e-01 2.392187311048584730e-01 -7.160760000761088317e-01 -2.825048155839527952e-01 -5.427409846960419282e-01 1.568025603636257204e+00
4.922618030205719863e-01 -4.328687221497310444e-01 3.088390006201648941e-01 -9.274164251157629435e-01 -3.565495000358415156e-01 -1.005692739770969402e+00 1.812636759348190241e+00
8.964934789020936323e-01 -2.572127398522839892e-01 2.283542767974768850e-01 -8.917415670543383799e-01 -3.658018282788439435e-01 -1.322239776930765665e+00 1.619554324256779143e+00
1.250445587849437379e+00 1.150395652781127237e-01 3.191585498953772998e-02 -6.021536986480162668e-01 -3.287467193581544156e-01 -1.458141455011229715e+00 9.747650727279295602e-01
1.499383000401617760e+00 5.325287883223075447e-01 -1.884243434659090000e-01 -1.841549011289925764e-01 -2.789619296968057771e-01 -1.402711809850431424e+00 1.060520460245078650e-01
1.553147003626347056e+00 8.277488999259100533e-01 -3.597664787337786496e-01 2.067037284054805690e-01 -2.333562058803542727e-01 -1.151734780974190020e+00 -6.679139372146213338e-01
1.353543244894201969e+00 9.327902300212367326e-01 -4.652142469144017189e-01 4.898833566340598522e-01 -1.969969993773203198e-01 -7.351069788868122012e-01 -1.143783968445866384e+00
9.254740610953418045e-01 8.841544335573189306e-01 -5.185334446428856436e-01 6.730074032480976021e-01 -1.792664988154623329e-01 -2.289908353507967287e-01 -1.297651000346875305e+00
3.666696938585455312e-01 7.565097410405291489e-01 -5.285134227626840930e-01 7.977525474017457263e-01 -1.919710024233425572e-01 2.638564618200912593e-01 -1.216930005231789069e+00
-2.122121834302527488e-01 6.002541151822189391e-01 -4.927472329591134903e-01 8.789744540957590280e-01 -2.428434391650440838e-01 6.526300261319419871e-01 -9.835134960882505606e-01
-7.330067899734669101e-01 4.226848153888969617e-01 -4.106095050012470438e-01 8.898771811064148940e-01 -3.336968589605124880e-01 8.921293465477174722e-01 -6.181604071766678699e-01
-1.136958332714612663e+00 2.262962848157422935e-01 -2.947860694157064532e-01 8.090951725880712875e-01 -4.518774471962828110e-01 9.807534999716472912e-01 -1.517570595356277918e-01
-1.356578563290144812e+00 4.512303730235617261e-02 -1.676042712026215020e-01 6.641045193898916787e-01 -5.613156955523028735e-01 9.342187692639908336e-01 2.984464464417633245e-01
-1.321249613805017153e+00 -8.616220654384554312e-02 -3.464067342328353005e-02 5.033794504866719866e-01 -6.140334817905643838e-01 7.737750563827505701e-01 5.774758318333963469e-01
-9.975696926206517601e-01 -1.791320432500173587e-01 1.248665991920014512e-01 3.410566604644988953e-01 -5.677876959007190916e-01 5.339050781944786328e-01 5.970821775226574646e-01
-4.481743752909352896e-01 -2.781411177207940288e-01 3.154243438526141419e-01 1.454953645063761236e-01 -3.930302506394507400e-01 2.710803961344348534e-01 3.969732373589646701e-01
1.413454109400781866e-01 -4.082441841290241347e-01 4.825166044751779681e-01 -1.255753917118259677e-01 -8.538345359453422545e-02 6.091594940413527781e-02 1.343078429165529553e-01
5.405796395167323798e-01 -5.410131603198659045e-01 5.318538031077526540e-01 -4.690151666095502270e-01 3.197522087377790978e-01 -2.040436218682815245e-02 -3.341634860058186746e-02
6.326507336627092970e-01 -6.064519664588504666e-01 4.019200797742579767e-01 -8.020799184945609506e-01 7.553712055843342377e-01 6.579305997464593436e-02 -1.031385520100765452e-01
5.025022814636597168e-01 -5.485135429998680978e-01 1.351363763315936717e-01 -9.931368593527005739e-01 1.153010061191297231e+00 2.677569073658586096e-01 -2.382620040289794849e-01
3.426090600376466844e-01 -3.776360024139072125e-01 -1.279635509065179255e-01 -9.475760116821656531e-01 1.473096097209649624e+00 4.481477630777819798e-01 -6.023985991614376756e-01
2.576082809360678016e-01 -1.841848009802305453e-01 -2.418632910993334661e-01 -6.930035456539823668e-01 1.710599760217541787e+00 4.938678823517911876e-01 -1.164934856301480748e+00
1.771891846757071842e-01 -1.082327273047855587e-01 -1.392381875384803847e-01 -3.867605376837319198e-01 1.861668150855365411e+00 4.104372059184104304e-01 -1.657368913346245032e+00
-3.964624599630847679e-02 -2.745991790672174804e-01 1.646323382572750793e-01 -2.269419476940991998e-01 1.882162350009267460e+00 2.962047271246701641e-01 -1.743249757463295468e+00
-4.509585459697796339e-01 -7.162186037774461722e-01 6.021035424051717211e-01 -3.283322778761456617e-01 1.711737863029885620e+00 2.565945838278730906e-01 -1.272645437538613367e+00
-9.812591152741737544e-01 -1.308362862092052437e+00 1.065704312263406228e+00 -6.255283217070307655e-01 1.365021839728495223e+00 3.247946905650708760e-01 -4.346753437258289998e-01
-1.473484516412821632e+00 -1.810132460020586587e+00 1.438751918628454085e+00 -9.093213846979417703e-01 9.616338831708707291e-01 4.342920550757284892e-01 3.465529441321944515e-01
-1.790947054711636621e+00 -2.044276492593370520e+00 1.650164783733483187e+00 -1.015408940031303109e+00 6.393793055444900730e-01 5.007700367543576059e-01 7.472724344481639358e-01
-1.905816020911830444e+00 -2.010247038464309632e+00 1.685385895342110141e+00 -9.470674877472775588e-01 4.648753069847175179e-01 5.225633691455607854e-01 7.704988365252596338e-01
-1.891035078110083978e+00 -1.812728887065413241e+00 1.557605823756720742e+00 -8.113511742678168881e-01 4.188420868325843927e-01 5.571068042873229542e-01 6.429810888065674579e-01
-1.830382622314008723e+00 -1.538588534307320010e+00 1.286195493625998054e+00 -6.948625986123070364e-01 4.337090391363618291e-01 6.373971705717672576e-01 5.672170165528882535e-01
-1.734845076261212871e+00 -1.206527538217856188e+00 8.977001873153932499e-01 -5.935770607667052445e-01 4.474525539988239431e-01 7.429479315874978340e-01 5.705381739566058874e-01
-1.532492917506176111e+00 -7.989643784983524455e-01 4.448806984229799477e-01 -4.345028271327756597e-01 4.330551400840719767e-01 8.136004018181342001e-01 5.326411666322172778e-01
-1.157750023890836477e+00 -3.276891652406314637e-01 3.046097237578434137e-03 -1.704198351780587262e-01 3.905170996099357472e-01 7.916050719122487145e-01 3.497485184904752797e-01
-6.498251023708250251e-01 1.300397733157264424e-01 -3.625369217219092666e-01 1.514008120692170722e-01 3.228539793635424315e-01 6.726760397080996379e-01 7.789393012401668592e-02
-1.457867204934160388e-01 4.687009304558699130e-01 -6.171810908192014722e-01 4.253659593543274720e-01 2.168546417487030309e-01 5.059357814498555150e-01 -1.004271334651176267e-01
2.101851497413427250e-01 6.355857700935750865e-01 -7.587602849119540194e-01 5.817840592467673488e-01 4.745090203478693341e-02 3.528208171179822439e-01 -5.083667384149912621e-02
3.634473192055343582e-01 6.661626726542696497e-01 -8.050087246364271421e-01 6.390589237553289115e-01 -1.921753791467742944e-01 2.482294030260964735e-01 1.787125853143667897e-01
3.750485161603321904e-01 6.455456434901847285e-01 -7.740772283451400337e-01 6.829177913471740080e-01 -4.645640480685684914e-01 1.743781632696015382e-01 3.935185228257054857e-01
3.324774339503496212e-01 6.369132958962361313e-01 -6.806434090411703774e-01 7.911059012724059869e-01 -7.009331617607120757e-01 8.155380743391900389e-02 4.401883051563869609e-01
2.403703102258459012e-01 6.324400102212747177e-01 -5.479790611269063083e-01 9.586602886223736242e-01 -8.442672718863661885e-01 -4.520839939675854596e-02 3.654742444686874814e-01
2.023540356519171191e-02 5.823218625636540358e-01 -4.245426399104905157e-01 1.109528917481883425e+00 -8.763439813652544874e-01 -1.508420402788152592e-01 3.602238972964283970e-01
-3.888057185181440500e-01 4.755563698030291775e-01 -3.823003127503126208e-01 1.185156403764830335e+00 -8.142252373919874886e-01 -1.464537906681443735e-01 5.472402449438051875e-01
-9.311682731724144624e-01 3.796843836638875702e-01 -4.779326650243840846e-01 1.207620961754080513e+00 -6.967896666733476296e-01 1.560158586938627766e-02 8.400564970965538336e-01
-1.437070344274365530e+00 3.940970920707059233e-01 -7.059497943905321815e-01 1.251778435386406541e+00 -5.717380771539163353e-01 2.908737372527936405e-01 1.017170694033228129e+00
-1.733575372174877893e+00 5.553174342931976870e-01 -9.908248711179741264e-01 1.355334600970165226e+00 -4.862907861787725827e-01 5.711066593666895841e-01 9.437281957306632441e-01
-1.754945132568841437e+00 7.961439810457167088e-01 -1.230715364154918889e+00 1.474070435234682508e+00 -4.809128597581108222e-01 7.661959631045575092e-01 7.030125563533505817e-01
-1.552023284695462468e+00 1.004183997198973000e+00 -1.355108091624170452e+00 1.531018640664970842e+00 -5.795113608459646626e-01 8.514699017801968806e-01 5.074907527417986675e-01
-1.217834918221079032e+00 1.103293080230516310e+00 -1.346171385403946541e+00 1.485868332563673455e+00 -7.778665858439772762e-01 8.486634110169170020e-01 5.123815306621186672e-01
-8.118735739161199172e-01 1.099363468669900756e+00 -1.223101299540705345e+00 1.374966077342646642e+00 -1.028706497272950049e+00 7.677381773347469185e-01 6.844676786584814598e-01
-3.391214403890971396e-01 1.072616124504562007e+00 -1.015609158982983429e+00 1.301391103293611406e+00 -1.238056845066684453e+00 5.622587118948338958e-01 8.105214947838454975e-01
2.026719305006584870e-01 1.092539794295143585e+00 -7.436877417513363397e-01 1.335231071045034135e+00 -1.310630549871068196e+00 1.761386098991296889e-01 6.914926871836036826e-01
7.492096775979630863e-01 1.138550645902639546e+00 -4.210092830444178702e-01 1.420260491240386891e+00 -1.215158189712440384e+00 -3.614231347652464565e-01 3.524614108092751219e-01
1.158926589556376729e+00 1.136179042748964196e+00 -7.697916497036685901e-02 1.424452105346251551e+00 -9.934825797723655372e-01 -9.335239064870632930e-01 1.156257505121664059e-02
1.293566830280764801e+00 1.047697930999403892e+00 2.339218587950142869e-01 1.258236285613159255e+00 -7.149957492404394044e-01 -1.414187133588287848e+00 -1.305666742834019900e-01
1.119666906879116297e+00 9.026262563513315351e-01 4.547205883252793956e-01 9.240864825391538195e-01 -4.326665663724374444e-01 -1.722716827114262994e+00 -3.955555053797171761e-02
7.428011550587990675e-01 7.707825065201089343e-01 5.601181003558579619e-01 4.995633098630479219e-01 -1.638380003928363027e-01 -1.840193778641261213e+00 1.435412023112895008e-01
3.324907560748942559e-01 7.135669302237337419e-01 5.672378902691985747e-01 8.588736213926473351e-02 1.062624108390968630e-01 -1.802612106252737156e+00 2.202047291985601285e-01
-3.808154709338241149e-03 7.234873250690792013e-01 5.184425987849915485e-01 -2.661582208205430233e-01 3.986860418655894800e-01 -1.656160081692640507e+00 1.239144756244074663e-01
-2.769733796076402355e-01 7.131993721188538693e-01 4.531340098615403433e-01 -5.880403290518826376e-01 7.095201391875054497e-01 -1.407871082494548176e+00 -6.600715036712323340e-03
-5.559585134020427200e-01 5.931589841731792490e-01 3.863474010419953864e-01 -9.381606063079500624e-01 1.004495220988315340e+00 -1.037877732813632603e+00 2.363868190490877458e-02
-8.603856406519941880e-01 3.526764447934683799e-01 3.136280983512607090e-01 -1.320705764176181907e+00 1.246384040291771633e+00 -5.619577328548036599e-01 2.578205741020956898e-01
-1.118571601773189039e+00 5.623954060435801261e-02 2.392481746539200094e-01 -1.668136044692993591e+00 1.426145502298392653e+00 -6.343094691702003129e-02 5.436121214016024217e-01
-1.230626750576862216e+00 -2.307269692847238596e-01 1.927977882689835831e-01 -1.909571654981111477e+00 1.563062587508737389e+00 3.464648342877934550e-01 6.920144178662170908e-01
-1.154150009409899313e+00 -5.098961215744965969e-01 2.160153292555542226e-01 -2.048240073076008194e+00 1.674967027695716704e+00 6.005879685262053291e-01 6.615638229932963021e-01
-9.256701634728385919e-01 -8.360769522296600531e-01 3.299566776673616419e-01 -2.150278243349838636e+00 1.755387596755491275e+00 7.166329119143940440e-01 5.680984506279763702e-01
-6.214018586019943724e-01 -1.222467653349043504e+00 5.016964497365691278e-01 -2.252549542770043711e+00 1.785295333330470857e+00 7.682151377206969389e-01 5.211045021333637894e-01
-3.010635720623816569e-01 -1.571277525231979499e+00 6.519838856727262488e-01 -2.292678373614646326e+00 1.765122036468218969e+00 8.036189946417916508e-01 4.714035743209956109e-01
1.958731073596884156e-02 -1.744030586427130380e+00 7.218864811261010983e-01 -2.158136990622126827e+00 1.716940331153698152e+00 8.018555646542876447e-01 2.640469699083509703e-01
3.404858605403532912e-01 -1.716444273821101651e+00 7.326262538996167750e-01 -1.819877019186980416e+00 1.644197850405956673e+00 7.169397812041857776e-01 -1.410870846038392579e-01
6.298427414058773710e-01 -1.612624808553732692e+00 7.590628766032345709e-01 -1.386813552381992221e+00 1.512541402053597439e+00 5.401332286102608071e-01 -5.686077090536563183e-01
8.272450572414862258e-01 -1.569812044185853850e+00 8.439368400383829849e-01 -1.011168098002227955e+00 1.284952536765582298e+00 3.087265217374207116e-01 -7.825230920348849040e-01
9.036388017675474060e-01 -1.614022183339539618e+00 9.605043841802303195e-01 -7.625743244210433369e-01 9.605865567200296828e-01 6.839424543565757186e-02 -6.979746404782840585e-01
9.077088398812078740e-01 -1.664376092108201144e+00 1.056109883892335066e+00 -5.987148953738888890e-01 5.781133470256243356e-01 -1.711602861057309466e-01 -4.402427895301638250e-01
9.358891101024062742e-01 -1.618494322779727490e+00 1.101686160946685700e+00 -4.385506911024877330e-01 1.967961805448059376e-01 -4.431390382352813351e-01 -2.239475886640613644e-01
1.040095174689018576e+00 -1.440189213700338033e+00 1.094039758689696384e+00 -2.576056471484745036e-01 -1.266251737318145887e-01 -7.761821675889692962e-01 -1.462630747726527125e-01
1.165143945710816142e+00 -1.179033721585595051e+00 1.027555133759715966e+00 -1.069985261731897369e-01 -3.528808509153357753e-01 -1.138078969066945056e+00 -9.726073296377905908e-02
1.192164677852443289e+00 -8.979733124893627405e-01 8.700695870467771709e-01 -3.614082806595592112e-02 -4.577104935836254773e-01 -1.434557809695167219e+00 9.102634403932625962e-02
1.055516937928675070e+00 -5.937209764840483128e-01 5.747833633622752014e-01 -1.360443021091332742e-02 -4.241590349044879193e-01 -1.575342588282120593e+00 4.252832477108933751e-01
8.216184374522128575e-01 -2.112930672236226770e-01 1.336926893081361589e-01 5.660918067437045731e-02 -2.498338160588823575e-01 -1.550492777006819756e+00 7.163855581349169999e-01
6.391755536121197512e-01 2.625406160607013928e-01 -3.828684046334872582e-01 2.341952144382437595e-01 3.594503594115070616e-02 -1.433370401143445605e+00 7.687616525343586860e-01
6.040603560246294856e-01 7.443898085032594203e-01 -8.619118224708274267e-01 4.740479088846298317e-01 3.745547715263143895e-01 -1.302595610692027117e+00 5.744077525601871681e-01
6.897241992048313008e-01 1.105193363309369792e+00 -1.224517064058545657e+00 6.653186201732312899e-01 7.033594542319281384e-01 -1.174049557441734670e+00 2.989962178301215356e-01
7.982495817945981509e-01 1.263196335180535090e+00 -1.460398835603004430e+00 7.198674287185642395e-01 9.721923523481481588e-01 -1.006468494339402886e+00 1.153031415263866960e-01
8.539733144878113302e-01 1.221943502647574675e+00 -1.599099615836791610e+00 6.257262530897983455e-01 1.143290550360179347e+00 -7.539171742120525099e-01 7.135989048298269077e-02
8.591815089446264153e-01 1.039715018009052860e+00 -1.661160632555154670e+00 4.338874477586303624e-01 1.193298541165973781e+00 -4.184725753243076496e-01 8.110087051878754616e-02
8.700257312086372430e-01 7.830214373605338674e-01 -1.642604866517835882e+00 1.999101925203607411e-01 1.118158492015741912e+00 -6.749896778294094124e-02 2.527186507221914832e-02
9.172924182345704169e-01 4.930682817452566868e-01 -1.534826175357754341e+00 -5.966727594754077380e-02 9.306322467278053123e-01 2.084028244782140382e-01 -1.140886412970054109e-01
9.568278583293543527e-01 1.786094185825030378e-01 -1.344927674229053682e+00 -3.558555045274528483e-01 6.507229572795215633e-01 3.630129283822518538e-01 -2.150698988055971816e-01
8.977442318603195970e-01 -1.460047857226258461e-01 -1.104741192497396884e+00 -6.751537556150906116e-01 2.968193459665761647e-01 4.205037461314103386e-01 -1.323554674376832552e-01
6.820208597425431174e-01 -4.154109681650248187e-01 -8.650390215936721861e-01 -9.393983658750486576e-01 -1.121958321807640380e-01 4.384671702328762910e-01 1.490227652037454109e-01
3.497933349981525164e-01 -5.321544734277592337e-01 -6.666583073315495156e-01 -1.035618057345971899e+00 -5.474038705555498430e-01 4.431918712933796134e-01 4.900151659524383807e-01
2.230336513519399350e-02 -4.454164697948181928e-01 -5.103630015463773706e-01 -9.034533893278758887e-01 -9.649356201071043193e-01 4.023346958000276752e-01 7.233462973294810805e-01
-1.994904398597092399e-01 -2.081998321540448338e-01 -3.595277752212079903e-01 -5.866379476082594913e-01 -1.309444591573011074e+00 2.683957100372107440e-01 8.088437814551315830e-01
-3.232364317206332105e-01 4.753992523172342888e-02 -1.733863990791328635e-01 -2.030688282862189997e-01 -1.535515481732691923e+00 4.512815510586407758e-02 8.760697477829504365e-01
-4.551315048704582811e-01 2.078823153528686907e-01 5.339915134042708816e-02 1.300871208640379528e-01 -1.636289893233657589e+00 -1.966697273829176307e-01 1.097219241026851533e+00
-7.036296301570000855e-01 2.619669984382854144e-01 2.775590744192871218e-01 3.681297961265730945e-01 -1.640190115234785528e+00 -3.750834072594307345e-01 1.505651005949741217e+00
-1.072907377931462625e+00 2.828032028923320174e-01 4.473236531836092822e-01 5.483312519415465269e-01 -1.582535571498572269e+00 -4.670598383146462029e-01 1.948092709596074501e+00
-1.448425159453881728e+00 3.252423840638402619e-01 5.585170906779829414e-01 7.129822858254240003e-01 -1.493161746178771843e+00 -5.154263527180613647e-01 2.220284733683045353e+00
-1.697135342357932508e+00 3.499068007299854788e-01 6.608071119196432530e-01 8.227786171398325799e-01 -1.398996712525660602e+00 -5.666561985437383875e-01 2.254306945875448775e+00
-1.770791049834123498e+00 2.581574666980693267e-01 8.007157558393764862e-01 7.687130753058489807e-01 -1.316610498584300792e+00 -6.025835399089594091e-01 2.156869694069034171e+00
-1.715349449934083559e+00 2.717050652183851042e-02 9.465700137161144889e-01 4.937529060700367456e-01 -1.232883429354849625e+00 -5.383715592957502016e-01 2.035191991551873691e+00
-1.585766490933468775e+00 -2.218377874646432490e-01 9.956259281350350321e-01 8.090626526854541312e-02 -1.104289723170252424e+00 -2.969383980654510813e-01 1.826230061656167747e+00
-1.350453249321645455e+00 -3.339170965304530947e-01 8.885367409425614094e-01 -3.146433965001580457e-01 -8.947709103998165991e-01 1.083819009069261069e-01 1.352524900891919346e+00
-9.221416124619120636e-01 -2.627897460041102029e-01 6.835021980742808090e-01 -6.003462468924247730e-01 -6.119004495879529770e-01 5.668017367183960653e-01 5.323660903914819720e-01
-3.054297160466126759e-01 -9.787517664513857574e-02 5.013019934483410323e-01 -8.005972124979912063e-01 -3.020757317390092567e-01 9.503153181774277591e-01 -4.685622324321132570e-01
3.388840296269336472e-01 1.017334268685414142e-02 4.324860296514450586e-01 -1.000572990528090012e+00 -2.564369854476695673e-02 1.188757411659032703e+00 -1.292358832279970393e+00
8.112444698064867898e-01 -4.173830726636477972e-02 4.955442730918240279e-01 -1.245448103020114550e+00 1.601692233372384311e-01 1.269511857054873571e+00 -1.631304971862669984e+00
1.028101166972303027e+00 -2.349347877553173425e-01 6.414003042493239271e-01 -1.476732572037042113e+00 2.191085368399012800e-01 1.200931003313621348e+00 -1.454295832428012414e+00
1.043394449198923102e+00 -4.307551394401035738e-01 7.773316675908260587e-01 -1.545077244595462806e+00 1.599890272901624277e-01 9.859278943642110216e-01 -1.034631860042418916e+00
9.574371023992778174e-01 -4.789684112015593076e-01 8.232496155016230110e-01 -1.319989236238792163e+00 3.369897489298634419e-02 6.200593210104953235e-01 -7.317164319482365453e-01
8.250539402834853320e-01 -3.723788677825492499e-01 7.730779891129295756e-01 -8.295337380083622758e-01 -1.003610886626690041e-01 1.357004526343416895e-01 -6.785008377712357097e-01
6.220787906582182503e-01 -2.634493448590135567e-01 6.823302525089168791e-01 -2.685006577049626753e-01 -1.951448981511302028e-01 -3.506097600120492430e-01 -6.985067270096720904e-01
2.992020238027952028e-01 -3.159023769921052160e-01 6.026352378839372470e-01 1.376504292659302964e-01 -2.190909004202642729e-01 -6.730350892749622504e-01 -5.349108188854165835e-01
-1.221557371961381616e-01 -5.615467132375726589e-01 5.396680534903635085e-01 2.686422567669001227e-01 -1.548248963962366442e-01 -7.099424139404664214e-01 -1.154984615483404253e-01
-5.049575311935921018e-01 -8.666864702456715808e-01 4.598587651030213164e-01 1.580705706363045027e-01 1.079121631078943820e-03 -4.569775452193911014e-01 3.627309405156620148e-01
-6.413452046427841058e-01 -1.013989058938040033e+00 3.384677487107830007e-01 -5.313474728161662192e-02 2.245656051697251798e-01 -3.943221402570720735e-02 5.509470345268154823e-01
-3.947706561172490414e-01 -8.571144504916219375e-01 1.865839690078104907e-01 -2.327352706329053056e-01 4.566347969252733119e-01 3.681552900649170956e-01 2.229030165857602275e-01
1.615661736478488097e-01 -4.304881061381525820e-01 2.032806716285538717e-02 -3.629544938458634795e-01 6.175907721525173422e-01 6.620150911726682130e-01 -4.908627680719132025e-01
7.864440980057813002e-01 9.396413336249387349e-02 -1.658902786414841457e-01 -5.305712040995104184e-01 6.252121785195258186e-01 8.383604931175465680e-01 -1.179668047458213742e+00
1.255592231560264782e+00 5.575182646357774718e-01 -3.915524463434338909e-01 -8.060649144537099797e-01 4.257172868476750693e-01 9.293934629920942436e-01 -1.482546655170066563e+00
1.486950220413175705e+00 9.146306021657847340e-01 -6.731784918680114860e-01 -1.151068810015235311e+00 4.048181475293244347e-02 9.519439645476259759e-01 -1.329645017682688612e+00
1.530676489210574864e+00 1.195474599430137674e+00 -9.945457113227603729e-01 -1.452515877183219395e+00 -4.294028025706571050e-01 9.009088381564582804e-01 -9.093577804515917684e-01
1.485700346326586319e+00 1.390953691982128149e+00 -1.273310334781017295e+00 -1.639421766896101529e+00 -8.696812068284555108e-01 7.651491296298142952e-01 -4.390471718382674138e-01
1.418858397121598225e+00 1.402987654155184005e+00 -1.379205515548927563e+00 -1.746522374964454505e+00 -1.212909349079536403e+00 5.551992678447370544e-01 1.772796565135819485e-02
1.335833736308296382e+00 1.116174268287323246e+00 -1.205737271485928908e+00 -1.860133711583427996e+00 -1.433617341607790863e+00 3.208380728176346008e-01 5.147218798489832103e-01
1.204089639410332202e+00 5.052593034534479388e-01 -7.347163259963170878e-01 -2.019722187579413575e+00 -1.521972002923544620e+00 1.333502922474503194e-01 1.072041365264217117e+00
1.000784004411466199e+00 -3.093169688206238166e-01 -5.438575713039137810e-02 -2.156857091437667684e+00 -1.469038144666580559e+00 3.177746385446802296e-02 1.577366759799816665e+00
7.527513592690908695e-01 -1.111619064145411784e+00 6.912528261626166293e-01 -2.131210805033104005e+00 -1.264401721174601034e+00 -2.161478401435301330e-02 1.820114885725655496e+00
5.120287242571659458e-01 -1.726612622367518668e+00 1.385634030467826738e+00 -1.856367720833012047e+00 -9.117050061669320637e-01 -1.113675693625780644e-01 1.666447368618231284e+00
2.843653259331103134e-01 -2.104621297877359076e+00 1.967113165052454704e+00 -1.376074848971502673e+00 -4.444154535115598659e-01 -2.899755973277732268e-01 1.196500377513134428e+00
2.451820170115568548e-02 -2.283452540002130160e+00 2.403497376960245013e+00 -8.173865184167309339e-01 7.241899020544198540e-02 -5.405985028644286761e-01 6.277104156154748038e-01
-2.858094949808582808e-01 -2.315407966342275081e+00 2.677905104163841532e+00 -3.074806922138412224e-01 5.519229504648069939e-01 -7.943870327188070624e-01 1.303006478290683612e-01
-5.816810227989356319e-01 -2.226245212334313273e+00 2.789874780317714631e+00 8.462181245554867282e-02 9.186678839692314913e-01 -9.765922904922753611e-01 -2.797099661115968749e-01
-7.528254363343249711e-01 -2.010233691282768298e+00 2.750370286516127916e+00 3.657040958669058317e-01 1.147464006450092722e+00 -1.057540778696389516e+00 -7.011986961619173231e-01
-7.462666138214976153e-01 -1.683820268374803808e+00 2.586267986970895993e+00 5.574577644554167266e-01 1.250560436173192569e+00 -1.050598085056286157e+00 -1.176810038671611380e+00
-6.206062304764909943e-01 -1.337176157946941446e+00 2.348714818791032943e+00 6.271266964923906118e-01 1.229851355835587245e+00 -9.640021017926265756e-01 -1.579368773479061128e+00
-4.911121709996620899e-01 -1.078558563873761589e+00 2.087836815331570062e+00 5.285255473936865123e-01 1.072120317919892818e+00 -7.879369983792801069e-01 -1.730247223673125889e+00
-4.304818325977131654e-01 -9.413452636692651865e-01 1.824414741154481989e+00 2.917160006125089078e-01 7.864126247112421808e-01 -5.317112493907928394e-01 -1.588837752955351901e+00
-4.179562472479741997e-01 -8.786919653173116407e-01 1.564711256479487611e+00 3.247710358194670632e-02 4.286307522929640457e-01 -2.491466448585418492e-01 -1.285267471477692380e+00
-3.785259744581484509e-01 -8.294177081333405921e-01 1.322030585985665141e+00 -1.243802935435247420e-01 9.366751155859934230e-02 -1.489634801221193829e-02 -9.981216324435451259e-01
-2.701187906645348691e-01 -7.776424218997214366e-01 1.113572395607522303e+00 -1.325055987623225684e-01 -1.225650399061862239e-01 1.208137257249469326e-01 -8.036882301680239316e-01
-1.303216088589510269e-01 -7.556057943458415194e-01 9.471824753691312493e-01 -4.204389476334585707e-02 -1.704849826142471880e-01 1.636416808381038757e-01 -6.332597593019485549e-01
-4.577853570563396313e-02 -7.955203136733405289e-01 8.064181035078684667e-01 6.475309758307083718e-02 -6.598386476592721372e-02 1.775819948861350195e-01 -3.754698969551774623e-01
-7.875543680487072373e-02 -8.882327271489016685e-01 6.507047299879471502e-01 1.440347451762997721e-01 1.300589706124724021e-01 2.498672922413725239e-01 -8.422647277402668664e-03
-2.136087572207273910e-01 -9.706129212697390818e-01 4.400294527812938505e-01 2.128016098194966677e-01 3.479429995267450670e-01 4.336347371853256916e-01 3.472649004991369970e-01
-3.644251571193138362e-01 -9.370463483512926350e-01 1.587333534336059782e-01 3.348399041776339291e-01 5.395044710034176960e-01 7.076431716812706663e-01 4.717103866838222026e-01
-4.433367565975539493e-01 -7.139923413752143899e-01 -1.739159289770758621e-01 5.591908299185726072e-01 6.895886114226360553e-01 1.006003778333095511e+00 2.005653414898471709e-01
-4.393748372908343192e-01 -3.505973632149246844e-01 -5.065042559557906277e-01 8.442008658944929467e-01 8.023145056332471325e-01 1.296306070603805427e+00 -4.051518824642021399e-01
-4.244888884266884155e-01 9.336495566607736635e-03 -7.810935826534708415e-01 1.073519585928751630e+00 8.829813627970055645e-01 1.595973404463414402e+00 -1.089536158154237988e+00
-4.764087613113011099e-01 2.326069178881461919e-01 -9.566153874431480020e-01 1.135122568681747435e+00 9.306360146406410516e-01 1.925828316707997478e+00 -1.598660545533171717e+00
-6.087493522786635580e-01 2.502760122364492412e-01 -1.007722511227640005e+00 9.645163910479671587e-01 9.406817273995956574e-01 2.278277671852444008e+00 -1.815379356130295996e+00
-7.709256088565478171e-01 6.931805300802125480e-02 -9.294178232594486611e-01 5.658696756099134140e-01 9.216991947255828155e-01 2.597786058975819490e+00 -1.767926795641211246e+00
-8.971681166816217745e-01 -2.400104323596274902e-01 -7.515858694375608939e-01 1.332240175966073123e-02 9.053121017044585273e-01 2.785900518259909919e+00 -1.554115724912572105e+00
-9.641462650179896121e-01 -5.936458090223025730e-01 -5.347826852719221868e-01 -5.964188771151153201e-01 9.263820885699796115e-01 2.761154775966646824e+00 -1.225796782827773379e+00
-1.022393017339908727e+00 -9.261889976542678760e-01 -3.532798497103389335e-01 -1.187610513717052285e+00 9.957391718151484827e-01 2.519515434366913720e+00 -7.429123047244841072e-01
-1.154640445120572512e+00 -1.174569040621762817e+00 -2.724633013241836155e-01 -1.689874514066785238e+00 1.097268237680539382e+00 2.123835957553203091e+00 -8.133879024197145091e-02
-1.375113725092661499e+00 -1.265500970224792576e+00 -3.134735386988125594e-01 -2.008872050061864645e+00 1.205588449961232156e+00 1.631266358846605202e+00 6.288850208346140613e-01
-1.602464887754675216e+00 -1.154855494771475088e+00 -4.331132683353698942e-01 -2.061032962552728165e+00 1.299453083464754855e+00 1.050859184474338459e+00 1.163458235718585643e+00
-1.760583013328339552e+00 -8.841172266951455860e-01 -5.497609151264104543e-01 -1.851091105622918453e+00 1.362787859934545098e+00 3.852078245911014220e-01 1.424540591592688754e+00
-1.865773495849356589e+00 -5.730801077528494547e-01 -5.927695008542277488e-01 -1.490576210826140002e+00 1.378111286359613663e+00 -3.108253146846917669e-01 1.533658299060634889e+00
-1.994184414525783433e+00 -3.380281631004658505e-01 -5.366764413418220192e-01 -1.126100325050168660e+00 1.317793005573406173e+00 -9.242221154964129770e-01 1.692557458579677654e+00
-2.180924827740632121e+00 -2.145854265767017932e-01 -4.067133600398676885e-01 -8.518039997750705972e-01 1.144334788238123624e+00 -1.334037908910430392e+00 1.988962057939218209e+00
-2.342304692895674556e+00 -1.372375999592674867e-01 -2.546746226407176628e-01 -6.680028029071858331e-01 8.208296665283969507e-01 -1.497677047884726997e+00 2.306895853196766488e+00
-2.303070308868188754e+00 1.464029426455433318e-02 -1.223216023151010579e-01 -4.978416740101334614e-01 3.314958124361875869e-01 -1.493314362148236318e+00 2.397541241098577469e+00
-1.948927227601759959e+00 3.112336696902887612e-01 -3.385486904733318175e-02 -2.561909083491048511e-01 -2.793265616681723240e-01 -1.439153689940317005e+00 2.101656757879659221e+00
-1.353208468979040680e+00 7.069086692804130712e-01 -1.708863891212901095e-02 8.297044333700112628e-02 -8.884863070057041901e-01 -1.386252737507032817e+00 1.520654056489331385e+00
-7.169273172234682523e-01 1.093627416497071625e+00 -1.044703956040710785e-01 4.767669473749264197e-01 -1.351472139502008840e+00 -1.315806650267523414e+00 9.319476865040291491e-01
-2.060492211343991076e-01 1.398663399579908040e+00 -3.128107676317736785e-01 8.521664518853516723e-01 -1.592800961266989557e+00 -1.194001359330780998e+00 5.593857854872470448e-01
1.421422771434723842e-01 1.638580412502381511e+00 -6.276208219728357518e-01 1.169675033268404052e+00 -1.633137500996192149e+00 -1.013358552584495920e+00 4.110171245847168420e-01
4.074170508880930464e-01 1.895009167069247047e+00 -9.895803544782546535e-01 1.459648205265095866e+00 -1.546082506171371440e+00 -8.154835742379803465e-01 2.867563708238984321e-01
6.911011719541491072e-01 2.215882218928906688e+00 -1.299738504341494405e+00 1.760644614215595816e+00 -1.412484710429157797e+00 -6.694658687001729946e-01 -2.057895709560994893e-02
9.958667514873862370e-01 2.536527764579021849e+00 -1.460230321222702354e+00 2.023826148919330770e+00 -1.299428089872133762e+00 -6.116397714654463469e-01 -4.960621829037702990e-01
1.199525933179785175e+00 2.722616583954715175e+00 -1.425508210157648392e+00 2.129365389884731563e+00 -1.243818901538580546e+00 -6.111871614836771327e-01 -9.065854143652788411e-01
1.156583665347556966e+00 2.689674893077173667e+00 -1.226458030207236760e+00 2.005069119555980439e+00 -1.243472699825995065e+00 -5.952075993938870102e-01 -1.035627765020851632e+00
8.400195398636793875e-01 2.465304874502576737e+00 -9.443250069017574688e-01 1.706369778876364318e+00 -1.272139965227906400e+00 -5.079773995189648117e-01 -8.900100089050189123e-01
3.900754915780509924e-01 2.154944024602317043e+00 -6.612212129331810351e-01 1.388541418565477414e+00 -1.302438524616276849e+00 -3.564114713457871009e-01 -6.879392556108968604e-01
2.958302558742975392e-03 1.852110531394282278e+00 -4.308148807710887040e-01 1.192434623686013495e+00 -1.314354560978960418e+00 -1.965165280850153795e-01 -6.390388639459566589e-01
-2.202036785230597482e-01 1.559140154211682061e+00 -2.713330088906794613e-01 1.132067456969388486e+00 -1.294475948886657068e+00 -6.775258530874976592e-02 -7.297947100672733667e-01
-3.058047340198054020e-01 1.213244949875375678e+00 -1.788199273917746024e-01 1.107946285328633484e+00 -1.235863624086195101e+00 5.136545262189361888e-02 -7.622532771606798097e-01
-3.373820728273764225e-01 7.879291070774867567e-01 -1.482742636637114919e-01 1.019570216683657105e+00 -1.141964739112950600e+00 2.258674550054518004e-01 -5.725196752844188275e-01
-3.785889554372862675e-01 3.403770002572422126e-01 -1.742460287830136234e-01 8.411776861653078585e-01 -1.032386509694181331e+00 5.029506769710128111e-01 -1.628755920203520668e-01
-4.260703141899908619e-01 -1.170010194283280930e-02 -2.431118461056614444e-01 6.324839331549483301e-01 -9.344629697086446196e-01 8.390553417319888130e-01 3.028145782723835611e-01
-4.143458546064810455e-01 -1.539078949456847145e-01 -3.324578985653300345e-01 4.993763958858673524e-01 -8.595261709647481485e-01 1.093783030476866536e+00 5.879203819417414545e-01
-2.777537344468461455e-01 -5.240410211568120868e-02 -4.121465534649520479e-01 5.182820124039622112e-01 -7.899490488245993758e-01 1.124000135208032214e+00 5.335572988162597952e-01
-8.003487737014028033e-03 2.405828914828393450e-01 -4.609945046533649449e-01 6.999650098263145992e-01 -6.918724198029622130e-01 8.734820251717000383e-01 1.536506434009706767e-01
3.405259183202249407e-01 6.456056045107034791e-01 -4.856593255197811931e-01 1.008394936204102477e+00 -5.412106182419749167e-01 3.819937522333596847e-01 -3.985710623456585333e-01
6.899571272828159962e-01 1.088819702684057589e+00 -5.031127818022752551e-01 1.385349500316759519e+00 -3.377553171490751960e-01 -2.494402037473616995e-01 -9.501124256810363766e-01
9.854777747600295124e-01 1.498787060233554902e+00 -5.033378890957755925e-01 1.765414878139417443e+00 -1.016781178678470149e-01 -9.001601366878998478e-01 -1.419895564649170883e+00
1.198438110124754985e+00 1.782757875643292689e+00 -4.376488431059920026e-01 2.065196320957314313e+00 1.316168187147256363e-01 -1.463296207722227571e+00 -1.780435033662451483e+00
1.292425245873130013e+00 1.819164011545747250e+00 -2.499797906882532672e-01 2.176295510710748449e+00 3.201144952958891454e-01 -1.857092458139904201e+00 -1.936765890574572824e+00
1.217409518065603713e+00 1.517749224212677106e+00 7.109480531424718086e-02 2.013741250324860843e+00 4.325592106298514206e-01 -2.024599533553568698e+00 -1.746556897235862715e+00
9.635918835014189998e-01 8.988201422353689907e-01 4.698868369781638021e-01 1.576979602045796014e+00 4.597883718889873017e-01 -1.947284124527133509e+00 -1.166377621729169256e+00
6.389254753343492910e-01 1.211863767303868050e-01 8.539307264468322112e-01 9.754413921658181552e-01 4.098970970421721982e-01 -1.683968900267606594e+00 -3.719958838640326504e-01
4.630266022954319660e-01 -5.709969914861663387e-01 1.147384230573456954e+00 3.984302167604482081e-01 2.955728240127697970e-01 -1.383265480550346149e+00 2.779665797454733966e-01
6.103026122794878994e-01 -9.845938940529426198e-01 1.315478365720960108e+00 1.433829932055526038e-03 1.350612814910081005e-01 -1.199117243840795544e+00 4.971655055218342500e-01
1.054292786379912306e+00 -1.077157577530226673e+00 1.344458579560061651e+00 -1.950200039579438327e-01 -3.362636382400478047e-02 -1.185879301107313211e+00 2.987308655997746865e-01
1.599854764188497036e+00 -9.116560566874843952e-01 1.223028706393193721e+00 -2.700973007738316500e-01 -1.589774257355947573e-01 -1.298033263185266017e+00 -8.451994532011422590e-02
2.034460976231504681e+00 -5.533931040091265574e-01 9.503896921264783915e-01 -2.940357345366502728e-01 -2.023918272150601050e-01 -1.453884934372282833e+00 -4.525392616265669909e-01
2.241991240504075833e+00 -3.484957522123755674e-02 5.529762233027702978e-01 -2.707592956930920391e-01 -1.516406856847822837e-01 -1.584030249413691527e+00 -7.795235113348008005e-01
2.235534879663565011e+00 5.953013613018333094e-01 1.013709372899059963e-01 -1.725412998116184482e-01 -2.192434462441513257e-02 -1.656237847856904866e+00 -1.150205006051469248e+00
2.098095197328736727e+00 1.219819247293638220e+00 -3.044498848263749724e-01 -1.490303965466345699e-02 1.523448086493313647e-01 -1.660516469388891192e+00 -1.589014676533148540e+00
1.879081738438578064e+00 1.684593110134858573e+00 -5.960062478294479993e-01 1.320699852409011887e-01 3.425743795667976488e-01 -1.573514741855340571e+00 -1.975516646457988301e+00
1.568761970169946451e+00 1.892607078432369860e+00 -7.783211395018704293e-01 2.095870163878316705e-01 5.397453748803333617e-01 -1.359099767038409512e+00 -2.140721986149059397e+00
1.158078110288465634e+00 1.869785330913725341e+00 -9.104375678235336888e-01 2.257992437307173861e-01 7.383360525073334735e-01 -1.003554687599021111e+00 -2.026867339388913170e+00
6.971861194359997294e-01 1.742898348580156576e+00 -1.047894624074354963e+00 2.461165308065397517e-01 9.123901159818030848e-01 -5.523312607909069971e-01 -1.743306459257098595e+00
3.016687679065734318e-01 1.635691911119715458e+00 -1.189203271427034414e+00 3.300302615227586611e-01 1.009337468009068317e+00 -1.109617111671411527e-01 -1.469557850226348217e+00
7.040204216029732898e-02 1.572930096792606758e+00 -1.279930284536852758e+00 4.727698993443477105e-01 9.804291350299079166e-01 2.179148852546992088e-01 -1.284236180266780547e+00
-1.418621836202435191e-02 1.491853090122174263e+00 -1.274102018173908002e+00 6.147749083297618933e-01 8.223331330238868864e-01 3.987140622751678687e-01 -1.098021993560274190e+00
-6.586526942502002324e-02 1.337575878390653061e+00 -1.180062494508922866e+00 7.046481035894948119e-01 5.754376302435978419e-01 4.572108701157545640e-01 -7.717802031564001686e-01
-1.845994627113038966e-01 1.120660216137703058e+00 -1.049749648525492463e+00 7.389524002790458512e-01 2.875615247868892332e-01 4.449292427136001260e-01 -2.645626347737016215e-01
-3.721938034173197796e-01 8.957061397453822682e-01 -9.331379574009740496e-01 7.545004675682499551e-01 -1.137672196027630922e-02 4.113903373607000202e-01 3.210683197030893554e-01
-5.170535746971649527e-01 7.224482958024214252e-01 -8.416186838670224324e-01 8.026185749923480106e-01 -3.120180150494353266e-01 3.704682380952090126e-01 7.787373544571715156e-01
-4.667921169584079433e-01 6.263732075464950588e-01 -7.471755388716267987e-01 9.023903016658687548e-01 -6.133519777225496794e-01 2.924235270743667514e-01 9.265683220214637750e-01
-1.470145750553370767e-01 5.623172439507024833e-01 -6.085306975023186959e-01 9.990599445527489353e-01 -9.050324624199677093e-01 1.524119345848800322e-01 7.580659293984656211e-01
3.789689319929299693e-01 4.444667459498859441e-01 -4.127988522988864095e-01 1.002076999036924931e+00 -1.150978537894032261e+00 -1.504623008273078301e-02 4.386788598502504577e-01
9.394768465146691172e-01 2.416724605057939124e-01 -2.181595142914656560e-01 8.798191976534823766e-01 -1.278815809912044354e+00 -1.197451700293470783e-01 1.487411946190625445e-01
1.317760195587813321e+00 3.754647422554885372e-02 -1.586960099794458012e-01 7.082655794029986129e-01 -1.193897912514509940e+00 -6.464092146706666708e-02 -4.519154245438156137e-02
1.366135847988937835e+00 -1.893684767090898086e-02 -3.580357394039243024e-01 6.121535610243722392e-01 -8.576525304242214043e-01 1.891810095972918104e-01 -2.000092462077157074e-01
1.159417858969155057e+00 1.583836058624818188e-01 -7.850773122342287191e-01 6.444957933306596498e-01 -3.840784138405232140e-01 5.544789754536916249e-01 -4.215344491640512503e-01
9.282356562703841796e-01 4.989199278306645780e-01 -1.245833114514119488e+00 7.407735275203747305e-01 2.098496033346870793e-02 8.575457996311425246e-01 -7.292749672306044761e-01
7.718064216249781451e-01 8.063374414931049339e-01 -1.551401543184407927e+00 7.836780706713752931e-01 2.480562823755300406e-01 9.891654178467420566e-01 -9.603426847427988244e-01
5.811028920893306360e-01 8.914232327934487055e-01 -1.633825536682790514e+00 6.787979164353387107e-01 3.373152395585251040e-01 9.608160401410295037e-01 -8.690893467325421229e-01
2.270154804834778883e-01 6.855635884247246459e-01 -1.525909033243237678e+00 3.919038447578520046e-01 3.786263836039802100e-01 8.414440201568036404e-01 -3.383556574977483744e-01
-2.840933462946781396e-01 2.558501490882583163e-01 -1.296584059693768554e+00 -3.198305661762756297e-02 4.335783822430245293e-01 6.980441004130351068e-01 4.975432328937676729e-01
-8.068305655089168527e-01 -2.537444562509105772e-01 -9.961536194626251506e-01 -4.783721809700270944e-01 5.216524659017885979e-01 5.645734854126988056e-01 1.304540825007081573e+00
-1.180554063111758367e+00 -7.233921446052939963e-01 -6.441671933657708848e-01 -8.344148483367342939e-01 6.357775936121538018e-01 4.534356587804435068e-01 1.781586784115687827e+00
-1.346805168995149016e+00 -1.137710099155007315e+00 -2.525597275905644978e-01 -1.067510493111088365e+00 7.607802856504284339e-01 3.965672089323568628e-01 1.877511849463313398e+00
-1.342508283113989620e+00 -1.547290780003456101e+00 1.453016367995591807e-01 -1.207440020574008566e+00 8.819117742172671859e-01 4.510003676434951592e-01 1.748622445890846144e+00
-1.222852109489040107e+00 -1.955591708316460453e+00 4.812824184428834973e-01 -1.261697760030611182e+00 9.871342336071650125e-01 6.547612643407716426e-01 1.544306511516179148e+00
-1.003637866423635616e+00 -2.284942066111236958e+00 6.897463162919762469e-01 -1.191397402786390947e+00 1.054399296917927664e+00 9.799230327252961281e-01 1.281278706110495547e+00
-6.614985396188453048e-01 -2.455485270112597540e+00 7.648222674344898886e-01 -9.774760834459857994e-01 1.035022434900749300e+00 1.337506713723587426e+00 9.066726061342287313e-01
-1.881617914101290090e-01 -2.460836660140391263e+00 7.577426104450475375e-01 -6.793993979883830026e-01 8.728729984475289694e-01 1.630879847045906716e+00 4.341409619930083896e-01
3.576602314449336961e-01 -2.348263748753875557e+00 7.173822395333716573e-01 -4.024201033951856354e-01 5.516430384195958325e-01 1.801777082293289478e+00 -2.148235969904672624e-02
8.582709618070286650e-01 -2.148986483758424715e+00 6.444365436799054381e-01 -2.153353491354317306e-01 1.165151722676740637e-01 1.849292051587543284e+00 -3.353547929538792660e-01
1.208793609791452006e+00 -1.851285698908272215e+00 5.028585241715750609e-01 -1.103577286969911614e-01 -3.509559920678446132e-01 1.825689658610075705e+00 -4.832302825337466690e-01
1.387859755620043378e+00 -1.431707668099806652e+00 2.708603777568390769e-01 -2.537454263554628220e-02 -7.738521219599188150e-01 1.794079122836871987e+00 -5.684634143776721160e-01
1.447070758564634518e+00 -9.053253349008250073e-01 -2.363239450769293037e-02 9.952623897955475973e-02 -1.102023655955716830e+00 1.778295369084841981e+00 -7.261081851327307879e-01
1.429556496745758132e+00 -3.623828359710474789e-01 -3.126556409121865054e-01 2.588281203280889398e-01 -1.311579051036869004e+00 1.767806258866816194e+00 -9.688586287387115359e-01
1.311464993085102115e+00 4.561250455686946537e-02 -5.273686487841080517e-01 3.669512365609035598e-01 -1.393996735218380412e+00 1.763911743416680888e+00 -1.128128504631406237e+00
1.029218239390280454e+00 1.899483612400265642e-01 -6.379048037246450864e-01 3.306548854769693624e-01 -1.348515962073617347e+00 1.799520365284783985e+00 -9.829275647289469342e-01
5.615928945932965322e-01 6.116328140481541720e-02 -6.695176567297923542e-01 1.449863940678998153e-01 -1.184095303168982927e+00 1.904425103101115013e+00 -4.681460301954474823e-01
-5.788295271239350150e-03 -2.100757704935779790e-01 -6.767505819032972880e-01 -7.640120290756699517e-02 -9.261364824519789929e-01 2.041944081532950594e+00 2.229144251826068457e-01
-4.984718115432956176e-01 -4.469095921366285640e-01 -6.856872713803976449e-01 -1.727692643459695088e-01 -6.230037763260730665e-01 2.090735074831817641e+00 7.550710038008801028e-01
-7.786135591607945550e-01 -5.770112325490290850e-01 -6.639872770812463854e-01 -7.363675155330691446e-02 -3.355967207797223018e-01 1.924484874726610117e+00 9.448759614321985412e-01
-8.597009675501140480e-01 -6.805377484063837024e-01 -5.566773767595338818e-01 1.362476757082404233e-01 -1.059309934866035086e-01 1.507034727845823152e+00 9.295503927604872318e-01
-8.651581197755392472e-01 -8.649984068302977169e-01 -3.457337262445188131e-01 3.060879862091518411e-01 6.157304507386966025e-02 8.967849032242698470e-01 9.893110471923227678e-01
-8.933102719513389411e-01 -1.113606000622209269e+00 -7.734113399459537075e-02 3.572819317235890191e-01 1.925722015638212936e-01 1.924284893708381183e-01 1.238057444666905482e+00
-9.340271678465272842e-01 -1.284403945121734614e+00 1.743111487550551009e-01 3.246915116438227611e-01 3.202144177928922253e-01 -5.170898122555322995e-01 1.531237495605729304e+00
-8.911493860556191082e-01 -1.260933719055338242e+00 3.831473699174760550e-01 2.666425846649096432e-01 4.527706322705107866e-01 -1.178468255005781451e+00 1.665921622749315878e+00
-6.930751890520113756e-01 -1.074901181447418308e+00 5.923986823925646572e-01 1.623605329878502757e-01 5.617572390008286343e-01 -1.755334477675667193e+00 1.614941021065502413e+00
-3.924938356258070304e-01 -8.586420286636917698e-01 8.443461469437085753e-01 -6.426642767221711627e-02 6.159593929496270936e-01 -2.191463716934057171e+00 1.531454751564916394e+00
-1.498478722384787021e-01 -7.114912358685300253e-01 1.108063392976050388e+00 -4.398878126824988244e-01 6.198635271082212350e-01 -2.407245148034184545e+00 1.579476925931924347e+00
-1.153658822375959736e-01 -6.396195807235099950e-01 1.289174501662764483e+00 -8.956990999769164352e-01 6.074946406980400448e-01 -2.331258473597583869e+00 1.786471224036601857e+00
-3.115426913108430007e-01 -5.788113599860479352e-01 1.301796079453072297e+00 -1.294959406370234989e+00 6.115645663457858205e-01 -1.960391378579134258e+00 1.996945133381541559e+00
-6.172438062542545678e-01 -4.464142477480748661e-01 1.131837295439285684e+00 -1.489022328633592185e+00 6.480823597386639046e-01 -1.413277736139369800e+00 1.956953683869727234e+00
-8.768954899259229219e-01 -2.275426043243747587e-01 8.463106308939831735e-01 -1.414717410241709494e+00 7.202900833859178231e-01 -8.782070770833712015e-01 1.532464676844305762e+00
-1.025368269492279660e+00 -3.009456042972376288e-02 5.487682556857861327e-01 -1.168586829471252475e+00 8.295810925272707470e-01 -4.731561937012524477e-01 8.728382758950735676e-01
-1.102584744552215223e+00 -1.103988587511736674e-02 3.175863581286291759e-01 -9.485452567801464507e-01 9.820214674071183758e-01 -1.808915703966764710e-01 3.141827987916601117e-01
-1.172805884416310285e+00 -2.358675525692342234e-01 1.646843935523856772e-01 -9.122735160552221112e-01 1.183556272294314038e+00 9.207369782853179474e-02 1.101474432334155901e-01
-1.242786370126017337e+00 -6.060713666472854477e-01 3.690445751204089048e-02 -1.074278511361626665e+00 1.426609018941790819e+00 4.221062667345218400e-01 2.327035163390975270e-01
-1.233211776702654028e+00 -9.173828498850663538e-01 -1.266073404987551887e-01 -1.308773788681800720e+00 1.674844252180072601e+00 7.950147003616339081e-01 4.037149055394655961e-01
-1.030552197923066293e+00 -1.007377789775297350e+00 -3.224767722348398369e-01 -1.461774631610829989e+00 1.859118119907950284e+00 1.089124050041634373e+00 3.346545194758664410e-01
-6.056995959132261964e-01 -8.746441834175363583e-01 -4.747977022203732633e-01 -1.485529160620447042e+00 1.899349424324478175e+00 1.161008563422462503e+00 -1.833682739303983678e-02
-8.286667960831430035e-02 -6.677433975424614809e-01 -4.988737217862723172e-01 -1.468503152140206325e+00 1.745255459198419734e+00 9.687682699834248012e-01 -4.093728393758261364e-01
3.326135520040336968e-01 -5.447650591300627898e-01 -3.733344132148717076e-01 -1.528997664580222127e+00 1.406331782828244448e+00 6.037774437514872305e-01 -5.336706952189022024e-01
4.880381166621449163e-01 -5.450361586222122190e-01 -1.542117909068025094e-01 -1.696181082819851582e+00 9.493803992725637908e-01 2.248614548528814761e-01 -2.968188373304428418e-01
3.651569750672506443e-01 -5.918339260946801073e-01 7.973893252568607648e-02 -1.885831384079391659e+00 4.678608335193073509e-01 -2.978181911718683766e-02 1.294161274378668458e-01
7.435545700871792896e-02 -5.788461397332728131e-01 2.875070467661479667e-01 -1.949049943445685384e+00 4.304807723106176404e-02 -1.057156388836322652e-01 4.448678885990920984e-01
-2.382638029469985597e-01 -4.771585777724974275e-01 4.849673799702684529e-01 -1.777155069714094537e+00 -2.818494358331630756e-01 -2.852488487828469532e-02 4.559964121603933829e-01
-4.975288919829657375e-01 -3.940455416148738732e-01 7.247897512463850056e-01 -1.404017972321088825e+00 -4.990227678024161118e-01 1.557805244062463179e-01 2.415339028963243706e-01
-7.105105159952628258e-01 -4.804911855110199914e-01 1.038101989574782280e+00 -9.705485340424224727e-01 -6.108158345280904067e-01 4.162974084179489331e-01 4.213917642867411745e-02
-8.832024049398619070e-01 -7.676473705258906044e-01 1.381670659225845865e+00 -5.853246047433108279e-01 -6.158792529175793895e-01 7.213190447693937912e-01 -1.349735399481041299e-02
-9.425799681562476717e-01 -1.126676442257615873e+00 1.668504370207389176e+00 -2.559916004084075714e-01 -5.278395801373534368e-01 1.005236610487165061e+00 -3.755723600299312737e-02
-7.523073199341330231e-01 -1.385864039241745838e+00 1.862329053782167954e+00 5.509101019615937622e-02 -3.977410325470770447e-01 1.157836406587548606e+00 -2.571275577150863301e-01
-2.382175112996660071e-01 -1.472762729863938302e+00 2.011686479985376863e+00 3.392060459383810511e-01 -2.946997396486717991e-01 1.069677562691280892e+00 -7.657912486708471356e-01
4.835422640382947002e-01 -1.443014317973622562e+00 2.176087868869048592e+00 5.141552629011307829e-01 -2.555786352552623653e-01 7.132163279807327561e-01 -1.390973574676273694e+00
1.131307524921933538e+00 -1.392296856090609936e+00 2.345767891314689546e+00 4.906525033329364183e-01 -2.574567376359446214e-01 1.862817713571634781e-01 -1.812857904663332187e+00
1.435546169508863601e+00 -1.358630202991312652e+00 2.440125571199942112e+00 2.663141094961438138e-01 -2.319503570070125253e-01 -3.269324301704296665e-01 -1.819574276230493393e+00
1.310581370631749731e+00 -1.304203791473155238e+00 2.370481557419325647e+00 -6.303996829856363393e-02 -1.134782059606374571e-01 -6.496167407791068049e-01 -1.449839063645689929e+00
8.883530677666759967e-01 -1.166177571081382425e+00 2.116803827119587478e+00 -3.776897309228014477e-01 9.617314701219492612e-02 -7.016332913323459763e-01 -9.348130874683606706e-01
4.034084585009337087e-01 -8.999501497014673612e-01 1.752514843758192109e+00 -5.825029308654435800e-01 3.085331191527945771e-01 -5.400572310689069067e-01 -5.579654267104838805e-01
1.583044128897601044e-02 -5.153444932660924405e-01 1.387491210942392694e+00 -6.204154372712775700e-01 4.245096009550489713e-01 -3.047583688665276291e-01 -4.912013583622487078e-01
-2.820803460676929997e-01 -1.211131778039998969e-01 1.095671624222942508e+00 -5.130160794435484339e-01 4.347135527649041431e-01 -9.784158102389105272e-02 -6.574700582515449199e-01
-5.759301464869484022e-01 1.091154347407069097e-01 8.978155506621132709e-01 -3.771730298586487562e-01 4.181429551448708204e-01 6.289586393652152330e-02 -7.875052458508607911e-01
-8.609916846433309789e-01 5.460683690283670011e-02 7.852735551120932911e-01 -3.660291925484522313e-01 4.426141444415335746e-01 1.867250006250592009e-01 -6.484687715060866164e-01
-1.007797368616128786e+00 -2.607272587967331412e-01 7.369470627060816792e-01 -5.656455830663463802e-01 5.080838553517343925e-01 2.625587689785882639e-01 -2.359644063430937355e-01
-8.774975742635446885e-01 -6.683620058736901015e-01 7.248207823428831631e-01 -9.169995304624647403e-01 5.911718710904978469e-01 2.583069103258501809e-01 1.970614173345867082e-01
-4.270371298502548263e-01 -9.696548184641602397e-01 7.385394966819017748e-01 -1.265120162075422883e+00 6.825397739941453379e-01 1.448497886777706245e-01 3.289353937430233299e-01
2.507278919888189517e-01 -1.084955999842694307e+00 7.967546718596932864e-01 -1.504463952036563246e+00 7.743553848783490956e-01 -5.683627105164627130e-02 5.643813365907954238e-02
9.408135946165032681e-01 -1.070465924910613431e+00 9.033861704507533119e-01 -1.642572898628676947e+00 8.629626349251214856e-01 -2.621628498112615335e-01 -4.225336175879076950e-01
1.410917704059513333e+00 -9.970455975261940385e-01 1.015599484670303809e+00 -1.728644867030235455e+00 9.565723006990350941e-01 -3.782602954880391333e-01 -8.253197768888963504e-01
1.557558034643014233e+00 -8.596996631544538969e-01 1.083786809029755993e+00 -1.763709248460713752e+00 1.047183139388496276e+00 -3.674568378685537096e-01 -1.040646167204650085e+00
1.458493087602078297e+00 -6.021070129693065764e-01 1.105523930849378278e+00 -1.685609713997825443e+00 1.079839843982433711e+00 -2.750455993385282349e-01 -1.169168561857164557e+00
1.262743366969779180e+00 -1.996434198151718908e-01 1.110581839328954823e+00 -1.427541075713896213e+00 9.763374767429348067e-01 -1.954114086476897993e-01 -1.343344795788820711e+00
1.029014569691707903e+00 2.710817611745634514e-01 1.106423965055532976e+00 -9.979298605646592657e-01 6.998319477836087987e-01 -1.843563489162442781e-01 -1.519118607489854389e+00
7.089578806670798761e-01 6.529234369980071451e-01 1.063210212815381972e+00 -4.923871781387263447e-01 2.867430069684712701e-01 -2.159195576933658767e-01 -1.485503546522399798e+00
2.609374717879424099e-01 8.438332900227423217e-01 9.228471866676862811e-01 -6.900158875765052260e-04 -1.739286035352737014e-01 -2.256382861231159276e-01 -1.103401791758861439e+00
-2.624205905015195572e-01 9.018154095809510773e-01 6.257948548243774667e-01 4.778149736503251033e-01 -5.905807675870650142e-01 -1.863413907188968544e-01 -4.836813483248298962e-01
-7.091976459138246147e-01 9.731695141467451293e-01 1.855493177952954320e-01 9.941843986481486706e-01 -9.318043635259528612e-01 -1.610264480921849151e-01 9.407882565372499561e-02
-9.279552910431526636e-01 1.128028378449720037e+00 -2.795615724421526282e-01 1.543309404671573404e+00 -1.235803822319080147e+00 -2.622900239156076840e-01 4.183608639948205310e-01
-9.088945950201672286e-01 1.292696556491546911e+00 -6.242877216491079517e-01 2.022938808096431451e+00 -1.537092887041581424e+00 -5.387083738463670501e-01 5.132817280574936136e-01
-7.939804000498652536e-01 1.332005944653830154e+00 -7.658596201769953815e-01 2.291035681571226945e+00 -1.809247251494104924e+00 -9.253743002388529204e-01 5.894687090912066330e-01
-7.475554289944322806e-01 1.170894377398205455e+00 -7.027706271247377012e-01 2.253024649670648305e+00 -1.986978270624044862e+00 -1.292392592800818418e+00 8.337458399132414710e-01
-8.294548184243014655e-01 8.401661243617670749e-01 -4.756061344403475499e-01 1.913713840545101519e+00 -2.019966718106454451e+00 -1.528129336272781469e+00 1.236917191438180019e+00
-9.588535938262474634e-01 4.460007240936403328e-01 -1.192666113042413073e-01 1.381921776786590561e+00 -1.906379073689022929e+00 -1.610461433815446597e+00 1.589271752795126780e+00
-9.973939722229118177e-01 1.039203042400559246e-01 3.420589678090477093e-01 8.231955865168657516e-01 -1.686470114347737637e+00 -1.603039871037486463e+00 1.648324319844924446e+00
-8.888564047669127444e-01 -1.360820134654616709e-01 8.694231321719574357e-01 3.692670771075559077e-01 -1.406761850452289631e+00 -1.572583553237510312e+00 1.360115363490372209e+00
-7.034688145799006254e-01 -2.999231382775542354e-01 1.396060051047194772e+00 6.504748876994770335e-02 -1.095426220953535479e+00 -1.534338418074483235e+00 9.053594644432307881e-01
-5.478059656561035107e-01 -4.092964360473276830e-01 1.826737087852839503e+00 -9.640368414878908165e-02 -7.712950142510118789e-01 -1.478808407307085515e+00 5.107640783430772435e-01
-4.672574616388351365e-01 -4.250002844283053971e-01 2.059638773828556868e+00 -1.273567123889003394e-01 -4.605800646857307057e-01 -1.415496466984231372e+00 2.582995429363256212e-01
-4.332836205540447905e-01 -2.845068464923037888e-01 2.038967034117705079e+00 -4.775278687153010349e-02 -1.992226749866414792e-01 -1.380396635606102151e+00 7.672019072120662975e-02
-3.931002669349695777e-01 2.220747827064494667e-02 1.789715921551884747e+00 8.926545007185537894e-02 -3.008919947098379066e-02 -1.410955736963493745e+00 -1.192041520005702182e-01
-3.291861557835603636e-01 4.078984860456941197e-01 1.402046333808247391e+00 1.825685125319851110e-01 1.129999466355855776e-02 -1.510886744914087032e+00 -2.789730077345044523e-01
-2.841120544775305179e-01 7.270563095458038028e-01 9.780381383499688885e-01 1.188024924115168163e-01 -7.035173628947226365e-02 -1.632449025766626427e+00 -2.250051882000782266e-01
-3.200248267113228740e-01 8.785975963854140147e-01 5.803612172011719528e-01 -1.448044135679073252e-01 -2.175700580012067120e-01 -1.697007679838241190e+00 1.596733830758625128e-01
-4.405797163480372203e-01 8.734349613419596370e-01 2.288159458449142980e-01 -5.264849590812659130e-01 -3.550041346632711869e-01 -1.651668351471640594e+00 7.676120788148230734e-01
-5.586680744562636525e-01 8.212910767442486160e-01 -6.924199709301764871e-02 -8.438539583957763712e-01 -4.401973869134637174e-01 -1.525516753301788153e+00 1.295490424019205777e+00
-5.567316533573579695e-01 8.395061450072628384e-01 -2.953222059568221258e-01 -9.236878735082014735e-01 -4.915395751185081541e-01 -1.424697408464791648e+00 1.462925877010808007e+00
-3.928242235711768005e-01 9.348142453039527400e-01 -4.172178169709025441e-01 -7.401047277071545194e-01 -5.746445445015532227e-01 -1.442631576376677716e+00 1.262816237524973184e+00
-1.432693912979153550e-01 9.992066612521344204e-01 -4.196276548365311942e-01 -4.377776640132058916e-01 -7.557277169181535470e-01 -1.560102588950832203e+00 9.782792923762542170e-01
6.817176751508667587e-02 9.502664323787586298e-01 -3.512204962792479512e-01 -1.999789798919004991e-01 -1.053282335881555287e+00 -1.645324319788321388e+00 9.180209675386906687e-01
1.798807560214677193e-01 8.415129113151132989e-01 -3.183561188208430259e-01 -1.024650503290646386e-01 -1.414907460208824297e+00 -1.567941374825021716e+00 1.153611166430362100e+00
2.573132148364734029e-01 8.140893484451854345e-01 -3.919370363064214602e-01 -9.054059100806891025e-02 -1.756266206418690023e+00 -1.326181018610634199e+00 1.488250946294356503e+00
4.578587023750910201e-01 9.644437550328355258e-01 -5.322029803781036517e-01 -6.936244050119758087e-02 -2.037525815498587356e+00 -1.063266507525110427e+00 1.635621423614848746e+00
8.829518618860712209e-01 1.259673607934701289e+00 -6.384913800231521996e-01 -6.620802526635309430e-03 -2.270877933526072034e+00 -9.470820940505479957e-01 1.469155191249394532e+00
1.468163922054245063e+00 1.555069576859350322e+00 -6.464029181175247052e-01 3.746208560687307176e-02 -2.459627494876032383e+00 -1.035997640917262430e+00 1.126828143302056828e+00
2.041805342650940158e+00 1.702106438370522445e+00 -5.649574978110035728e-01 -2.069832541438425266e-02 -2.567020366909648299e+00 -1.255039375956490399e+00 8.473484918236150465e-01
2.449379892662379987e+00 1.649471138286976446e+00 -4.594619459533705874e-01 -1.948362690143118359e-01 -2.534252274015599937e+00 -1.461340897292612517e+00 7.381167582613241684e-01
2.619549877037482322e+00 1.444099878851679009e+00 -4.062460842238725944e-01 -4.049655270458782930e-01 -2.311023646522816222e+00 -1.521445186101610281e+00 7.209346979891465557e-01
2.558709222669138139e+00 1.169052472590703218e+00 -4.478130130702134282e-01 -5.257830137930875614e-01 -1.880314207320771258e+00 -1.365326253985344129e+00 6.414936276422970041e-01
2.296232869614906136e+00 8.824966162061657071e-01 -5.821468411569002965e-01 -4.720873368595427944e-01 -1.270365042294988589e+00 -9.962201682369902223e-01 4.203488730047117983e-01
1.845679618261125254e+00 5.943796594250576604e-01 -7.825247123532418358e-01 -2.537242178583425378e-01 -5.507306233305763188e-01 -4.577134097489903852e-01 1.166831515823738008e-01
1.235386813025319164e+00 3.048466668056776241e-01 -1.020753836978583795e+00 6.017307449446748779e-02 1.834739002135171992e-01 1.913501951937049139e-01 -1.608122541744534950e-01
5.480639804079573407e-01 4.702578720080854979e-02 -1.272757763503277850e+00 4.079582260935769589e-01 8.314724445184492607e-01 8.694971223046055187e-01 -3.701616885547054925e-01
-1.037652878494761677e-01 -1.220892536839731368e-01 -1.514704211052087857e+00 7.570188534964616967e-01 1.309022461866004239e+00 1.471051586607164730e+00 -5.535689777745284035e-01
-6.265618650048494498e-01 -1.563454342613307124e-01 -1.725995348936189222e+00 1.091909340753560054e+00 1.566694502710622716e+00 1.891786943942508792e+00 -7.840003158925785698e-01
-9.694445720273993095e-01 -6.477133487883632301e-02 -1.884779423090378714e+00 1.381048262402140958e+00 1.589919480673979146e+00 2.068575612669077746e+00 -1.070498789942604834e+00
-1.128433617990941551e+00 6.800583865285968199e-02 -1.959947868555447670e+00 1.550951856285310404e+00 1.390218123163637021e+00 2.009262916748907557e+00 -1.293283162807983722e+00
-1.130213314695926785e+00 1.458747123011354119e-01 -1.937733686509683473e+00 1.526026317489521889e+00 1.010308922765934092e+00 1.790615054082448587e+00 -1.288048727511607039e+00
-9.997937759837483007e-01 1.458732182216380402e-01 -1.852758195195473023e+00 1.294118059787317865e+00 5.281802064579544931e-01 1.522186827519563801e+00 -1.001802489054688383e+00
-7.241190028084714125e-01 1.275026579202359900e-01 -1.753355816954038859e+00 9.305947118605391033e-01 3.140280646922539998e-02 1.271050076136543971e+00 -5.617371751627855403e-01
-2.484907289917137052e-01 1.915311647964212938e-01 -1.646873714203952677e+00 5.839356073530145297e-01 -4.175242935501803365e-01 9.974972071950571895e-01 -2.255429051014909703e-01
4.394539802395502348e-01 4.060857581624644497e-01 -1.513278767536049507e+00 4.005999427022844950e-01 -7.839324899083548459e-01 6.160005079213358714e-01 -2.009136429950798552e-01
1.214012179752993470e+00 7.208570156965351527e-01 -1.346412439553052787e+00 4.090147200508587044e-01 -1.043362475174871351e+00 1.302096888910984351e-01 -4.368670777664301341e-01
1.839340677225131948e+00 9.840907436150321264e-01 -1.161425594565560493e+00 4.975314160683581011e-01 -1.174315546919459052e+00 -3.403583353728451555e-01 -6.414283157407326685e-01
2.095706198410709931e+00 1.075266051261386080e+00 -9.966972766195779654e-01 5.292497846000798756e-01 -1.161246016482508470e+00 -6.416103770306700316e-01 -5.475320830771459590e-01
1.901833186108090157e+00 1.003405635779822003e+00 -9.091460945407170424e-01 4.741837931088238034e-01 -1.003279992920322661e+00 -6.707484160822799746e-01 -1.473126913605160015e-01
1.363818133897903406e+00 8.839323504509344342e-01 -9.326099625769305179e-01 4.407205013676327998e-01 -7.268272268818321002e-01 -4.400845583898781999e-01 3.114741872224343067e-01
7.007938204612695898e-01 8.271549490566021401e-01 -1.039040740852568590e+00 5.657972125526796736e-01 -3.955051798341944203e-01 -6.956908007401452210e-02 5.477118747658025200e-01
9.067642007386721159e-02 8.267990781501673991e-01 -1.154442133078366073e+00 8.559368094956398831e-01 -9.648727230432525837e-02 3.091990956371851729e-01 5.042925671202148630e-01
-4.222001180495205674e-01 7.681786215359561742e-01 -1.215929273416710421e+00 1.167351968980416155e+00 1.052477579394979629e-01 6.271078258095422742e-01 3.866369270618745801e-01
-8.771996068416418879e-01 5.651874805104084576e-01 -1.221725516568849423e+00 1.348989378013030871e+00 1.975435136610247666e-01 8.655098716761847610e-01 4.353475793206219580e-01
-1.287525852484039390e+00 2.682752042353403477e-01 -1.231900514945670988e+00 1.371479608775166392e+00 2.052490864247062674e-01 1.017626059536647531e+00 6.912382257309841460e-01
-1.582751134968109596e+00 3.667991657254992405e-02 -1.307408885032439905e+00 1.332542874027141888e+00 1.513548496197739124e-01 1.067217912899970811e+00 9.626936645227800460e-01
-1.632759384009114800e+00 3.446258213806177584e-02 -1.445839124331300907e+00 1.376261344920301166e+00 2.398163129944517330e-02 9.781673207091610145e-01 9.649249145501906932e-01
-1.351537559368296115e+00 3.179395183808884084e-01 -1.580133217755495645e+00 1.577648038246864060e+00 -2.148556981077448524e-01 7.186579192890845125e-01 5.483674510520144540e-01
-8.064913517907502660e-01 7.580455584752555653e-01 -1.624811755322819184e+00 1.849679753819797323e+00 -5.718189628134024982e-01 3.244914261839040304e-01 -1.197479253035152874e-01
-1.984513134248626076e-01 1.091128956733608435e+00 -1.529778789935990480e+00 1.972304324508590723e+00 -9.777658144448992950e-01 -8.029524699647215547e-02 -6.303014634939747562e-01
2.808126187115793648e-01 1.098711800696743790e+00 -1.318455432091572677e+00 1.751851165348568884e+00 -1.303680596938656455e+00 -3.473253900278412964e-01 -6.468321216402577178e-01
5.646481443492857855e-01 7.581882460656987899e-01 -1.077571460535427850e+00 1.169422136049648842e+00 -1.413397941876790354e+00 -3.830538993847949492e-01 -1.692007905587555316e-01
7.155142888077201668e-01 2.471598771428525354e-01 -8.901315153042768102e-01 3.964975836221881211e-01 -1.220971500694120193e+00 -1.899760108827950322e-01 4.646438475175955207e-01
8.480929488929329629e-01 -1.813303557996516491e-01 -7.700784708438962456e-01 -3.209866662214630462e-01 -7.373684513265612583e-01 1.319350127911051163e-01 8.110328075858994623e-01
1.022154349984539579e+00 -3.766137543688911071e-01 -6.667128520561782512e-01 -8.282452976461528449e-01 -6.213872295805306784e-02 4.477916636391139349e-01 6.354152460995839968e-01
1.176111249398064107e+00 -3.860994509349055526e-01 -5.206571966849636857e-01 -1.139420323907416321e+00 6.864443564919838758e-01 6.847017222755567012e-01 6.471008772698012834e-02
1.176431527930899890e+00 -3.608443212086024365e-01 -3.114307939561609118e-01 -1.351000324048446499e+00 1.422596228646304528e+00 8.576530573461708107e-01 -5.838049353853838053e-01
9.374224649594612435e-01 -3.700508115932449882e-01 -7.454006382164260480e-02 -1.490415639522213231e+00 2.087632223652128083e+00 1.005545439081233061e+00 -1.115512346528344079e+00
4.917878470390343315e-01 -3.410233808662207489e-01 1.249180773929922939e-01 -1.467772706257918447e+00 2.623735023833120295e+00 1.123554652319005420e+00 -1.574936664980467915e+00
-4.871951157397827470e-02 -1.854711237425027692e-01 2.444338573751996257e-01 -1.187091104816657028e+00 2.961985619631886557e+00 1.164311433663661521e+00 -2.054690575965818056e+00
-5.783488765047201108e-01 7.628749847099187964e-02 2.816227136870461112e-01 -6.733046655463827967e-01 3.042534954035581496e+00 1.088570954455053252e+00 -2.475025760546639919e+00
-1.018805840506959770e+00 3.591385748136138867e-01 2.428171128642505061e-01 -5.406413361654863886e-02 2.851740130248355154e+00 9.019568209285563354e-01 -2.645941484267326782e+00
-1.295093364782649470e+00 6.203751412185481984e-01 1.160399866383371864e-01 5.515975429877618685e-01 2.440109204673867271e+00 6.547950622610613225e-01 -2.498562798868916079e+00
-1.342589832661630789e+00 8.720511176698509948e-01 -1.059689874523003089e-01 1.092395880217789328e+00 1.901188408487994863e+00 4.069928841170925571e-01 -2.168174591951466113e+00
-1.152148777936628843e+00 1.113220823323539221e+00 -3.876015443908026881e-01 1.547046633555875461e+00 1.331256554677875403e+00 1.983006690219451806e-01 -1.844555161605734739e+00
-8.115932397758695016e-01 1.274374295842869431e+00 -6.583407509935574886e-01 1.856546487714510585e+00 8.146424230548605649e-01 6.128110731993102051e-02 -1.578471863193987357e+00
-4.856951253517874378e-01 1.251128507104284360e+00 -8.587962095810856011e-01 1.928862458936697832e+00 4.329502711938393866e-01 3.475005086448429426e-02 -1.278924892385203460e+00
-3.249651564718543106e-01 1.019441992139922482e+00 -9.777056623924442746e-01 1.734828757071389838e+00 2.565995414427784116e-01 1.415220739524796489e-01 -8.989911306056902474e-01
-3.690893523857550207e-01 6.857440934671876764e-01 -1.037338587457897310e+00 1.373273814841037721e+00 3.110793517476192482e-01 3.545716773362349028e-01 -5.589042770378188640e-01
-5.301386352169008553e-01 3.754152175680432468e-01 -1.032565679724085639e+00 9.924143850045034077e-01 5.445614163996700396e-01 6.002262756361739227e-01 -4.349734454754222712e-01
-6.985161581812089349e-01 9.533925819006365543e-02 -9.133923756135114980e-01 6.497928972346839194e-01 8.469451810855401774e-01 8.158255026686309641e-01 -5.361675224040945986e-01
-8.629311637023899806e-01 -2.510185080858334250e-01 -6.481581316074057630e-01 2.858604634934400757e-01 1.128473203985047801e+00 9.947848100061865706e-01 -6.501406006435609397e-01
-1.077686979829722613e+00 -7.358647904264890016e-01 -2.729467371451218538e-01 -1.737620259278872259e-01 1.364249583910577490e+00 1.169576355797308009e+00 -5.510996560991646698e-01
-1.338226297560650702e+00 -1.324471998224037383e+00 1.323887756513620895e-01 -7.198544835014347720e-01 1.559825225296512796e+00 1.371007726861300346e+00 -2.218266588284028007e-01
-1.534861992493470328e+00 -1.887034167270154050e+00 5.048196309688716132e-01 -1.246733561612893171e+00 1.702643161197980426e+00 1.587619932709616100e+00 1.335697600842674915e-01
-1.498405112272302997e+00 -2.261818254965722197e+00 8.428849996817573409e-01 -1.609819206211437370e+00 1.740591887565311913e+00 1.734485577218702002e+00 2.315039576109610975e-01
-1.105731353880994750e+00 -2.341469803641066161e+00 1.188521490507218781e+00 -1.711714783615395197e+00 1.600067849999656566e+00 1.688781466459539082e+00 -9.845050663766072296e-02
-4.009678434705917782e-01 -2.148612494718049160e+00 1.563587018566815923e+00 -1.568682309595198943e+00 1.245578130236910885e+00 1.392088605941887547e+00 -7.559292502125575242e-01
4.032248005048402195e-01 -1.823603918440461769e+00 1.940203443174733922e+00 -1.300137653260767578e+00 7.234788837572242448e-01 9.045040988166601625e-01 -1.407309263778788733e+00
1.062996132948429651e+00 -1.510192179323966100e+00 2.253113502535319945e+00 -1.035011364996515137e+00 1.412037148176760182e-01 3.580333023541479864e-01 -1.728589679103155641e+00
1.435864643349031411e+00 -1.255198893026081786e+00 2.417809273855491714e+00 -8.243421539652895369e-01 -3.870510288447430725e-01 -1.177149177973372540e-01 -1.614717044089745368e+00
1.527751726551840550e+00 -1.004280680997553743e+00 2.367806147522287574e+00 -6.281459527573864943e-01 -7.840083792201707480e-01 -4.504645868603233683e-01 -1.206725446868767149e+00
1.449052076798205801e+00 -6.638106243090206027e-01 2.102874593365766653e+00 -3.592069626791862813e-01 -1.032240247105995934e+00 -6.543308902321279819e-01 -7.781644968416664421e-01
1.304073597330779322e+00 -1.968343457330238577e-01 1.693747328382124939e+00 2.973637458562550587e-02 -1.167526670209148909e+00 -7.981608342952211110e-01 -5.245312850612456890e-01
1.110194787392979832e+00 3.105171452637819907e-01 1.235032675689619053e+00 4.709270548977977366e-01 -1.238143035522302204e+00 -9.254115982888633241e-01 -3.990935017912051186e-01
8.201742373759441929e-01 7.048467222292787993e-01 7.866056204823668185e-01 8.186315841670365190e-01 -1.260149842266203635e+00 -1.013642600000334459e+00 -1.894726184654161871e-01
3.967918062119819012e-01 8.966461994651813150e-01 3.406520647826438153e-01 9.669111422811436096e-01 -1.208967474467088632e+00 -1.009501504965034435e+00 2.492097457760207024e-01
-1.325519414850582223e-01 9.153574808258618800e-01 -1.500953475611853383e-01 9.143143399012997330e-01 -1.057506904206023002e+00 -8.817493138640478678e-01 8.630410707583795471e-01
-6.567145126304581026e-01 8.541880866691051732e-01 -6.946094980658644724e-01 7.382194976787335161e-01 -8.243804095914782915e-01 -6.516095871175912047e-01 1.447595698835394185e+00
-1.018721856843084250e+00 7.977465049945734465e-01 -1.221952729541167626e+00 5.444876691113130773e-01 -5.812979063331151774e-01 -3.967118683575784899e-01 1.778094048422873552e+00
-1.111830994250499804e+00 7.853180995868279668e-01 -1.626000093584297979e+00 4.245048472786210891e-01 -4.174453696000338665e-01 -2.045301530996965766e-01 1.743531292879352934e+00
-9.455666822781171321e-01 8.053211517045548717e-01 -1.840628850655396942e+00 4.118651620790645951e-01 -3.965072058786716092e-01 -1.062942131790867439e-01 1.426658518119035657e+00
-6.107790884142080268e-01 8.227868149549263377e-01 -1.867734373636401157e+00 4.671526273649285188e-01 -5.237855319585448255e-01 -7.168590244369735243e-02 1.046291219253141280e+00
-1.884211570684642956e-01 8.270198117399006899e-01 -1.749598537384424946e+00 5.299612215734282872e-01 -7.334307644274925542e-01 -6.014801731684549235e-02 7.599165285198321573e-01
2.996843460991834851e-01 8.450655892337016750e-01 -1.522712511045712480e+00 5.808828057528774291e-01 -9.230371101426833036e-01 -6.853258008039928018e-02 5.274795336431780113e-01
8.445439418991893543e-01 8.780461589556506352e-01 -1.187756239189648344e+00 6.129099279009010415e-01 -1.017366381131201925e+00 -1.291198857839423453e-01 2.357748406329842616e-01
1.378334281705118958e+00 8.399907220800185703e-01 -7.209823779146938838e-01 5.699983621243934762e-01 -9.953086378235784792e-01 -2.552006045697222114e-01 -9.580717496691505686e-02
1.781055195057070994e+00 6.227604395142833926e-01 -1.298129800660760280e-01 3.813890309427683256e-01 -8.700227366420543174e-01 -4.030481309576184334e-01 -3.313507973512798688e-01
1.952749526154251347e+00 2.147268815786769758e-01 5.073369569417788272e-01 4.323342635727077388e-02 -6.657546069939207500e-01 -5.050851035907449882e-01 -3.770510203869663068e-01
1.873033491004460371e+00 -2.977766901351426299e-01 1.084461336240732932e+00 -3.792378710471080439e-01 -4.121609564707479634e-01 -5.271222516088857057e-01 -2.411064625694235575e-01
