5.866289646154112386e-02 -1.107174021642828077e+00 1.638423687347850599e+00 -1.017842199274269444e+00 8.686398947424052164e-01 -9.977993508850382387e-01 7.775113712767343088e-01
-4.042537372952485775e-02 -9.631036667668188000e-01 1.382409011316652725e+00 -1.152614938859216842e+00 7.933059892592264628e-01 -8.538568714909969826e-01 7.105214162465662842e-01
-1.335685795669820097e-01 -7.030237604672280316e-01 9.055909786671777484e-01 -9.509904221829293958e-01 6.122019605139188414e-01 -5.012459699143400060e-01 5.248429612244820408e-01
-1.962933612457356813e-01 -3.537224017277184607e-01 3.184578819678100525e-01 -5.183479948209062105e-01 3.291976709458338535e-01 -5.473274968365215293e-02 2.636975849034459696e-01
-2.101680067613645730e-01 4.472594194721377092e-02 -2.660253615233867386e-01 -9.876272174715964094e-03 -8.655234994686596475e-03 3.504608062869450369e-01 -1.826657051212591740e-02
-1.542732595603734935e-01 4.450877477893691592e-01 -7.730742535037273822e-01 4.507363277309032745e-01 -3.300147434954137649e-01 6.428304593013738355e-01 -2.840634742882802710e-01
-2.366756106562371842e-02 7.953066996108481002e-01 -1.142000505292399382e+00 7.843994335048324329e-01 -5.835740866067515853e-01 8.070137522251876749e-01 -5.067258703802504094e-01
1.428621880781399123e-01 1.058680653001538463e+00 -1.334098886734083944e+00 9.524026859679305401e-01 -7.607681444174041463e-01 8.422962318629350076e-01 -6.689534032526316398e-01
2.923421015424955138e-01 1.224903119389586070e+00 -1.361430209942909864e+00 9.599453066925649480e-01 -8.734808321877222115e-01 7.582670681184038308e-01 -7.754244492985908899e-01
4.019707024351176772e-01 1.290616815831403974e+00 -1.273675449870249388e+00 8.518791438449349052e-01 -9.186145111707848532e-01 5.914283665998477657e-01 -8.401749875783648402e-01
4.629679938355003022e-01 1.244381834803899078e+00 -1.116981231578862976e+00 6.859362057273797886e-01 -8.784528816590791989e-01 3.969430653810001042e-01 -8.634960354146902217e-01
4.406570729117349483e-01 1.080378048077680120e+00 -9.162666180924229353e-01 5.091666167397944642e-01 -7.477901759585542374e-01 2.188327365585759632e-01 -8.300453905265057220e-01
2.856426237702646143e-01 8.154062845992464670e-01 -6.923065851507244073e-01 3.545494060306252915e-01 -5.470707013398736773e-01 7.092584532458616475e-02 -7.231437362395400914e-01
-1.569810402039730629e-02 4.837809370921090646e-01 -4.737523595461408665e-01 2.234774794871812742e-01 -3.183823207581975567e-01 -6.090472340077347779e-02 -5.367014289573233121e-01
-4.098439548399382404e-01 1.199847498160360321e-01 -2.769111418393648272e-01 6.555150816566779337e-02 -1.142427163067478296e-01 -2.045609236376212114e-01 -2.756182384064765900e-01
-7.922432898135415291e-01 -2.487078533624462739e-01 -9.185642115303498112e-02 -1.761986802447071399e-01 3.011024652550027200e-02 -3.846887926174107908e-01 4.756937727031670254e-02
-1.057608578484106943e+00 -6.005923943134620080e-01 9.019722024114409931e-02 -4.873708969663273494e-01 1.336745826291124428e-01 -6.043894856745981592e-01 4.105600565718612316e-01
-1.133663830747948076e+00 -9.216963890381177915e-01 2.477808818184470407e-01 -7.793560246621443754e-01 2.776299600418055125e-01 -8.308953573436953510e-01 7.806162004903978158e-01
-9.957391893484076606e-01 -1.212790742785873288e+00 3.595003155819804785e-01 -9.638276154135011486e-01 5.509984351859623652e-01 -1.007711058717716712e+00 1.128491075879900274e+00
-6.940047896993878362e-01 -1.481372647763078421e+00 4.539032705146505697e-01 -1.007684814461058176e+00 9.641060099561998831e-01 -1.096167296985415263e+00 1.441100463236610008e+00
-3.264212329037494698e-01 -1.709783626016424085e+00 5.773847215670729893e-01 -9.198795948336518924e-01 1.425334827300723584e+00 -1.098537130837140774e+00 1.699681272390940245e+00
4.895728199926498853e-02 -1.849932371037303902e+00 7.315316815517149962e-01 -7.301245896517101208e-01 1.806739601766324865e+00 -1.038473866470719820e+00 1.853797608584589751e+00
4.276126698778099922e-01 -1.868900323513265738e+00 8.931413220854635959e-01 -5.052548421108570276e-01 2.014992175380752926e+00 -9.355738731910333561e-01 1.845518717702888223e+00
8.008695473762887929e-01 -1.778472491024642776e+00 1.055448120473083007e+00 -3.525320482643907738e-01 2.021812248495372444e+00 -7.939525274129762833e-01 1.653735828211104764e+00
1.129691666409292417e+00 -1.615073532240489440e+00 1.211849265594106884e+00 -3.735932226773308606e-01 1.867720531444177823e+00 -6.017264380663324141e-01 1.307355778431251503e+00
1.351053054517652896e+00 -1.416619608083109716e+00 1.344921426604774428e+00 -6.048192342975817759e-01 1.632283014431878509e+00 -3.520622145342715559e-01 8.736689726308312087e-01
1.401018125167898365e+00 -1.219886595817774699e+00 1.448533836836836342e+00 -9.970563235448887118e-01 1.385672699034574018e+00 -6.621012571451891093e-02 4.374137868314000310e-01
1.255177748287404693e+00 -1.050160431025587648e+00 1.513718623514774375e+00 -1.443549170837805651e+00 1.172005413701414644e+00 2.230717763953600774e-01 7.164406296706496424e-02
9.466279855173010960e-01 -9.062109285531941838e-01 1.507272739595971967e+00 -1.822326612921292499e+00 1.018003251833008216e+00 5.007944646678987866e-01 -1.796515871582633483e-01
5.342555346329566079e-01 -7.755575080641694541e-01 1.419907250196947857e+00 -2.034941786705015687e+00 9.216438893766870644e-01 7.533149945502961575e-01 -2.932701986557412210e-01
6.790422837812419565e-02 -6.561626889310361310e-01 1.309769744202506692e+00 -2.032916114519420336e+00 8.299173462582226657e-01 9.326457839260642313e-01 -2.625656673436546074e-01
-3.999671926677763611e-01 -5.495651782908583804e-01 1.259171629382805246e+00 -1.824931057025276138e+00 6.588663186170109487e-01 9.711435017644858281e-01 -1.111141169511084825e-01
-7.991279721245726497e-01 -4.513669906870196313e-01 1.303166619819086769e+00 -1.466159329124090638e+00 3.654647434261413808e-01 8.405450727316671200e-01 1.076071663743757290e-01
-1.072568788505747328e+00 -3.594253735934427318e-01 1.415012779640592910e+00 -1.035977672490610013e+00 -6.337729664232543379e-03 5.795302864194776804e-01 3.331549310456087820e-01
-1.209270290962415118e+00 -2.751638165611441367e-01 1.537559985203820867e+00 -6.191926137492609339e-01 -3.629280213062996974e-01 2.621076179130117922e-01 5.149653673704227552e-01
-1.222595643778965346e+00 -1.843529183783542691e-01 1.602075694826821772e+00 -2.777823722674271356e-01 -6.301303933302349058e-01 -4.731993561242451435e-02 6.114007052757992611e-01
-1.107187039046358068e+00 -5.054876656413034158e-02 1.546337008017058867e+00 -1.712206002630552171e-02 -7.883373250865601811e-01 -3.162196476944860724e-01 5.876535761342813746e-01
-8.514127210813321467e-01 1.572735626732503778e-01 1.342746603355607249e+00 2.006769337255078500e-01 -8.601186943068096502e-01 -5.326815727539778722e-01 4.243583728313297110e-01
-4.883989231940014664e-01 4.385560742162163961e-01 1.001927028862859670e+00 4.122081496744199325e-01 -8.790072398623844929e-01 -6.838289011588434274e-01 1.288352344638037106e-01
-9.784336057987580437e-02 7.625882424154546424e-01 5.744785428005976247e-01 6.355313619390944302e-01 -8.866331467586681114e-01 -7.668462788721395196e-01 -2.609728591324965707e-01
2.396661276096987980e-01 1.085607735273699914e+00 1.532150612148916735e-01 8.700304598626554808e-01 -9.423453134675706666e-01 -8.051059871030222803e-01 -6.860228923562706749e-01
4.715442916096678205e-01 1.375298280648010296e+00 -1.718338581295150991e-01 1.091778882174046394e+00 -1.101148418301059806e+00 -8.259186491150183329e-01 -1.089572259842543911e+00
5.811877692050064770e-01 1.627621281350765114e+00 -3.664916267844942066e-01 1.266295502998598499e+00 -1.385255950375177347e+00 -8.365236467884302751e-01 -1.435564752026078805e+00
5.924245818953522980e-01 1.850745905593411456e+00 -4.447040410808388300e-01 1.381541040259357089e+00 -1.776149113501349630e+00 -8.311930270596444847e-01 -1.702609916776473220e+00
5.505227785937588658e-01 2.031328291462558777e+00 -4.331260831736524208e-01 1.448902277424780838e+00 -2.210272263084351430e+00 -8.016696377541367990e-01 -1.869860203637876417e+00
4.904747467309135134e-01 2.136047886516018846e+00 -3.807301111681044570e-01 1.459792467042307029e+00 -2.583317011024603538e+00 -7.305923414983812592e-01 -1.928978915478917422e+00
4.171776325268919949e-01 2.145624147960444983e+00 -3.789713247354520864e-01 1.362321226374611172e+00 -2.782293901500991762e+00 -5.871372814017399300e-01 -1.904159086470608164e+00
2.941686069831176975e-01 2.065101080123606270e+00 -5.136518640387014445e-01 1.094359221804120041e+00 -2.734737715779112399e+00 -3.480659734419274676e-01 -1.834998940414508839e+00
7.325356476052929944e-02 1.909183973005355917e+00 -7.967603965629193041e-01 6.477724075370761003e-01 -2.443260973819321613e+00 -2.959849613415521663e-02 -1.740974624515462477e+00
-2.433106620697809697e-01 1.697098311824838834e+00 -1.171962554836748271e+00 1.014530461696822317e-01 -1.974396361993415727e+00 3.188546235580996813e-01 -1.616212618635648246e+00
-5.961522275201542875e-01 1.452322610065995168e+00 -1.573773420455957917e+00 -4.209209241436270288e-01 -1.406243182674904224e+00 6.644458661686196699e-01 -1.452460363507430019e+00
-9.265485383614161519e-01 1.190299351779871229e+00 -1.959898229509684064e+00 -8.266877344146768003e-01 -7.883318668110923522e-01 1.017476172879848706e+00 -1.252327321109740987e+00
-1.217723946712163885e+00 9.069307162743739381e-01 -2.293945914061790603e+00 -1.092873204247804431e+00 -1.519099984088126964e-01 1.398525427568816148e+00 -1.018900760230944336e+00
-1.476176804922884722e+00 5.840267948199494574e-01 -2.513824956454903781e+00 -1.243800787896366611e+00 4.579178392124210739e-01 1.787545872321424589e+00 -7.391546594053916008e-01
-1.687327719571179774e+00 1.984845202711535417e-01 -2.521955586148289630e+00 -1.307140985820421486e+00 9.746607680983662148e-01 2.108985391674289112e+00 -3.803038498663828815e-01
-1.808335579857154984e+00 -2.660282250268686255e-01 -2.222569345604493929e+00 -1.304575295163328263e+00 1.330481682685618505e+00 2.270666147828241055e+00 8.716536458956992972e-02
-1.803543867278132096e+00 -7.933242007752079328e-01 -1.594602969136935888e+00 -1.267480904008666087e+00 1.483939569206838671e+00 2.223122548424000033e+00 6.529361731518366074e-01
-1.679997598631837841e+00 -1.322544475265057029e+00 -7.308561039615838473e-01 -1.248730394877457961e+00 1.438883765581502994e+00 1.985727106633752959e+00 1.254546188844666954e+00
-1.498934620610135715e+00 -1.772425225432648244e+00 1.972003387688392173e-01 -1.327644443189026191e+00 1.243427232252335424e+00 1.622018962149056165e+00 1.797168088071723346e+00
-1.344726525845909570e+00 -2.076234497511692645e+00 1.010970081878885374e+00 -1.577699038342199822e+00 9.742868892473082187e-01 1.192578149790367359e+00 2.191819749077753787e+00
-1.262191298571446962e+00 -2.195619861229960446e+00 1.577449041085110526e+00 -1.995405726441706884e+00 7.123471339166400629e-01 7.301348485105978448e-01 2.394643242286150109e+00
-1.224538394411660569e+00 -2.117958210000093988e+00 1.821687317046736698e+00 -2.475279268002931410e+00 5.170590667436905097e-01 2.564295896762191496e-01 2.415194924625700512e+00
-1.161648483719524894e+00 -1.859155366248839591e+00 1.727885653781355835e+00 -2.872806408239733766e+00 4.127595039364923002e-01 -1.903512722746359132e-01 2.293403497896775445e+00
-1.020139749399932683e+00 -1.464207806172837190e+00 1.350696096004733615e+00 -3.081832499070817910e+00 3.858338303894273680e-01 -5.605508405451838927e-01 2.076631339944508436e+00
-8.125558901138276724e-01 -9.904571901800629519e-01 8.036196876339563033e-01 -3.060642368939593183e+00 3.911428501064410646e-01 -8.266075679734965487e-01 1.807350144577941409e+00
-6.033789492532035670e-01 -4.912600956730949764e-01 2.069563940757676856e-01 -2.812374029490293914e+00 3.798426419139345755e-01 -1.000619714140770666e+00 1.520313617632670145e+00
-4.335245954571086413e-01 -2.025526499686985948e-02 -3.548297456606333555e-01 -2.362119125834054589e+00 3.378809367174723244e-01 -1.113590237084024492e+00 1.247725272208270564e+00
-2.820313995911264415e-01 3.607164994151268456e-01 -8.161227487374045353e-01 -1.769097196758879331e+00 2.856507778150222943e-01 -1.192033497967196931e+00 1.018067245235808382e+00
-1.070354549491380619e-01 6.037440313086821497e-01 -1.109330067572304790e+00 -1.139139288803795003e+00 2.391449950823700543e-01 -1.255957151838315911e+00 8.386329191293412366e-01
1.047740204284019344e-01 7.105268438848906243e-01 -1.204935360286668367e+00 -5.802943821807288183e-01 1.919720238251414746e-01 -1.317807867820921963e+00 6.842206803014305727e-01
3.351972297224279917e-01 7.260813695812415869e-01 -1.141372891751611052e+00 -1.414738728782044819e-01 1.272806144788618254e-01 -1.384035172572550376e+00 5.188594141623373845e-01
5.715719161946120064e-01 6.957467059033334289e-01 -9.819192828833261943e-01 1.818396434326416677e-01 2.783281480230682253e-02 -1.464278287953098001e+00 3.260633426886519470e-01
8.294410525091208131e-01 6.448577426769752652e-01 -7.698166534359370816e-01 3.957095232559632025e-01 -1.154954290225381069e-01 -1.561296669460408904e+00 1.114324373500264337e-01
1.120016190340251017e+00 5.938568895406070025e-01 -5.409980695804805784e-01 5.003842835734185757e-01 -2.930447302438792812e-01 -1.651721143881684117e+00 -1.093925152199957673e-01
1.411367126750136869e+00 5.711493884764297091e-01 -3.471517419586894748e-01 5.261216575273451879e-01 -4.837238594327750718e-01 -1.703555296827571341e+00 -3.182027999041138755e-01
1.652444846074044404e+00 6.007375872096737401e-01 -2.464289458012445810e-01 5.428379855819346345e-01 -6.665440825530475344e-01 -1.708160454162853226e+00 -4.966965707503291361e-01
1.819550997530990255e+00 6.782221714137732782e-01 -2.691773991962027046e-01 6.153323457991438650e-01 -8.177715371915361686e-01 -1.676662291073045985e+00 -6.239853305737950162e-01
1.905856201055656562e+00 7.713189002511297021e-01 -3.921202116219098532e-01 7.458805751720721799e-01 -9.159909569499881110e-01 -1.618782075517252395e+00 -6.852334416230356773e-01
1.886330770755028086e+00 8.529113818275927406e-01 -5.640320618115945983e-01 8.728975705205405111e-01 -9.514344901006576150e-01 -1.531478873925137263e+00 -6.930042351148466562e-01
1.728423042695126366e+00 9.232002063980710993e-01 -7.559926541153315638e-01 9.316213538413835593e-01 -9.220594375524668873e-01 -1.398624330156235107e+00 -6.871141442747260575e-01
1.435573057850402234e+00 9.861013051643848781e-01 -9.574472936291024139e-01 9.112191674448755219e-01 -8.273961488225471950e-01 -1.205182477537023678e+00 -7.006661515841187127e-01
1.059745143333712170e+00 1.012851075799117595e+00 -1.129586182063642585e+00 8.458268949779441659e-01 -6.699015105335504039e-01 -9.522489810701793012e-01 -7.301648618663690860e-01
6.694201634270010581e-01 9.583298508972785124e-01 -1.215043079946496851e+00 7.588464866927786545e-01 -4.558762097592235496e-01 -6.439396009675417698e-01 -7.529996054632581703e-01
3.121040876374253648e-01 8.112334117933297506e-01 -1.193663649002121074e+00 6.306744115382268978e-01 -1.912360244041188539e-01 -2.626800240510431816e-01 -7.656382830516033078e-01
-8.868864556396767809e-03 6.034164473100798176e-01 -1.082389840502679723e+00 4.228319681371804362e-01 1.084672185182609661e-01 2.113843369811338191e-01 -7.841603444767718534e-01
-3.153137394588633180e-01 3.794516544322817375e-01 -8.937516030515394450e-01 1.402032592192616889e-01 4.000731961037679030e-01 7.526271230533281287e-01 -8.156360604559990124e-01
-6.010122832970552498e-01 1.692388046614354546e-01 -6.318909184264226431e-01 -1.437734782183013871e-01 6.304392421137370306e-01 1.293294035959547505e+00 -8.415466554777570884e-01
-8.318354171415613951e-01 -2.372982411292799340e-02 -3.151553607519888556e-01 -3.461798428341060774e-01 7.783341704467099387e-01 1.775665076326981895e+00 -8.254488578254332021e-01
-9.984523612867672870e-01 -2.167063353777942958e-01 2.409931639611218382e-02 -4.455402045345031592e-01 8.627823533392814381e-01 2.175687958898679497e+00 -7.348844164143257807e-01
-1.133991740241155233e+00 -4.222858357304125621e-01 3.486032389196864201e-01 -4.934943511367472779e-01 9.121324055645763096e-01 2.484017792786437084e+00 -5.656089785164599704e-01
-1.285919479998867132e+00 -6.229468270368803129e-01 6.147067997016625318e-01 -5.770226157829688729e-01 9.356275000998715008e-01 2.686588730507625034e+00 -3.512943333528830148e-01
-1.471313642450314596e+00 -7.741306254415450949e-01 7.788343594127148384e-01 -7.436754573668081791e-01 9.239328164838480628e-01 2.758646833412896182e+00 -1.408422641626972949e-01
-1.643209330019196779e+00 -8.334005576144806193e-01 8.156248160934540525e-01 -9.427774613230812673e-01 8.694464955975059750e-01 2.669743522568364558e+00 3.634664507248770021e-02
-1.708300145873800968e+00 -7.866431426264927085e-01 7.311734751214669092e-01 -1.068563473871483316e+00 7.812154426045717637e-01 2.401744317662440231e+00 1.721847632395798466e-01
-1.588802047648803395e+00 -6.490300497784604605e-01 5.534736005741872633e-01 -1.054808600031824639e+00 6.853205128970413229e-01 1.972527837844017640e+00 2.499269436725293780e-01
-1.278393105660414308e+00 -4.461824451486617327e-01 3.150266287779530661e-01 -9.041681461384800667e-01 6.070506867348898217e-01 1.445450011177676686e+00 2.349791497561269094e-01
-8.441771117846216255e-01 -2.019136509470244589e-01 5.247008162369145440e-02 -6.420102640195144428e-01 5.446622584380558241e-01 9.052146065993157409e-01 1.085005720765751247e-01
-3.691565393195425648e-01 5.137720768931107462e-02 -1.867554459279644752e-01 -2.701300096506924486e-01 4.730695440522580952e-01 4.152132430772281779e-01 -1.022288574276025847e-01
9.831268987674725290e-02 2.632769536511486153e-01 -3.460443415977214610e-01 2.067782367221083217e-01 3.750411271947028391e-01 2.496423221518989568e-03 -3.378556866860755736e-01
5.329083841999165960e-01 3.855395965052890173e-01 -3.768033480176906092e-01 7.117421664269804049e-01 2.551008098902034504e-01 -3.207852049706201303e-01 -5.492663352712628955e-01
8.886869131086692075e-01 4.034430053453971765e-01 -2.650231536468665161e-01 1.086817633318535981e+00 1.256130383856828014e-01 -5.406236857920381222e-01 -7.252268076034564803e-01
1.097692813790853927e+00 3.419110125862246385e-01 -4.570594932514755737e-02 1.186439293355639801e+00 -7.867570980186497018e-03 -6.501965254704639152e-01 -8.757695980231382515e-01
1.133106226067348787e+00 2.376956808156693024e-01 2.134123398749551703e-01 9.939349018807680514e-01 -1.388960574145428339e-01 -6.619178161894847534e-01 -9.906812643729662193e-01
1.052904465672110046e+00 1.071996451497540664e-01 4.504571707142365211e-01 6.340112008467742033e-01 -2.458430284445914660e-01 -6.036138450490874385e-01 -1.028299668227496078e+00
9.542412320899246181e-01 -5.270829279211061702e-02 6.357285283580896840e-01 2.670669618776417287e-01 -3.024157007962741117e-01 -5.071058919458533154e-01 -9.495580739856789299e-01
8.942056729302124696e-01 -2.347865987274582456e-01 7.655613998505204076e-01 -2.318748943133119508e-02 -3.053703792309968579e-01 -3.977083986326031551e-01 -7.572788365899917329e-01
8.572531414500663693e-01 -3.998630539859340249e-01 8.365098605763202633e-01 -2.418167463203201029e-01 -2.874998437704511245e-01 -2.927397287194468123e-01 -4.999356424729173298e-01
7.940511711217790314e-01 -4.921311986420590645e-01 8.375570022635944190e-01 -4.025828354962873168e-01 -3.021799125754774940e-01 -2.174280837580761794e-01 -2.386940730364854879e-01
6.966884301904912036e-01 -4.766513269298164879e-01 7.724791727140598585e-01 -4.831745445930427652e-01 -3.968001295797569661e-01 -2.134882519517439237e-01 -1.683838051629596780e-02
6.128807329353997968e-01 -3.524366638013681774e-01 6.661966300580198785e-01 -4.725240877689486085e-01 -5.968495017133530478e-01 -3.113248709711087248e-01 1.388738000790047944e-01
5.756126855680822052e-01 -1.313770424897091060e-01 5.266708661991535978e-01 -4.122470805725292342e-01 -8.943145241429352188e-01 -4.917444482081815837e-01 2.037834514046867052e-01
5.587713090575026076e-01 1.776500595593663023e-01 3.162555745650338368e-01 -3.570722435299746311e-01 -1.242491159155277636e+00 -6.922891023362309770e-01 1.615183313560110689e-01
5.229779165588075429e-01 5.560896572848120778e-01 -5.063235601044165958e-03 -3.114992665348026990e-01 -1.576458034191394963e+00 -8.594961171854361703e-01 2.676775530629810218e-02
4.758956465734757724e-01 9.574560512177232585e-01 -4.168465630781372222e-01 -2.299405633370517066e-01 -1.839283043417835550e+00 -9.794434307372158477e-01 -1.489435010564680029e-01
4.561641429670061365e-01 1.316624997876145731e+00 -8.446925555102369199e-01 -7.344113757014378296e-02 -1.989664492399253026e+00 -1.055541928599223800e+00 -3.038052363622850693e-01
4.727025811659998356e-01 1.581913628979513931e+00 -1.206161269645660949e+00 1.448235731276296401e-01 -2.009960356586982577e+00 -1.084698716103343230e+00 -4.008409411786178489e-01
4.978038751765896941e-01 1.733777105731975743e+00 -1.431855107452278730e+00 3.731200879984550856e-01 -1.918057972785188525e+00 -1.066848152696726171e+00 -4.335358783985213127e-01
5.256509961408742937e-01 1.764286068952164666e+00 -1.452908778970870562e+00 5.706686121792170496e-01 -1.757884617324237508e+00 -1.026481365259783951e+00 -3.983230863521916021e-01
6.135485253985245579e-01 1.649991097354313485e+00 -1.203501002243096973e+00 7.200305866918865760e-01 -1.568947381188925405e+00 -1.008245640688419043e+00 -2.800875791083538568e-01
8.401714402580722219e-01 1.382403746433338076e+00 -7.038539002617684170e-01 8.079245401255797931e-01 -1.360200034855636897e+00 -1.032563777996351018e+00 -8.889287178147271817e-02
1.216312488717919527e+00 1.020852938953390243e+00 -1.216098189360279858e-01 8.197085364137107755e-01 -1.114635794730159946e+00 -1.064546806866137896e+00 9.796242783730156611e-02
1.648442154957995065e+00 6.800212289981028002e-01 3.224895958243458316e-01 7.398843477200234275e-01 -8.244706361047555720e-01 -1.046562750368094541e+00 1.633409027765498345e-01
2.002051710405025275e+00 4.648202922951343297e-01 4.944710678201446052e-01 5.732788238533730318e-01 -5.119775328224297484e-01 -9.509588581133389118e-01 2.928040774247157862e-02
2.201262693535942727e+00 4.072234710734495278e-01 4.039914841424795400e-01 3.808575375551334075e-01 -2.082858095498575646e-01 -7.958166472811727399e-01 -2.837866420536534484e-01
2.255634389450866362e+00 4.417907683276263708e-01 1.931597279897712960e-01 2.539295757443986168e-01 6.890875250319924983e-02 -6.296770175106489731e-01 -6.573226255384929662e-01
2.202072138654596056e+00 4.550595597102297107e-01 5.553941004910072782e-02 2.433627659747479299e-01 3.053870047748711292e-01 -5.035624709569568314e-01 -9.444727745025560672e-01
2.054993692543458206e+00 3.774945940248121690e-01 1.078857092371874604e-01 3.332519868115823014e-01 4.788845994019351737e-01 -4.385863569320122557e-01 -1.069026031169166169e+00
1.800440420154055587e+00 2.290199752515017506e-01 3.323788130118616735e-01 4.443392620374821411e-01 5.647076174493579348e-01 -4.185718057551679472e-01 -1.064826099274761795e+00
1.417545344943438757e+00 7.855174815221857565e-02 6.368605282349394381e-01 4.650741825961694498e-01 5.468442914138145206e-01 -4.190697334307972310e-01 -1.011438691155222225e+00
9.341636787083276161e-01 -3.965120653859984662e-02 9.462256832474862378e-01 3.452022949190770573e-01 4.385956306902852320e-01 -4.302402294532114424e-01 -9.317401017834702204e-01
4.552608024139806475e-01 -1.671500647097411141e-01 1.236967461141668112e+00 1.351175127871037662e-01 2.950225810854517072e-01 -4.461581500551877744e-01 -7.640792607365676226e-01
1.013902725324803966e-01 -3.782914950258097209e-01 1.504560359869030473e+00 -9.574976300133640483e-02 1.885181279479822281e-01 -4.472611591486571614e-01 -4.317661021176862901e-01
-7.871114815189207692e-02 -7.018061010680465284e-01 1.716126970823860898e+00 -3.243337530386741774e-01 1.667104553998673133e-01 -4.057232254970263297e-01 6.982653843054226206e-02
-1.412099462649724080e-01 -1.075188597291345305e+00 1.798490327087183260e+00 -5.527367810356481614e-01 2.285153475190438155e-01 -3.069704782115077468e-01 6.392692416880164652e-01
-2.011493591830811611e-01 -1.375618831195959624e+00 1.670419366434223729e+00 -7.528248497987034549e-01 3.434456045315407158e-01 -1.540107267307414540e-01 1.120585250181040049e+00
-3.415010208043501860e-01 -1.517782628625605978e+00 1.305539385661362850e+00 -8.359570381870556899e-01 5.007524305885223681e-01 4.884356326445971064e-02 1.412900555207148523e+00
-5.703857288138897141e-01 -1.518091171245552040e+00 7.809470095284288815e-01 -7.069780473571131152e-01 7.136272819645943510e-01 2.935954973918951105e-01 1.524298917437024947e+00
-8.500335926131125097e-01 -1.449075883588461178e+00 2.410032874838438088e-01 -3.605894024172113799e-01 9.716653823434486803e-01 5.594355653023819208e-01 1.510322745009342604e+00
-1.135215264621262765e+00 -1.352134729390038981e+00 -2.071859634837673325e-01 1.038923221501200367e-01 1.229818463540548912e+00 8.332833003018235152e-01 1.391125261279147152e+00
-1.389241653221013451e+00 -1.217617563695085003e+00 -5.359568745199305706e-01 5.626368574414445378e-01 1.437917863845438182e+00 1.111422915139709255e+00 1.153539959856055175e+00
-1.568844136784067311e+00 -1.030017115359744828e+00 -7.391260203510473525e-01 9.416869724003077424e-01 1.554330570792796129e+00 1.359083714949173016e+00 8.112695848361156647e-01
-1.595930035884569831e+00 -8.067753116988135575e-01 -7.785623283217296686e-01 1.199903339048322914e+00 1.545844656914422632e+00 1.498201615078146753e+00 4.275818440432427869e-01
-1.383300797054125120e+00 -5.970721239343856901e-01 -6.034581140154413603e-01 1.264817551881213920e+00 1.397083247603816192e+00 1.454305533251396110e+00 7.866836451349944193e-02
-9.191331282468211406e-01 -4.471786695806976297e-01 -2.190580307673936356e-01 1.043393097628316113e+00 1.134150172009348978e+00 1.218570860862972838e+00 -1.925047890669623618e-01
-3.131775657745494712e-01 -3.634345372117231410e-01 2.831566342042894924e-01 5.060195786801423568e-01 8.231014717330346064e-01 8.567715798637907110e-01 -3.890067048895948232e-01
2.584613007317020372e-01 -3.141900540415970555e-01 7.760478919610012127e-01 -2.471603959605717105e-01 5.266386128068873962e-01 4.550732036463991936e-01 -5.258344883050489749e-01
6.579493614279584568e-01 -2.722202622828854279e-01 1.153026938200778506e+00 -9.929612938906499098e-01 2.847611624730024271e-01 7.895422877069557810e-02 -5.863981651022774910e-01
8.434646854551709483e-01 -2.516993221729183494e-01 1.351992689491718025e+00 -1.484235873205578482e+00 1.317754367881048827e-01 -2.232523325070324138e-01 -5.245699417472382553e-01
8.429401239701658222e-01 -2.950077717102252972e-01 1.371692164473985454e+00 -1.575443878845816270e+00 9.309405047221637475e-02 -4.130946831832474908e-01 -3.087644884492108943e-01
6.894536147863244979e-01 -4.170314901877250624e-01 1.262657284928692114e+00 -1.264537723062463259e+00 1.575173325166486227e-01 -4.723810646665438373e-01 3.361211954875607810e-02
3.964695314865495646e-01 -5.724938348092384333e-01 1.083387092977146748e+00 -6.451634093235900647e-01 2.692488881179203042e-01 -4.192564779846489342e-01 4.113923061221060329e-01
6.232817854853790925e-03 -6.903855144203924210e-01 8.726015523506542859e-01 1.454798786436249936e-01 3.639370145004141022e-01 -3.042844311699391957e-01 7.148400961287025845e-01
-3.636366690589707407e-01 -7.287292257308756183e-01 6.641334632016980821e-01 9.390567594350569536e-01 4.067578285052656506e-01 -1.798748847977184040e-01 8.674088180706395201e-01
-5.739970518195703919e-01 -6.825387466966367223e-01 4.936022333063038725e-01 1.548514652035360095e+00 3.911486682579914387e-01 -7.016209459876514287e-02 8.389477773806456318e-01
-5.715525447399815162e-01 -5.618711146863246686e-01 3.768577786010960939e-01 1.813396089753436247e+00 3.313706057842720210e-01 3.618907250151981447e-02 6.371443714867804919e-01
-4.057098197259507710e-01 -3.949502969344772518e-01 3.151999365423744370e-01 1.655566456712355361e+00 2.686851373467860071e-01 1.636088137596456438e-01 3.173052342633699285e-01
-1.343768811611391334e-01 -2.486808267792015581e-01 3.311480138097069315e-01 1.101857117265981678e+00 2.603044161065641293e-01 3.095195626903428643e-01 -1.161028070959677430e-02
2.337989534070989417e-01 -2.164057211691783056e-01 4.512698755515319737e-01 2.557206724132135012e-01 3.611988172229698146e-01 4.379911090482685454e-01 -2.218407715981957906e-01
6.645358858304550864e-01 -3.712145055929600979e-01 6.385926028372896912e-01 -7.385676456986907112e-01 6.250370239967895092e-01 5.174172835023255201e-01 -2.139760587645088974e-01
1.005573627134700443e+00 -7.283790980728152009e-01 7.971497039830952591e-01 -1.711441920238408354e+00 1.074354312190626937e+00 5.244177381638004398e-01 5.411567488440247042e-02
1.005573627134700443e+00 -7.283790980728152009e-01 7.971497039830952591e-01 -1.711441920238408354e+00 1.074354312190626937e+00 5.244177381638004398e-01 5.411567488440247042e-02
4.527909888322936838e-01 -8.541925093973524730e-01 7.359968919360164730e-01 -1.292456461971854376e+00 1.001332754114721446e+00 2.135087327069037089e-01 3.754101544501590171e-01
-9.999164947011331128e-02 -9.800059207218900781e-01 6.748440798889372427e-01 -8.734710037053016185e-01 9.283111960388163997e-01 -9.740027274999306373e-02 6.967046340159156470e-01
-6.527742877725202231e-01 -1.105819332046427572e+00 6.136912678418584566e-01 -4.544855454387483062e-01 8.552896379629110202e-01 -4.083092782068898918e-01 1.017999113581672166e+00
-1.205556926074927260e+00 -1.231632743370965066e+00 5.525384557947795594e-01 -3.550008717219520910e-02 7.822680798870055296e-01 -7.192182836637867061e-01 1.339293593147429018e+00
-1.205556926074927260e+00 -1.231632743370965066e+00 5.525384557947795594e-01 -3.550008717219520910e-02 7.822680798870055296e-01 -7.192182836637867061e-01 1.339293593147429018e+00
-7.495270888080488580e-01 -5.133536791981110348e-01 4.007943812253620397e-01 1.087118285335221257e+00 1.977442406512144590e-01 -4.147957839523013779e-01 6.551648643168089814e-01
-6.780134196756801290e-02 1.038325405701299026e-01 2.345045992527634016e-01 1.854391439665521668e+00 -1.732250371302020975e-01 -3.330217229090196365e-03 -4.105990345130954705e-02
5.875648423616980365e-01 4.760259671500108869e-01 1.329007709329995957e-01 2.129249079951145873e+00 -3.196418695686190081e-01 3.882973783872935569e-01 -5.801126241060265976e-01
1.002094588495373140e+00 5.526046450492346773e-01 1.052137477769387458e-01 1.909880951435861229e+00 -2.452657796709714344e-01 6.892856502614442826e-01 -8.662618507337513929e-01
1.066709978695774552e+00 3.531455233051161158e-01 1.320285978424682871e-01 1.306587390502726320e+00 3.237313678496101660e-02 8.636140897383470794e-01 -8.656123915979114791e-01
7.975837887720265140e-01 -3.279049093326552589e-02 2.085555231977653801e-01 5.154529161285893446e-01 4.152391009195658400e-01 8.770098140875625115e-01 -5.910057104952370910e-01
2.955125424790092659e-01 -4.619521983178811464e-01 2.971456363465837525e-01 -2.366152229569211674e-01 7.536531079778757691e-01 7.175643389043244724e-01 -1.096444900046223553e-01
-3.013915925654561123e-01 -8.042685822152512154e-01 3.195546794109438982e-01 -7.798481430825304761e-01 9.453390831693718743e-01 4.276715945194148882e-01 4.576002680439256731e-01
-8.462662084389374062e-01 -9.824198438982092441e-01 2.258060325903911980e-01 -1.052605240085461080e+00 9.571603796272351028e-01 8.585497895803800850e-02 9.680027193290277054e-01
-1.214428072026455085e+00 -9.664543632560520514e-01 3.318355056248975532e-02 -1.077044341690864826e+00 7.910245118428327338e-01 -2.369649075206619881e-01 1.297631496513871552e+00
-1.331821893198261053e+00 -7.793807109802012301e-01 -1.987675069245012360e-01 -9.173245372512605078e-01 4.923214134683107646e-01 -4.900272269354435384e-01 1.378707571418151590e+00
-1.196346234696244792e+00 -4.956858859258356231e-01 -3.966249792801727625e-01 -6.537211777026535886e-01 1.519066949646827591e-01 -6.354936087670810529e-01 1.217886099719384996e+00
-8.913559029443287596e-01 -2.124586259800424759e-01 -4.843247808712884961e-01 -3.603307412038946334e-01 -1.312337587320361598e-01 -6.514135458082933594e-01 8.819492164346485197e-01
-5.546606918359521243e-01 -2.071202640169660450e-02 -4.100487508132809045e-01 -9.301055912948311133e-02 -2.688426379304962865e-01 -5.266672268297233339e-01 4.717089563856220469e-01
-3.075800793237948305e-01 2.898250223629991393e-02 -1.831324793416608254e-01 1.145255846014181511e-01 -2.093812536859542828e-01 -2.497979198515849208e-01 8.241442284516278804e-02
-2.004166989206998817e-01 -4.715244991418335307e-02 1.294632005732434532e-01 2.528593005828176921e-01 2.503937107182278854e-02 1.765823737872573573e-01 -2.385416800586339647e-01
-2.034442555896110172e-01 -1.876735364199738354e-01 4.505830045137999562e-01 3.327528754010134482e-01 3.571143872344482162e-01 7.117996229998628799e-01 -4.859222992860155466e-01
-2.464154288521775427e-01 -3.282444978766083654e-01 7.267064841727280955e-01 3.714332707415691770e-01 6.961830561207505985e-01 1.275524096387344652e+00 -6.605617963497745215e-01
-2.680508803041795618e-01 -4.254259808605292958e-01 9.260097457019147438e-01 3.743865094194104848e-01 9.581600807011294574e-01 1.767189976782690630e+00 -7.620205890530273862e-01
-2.511286129538010670e-01 -4.687067077448785479e-01 1.028187054548483692e+00 3.364721918754385865e-01 1.088297552467547780e+00 2.100973334297825623e+00 -7.874161733732353285e-01
-2.393238774049522011e-01 -4.767293163568797620e-01 1.013425674096133156e+00 2.718700751900022250e-01 1.085890872285005360e+00 2.237663332749831646e+00 -7.128879543042051514e-01
-2.872198431713569589e-01 -4.670332188126656847e-01 8.527791570674760901e-01 2.330258329324965128e-01 9.984097178163466868e-01 2.184735311643360767e+00 -5.118971663983908904e-01
-3.995263910379627248e-01 -4.344569186324085952e-01 5.418045069024247651e-01 2.696012907347576926e-01 8.664267201354219905e-01 1.969079008471029235e+00 -2.057830635341617309e-01
-5.377278758591659269e-01 -3.623308433133353712e-01 1.438938144456589907e-01 3.754324573448122315e-01 6.877973361166132005e-01 1.623963619327229990e+00 1.269808911352238445e-01
-6.455715048588078764e-01 -2.433829794227463650e-01 -2.369859100661587115e-01 5.035162597166473741e-01 4.669524761188972861e-01 1.205843489674386815e+00 3.961130855273818363e-01
-6.831685917621627135e-01 -9.719410771811927419e-02 -5.081518727651970213e-01 6.039007999506565971e-01 2.554844713085895891e-01 7.929933369919356378e-01 5.526093293924141392e-01
-6.561196031969459552e-01 3.024681624328846505e-02 -6.172913913218019966e-01 6.383630405306024436e-01 1.217097412498321096e-01 4.513039097271129840e-01 6.023335892366349364e-01
-5.937289561355558742e-01 9.347843967736910176e-02 -5.641998030310610979e-01 6.044036364038198883e-01 1.093686966071760747e-01 2.025983186011262871e-01 5.841298151835611074e-01
-5.133103566394030537e-01 7.115788461650283947e-02 -3.885959946361599582e-01 5.378747669750257865e-01 2.159167348238284490e-01 2.112446492441161575e-02 5.462695529018473106e-01
-4.179339973061667601e-01 -3.262437953070292801e-02 -1.626591235432571503e-01 4.653205370530882345e-01 3.984065361332373989e-01 -1.232592013465727693e-01 5.280129813157797836e-01
-3.034608421887556307e-01 -1.991213320451303836e-01 3.545664164213257336e-02 3.820828077022065394e-01 5.956569833708921236e-01 -2.334718851240913662e-01 5.503561495310377305e-01
-1.441881966718684960e-01 -4.072338527712095479e-01 1.849213659953088951e-01 2.756186338597785279e-01 7.410897940733569556e-01 -3.279330551003329375e-01 6.121447554027014126e-01
8.420360173177031393e-02 -6.414936658740237885e-01 3.135850202938909037e-01 1.352765207079406340e-01 7.864009984616653348e-01 -4.649503615043324989e-01 6.871592412350722157e-01
3.557433186241932277e-01 -8.817990992680644347e-01 4.063276062040150904e-01 -3.033859116004167245e-02 7.336836579014773818e-01 -6.871392674869780670e-01 7.447583024724169221e-01
6.152319855581257491e-01 -1.082540551405164475e+00 3.820266357166728355e-01 -1.672495540805860881e-01 6.261759353790599114e-01 -9.788109082431284413e-01 7.758935816188188284e-01
8.100931446085054555e-01 -1.181343934802382201e+00 1.832474999373827906e-01 -2.053547356659647660e-01 5.010400012783520207e-01 -1.277149889166135255e+00 7.875835081801897397e-01
8.944969324671491195e-01 -1.128197797619166387e+00 -1.536998536363741730e-01 -1.024868913262950987e-01 3.659756947784448822e-01 -1.499300412605382604e+00 7.840716520979131854e-01
8.609336717047983978e-01 -8.953809326656894108e-01 -5.328386808744908221e-01 1.537925977739718342e-01 2.105629720983547004e-01 -1.578876813128071044e+00 7.543144979955679341e-01
7.403221266662803890e-01 -4.804070990686998277e-01 -8.534733111907190084e-01 5.555589011188523108e-01 6.113324880523196732e-03 -1.498639655634473433e+00 6.727790487381037909e-01
5.604505029451534170e-01 8.243009904787727826e-02 -1.025325029557890844e+00 1.067992317579294692e+00 -2.914531566929997042e-01 -1.283087615854755281e+00 5.194350129493776613e-01
3.458903292671109408e-01 7.130111684330456834e-01 -9.919816938253130933e-01 1.597035239625909986e+00 -6.965357389162837309e-01 -9.647514049062427821e-01 2.903292223546701245e-01
1.208961008962896461e-01 1.291522994381816281e+00 -7.685269190311094789e-01 1.985765124340433063e+00 -1.150277100923624785e+00 -5.704799422844137879e-01 -7.969160866606853424e-03
-1.247148599380539513e-01 1.696494841202045745e+00 -4.539814322042990957e-01 2.104919947490431653e+00 -1.534753724327657887e+00 -1.296234529216343800e-01 -3.489494573175879188e-01
-4.279183506431820105e-01 1.859715790675392721e+00 -1.925907962157319409e-01 1.939653445109045693e+00 -1.738883779245292027e+00 3.163178811312696292e-01 -6.775288048511128869e-01
-7.939837532145654908e-01 1.791428550825193922e+00 -1.014118259247818871e-01 1.575437443490820488e+00 -1.722706922983790356e+00 7.131752185210872286e-01 -9.351612316103113942e-01
-1.163545267245890358e+00 1.556994267623545980e+00 -2.269427480056368518e-01 1.141167123803105810e+00 -1.516669240634863414e+00 1.006561742435553741e+00 -1.090916226932505007e+00
-1.422608214498455093e+00 1.230953713166689667e+00 -5.400804041337585737e-01 7.579701514945850205e-01 -1.168826660855073918e+00 1.158922860102747698e+00 -1.139312654367071742e+00
-1.440253722015371718e+00 8.739545556750074606e-01 -9.347555381419391241e-01 5.023157565893150434e-01 -7.260356955923241706e-01 1.151388303816534453e+00 -1.086316172073851005e+00
-1.134195031671453302e+00 5.347178991901215817e-01 -1.245216114298062893e+00 3.992749380805156179e-01 -2.571430259535463225e-01 9.713181355354280067e-01 -9.523195793344385596e-01
-5.437007837344878247e-01 2.462616108373443524e-01 -1.331753433404941456e+00 4.334413493325177669e-01 1.523063642299257725e-01 6.327571888331570138e-01 -7.658636467677443216e-01
1.621457657685363984e-01 2.313750585519507713e-02 -1.181292469646654242e+00 5.658819791813952671e-01 4.303807019022712343e-01 2.059192298616157046e-01 -5.413878478988785048e-01
7.776134399193106450e-01 -1.304549845715036738e-01 -8.963290430770883832e-01 7.448779520686051869e-01 5.342705669669748358e-01 -2.193002538195071571e-01 -2.812923906765079640e-01
1.163419974954885028e+00 -2.153522383466035250e-01 -6.054316354704178949e-01 9.076059779547713813e-01 4.642678783499733508e-01 -5.828438999326746028e-01 3.656194833417714812e-03
1.270653437569078115e+00 -2.420254830779307031e-01 -4.099320884171666068e-01 9.983420079896736521e-01 2.748364816944659506e-01 -8.529641685273069429e-01 2.936116305267393867e-01
1.116927963222150044e+00 -2.404241818225190674e-01 -3.591256640112541199e-01 9.862485016182038766e-01 5.617740143042629364e-02 -1.012089665529705140e+00 5.746887594657360543e-01
7.652591274669339194e-01 -2.463450213131385402e-01 -4.303931521642753721e-01 8.632574616771832021e-01 -1.148643436179500738e-01 -1.064037334279871461e+00 8.364914596661990887e-01
2.967053449337251902e-01 -2.579164850148571442e-01 -5.612185204964228458e-01 6.548132252708326329e-01 -2.184188285153421671e-01 -1.042290162424609035e+00 1.047921069787380199e+00
-2.185925369981449873e-01 -2.240431059847693140e-01 -7.141263891999219959e-01 4.344330035997369110e-01 -2.823717928651683917e-01 -9.867643489839156290e-01 1.154111482769377028e+00
-7.185838647198659057e-01 -9.119782051140443158e-02 -8.912856641242602462e-01 3.030297544522488895e-01 -3.375742943257638018e-01 -9.110915549429612348e-01 1.105229527385790167e+00
-1.133038168098828180e+00 1.532288868754141942e-01 -1.104024482371745108e+00 3.327086019440099185e-01 -3.963531862268170891e-01 -7.944961054190520233e-01 8.793563442071163916e-01
-1.398242271714420948e+00 4.777450873421156263e-01 -1.350755289323533281e+00 5.049163533850425933e-01 -4.604239803112928353e-01 -5.989223743421459023e-01 4.862101552673102622e-01
-1.497283363953967994e+00 8.246590150117562024e-01 -1.609935120146708254e+00 7.195816202647110638e-01 -5.324459633821904125e-01 -3.099066340307381484e-01 -3.830729599159453380e-02
-1.468859134192963323e+00 1.140334994318140005e+00 -1.848421713494614149e+00 8.897312848505211091e-01 -6.220948796425967986e-01 4.123349744407735912e-02 -6.417812343466269276e-01
-1.359468155240822318e+00 1.397327520397233513e+00 -2.045268737149124050e+00 1.000433132690087268e+00 -7.341565052866727559e-01 4.132510006056164809e-01 -1.262163548591402451e+00
-1.194665172477382242e+00 1.579929394061374781e+00 -2.199046202947762652e+00 1.078254270464983566e+00 -8.457781035163270955e-01 7.930098031955395976e-01 -1.826308901744037483e+00
-1.004973042093309399e+00 1.667173107918232366e+00 -2.313452698290740628e+00 1.149636131920654281e+00 -9.112195012772231761e-01 1.183315164953574028e+00 -2.255700055961648687e+00
-8.250041124658582525e-01 1.645236053121881481e+00 -2.391675064069085366e+00 1.224453157658646818e+00 -8.896609138948674556e-01 1.576467972447935573e+00 -2.485291644688621293e+00
-6.646783847836723602e-01 1.517572173834092375e+00 -2.430001128336709559e+00 1.287400063843909148e+00 -7.695131987209885560e-01 1.940131730062021553e+00 -2.473824370139309892e+00
-5.186241705123272316e-01 1.304002044563109308e+00 -2.402977670115269859e+00 1.315766303263556702e+00 -5.896083652445276435e-01 2.204307642664015354e+00 -2.211898645975747257e+00
-3.799606558394628131e-01 1.043954875262307125e+00 -2.274933871568379118e+00 1.305254600081169336e+00 -4.286524865943343032e-01 2.281837906240493652e+00 -1.737932124325071159e+00
-2.375759645487438843e-01 7.861838937484806333e-01 -2.032205204132083942e+00 1.252868950370192191e+00 -3.472439910956626741e-01 2.132479378891212640e+00 -1.131020010905456896e+00
-9.559203209988474670e-02 5.663188606547365778e-01 -1.694072917190337924e+00 1.141474062693395242e+00 -3.500884166421493471e-01 1.790537865073824619e+00 -4.795441824404353959e-01
1.361756968089085015e-02 3.977227030490431137e-01 -1.296351553217151675e+00 9.701893842087799813e-01 -4.043950838656245605e-01 1.323436445127531336e+00 1.380955062446875825e-01
6.515725347089716679e-02 2.726583153710888663e-01 -8.735870381420760555e-01 7.654943064834710542e-01 -4.625694268264580744e-01 7.924863102652346392e-01 6.561829077388037224e-01
8.060402468294725065e-02 1.694283977752152615e-01 -4.613261531817631766e-01 5.389030966270794698e-01 -4.647879539748386857e-01 2.602073585745851569e-01 1.022352140687008193e+00
1.013059550214442939e-01 7.259227883449258234e-02 -1.002000091951214117e-01 2.651701764305626208e-01 -3.558314574090685189e-01 -1.999376192162039545e-01 1.201771056944349381e+00
1.318831645397892105e-01 -9.262621144874002080e-03 1.800546320132345168e-01 -6.464054160026926066e-02 -1.194625595438123244e-01 -5.341178384559814862e-01 1.184428365010120388e+00
1.511200917364754481e-01 -5.292458656371239190e-02 3.775441630384386849e-01 -3.950941942118966210e-01 2.144069716679471438e-01 -7.379147383758943857e-01 9.934722549556063154e-01
1.623828484255364635e-01 -4.740282170176737808e-02 5.183097032236966273e-01 -6.514014012876927495e-01 5.865110732659816195e-01 -8.422714575735180675e-01 6.859829613402961268e-01
1.883786594918278323e-01 -5.552224961647363004e-03 6.384069766595678042e-01 -8.054171151188390665e-01 9.154921447567637705e-01 -8.850181409254527232e-01 3.346067750801425267e-01
2.269937928201198885e-01 4.043981303946134892e-02 7.662235056988282444e-01 -8.804451269991488971e-01 1.112168703684221160e+00 -8.954619082180543810e-01 8.085914358993154250e-03
2.360975081874259751e-01 5.193593160896660399e-02 9.165482305237676597e-01 -9.166183662792803943e-01 1.104366594627863574e+00 -8.938521741515684793e-01 -2.374407077855284209e-01
1.740797016062197722e-01 8.367746736285356160e-03 1.072919092617267811e+00 -9.264388291712208900e-01 8.631165166990140136e-01 -8.959856072601349863e-01 -3.710609996942371147e-01
4.887742701941091839e-02 -8.983772049460504727e-02 1.189993567301353528e+00 -8.896378979132723019e-01 4.309610697912983346e-01 -9.076595579048922779e-01 -3.878784119262603802e-01
-1.069960162575508550e-01 -2.473063447850364083e-01 1.250687992422990558e+00 -8.048237258329307142e-01 -9.184183148183670820e-02 -9.236198136870664710e-01 -2.908909337994483590e-01
-2.924748484789755354e-01 -4.775998068540234787e-01 1.299958552878504481e+00 -7.099784802526440952e-01 -5.999789223014805328e-01 -9.405141013999629429e-01 -8.440210410820321585e-02
-5.189891131153304693e-01 -7.791588313997864779e-01 1.400140563853461861e+00 -6.437392244292632348e-01 -1.000355372436986023e+00 -9.596897812345496215e-01 2.126128510047995412e-01
-7.500789604631193930e-01 -1.111920521847963306e+00 1.559698989281765646e+00 -6.210152350696448442e-01 -1.206218995970766095e+00 -9.672365329089869235e-01 5.489515367799546741e-01
-9.081336072756084343e-01 -1.394495959771553606e+00 1.717665025642267196e+00 -6.345448152129543606e-01 -1.169199804300669276e+00 -9.276329053025325067e-01 8.421543141619339812e-01
-9.321578655657201118e-01 -1.540261703605196431e+00 1.802422701781241310e+00 -6.499888027473317287e-01 -9.138290088362825969e-01 -8.209695142650519362e-01 1.008299708375816728e+00
-7.935568682666065410e-01 -1.503188113891874789e+00 1.779957206943415970e+00 -6.145776155629784077e-01 -5.173986796726487425e-01 -6.695448266169002904e-01 9.936916779178871506e-01
-4.894548816003259084e-01 -1.288959615578457507e+00 1.647270880971540619e+00 -4.943890485927657785e-01 -7.225421470520328182e-02 -5.121782993853738475e-01 7.871221248922315450e-01
-5.133420617215445764e-02 -9.362282017195631134e-01 1.415243498325736704e+00 -2.938815740664843523e-01 3.265471975780147029e-01 -3.773463852021088916e-01 4.182759986677426767e-01
4.678451650079043511e-01 -5.004096730560178008e-01 1.105318736729550499e+00 -4.351493361880579003e-02 5.972838632795872682e-01 -2.856769871597935606e-01 -5.341836236912776703e-02
1.010903581356599634e+00 -5.152487606990569652e-02 7.545342419073205464e-01 2.000001599582760248e-01 6.994298635024416289e-01 -2.544200805136920263e-01 -5.536106929319878356e-01
1.507255263838400028e+00 3.341534191685460176e-01 4.121247562665368291e-01 3.518284112802335661e-01 6.406017170772968505e-01 -2.931846559794140661e-01 -1.005387233071691533e+00
1.868500072062790451e+00 5.926093285203926087e-01 1.208416378624657533e-01 3.356595398557986609e-01 4.684921640300869772e-01 -3.936496435615229883e-01 -1.334418645536752601e+00
2.012719527716704704e+00 6.864921581439522580e-01 -9.920412733261227411e-02 1.301998391253634535e-01 2.559688452809812387e-01 -5.228654855072035756e-01 -1.471429332126041212e+00
1.908745367409585114e+00 6.111412706682700646e-01 -2.450239717385853944e-01 -2.281076139524724211e-01 6.630701318490622720e-02 -6.407645433019920622e-01 -1.370555097514285725e+00
1.600528773912779146e+00 3.915041393151594273e-01 -3.201287287408239313e-01 -6.787309087110923178e-01 -6.324169322586942199e-02 -7.133711529113068162e-01 -1.032792008976899600e+00
1.173929552134675314e+00 7.340990706312118530e-02 -3.463138247084824872e-01 -1.160947868591910792e+00 -9.642930559739602836e-02 -6.982471688209945793e-01 -5.095038985091621120e-01
7.077287650000740893e-01 -2.877572341178601389e-01 -3.683826001794918148e-01 -1.617275166163216094e+00 1.254029066301420858e-02 -5.525484592631556557e-01 1.112639866912803616e-01
2.627589872674754301e-01 -6.414144241552983683e-01 -4.211145735665888790e-01 -1.995472781969099385e+00 2.904711422404967491e-01 -2.684170951612508960e-01 7.330421262480368849e-01
-1.199141014460780585e-01 -9.542443597831913316e-01 -4.938578289871877192e-01 -2.260185586230873067e+00 7.114681681942658376e-01 1.176154632789740556e-01 1.281839764812939819e+00
-4.251040354538767607e-01 -1.208964586225155458e+00 -5.406829846172312992e-01 -2.403325324561461418e+00 1.194675802823732536e+00 5.438851655140503061e-01 1.709789297484643145e+00
-6.584291482234563286e-01 -1.395224105215987942e+00 -5.157486103597483940e-01 -2.438983022653915089e+00 1.638709881322261364e+00 9.449493848597252388e-01 1.982974745477186218e+00
-8.507359502884401792e-01 -1.511578567850445642e+00 -3.782659866558613082e-01 -2.393714507795655866e+00 1.951541272161601226e+00 1.262402317347886438e+00 2.087212269870910575e+00
-1.048792276330279494e+00 -1.561169921668645211e+00 -8.806190227092620948e-02 -2.292038382633769356e+00 2.056768134935123005e+00 1.447246393684309851e+00 2.034899849501258018e+00
-1.266517432606734772e+00 -1.528538582286103509e+00 3.607715264098031449e-01 -2.127948922404574006e+00 1.905470435018906006e+00 1.469409157868455384e+00 1.847978379512286606e+00
-1.455169169105060112e+00 -1.379476862880736121e+00 9.027156811428490579e-01 -1.855603202803757901e+00 1.503625073993702044e+00 1.331186240274917720e+00 1.543356290833475253e+00
-1.529272517038507528e+00 -1.096634931117904888e+00 1.411543858822502440e+00 -1.426286603308728473e+00 9.260158572973031799e-01 1.064131069583709177e+00 1.137737366263803063e+00
-1.417431136898308131e+00 -7.098223431833895480e-01 1.755254278184930961e+00 -8.476336725084067103e-01 2.961356453496933328e-01 7.128042259155300542e-01 6.562230303888441085e-01
-1.106664809157385632e+00 -2.993236906707384959e-01 1.845284420226929178e+00 -2.160296056989642055e-01 -2.489573389777866297e-01 3.272361065563609839e-01 1.492137983276916879e-01
-6.532848889540636694e-01 3.302037314346156077e-02 1.627746359530850784e+00 3.153225887563336216e-01 -5.833535012159365429e-01 -2.533009738816831974e-02 -2.916463727857670496e-01
-6.532848889540636694e-01 3.302037314346156077e-02 1.627746359530850784e+00 3.153225887563336216e-01 -5.833535012159365429e-01 -2.533009738816831974e-02 -2.916463727857670496e-01
2.873621217116010818e-01 2.134679512997208484e-01 2.584628481642354259e-01 6.051242751303055334e-01 -3.243240755221634131e-01 -3.027283003040400766e-01 -6.135740643118198223e-01
5.850563448964686275e-01 7.501077398720307210e-02 -5.845976943971995521e-01 3.333772793707862059e-01 1.629210421905964157e-01 -1.862952139103909721e-01 -4.673654983989993794e-01
7.129791512769659834e-01 -1.220846970356975897e-01 -1.131092627864556777e+00 -9.816248695190946116e-02 5.990933544335350636e-01 -3.439849661865979069e-02 -2.032849842567810428e-01
7.259438745938040505e-01 -2.741740004312938073e-01 -1.177637738897856723e+00 -5.504420936827130184e-01 7.526991810267348315e-01 2.335186489948395255e-02 6.629253811941748786e-02
7.006344894323531802e-01 -3.019567965241335972e-01 -7.563271013440312496e-01 -9.065429480390793104e-01 5.489242249672512397e-01 -3.407964383759713028e-02 2.327306485946425696e-01
6.385715863484978660e-01 -1.980210806238461851e-01 -5.793388568381018650e-02 -1.098623037081841058e+00 7.416580837503408685e-02 -1.246100290982548320e-01 2.523849843085891331e-01
4.706307686524398015e-01 -2.844894158873368870e-02 6.831967091063103625e-01 -1.089667958930228719e+00 -4.809095505382314784e-01 -1.391096601996578419e-01 1.573448817917109666e-01
1.711398767233006935e-01 1.133748880063933928e-01 1.275579757594721420e+00 -8.675319439259816523e-01 -8.940395373542244783e-01 -1.429884439214916883e-02 5.290880444003107259e-03
1.711398767233006935e-01 1.133748880063933928e-01 1.275579757594721420e+00 -8.675319439259816523e-01 -8.940395373542244783e-01 -1.429884439214916883e-02 5.290880444003107259e-03
-4.955829440848348866e-01 8.345899463148293007e-02 1.715371515875043551e+00 -6.125243550707954593e-02 -7.877450630294930978e-01 5.042747787136523385e-01 -2.675270423675612519e-01
-7.234274283361815661e-01 -7.591240292272787016e-02 1.558040883989065151e+00 2.811183490895521886e-01 -3.255819141690320939e-01 7.480703147723788415e-01 -2.855200422436398044e-01
-8.645904119151710532e-01 -2.670763991312792296e-01 1.227914335086790709e+00 4.863536518864522429e-01 2.091143193835648395e-01 9.011104800818821037e-01 -1.866362332023066561e-01
-8.806019459559650819e-01 -4.346608242982470949e-01 8.352474943946411878e-01 5.582879618155889290e-01 6.499070334755934208e-01 9.196769264322847137e-01 -3.609533805100026849e-03
-7.320948748142855900e-01 -5.328732219721075136e-01 4.788441060185647524e-01 5.386916127860538195e-01 8.839728497105496796e-01 7.861339725549926216e-01 2.007789609711096157e-01
-4.498574399468796003e-01 -5.297060647259906885e-01 2.054601548821994861e-01 4.893003747097841583e-01 8.598278922644312372e-01 5.232641813847844769e-01 3.570011274598585138e-01
-1.135995122589324724e-01 -4.114054661510496147e-01 -2.696486943369002815e-03 4.655205160319246249e-01 5.923199485270232989e-01 1.934239002587175849e-01 3.982871898448493431e-01
2.029242596620864092e-01 -1.883780782435094947e-01 -1.728002471827603803e-01 4.970135219469436483e-01 1.350945910951329709e-01 -1.327654912922127117e-01 2.893468999846270928e-01
4.551647169738144982e-01 1.174163773059960225e-01 -2.966357438451918127e-01 5.899447087399847245e-01 -4.637881456796644764e-01 -4.091757201507094655e-01 4.070516651613680786e-02
6.434300748434599315e-01 4.892542658795481780e-01 -3.668364191596679147e-01 7.374786495015654975e-01 -1.152361364405262600e+00 -6.117086033981817828e-01 -3.158751624625172894e-01
8.001519484670007731e-01 9.044234364106561452e-01 -3.995008172349895359e-01 9.168064062446019680e-01 -1.850711986761373495e+00 -7.280468823029646597e-01 -7.424751371152592538e-01
9.404533613338134090e-01 1.322708924523520624e+00 -4.101863948513986280e-01 1.083800915504796292e+00 -2.471320813500353708e+00 -7.592598541411748059e-01 -1.190409321798814313e+00
1.048601590775050330e+00 1.703033169291083171e+00 -4.137900512443190015e-01 1.196082584009187544e+00 -2.945404217770906552e+00 -7.166397246398046317e-01 -1.610807231745291057e+00
1.114511697459879880e+00 2.018830877191509110e+00 -4.342574950242755194e-01 1.233574338301183460e+00 -3.221910568699244415e+00 -6.076099189452450755e-01 -1.966678168150289396e+00
1.145110914609900332e+00 2.245953494963693231e+00 -4.749398522513129106e-01 1.186363934243843232e+00 -3.269554048864001583e+00 -4.378147362779051810e-01 -2.222026960648431970e+00
1.141952608099621402e+00 2.350213299044449311e+00 -4.920345659040396558e-01 1.055477717621885025e+00 -3.099398705730474823e+00 -2.447874841901991338e-01 -2.341345291003609219e+00
1.102494114371695977e+00 2.305586892614761574e+00 -4.267167571448777785e-01 8.662239980954594687e-01 -2.768862386055379599e+00 -9.936956969474002033e-02 -2.313076587069223589e+00
1.034088492579049889e+00 2.120507723174855919e+00 -2.555702822394143592e-01 6.506437990751774425e-01 -2.348927181638692741e+00 -4.492659761428130505e-02 -2.158179301600684497e+00
9.475006127584234550e-01 1.839834705992046127e+00 -7.186578743369957493e-03 4.382363816533048628e-01 -1.891179547053367438e+00 -5.534402541668140968e-02 -1.916734420001842132e+00
8.512913399439916429e-01 1.522333872454660675e+00 2.498485286793480364e-01 2.794216850195538893e-01 -1.415918735784108096e+00 -5.877877440832321443e-02 -1.632255439890358373e+00
7.492607973015105172e-01 1.210106833114712233e+00 4.464843112070602804e-01 2.354063476387426301e-01 -9.251263185009600543e-01 1.063897843164497703e-02 -1.340300778936704962e+00
6.324512933978582163e-01 9.135253152666521492e-01 5.571462631665484722e-01 3.295582155373006361e-01 -4.243813459393921406e-01 1.858919369206502581e-01 -1.062325160633185606e+00
4.829744557074262534e-01 6.165994686570260841e-01 6.030194595852330641e-01 5.258558669240199768e-01 7.607918077427867909e-02 4.751317971326124989e-01 -7.986370078199791500e-01
2.811483676733270709e-01 2.931241838822709056e-01 6.270214147164073770e-01 7.482947560919483987e-01 5.577895706444258028e-01 8.600308462861566694e-01 -5.311022014466758590e-01
1.181689003789796778e-02 -6.607520222185407632e-02 6.621597357117385840e-01 9.230789267800477704e-01 9.820879673463899229e-01 1.282399084880799345e+00 -2.506855759808250261e-01
-3.245002142429699310e-01 -4.418977505145657014e-01 7.127285309137623148e-01 1.001426118728496073e+00 1.310328298111067769e+00 1.665114574611346709e+00 2.878414713902819819e-02
-7.163656797752911976e-01 -8.108183895866603041e-01 7.745205219880791914e-01 9.422037632613829983e-01 1.530658040402286035e+00 1.946495244648974943e+00 2.941787862037693047e-01
-1.143049006175660187e+00 -1.158929695115999081e+00 8.485622609354155355e-01 7.120131890099021810e-01 1.654039930486465693e+00 2.089532959186365613e+00 5.423839513861840045e-01
-1.550052932092200741e+00 -1.472354221482565562e+00 9.225543489264980135e-01 3.029755182613055320e-01 1.706554106292629269e+00 2.086130237810948529e+00 7.651184364429908236e-01
-1.847637034135625633e+00 -1.734447937962488417e+00 9.794590661522752928e-01 -2.649871873655058052e-01 1.722386334215176174e+00 1.954020071569495531e+00 9.490280999302753706e-01
-1.947218628888561121e+00 -1.916923876238641578e+00 1.026486461770542480e+00 -9.174280616247538767e-01 1.717821978451812726e+00 1.708676059436164518e+00 1.074197981003004010e+00
-1.793768860011053068e+00 -1.967394108859413793e+00 1.081848282322374510e+00 -1.508878845569463278e+00 1.679015127391115580e+00 1.356082616144583142e+00 1.098914139660382983e+00
-1.387672338399065231e+00 -1.841752750309293196e+00 1.132895894269808412e+00 -1.889611040727478652e+00 1.600988868732350356e+00 9.315226105959347747e-01 9.789517229971643753e-01
-7.898436657452549969e-01 -1.554967872700044440e+00 1.121883220635629952e+00 -1.976323282958954763e+00 1.523629284038797937e+00 5.121778335138486016e-01 7.127062579565208722e-01
-9.532649024858229347e-02 -1.167057678319881830e+00 9.801104349122231607e-01 -1.756958823186362206e+00 1.495048279924152013e+00 1.715188761391614192e-01 3.393542094499003570e-01
6.025721714274143714e-01 -7.322316754532093297e-01 6.774686239449632108e-01 -1.293364398970656470e+00 1.521894770656578189e+00 -4.897705667804086449e-02 -9.936224485572946186e-02
1.226386645341478898e+00 -2.993801591944330598e-01 2.530522278830898419e-01 -7.148802270368963541e-01 1.574611055893951894e+00 -1.401249194255963781e-01 -5.621436822564209734e-01
1.704261708519576812e+00 6.319442652546511385e-02 -1.760683379484730693e-01 -1.431021589660943227e-01 1.603847789094375420e+00 -1.439413180845871554e-01 -9.830332573920622652e-01
1.978478927545029853e+00 2.861923115323457001e-01 -4.657497082785514997e-01 3.690344431544989034e-01 1.558634303049142522e+00 -1.386764926345054605e-01 -1.279686409879962516e+00
2.040663332255966189e+00 3.333353589714819765e-01 -5.478916001322597928e-01 8.039520928034037395e-01 1.428630389150493007e+00 -1.695418927227711481e-01 -1.389870223903560298e+00
1.933167248014904693e+00 2.097050815627841680e-01 -4.609413037076033337e-01 1.140291045143146498e+00 1.251623753658430260e+00 -2.277451023978787070e-01 -1.288044213902326485e+00
1.720060668107596946e+00 -3.889141550923923968e-02 -2.876782115054355438e-01 1.369806856534105721e+00 1.071988105771654487e+00 -2.945080036614101116e-01 -9.902876460087473021e-01
1.474100503566083020e+00 -3.387000694426406389e-01 -1.126039697415462809e-01 1.499845317165935388e+00 9.269079776224539158e-01 -3.598478250402281087e-01 -5.582858663364343998e-01
1.252991373469181990e+00 -6.288409191036482548e-01 -6.566084766383597018e-03 1.516577738920706464e+00 8.576312348877567215e-01 -4.082451535692865896e-01 -7.041579370095911450e-02
1.060936878044541398e+00 -8.881082967170002007e-01 7.499801560048222591e-03 1.377196860711638715e+00 8.853194501951024975e-01 -4.213525208349078177e-01 4.259566503078195954e-01
8.671980179548962608e-01 -1.114211148559085096e+00 -3.658835862574840586e-02 1.057992731475736470e+00 9.796984859089942210e-01 -3.986602229040679402e-01 9.204493216498950137e-01
6.769848737361631175e-01 -1.285929574341656334e+00 -9.057556970631522320e-02 6.059948698800290412e-01 1.067958161760316438e+00 -3.740277831731593228e-01 1.387863469654619486e+00
5.589626676131129734e-01 -1.356507753193778143e+00 -1.315962297239922918e-01 1.344080633925398005e-01 1.076348543107759737e+00 -4.050261406729006586e-01 1.748392378090019239e+00
5.839460652606014435e-01 -1.294573168834656673e+00 -1.582031424903299899e-01 -2.397633406279858215e-01 9.785048249655396990e-01 -5.319839915689864585e-01 1.914820772651892211e+00
7.463405402388938459e-01 -1.121636432548579476e+00 -1.578080086855970787e-01 -4.541372096055907304e-01 7.981435855816297886e-01 -7.557733855866242134e-01 1.871850362238492105e+00
9.755609926046379110e-01 -8.887132706621194700e-01 -1.075341362647081744e-01 -5.003769749167644720e-01 5.649562361682286538e-01 -1.056865326005812067e+00 1.674942163727817679e+00
1.212924867176617294e+00 -6.322783089294713443e-01 -1.274648211705139804e-02 -3.909914145016616938e-01 3.010430226947883869e-01 -1.414908950176522406e+00 1.385779794920196872e+00
1.441056418500577863e+00 -3.802045316596543989e-01 9.146076229966615401e-02 -1.574462097349630663e-01 5.057549660414798615e-02 -1.799527336358756502e+00 1.050065513359521141e+00
1.643942215196659840e+00 -1.843495472350248632e-01 1.793567201263915889e-01 1.278770655808987022e-01 -1.201951386835750230e-01 -2.156348417650246319e+00 7.316499505633032863e-01
1.769285854956459847e+00 -1.095102805127986939e-01 2.552121081528401780e-01 3.654370118915931109e-01 -1.812726553148377440e-01 -2.433038797247278229e+00 5.159583792605290098e-01
1.760072335967939994e+00 -1.785052121557400562e-01 3.288471646577643681e-01 4.813293098766844302e-01 -1.708733216916777375e-01 -2.611628670079566561e+00 4.530205961548730564e-01
1.617091540684879591e+00 -3.498108815418024542e-01 3.816364670926963854e-01 4.538165984331150038e-01 -1.437803313145885609e-01 -2.686422383286104054e+00 5.263811996164283746e-01
1.392153144319544733e+00 -5.559363181933162368e-01 3.801919274967047735e-01 2.946998476243228859e-01 -1.292473505184071891e-01 -2.644134336120112838e+00 6.895036831765960494e-01
1.138547239093949504e+00 -7.320447532923087808e-01 3.105082971943729508e-01 4.059673973329668006e-02 -1.596199675885589808e-01 -2.498819630465288988e+00 8.902836022264930538e-01
9.084521699755596646e-01 -8.095936174796907192e-01 1.745751448314886434e-01 -2.465863782828435768e-01 -2.807761735302717887e-01 -2.303933772374053834e+00 1.059214501568260802e+00
7.535471741991969230e-01 -7.270313321269639140e-01 -3.221442935755684106e-02 -5.067375941686091956e-01 -5.062447922608322992e-01 -2.095898652190827605e+00 1.126114764468280516e+00
6.794359841329409289e-01 -4.551929790974504897e-01 -3.229961229845024762e-01 -6.972993730631434905e-01 -7.999869164640761587e-01 -1.855834646517329878e+00 1.054128565248608762e+00
6.285397080472672204e-01 -3.714650532435460634e-03 -6.922754807574826863e-01 -7.725211478299728318e-01 -1.112881517583997892e+00 -1.549618747666240415e+00 8.367203864357313225e-01
5.251620561796522813e-01 5.763314523205361750e-01 -1.086446610682504366e+00 -6.937743061181927962e-01 -1.404033357501607071e+00 -1.172010365719782454e+00 4.879607857285011008e-01
3.185559679753513507e-01 1.191019150683854111e+00 -1.423070084788691902e+00 -4.709199302859303771e-01 -1.629204207562177986e+00 -7.368227029834688580e-01 5.559139422219520205e-02
-1.216358826723099376e-02 1.728954789621418575e+00 -1.639635904756759022e+00 -1.436291603139945305e-01 -1.746608387130375029e+00 -2.676235069109876852e-01 -3.826276442073722195e-01
-4.615828166403825317e-01 2.096223397980155223e+00 -1.706314529208376563e+00 2.511505738500596774e-01 -1.736055712880556490e+00 1.956393398993483967e-01 -7.446173273968126338e-01
-9.862925999596889870e-01 2.230399560570334838e+00 -1.620176029560154163e+00 6.451449863456077960e-01 -1.591322027797481331e+00 6.149265412160880295e-01 -9.552205452832096544e-01
-1.506832906590136467e+00 2.109818219441593978e+00 -1.403701449004184809e+00 9.374329991149937813e-01 -1.322028290285423680e+00 9.639955260731136732e-01 -9.526847113677016088e-01
-1.929614932257722959e+00 1.775610321615239018e+00 -1.093736111071554218e+00 1.075998085782970959e+00 -9.817345784053272961e-01 1.208259975666649444e+00 -7.261794225020844484e-01
-2.160437868554239582e+00 1.326654789755469466e+00 -7.337858484348647181e-01 1.083747357546121171e+00 -6.506465182730226671e-01 1.312081765836129232e+00 -3.467920463216138671e-01
-2.134218747097864188e+00 8.609001848380347655e-01 -3.587716128671305515e-01 9.828121442373036754e-01 -3.788835107636557287e-01 1.273031474204841196e+00 7.544550720799986232e-02
-1.864255047898045525e+00 4.279584268413035852e-01 2.418841891971677122e-02 7.563703156894725499e-01 -1.710602650010806247e-01 1.125676235056702224e+00 4.619399274270454270e-01
-1.442675456270142487e+00 4.401887040740359858e-02 4.229132246173169518e-01 3.979634065769971363e-01 -1.694917429474461501e-02 9.134387536772619054e-01 7.731692212628449301e-01
-9.827429851281396234e-01 -2.758415840790695572e-01 8.325702103588902281e-01 -5.456315556544213269e-02 8.655388207065979611e-02 6.728366349311615258e-01 9.737927143699923738e-01
-5.672842763169059221e-01 -5.142941106533975848e-01 1.223424873445447592e+00 -5.500397792159815724e-01 1.496359656339444899e-01 4.452975406574116723e-01 1.024987228252418170e+00
-2.401570833934659754e-01 -6.616248608442676371e-01 1.546174071777069337e+00 -1.051995143778661879e+00 2.011603763480872831e-01 2.766356914518498522e-01 9.058991330356515048e-01
-1.918036046436260092e-02 -7.097237716112722028e-01 1.743340740644107711e+00 -1.506248252236936924e+00 2.589390934802910382e-01 1.888758676258422420e-01 6.250668476777047067e-01
9.491334857823888194e-02 -6.396263535782393816e-01 1.758611445104388382e+00 -1.813285656123722278e+00 2.999546405563950913e-01 1.728056576656464560e-01 2.102617392199113422e-01
1.039712658500900472e-01 -4.325476916676287975e-01 1.557101830394822084e+00 -1.873026056364647918e+00 2.804642266775786430e-01 2.166185969834191205e-01 -2.986969835155041664e-01
8.270589580621644579e-03 -9.182345657685764273e-02 1.146727363592981552e+00 -1.637622853252193034e+00 1.685244689796190631e-01 3.149473980266674911e-01 -8.460123157679095840e-01
-1.710786262486502229e-01 3.606537189325400572e-01 5.804187229462395292e-01 -1.103859620534598296e+00 -6.443307676543343077e-02 4.380676216527572553e-01 -1.370126219974501236e+00
-3.834503980947489010e-01 8.990878814369820393e-01 -5.529250750570548212e-02 -2.898268164838939120e-01 -4.484073335244337932e-01 5.295105418127463714e-01 -1.821171621728311374e+00
-5.562443278346773656e-01 1.486900467772767964e+00 -6.737954985104327443e-01 7.369840156024585198e-01 -9.697759238356505884e-01 5.554661035408714476e-01 -2.166560082270005516e+00
-5.988265090976838678e-01 2.054503251728880375e+00 -1.231109809280398926e+00 1.808840457772542543e+00 -1.532768877174298661e+00 5.331136570832910593e-01 -2.394695937997473933e+00
-4.415175366825939696e-01 2.492411468142011532e+00 -1.718017745084699843e+00 2.665812635724382318e+00 -1.985321647679018531e+00 5.089943819698978800e-01 -2.504585590075469881e+00
-1.068643667001917957e-01 2.692263117234103831e+00 -2.109770356821398352e+00 3.055251201748832468e+00 -2.200230971987283901e+00 5.239726767629449000e-01 -2.477191636957733145e+00
2.738073771234497689e-01 2.613149687688464340e+00 -2.350473888479650775e+00 2.870451613184972217e+00 -2.150174784189614385e+00 5.886634406655335550e-01 -2.279955473560292933e+00
5.405921064557083211e-01 2.297407938739945532e+00 -2.395245450541900301e+00 2.202643726949161884e+00 -1.900334497491279917e+00 6.899316275716169677e-01 -1.911457991151449987e+00
5.985592728970688947e-01 1.829995707653309100e+00 -2.261411599914286530e+00 1.259664258546843163e+00 -1.536799472215785167e+00 8.254689034862108254e-01 -1.419608520272104712e+00
4.260812858809822079e-01 1.298241308558334417e+00 -2.013914104350237100e+00 2.662877842865047917e-01 -1.127384038494723795e+00 1.007335808328118976e+00 -8.739317553054077869e-01
4.131100085993008597e-02 7.741002596146030479e-01 -1.704201752140366066e+00 -5.744560826447581148e-01 -7.253328555336702177e-01 1.223655785065133950e+00 -3.394994119129119969e-01
-4.867660189583798980e-01 3.165899072069070508e-01 -1.369818700294604064e+00 -1.108039126016834519e+00 -3.608227130903656765e-01 1.430282595018616432e+00 1.224665825485515974e-01
-1.030618626168172458e+00 -2.366790001284049816e-02 -1.061326183698740433e+00 -1.275452829032086566e+00 -4.369227710170234258e-02 1.579429105536065414e+00 4.519963087667405732e-01
-1.460715213907101129e+00 -2.111227420546727129e-01 -8.168460434915301160e-01 -1.128879299598160024e+00 1.998186820053842461e-01 1.630318799123547713e+00 6.026856666212613289e-01
-1.696572694469496323e+00 -2.276056780213613351e-01 -6.477615869178072749e-01 -7.858566258843413532e-01 3.227801892205687251e-01 1.545214180575722906e+00 5.529028340280837117e-01
-1.697193160129219391e+00 -7.314997207273830904e-02 -5.606264799610624072e-01 -3.725949405434024198e-01 2.974412063123294536e-01 1.298767567918655219e+00 3.091932042832397087e-01
-1.453153098306979363e+00 2.235285734740328489e-01 -5.618334826664651560e-01 8.041680093508795160e-03 1.365634746483198048e-01 9.027572455911850868e-01 -8.518528987270636288e-02
-1.006076296347741428e+00 6.025360924965018627e-01 -6.540203404625282158e-01 2.993804536022444118e-01 -1.112566301608419045e-01 4.221796548116740211e-01 -5.430465386580677345e-01
-4.443179610053565876e-01 9.854771575543580520e-01 -8.340130369702082325e-01 4.940914051827868247e-01 -3.718180627611161193e-01 -4.831890469048390896e-02 -9.516610547439783296e-01
1.202536968581227883e-01 1.292046121035388628e+00 -1.072983332260981637e+00 5.988370127211053440e-01 -5.713523530550814744e-01 -4.293326702822058971e-01 -1.212149079015911735e+00
5.724928964341863269e-01 1.460354916407409220e+00 -1.312571929844293273e+00 6.086819656689931302e-01 -6.654380427262104325e-01 -6.786427127468268594e-01 -1.271182698949724799e+00
8.209245706965867528e-01 1.459341764052875634e+00 -1.490894717872754738e+00 5.263203864714460778e-01 -6.397760273901238470e-01 -7.870953777025105902e-01 -1.123516997467428169e+00
8.152019390243414598e-01 1.285828771927309599e+00 -1.554780508862785293e+00 3.771880673288203201e-01 -5.029339265281609350e-01 -7.685074048348672360e-01 -7.923256733881811620e-01
5.471535820828811181e-01 9.612573915730873164e-01 -1.462954873559217495e+00 1.991158260562481963e-01 -2.899689543293778038e-01 -6.504811616652812489e-01 -3.160945095551968564e-01
4.983653510522441377e-02 5.225806494120202039e-01 -1.194484724965917399e+00 3.470930463171897906e-02 -5.594007972826335606e-02 -4.719390908515224692e-01 2.561278779243215120e-01
-5.979562201369555963e-01 7.780149734664828197e-03 -7.559212164117314892e-01 -7.841510741591532774e-02 1.485897132510616003e-01 -2.799601455837855135e-01 8.676379530035918108e-01
-1.267046912724983043e+00 -5.459055431603375697e-01 -1.945953454278527839e-01 -1.321681487794567067e-01 3.071851971686637706e-01 -1.119249444072809713e-01 1.448360150096148935e+00
-1.799457101273725046e+00 -1.089699378058082146e+00 4.024981268453174388e-01 -1.493039693312334659e-01 4.407993255016943168e-01 1.389218373722034272e-02 1.915508576883120817e+00
-2.052949114355819393e+00 -1.551191261768365859e+00 9.357458600263712789e-01 -1.450577284906038322e-01 5.781488089692701227e-01 9.107973425755500063e-02 2.192585965253345037e+00
-1.936647444237628690e+00 -1.857477459518915852e+00 1.330020852883849081e+00 -1.221838595504508018e-01 7.370403428753017350e-01 1.235110650699052931e-01 2.232565163237041350e+00
-1.440064482518525368e+00 -1.981124804200774525e+00 1.569776098384448648e+00 -1.053983030695291867e-01 9.186885107799678263e-01 1.134664236056126541e-01 2.031968032750137265e+00
-6.499714864437585726e-01 -1.937588601550468193e+00 1.689926685334949941e+00 -1.254985260766296462e-01 1.092978980190271843e+00 4.656164950375629025e-02 1.630794971581331687e+00
2.848459424724792410e-01 -1.748088056956954350e+00 1.715728655722967400e+00 -1.819384241368166566e-01 1.209538932004520451e+00 -8.468242001079888392e-02 1.097439286609899423e+00
1.210020173543661759e+00 -1.432882295065073697e+00 1.636756137568733838e+00 -2.577687063667267742e-01 1.226994191746013652e+00 -2.607728478226359337e-01 5.052988271024287936e-01
1.974132887133095648e+00 -1.022252919696314155e+00 1.446165004897643325e+00 -3.381903503366820440e-01 1.110883846730084556e+00 -4.578639643798238512e-01 -7.707426626866248354e-02
2.431372406797986940e+00 -5.655320732431317055e-01 1.168769070535749632e+00 -4.044517012494470709e-01 8.403760784514697768e-01 -6.571155623897371179e-01 -5.698381626250199616e-01
2.487385174137973110e+00 -1.323778359358516454e-01 8.377652134706647935e-01 -4.383406649598615701e-01 4.404379618382663897e-01 -8.277452857552267673e-01 -8.757624418901781560e-01
2.130270310465026018e+00 2.200629296095621690e-01 4.645188181305203168e-01 -4.146365787867604680e-01 -2.768364659769477140e-02 -9.299462854252176225e-01 -9.153552472885999602e-01
1.422091928718858478e+00 4.821738222905460614e-01 4.484057800072154681e-02 -2.781804664014047024e-01 -5.049023075285709039e-01 -9.373700384252808826e-01 -6.771959914767217148e-01
4.895201789347397581e-01 6.756615285817210159e-01 -4.082232127018995405e-01 2.572917124630394112e-02 -9.418099964328888740e-01 -8.523192378213468867e-01 -2.436277857048003148e-01
4.895201789347397581e-01 6.756615285817210159e-01 -4.082232127018995405e-01 2.572917124630394112e-02 -9.418099964328888740e-01 -8.523192378213468867e-01 -2.436277857048003148e-01
-1.330002026777903801e+00 8.176789928268491936e-01 -1.139224168373166091e+00 9.013725155553204971e-01 -1.434620113352265136e+00 -5.160282058549618966e-01 6.517681830303294621e-01
-1.896056784052310151e+00 6.629505503691385249e-01 -1.222805831850506175e+00 1.165092930407998439e+00 -1.341388304637163076e+00 -3.143537167321009962e-01 9.336028200628357920e-01
-2.150641263333794573e+00 3.328656748989354819e-01 -1.063881218046411448e+00 1.190186811245629750e+00 -1.001777764073203070e+00 -1.106855124623183778e-01 1.089522253726602941e+00
