1.263147464592153879e+00 2.000680735509048069e-01 -1.307356382512627313e+00 -2.958166942407930988e-01 -1.283219021824694439e-01 9.468941303075470994e-01 -1.724844530005487098e+00
1.532407073699784128e+00 2.486282927601755899e-01 -1.454789254415601141e+00 -3.066853818679734500e-01 -1.548246535541788760e-01 9.225156016897994027e-01 -1.966793920979361010e+00
1.699022318085849470e+00 2.149862962252019338e-01 -1.475727862573778637e+00 -3.352098370078412382e-01 -5.904809376110391195e-02 9.129493745411217942e-01 -2.102445423430194804e+00
1.734869370626020757e+00 9.521130883503510500e-02 -1.342065495106541162e+00 -3.605173558885044760e-01 1.653370403923856424e-01 9.433374380667024495e-01 -2.136994084135492855e+00
1.673035711635488143e+00 -8.515302788054179839e-02 -1.065272994728528655e+00 -3.484698196793682423e-01 4.707967891277231587e-01 1.002958167282738566e+00 -2.112741265949381386e+00
1.595831945476315905e+00 -2.909636918592372057e-01 -7.004357650565791182e-01 -2.862923099309369057e-01 7.809404098180048326e-01 1.035431902583444863e+00 -2.062842310929477563e+00
1.560831359205197888e+00 -4.980504552120519346e-01 -3.139032764311279755e-01 -2.071484928464843722e-01 1.029269732236403501e+00 9.981639866971263597e-01 -1.974362071478165559e+00
1.561978085966505336e+00 -6.869973119538204109e-01 3.214808162896520827e-02 -1.653595090577938687e-01 1.161970526150052807e+00 8.895014545595600897e-01 -1.799698737579523256e+00
1.571190739584496177e+00 -8.336507877549206302e-01 2.772086689995567066e-01 -1.898224546110658106e-01 1.130251904852205058e+00 7.103049407129944370e-01 -1.492117497696589634e+00
1.570083706741932650e+00 -9.183776213892191898e-01 3.865354385811783366e-01 -2.665212620365043916e-01 9.149466120834778282e-01 4.636293344210649092e-01 -1.034492726761342851e+00
1.521727658072264511e+00 -9.329596942216955568e-01 3.626428779276068548e-01 -3.556058865891308374e-01 5.568279340467926497e-01 1.963928974881264111e-01 -4.637884355313979245e-01
1.356193727338901089e+00 -8.768714433227703386e-01 2.277668588859227683e-01 -4.133844756391318875e-01 1.459056246969589743e-01 -1.050254725745715725e-02 1.257344708885530238e-01
1.022299272597191999e+00 -7.610759432556928328e-01 2.568048260969967023e-02 -4.049648481250291976e-01 -2.199307984586707232e-01 -1.021884697266101372e-01 6.282895554838207053e-01
5.443955697205729027e-01 -6.113964203146718956e-01 -1.777824909137180609e-01 -3.182006843709088151e-01 -4.747634722009905772e-01 -8.689850118517596089e-02 9.861428786605583863e-01
3.271240294247693397e-03 -4.563440836470247786e-01 -3.217976233027627364e-01 -1.757555276507476449e-01 -6.052503493074551377e-01 -1.705897057501802594e-02 1.212263594497197117e+00
-5.330377855132640841e-01 -3.182799462475986441e-01 -3.599890001309640764e-01 -3.349561018409327046e-02 -6.290854636165361669e-01 6.596212458475798901e-02 1.363939326560457355e+00
-1.037821912359667920e+00 -2.208318149591933510e-01 -2.492214697609705931e-01 3.512656437038458312e-02 -5.494611449579765994e-01 1.643614307291527965e-01 1.492919484461623147e+00
-1.499562467265786792e+00 -1.897308107936125920e-01 2.950893792957099554e-02 -2.687357448333708293e-02 -3.537887624212559534e-01 2.921496295471654459e-01 1.620127095627442060e+00
-1.889737454961607055e+00 -2.343897908484961767e-01 4.251722413660360411e-01 -2.164993887137851569e-01 -5.700648524732889605e-02 4.251023970613994063e-01 1.730444510320855223e+00
-2.153531181414124251e+00 -3.336675102470091914e-01 8.222808463222153197e-01 -4.623931821808929254e-01 2.843689180492292023e-01 5.070724777441169007e-01 1.766618797329533974e+00
-2.238730888705751099e+00 -4.452881320576074775e-01 1.110231112441252943e+00 -6.781587981348661254e-01 6.006493525514717824e-01 4.999528814026753532e-01 1.664076040546738300e+00
-2.144447018510262648e+00 -5.220351470842053976e-01 1.224551773616975536e+00 -8.175395301583792129e-01 8.283481335274925916e-01 4.033859715187225192e-01 1.419434237281569144e+00
-1.942542646804570117e+00 -5.239627816598925181e-01 1.140238474861340556e+00 -8.745543325759006503e-01 9.242605014716465117e-01 2.447730325165884679e-01 1.104870193990237226e+00
-1.747993393097665882e+00 -4.401164458990500239e-01 8.852855024129269168e-01 -8.646952111059544865e-01 8.956748961847728063e-01 7.922376288236283870e-02 8.194534033068362477e-01
-1.642258559873118529e+00 -2.949661515960828040e-01 5.399819419367518636e-01 -8.002809946473732339e-01 7.902483305915704026e-01 -3.760193316700382454e-02 6.333344901236176439e-01
-1.613927937567711357e+00 -1.183816429022835348e-01 1.839749228873659714e-01 -6.562931174481630991e-01 6.408550176832463752e-01 -1.034197298469879817e-01 5.575183457247011587e-01
-1.589335140302289284e+00 7.378704112125400449e-02 -1.211332516401572440e-01 -3.918101899950796052e-01 4.551429524143518757e-01 -1.619303531472593705e-01 5.647620396654359221e-01
-1.513333511734494596e+00 2.650690095476411767e-01 -2.994694859759612915e-01 -2.410587020343348680e-02 2.551672117050364230e-01 -2.324122968980721626e-01 6.305213452457403278e-01
-1.386988944459554451e+00 4.292462810513937299e-01 -2.687678969256666051e-01 3.502453261254115380e-01 8.915452350897387634e-02 -2.781517526103282623e-01 7.397576885445028561e-01
-1.234689091786450366e+00 5.475070434743100067e-01 -1.171019753948948552e-03 6.293992038649854903e-01 -4.895025372456747632e-03 -2.566942341218174661e-01 8.649446926020565307e-01
-1.055864179449682583e+00 6.231600935132513008e-01 4.405250692795047440e-01 7.867841486032323139e-01 -2.369742567671537584e-02 -1.685056987078547841e-01 9.408204283072414409e-01
-8.272761635314948014e-01 6.711517085784877157e-01 9.408450128969565451e-01 8.575752349423119147e-01 2.087778501364572284e-02 -3.584154837441008018e-02 8.805714791315999435e-01
-5.417159198173936430e-01 7.038692137174016317e-01 1.392343678567197651e+00 8.713903887073648491e-01 1.130748202986253254e-01 1.250178366300335464e-01 6.460863912182976954e-01
-2.174119342413584899e-01 7.338917235255636440e-01 1.712955048709217110e+00 8.382694990985642969e-01 2.182159046913208222e-01 2.862570194403666335e-01 2.753678822866335030e-01
1.274793011228685657e-01 7.817496312766704092e-01 1.841154815727263694e+00 7.817117017087060749e-01 2.877187011994936650e-01 3.982025315264375309e-01 -1.758219331124069862e-01
4.810782216948061851e-01 8.745011250596900210e-01 1.748916111370253823e+00 7.423349180413854054e-01 2.761168496503509928e-01 4.045956204686545488e-01 -6.611203716523269547e-01
8.154457214903902962e-01 1.033889063897022842e+00 1.453676155126815361e+00 7.510266486593456525e-01 1.441405520328419010e-01 2.546388281595275416e-01 -1.106157760929909584e+00
1.085270444199454731e+00 1.260026155974069528e+00 1.001687535656224259e+00 8.219763552835724907e-01 -1.257929983948819497e-01 -7.376971462403945912e-02 -1.430379780719262639e+00
1.263427544239382749e+00 1.530815560021534516e+00 4.351844249435411482e-01 9.653260412269643043e-01 -5.180161860812739771e-01 -5.593620499371267929e-01 -1.616250529195838004e+00
1.353781429463821517e+00 1.821778337749667465e+00 -2.174546502250014890e-01 1.183478709085819647e+00 -1.002778544660174465e+00 -1.153018439391681804e+00 -1.699592272501167178e+00
1.354096405799058322e+00 2.114794247166319696e+00 -9.136494629806591883e-01 1.456233685874552153e+00 -1.539382420361143033e+00 -1.775636392536778851e+00 -1.711150732562989552e+00
1.235614690935377347e+00 2.383848478685171912e+00 -1.566368026413064607e+00 1.746117611545492165e+00 -2.057976154565316573e+00 -2.314362098451037575e+00 -1.653046964368285909e+00
9.728938695558723149e-01 2.581188380307185781e+00 -2.049176613687743398e+00 2.010838091626502955e+00 -2.467322168535099447e+00 -2.666196373659220242e+00 -1.498286625154751750e+00
5.844054841103411002e-01 2.651980266304004630e+00 -2.251331028638905885e+00 2.211704784077719310e+00 -2.698447165885097032e+00 -2.804003783464854571e+00 -1.202535193612175757e+00
1.448599277268097507e-01 2.570321885124999817e+00 -2.148732638747967716e+00 2.335123452477270156e+00 -2.748391816587965497e+00 -2.801137043451185527e+00 -7.417026708235127108e-01
-2.439368692366601088e-01 2.344615938352918150e+00 -1.807074730460305201e+00 2.385888574428716602e+00 -2.663213252329838188e+00 -2.763513506606533721e+00 -1.505943823908515999e-01
-5.045441686331945119e-01 1.990962251491315005e+00 -1.314875094552488299e+00 2.336625558123934798e+00 -2.482444774588254521e+00 -2.731759996334741203e+00 4.929548537401002295e-01
-6.210693633684557513e-01 1.530508952006869539e+00 -7.485195951067504794e-01 2.120404022328791438e+00 -2.229184707728322667e+00 -2.668206935442758443e+00 1.121581327319792765e+00
-6.322799511853651744e-01 1.014533311337573629e+00 -2.062712567038027522e-01 1.694402880107994225e+00 -1.935497939002146506e+00 -2.517503775438851399e+00 1.681633752056233888e+00
-5.976890299576910204e-01 5.262987150967539662e-01 1.810975182542174933e-01 1.087008056183946358e+00 -1.644636219679513678e+00 -2.249487175851367926e+00 2.108566254109078386e+00
-5.894393750609818738e-01 1.423961233534594417e-01 3.178717840515863924e-01 3.721350367432461059e-01 -1.384310166544616250e+00 -1.841955145298456165e+00 2.355577894619650614e+00
-6.911650478608081238e-01 -1.003161120700210296e-01 2.048706935084975977e-01 -3.698394163286540248e-01 -1.149833181855964837e+00 -1.260707122097435962e+00 2.427734269407827217e+00
-9.438308257883001318e-01 -2.056230101621134843e-01 -7.336078822976274671e-02 -1.044164074065326187e+00 -9.214637255414024342e-01 -5.038003847676496560e-01 2.357508878583027379e+00
-1.288796568685613320e+00 -2.064058592324006514e-01 -4.116528894717619291e-01 -1.535108611699408376e+00 -6.901738302259551316e-01 3.444873083601838748e-01 2.166059573602077126e+00
-1.602210437136988741e+00 -1.403355632040994838e-01 -7.534988929470225472e-01 -1.743685315047567297e+00 -4.720547484685265749e-01 1.132140329187712346e+00 1.857719986932785172e+00
-1.778821043975453930e+00 -1.899383124223679928e-02 -1.109382715540332631e+00 -1.625246522165708418e+00 -3.141441556230674115e-01 1.700596216123927640e+00 1.442206990195710414e+00
-1.774353126086298360e+00 1.680106247074585335e-01 -1.499429693606135316e+00 -1.203513165105907445e+00 -2.758343198477700708e-01 1.934880956629426274e+00 9.655202554534062509e-01
-1.614330147663375570e+00 4.144977785030631301e-01 -1.886198549596194374e+00 -5.765937814439824338e-01 -3.848452744257073732e-01 1.808695484203590054e+00 5.161596500981350255e-01
-1.383216528117534150e+00 6.743450025988794172e-01 -2.174073621907213205e+00 1.006804583647879087e-01 -6.077171334639137612e-01 1.403201379814556615e+00 1.887160046308765382e-01
-1.182847998851259463e+00 8.706010529810689347e-01 -2.266240958156416241e+00 6.632255959771481413e-01 -8.572667692184587906e-01 8.704822491042581989e-01 3.492607526622581310e-02
-1.087403517715465062e+00 9.292326366945408145e-01 -2.130448281840469082e+00 9.871022338019462827e-01 -1.035515134244712865e+00 3.656248525480195743e-01 4.066077685571467537e-02
-1.114436137312886821e+00 8.217616128741431769e-01 -1.829652582758553025e+00 1.026238127871826222e+00 -1.092651444703653940e+00 -2.143151077022284814e-02 1.489285143796408029e-01
-1.225498329630853034e+00 5.781122816908674800e-01 -1.481518688030917241e+00 8.078189939105635542e-01 -1.042697447966969726e+00 -2.813053271158009183e-01 3.088012529228196801e-01
-1.367842076668479345e+00 2.656701105381311656e-01 -1.184323260952276691e+00 3.943646521651030246e-01 -9.211418803934645627e-01 -4.266159091387299318e-01 4.959751545443792931e-01
-1.513597470387805455e+00 -4.099515575976626913e-02 -9.716878612955296424e-01 -1.387258676116590872e-01 -7.416897955809280685e-01 -4.373278234558256594e-01 6.966381221734112561e-01
-1.654675386057268272e+00 -2.938148040339399469e-01 -8.039069103706713015e-01 -7.055380110488358447e-01 -4.883164205432288796e-01 -2.710874362641422231e-01 8.918562391787105970e-01
-1.778333102309465286e+00 -4.850767502332212766e-01 -6.008016557853835815e-01 -1.217087544238043328e+00 -1.430214389729086155e-01 8.565311661666910603e-02 1.055432528018777294e+00
-1.857816935709241113e+00 -6.273044306947893611e-01 -3.084267020772262780e-01 -1.592615034225284276e+00 2.706513928412837555e-01 5.752010466670527400e-01 1.163793295886573542e+00
-1.854750633225515033e+00 -7.357524201426085542e-01 5.905211665212313499e-02 -1.772799046726556194e+00 6.791824006904111366e-01 1.074109073392438107e+00 1.210591556073755237e+00
-1.727590670256799577e+00 -8.314705173428299512e-01 4.448069957737263991e-01 -1.741627772569462662e+00 1.007669616268779267e+00 1.456804288055458141e+00 1.203650028416483719e+00
-1.457073543479796340e+00 -9.388882323176134248e-01 8.041659853777058942e-01 -1.543260988963452318e+00 1.226946659359412939e+00 1.666904642510981471e+00 1.154121906133944941e+00
-1.069412914806786796e+00 -1.072664180978679216e+00 1.117381271527477793e+00 -1.267028192826766375e+00 1.348760767715313724e+00 1.720749461070677500e+00 1.083417669529208371e+00
-6.196185088350236736e-01 -1.230855260639422966e+00 1.358703928381944426e+00 -9.971158257457635177e-01 1.396453123987050793e+00 1.650499309893644462e+00 1.018485736735191605e+00
-1.497789187766401242e-01 -1.394337099413300196e+00 1.485114977798751790e+00 -7.670481187511928312e-01 1.390063712564940657e+00 1.466775471608303683e+00 9.529297182587928017e-01
3.240614845573610014e-01 -1.530550994043397672e+00 1.469311441461056633e+00 -5.640051709053566231e-01 1.348867576157119386e+00 1.170973937846520707e+00 8.366123055156701183e-01
7.777315829969044803e-01 -1.608027385392849729e+00 1.338578276713132453e+00 -3.720053268904447430e-01 1.296027500870521765e+00 7.852577594239140701e-01 6.334726022644429078e-01
1.155624501108356128e+00 -1.612631838443348231e+00 1.166063760684748596e+00 -1.971042476266767485e-01 1.249372527967603563e+00 3.603200086438538841e-01 3.688070466625888444e-01
1.412327916541615380e+00 -1.545024826327767720e+00 1.010241306792853067e+00 -4.255692191780229700e-02 1.203455658476844325e+00 -5.410782823916566314e-02 9.777023047879518369e-02
1.563949498298117691e+00 -1.406936293391685799e+00 8.757407108662392803e-01 1.189621497450213811e-01 1.128396055501409201e+00 -4.403035583628991390e-01 -1.486266041923198222e-01
1.668982835439025925e+00 -1.203340506067223981e+00 7.412305929895034451e-01 3.185197356773818433e-01 9.941704879365741432e-01 -7.986806041137406442e-01 -3.654631605697665764e-01
1.771461076575405302e+00 -9.524613614614911850e-01 6.038173716367025712e-01 5.527892733187235175e-01 7.969091988735591547e-01 -1.107521005825429672e+00 -5.495956463320417207e-01
1.891366275322665658e+00 -6.814937302183996515e-01 4.826472307595309208e-01 7.937612308571415642e-01 5.607942973681102616e-01 -1.320268174605328637e+00 -7.073861395564340349e-01
2.049566133352020092e+00 -4.168752849551056183e-01 3.906568200268428770e-01 1.010471082861467806e+00 3.177689789979916690e-01 -1.404000309661725066e+00 -8.701004928554743056e-01
2.259811578636687912e+00 -1.838917277574608211e-01 3.232827693518180445e-01 1.161488523222541813e+00 9.329378181741181109e-02 -1.356170553336213835e+00 -1.069456307918239091e+00
2.507265779583395915e+00 -9.580597241032107192e-03 2.766365582470631801e-01 1.192396492824077114e+00 -8.982654199355447067e-02 -1.188521845812971822e+00 -1.308482902093124123e+00
2.766121519084810298e+00 8.497445248882848357e-02 2.546081470503809840e-01 1.070338278126227616e+00 -2.127715183966225609e-01 -9.288693581918908704e-01 -1.570790411969362088e+00
3.019879631591598113e+00 9.884964015733115061e-02 2.493148252704339429e-01 8.089095626290764285e-01 -2.732889626877010869e-01 -6.336362341843257973e-01 -1.838150046138172344e+00
3.234972957223380519e+00 5.218774246215576035e-02 2.338260486669171967e-01 4.424740909289724966e-01 -2.789238893439041633e-01 -3.570133958792837681e-01 -2.090392711792307345e+00
3.334574934595623930e+00 -2.895151637950963905e-02 1.894459230945548800e-01 2.558792834450423527e-03 -2.239611878111643917e-01 -1.024914867786125144e-01 -2.305102010986899597e+00
3.233861655992170459e+00 -1.296856368071731824e-01 1.342118823631336944e-01 -4.631719311856125620e-01 -9.128851505045830483e-02 1.663757026061238598e-01 -2.457337444405014448e+00
2.901766915923788215e+00 -2.548597614184290316e-01 1.204616903710980791e-01 -8.824157871896232130e-01 1.242689866169522095e-01 4.685649660366281721e-01 -2.508191794512442563e+00
2.377342714990076100e+00 -4.181097105362973076e-01 1.983768973878927144e-01 -1.195813837911960942e+00 4.027990406433364368e-01 7.769169999263177973e-01 -2.405387103663584991e+00
1.741145275932774350e+00 -6.184719980587107813e-01 3.709499636724096217e-01 -1.393647435205560559e+00 6.977420649886033610e-01 1.030222054794417641e+00 -2.106912403349288088e+00
1.086113853780384941e+00 -8.305229008466719076e-01 5.876300626510397862e-01 -1.502601077160881093e+00 9.438056477858796089e-01 1.156439873560897391e+00 -1.606561203912075575e+00
4.952656172941488077e-01 -1.016320271338227332e+00 7.830541032547339020e-01 -1.542751239073275604e+00 1.088265225497965893e+00 1.112432183797676499e+00 -9.599445932176942087e-01
1.574310256983085451e-02 -1.147825215349063788e+00 9.182370217710710270e-01 -1.512286961171405819e+00 1.130368047605454507e+00 9.300507496754764070e-01 -2.907209849499824417e-01
-3.491686409928954626e-01 -1.214982583656393889e+00 9.862961424181890813e-01 -1.404438120620258301e+00 1.115790114712537973e+00 7.063152469795127564e-01 2.572819605804843035e-01
-6.131124252819972753e-01 -1.213286679491656805e+00 9.956356302046501794e-01 -1.218740569574401356e+00 1.088723765073097427e+00 5.324604457382406952e-01 5.851063617054175214e-01
-7.728097008844717619e-01 -1.139407238493108654e+00 9.628563078191407776e-01 -9.617758623519453431e-01 1.062291973356927599e+00 4.361232982766250488e-01 6.647127700143600215e-01
-8.046824355022337283e-01 -9.983853688276819183e-01 9.063522454691663732e-01 -6.507486719131058139e-01 1.019237182638832673e+00 3.809581572361741553e-01 5.300927289669666864e-01
-6.974050529780163599e-01 -8.039193574429874811e-01 8.422844676826765076e-01 -3.191414903468859920e-01 9.271164941348237765e-01 3.166050508669668861e-01 2.574933400312445220e-01
-4.817843227659612815e-01 -5.750922791281422031e-01 7.935602894766047299e-01 -9.916683939659868066e-03 7.647301673291122537e-01 2.284743608340327192e-01 -6.188009007499905428e-02
-2.182876384799976865e-01 -3.335239173243610411e-01 7.852149074618217650e-01 2.531298859174846982e-01 5.379842160621146618e-01 1.311994761981388202e-01 -3.491943313367537605e-01
3.037757497059052902e-02 -1.024706983975215147e-01 8.318581195105557713e-01 4.749385883721300994e-01 2.806961667962679097e-01 4.334581682915605166e-02 -5.436895116812282547e-01
2.013287133726654743e-01 8.905095910272683990e-02 9.396772060073560473e-01 6.487589065861533166e-01 4.700691375385238069e-02 -9.122978851211882567e-03 -5.843011410293584840e-01
2.472603177693722398e-01 2.154962179288547885e-01 1.092610940987001289e+00 7.382704184930144464e-01 -1.293507104294508714e-01 -1.746958554521028939e-02 -4.061305688610359899e-01
1.796186650408481689e-01 2.735928921340726183e-01 1.234090391956456978e+00 7.285323294736431032e-01 -2.638054461709641307e-01 -2.720729084605683079e-02 8.933630871561598630e-03
6.469338775287387933e-02 2.734710201171251520e-01 1.299839153139789039e+00 6.539605102083009269e-01 -3.677190232111771095e-01 -8.590610312045472707e-02 5.739614134588874039e-01
-3.166650701038446758e-02 2.173669104764694160e-01 1.258290099256264227e+00 5.498386871804399334e-01 -4.060894084188240716e-01 -1.751400060148032289e-01 1.129392307539209606e+00
-8.110969711045784569e-02 1.038409365230677645e-01 1.102067896018003701e+00 4.083851326476227728e-01 -3.446831808055515478e-01 -2.380370969454559116e-01 1.544364186458289101e+00
-9.057701960336453362e-02 -5.813605605420425065e-02 8.331267385288171345e-01 2.033272178555818321e-01 -1.906963861568675700e-01 -2.341308878833381624e-01 1.759877177945584403e+00
-7.542455661062108518e-02 -2.473869252975703092e-01 4.700432634970187484e-01 -5.419704076716814339e-02 2.303244746614649049e-02 -1.564925980407669281e-01 1.756235150316008298e+00
-3.747599395902131286e-02 -4.377092982491087025e-01 5.383008209806092181e-02 -3.063644468793398357e-01 2.590525467350698330e-01 -2.792980834634800971e-02 1.534094410697373290e+00
2.427532782596353300e-02 -6.049163756400175451e-01 -3.540760920382934329e-01 -5.009030403969481071e-01 4.836448040758961064e-01 1.188458855435166883e-01 1.130247567615247695e+00
9.710081132514722380e-02 -7.317547482406990822e-01 -6.752429343994522659e-01 -6.274483089071737352e-01 6.711272756012879315e-01 2.588016080804308450e-01 6.261678420041388859e-01
1.683070646721890051e-01 -8.111996637440822555e-01 -8.328721561635140658e-01 -6.876371678311463675e-01 7.996751537731373594e-01 3.607687341017879468e-01 1.291828502524000888e-01
2.408534856766983145e-01 -8.375766294972906145e-01 -7.952891401371677826e-01 -6.570311716163639293e-01 8.369186998659320365e-01 3.652031780039460274e-01 -2.648936554607731475e-01
3.206443817027320731e-01 -7.938054255181798968e-01 -6.000600414151481266e-01 -5.055272891602098362e-01 7.411228458370419103e-01 2.063174285296142940e-01 -5.070516233114829019e-01
4.047551006181351330e-01 -6.617311516002192251e-01 -3.185581885680386360e-01 -2.373156713884001789e-01 4.967952448713320313e-01 -1.285597909724610910e-01 -6.106064954838960057e-01
4.911062449716622758e-01 -4.428185275025154910e-01 -1.487309184774929412e-02 1.161918021564328635e-01 1.382448344254898209e-01 -5.818549333543382440e-01 -6.305913090144971145e-01
5.862432086735194225e-01 -1.594833665376869658e-01 2.512072927384380594e-01 5.290375886618726708e-01 -2.661111869571153865e-01 -1.063952680255931593e+00 -6.275070255625214699e-01
6.945808139064373332e-01 1.530604898513167056e-01 4.250278558526328077e-01 9.892269398266378966e-01 -6.247904718594335938e-01 -1.474840207340843978e+00 -6.566984669818667353e-01
8.069490349361833070e-01 4.529122610769240609e-01 4.870018469029286368e-01 1.475305610404135104e+00 -8.408731084468170636e-01 -1.720184911997555854e+00 -7.564144118108897530e-01
9.105625889320835276e-01 7.039893995763814027e-01 4.621200681973146041e-01 1.926834875320965645e+00 -8.702517796611529688e-01 -1.762996916801478076e+00 -9.132553428810016305e-01
1.002984526416728528e+00 8.876662045659581279e-01 3.928018536025943419e-01 2.250678158443022436e+00 -7.526899530239090641e-01 -1.646545940699916333e+00 -1.060362990203631117e+00
1.089274330107262934e+00 1.005619714531580833e+00 3.097852623087465895e-01 2.373039911639096999e+00 -5.727663011840400387e-01 -1.455045118925029302e+00 -1.129094978484492806e+00
1.172791722786033164e+00 1.080457480231059364e+00 2.207433151963454632e-01 2.288454218850460631e+00 -4.154212269547470915e-01 -1.269952091189842314e+00 -1.105899784045463630e+00
1.236591794613032480e+00 1.143414363124925837e+00 1.240574263895928425e-01 2.041128722492422831e+00 -3.392267522346811282e-01 -1.131546367603714742e+00 -1.040749470148335298e+00
1.236591794613032480e+00 1.143414363124925837e+00 1.240574263895928425e-01 2.041128722492422831e+00 -3.392267522346811282e-01 -1.131546367603714742e+00 -1.040749470148335298e+00
1.074241368413002773e+00 1.213185846055235828e+00 1.972422851410199005e-02 1.105919142302067781e+00 -3.897018220371932240e-01 -8.217517778808801632e-01 -9.507062756207277365e-01
7.740610893675990978e-01 1.138226319714236157e+00 5.074953277489883952e-02 4.178078111020503416e-01 -4.204307852775152621e-01 -5.542488328320090973e-01 -8.825372221311182930e-01
3.871923352389468609e-01 9.567396392925719972e-01 9.233133155106278134e-02 -2.979344389828202933e-01 -4.127764384818082832e-01 -2.349381548236174622e-01 -7.604864958154147203e-01
1.572002453805424740e-03 6.766260796652097120e-01 1.291219468625513789e-01 -8.748138380055647811e-01 -3.438739049574572881e-01 1.041675541249853232e-01 -5.978491561046384017e-01
-3.184287641126591351e-01 3.211692518098878124e-01 1.819258223098962624e-01 -1.187767827992336711e+00 -1.963671160740639576e-01 4.431964366241052389e-01 -4.147096446123853530e-01
-5.458073160346610386e-01 -7.115721537804160779e-02 2.606048704656178661e-01 -1.197189040749674138e+00 1.680555812117414186e-02 7.481955308220052947e-01 -2.094255514914923344e-01
-6.758592745976573779e-01 -4.498533142365938597e-01 3.538429359509093208e-01 -9.207195013835430819e-01 2.485293116930296919e-01 9.619837934148735004e-01 3.814604479712509211e-02
-7.043343278250353556e-01 -7.677259178275189777e-01 4.470872616416682321e-01 -4.028239421075081039e-01 4.400535370727882145e-01 1.020128036134426930e+00 3.424874732797207888e-01
-6.268832756716326005e-01 -9.939928941085963698e-01 5.250977874897245767e-01 2.738208672334581650e-01 5.496493313884586174e-01 8.842247021785719641e-01 6.936425512194921428e-01
-4.635949773492781256e-01 -1.111368614131824417e+00 5.645570193734519293e-01 9.787281953499327170e-01 5.652231855374525438e-01 5.734339169617841403e-01 1.053443101695895834e+00
-2.749392159975240224e-01 -1.114563819330975480e+00 5.423042045756097940e-01 1.561591616246325920e+00 5.028192214270056359e-01 1.767950217582425765e-01 1.358172789631542532e+00
-1.380634314192577816e-01 -1.017423329375940710e+00 4.577134516804532982e-01 1.896042093995296440e+00 4.016515058490348067e-01 -1.730703953192216649e-01 1.535948810180747470e+00
-1.015897886782750059e-01 -8.478105906552279025e-01 3.401223052446788464e-01 1.910516670631619895e+00 3.061619987521098651e-01 -3.671903368631351805e-01 1.539272652711261236e+00
-1.622040807432988396e-01 -6.326914673204638850e-01 2.250360585720958817e-01 1.593879997984316343e+00 2.412801612894046044e-01 -3.743316539593843362e-01 1.361496250417768339e+00
-2.773587457418809632e-01 -3.938658342788415867e-01 1.293877314577837612e-01 9.853072323962340784e-01 2.098602834438220432e-01 -2.344489977079562137e-01 1.027967797466840638e+00
-4.005393966641291881e-01 -1.537203462303430856e-01 5.793855317939279603e-02 1.716241933066662007e-01 2.118637415279617797e-01 -1.026151128807160223e-02 5.820574001105471851e-01
-5.098014945956106381e-01 6.341992930886232449e-02 1.806728055950693190e-02 -7.076673209742536663e-01 2.510037944862081316e-01 2.483127572901891178e-01 7.693044312715291433e-02
-6.083587104669669898e-01 2.326834775299915781e-01 2.593852176741392665e-02 -1.481487672672499034e+00 3.262647920729920825e-01 5.082022104796511952e-01 -4.211999453402562876e-01
-7.118021720972576016e-01 3.297393465554779857e-01 1.119427797008189368e-01 -2.010742087280601886e+00 4.269753505175234998e-01 7.474933283458193856e-01 -8.184606654362477363e-01
-8.355196742075088334e-01 3.447254667312617538e-01 2.986124757461264823e-01 -2.243719674278105369e+00 5.199586035886730739e-01 9.395550228863498443e-01 -9.965054389983915017e-01
-9.803969430179955147e-01 3.024729761176745968e-01 5.471815633373418031e-01 -2.201294672984299261e+00 5.384774966873414614e-01 1.034798738946696162e+00 -8.678544245211992081e-01
-1.133063620627875911e+00 2.654008684014264041e-01 7.322792632614651964e-01 -1.915962410409058903e+00 4.123121302484863970e-01 9.841455429608625405e-01 -4.647454337428199578e-01
-1.287141288554732421e+00 3.054738664240806978e-01 6.953733719802620561e-01 -1.422368057581267387e+00 1.260999019830336132e-01 7.946798691098707623e-01 3.836101391386360221e-02
-1.453989978524927063e+00 4.526138257604797044e-01 3.600138672231465997e-01 -8.208561830536373893e-01 -2.521711868027275982e-01 5.449003305707689204e-01 4.369500500890479699e-01
-1.643262383409153315e+00 6.690916653987631912e-01 -1.930036711194628163e-01 -2.780619795390516513e-01 -6.065997271020048265e-01 3.329605887573622858e-01 6.351701952601315204e-01
-1.831706917360489406e+00 8.873671616097543735e-01 -7.764597828940998925e-01 1.093853330129420792e-01 -8.545015941315776686e-01 2.000458000396373448e-01 6.718003068392769395e-01
-1.954294791215241966e+00 1.064968797308394111e+00 -1.215476942317464948e+00 4.038792727854877418e-01 -9.960993665003898823e-01 9.905583326236326591e-02 6.515958927525714595e-01
-1.944868010859193808e+00 1.197407878398666581e+00 -1.413152589872323395e+00 7.255286713538966481e-01 -1.080256644519740794e+00 -4.725156526605152341e-02 6.714028981097970306e-01
-1.791967015003683494e+00 1.303496201961454881e+00 -1.347573788391862815e+00 1.121159909657928333e+00 -1.148914568116337520e+00 -2.725563987357645379e-01 7.816538347287734778e-01
-1.536467055513734747e+00 1.411056035782885631e+00 -1.060947644005318935e+00 1.554180060132547503e+00 -1.221340345572911046e+00 -5.688404802116640013e-01 9.706122856044511193e-01
-1.223414247887735229e+00 1.538695332860022358e+00 -6.490949694435065309e-01 1.951272333351282917e+00 -1.294598828372760968e+00 -9.133977838024828211e-01 1.159476237804510701e+00
-8.769449782477681810e-01 1.683852534818520263e+00 -2.339353684814410306e-01 2.238222360785094622e+00 -1.346909726514384120e+00 -1.256883250507170535e+00 1.215878102389581716e+00
-5.029317752112210105e-01 1.824907266415476181e+00 7.492880171282537138e-02 2.363625463009642047e+00 -1.357803929392729980e+00 -1.523711390151837763e+00 1.015697238563233906e+00
-9.774714843823251176e-02 1.920487341423718242e+00 2.239345098792872579e-01 2.302440245391301321e+00 -1.330022296134553139e+00 -1.666980470876807008e+00 5.594826755458470746e-01
3.246389175913659275e-01 1.907468246576573989e+00 2.450610864213569606e-01 2.051004789202766965e+00 -1.269958803025286409e+00 -1.687978430065240065e+00 1.482744823422791486e-02
6.983325101333121010e-01 1.711670852379825414e+00 2.432507918084381437e-01 1.629449509229840665e+00 -1.130599855429484268e+00 -1.562812787693170113e+00 -3.991138081861324571e-01
9.189015774561355432e-01 1.282726549646694414e+00 3.217225541337543349e-01 1.080895627767651357e+00 -8.142116642920784741e-01 -1.213979722363490943e+00 -5.548715515663834585e-01
9.156426338512985152e-01 6.395519196145382779e-01 4.872852625492567480e-01 4.738260387116084438e-01 -2.785333449736727696e-01 -6.142026509514965094e-01 -4.611254658800530426e-01
7.060132852860437902e-01 -1.315228955202314975e-01 6.606736849477850004e-01 -9.502574516634523794e-02 3.896776152858754672e-01 1.341031867046351134e-01 -2.020944914616841781e-01
3.738989094923784728e-01 -9.266712411364831370e-01 7.832270154048895927e-01 -5.284340129517245410e-01 1.040376101117904017e+00 8.700417958040392863e-01 1.406294359283703777e-01
8.175707679343913528e-03 -1.656838239824361736e+00 8.628860388597378028e-01 -7.821390094155876715e-01 1.565221938828295967e+00 1.487993760840217394e+00 4.947675111017509897e-01
-3.383061774436751934e-01 -2.254632361085998848e+00 9.361285820177523975e-01 -8.916036238490469001e-01 1.931133052161104535e+00 1.966298789884149745e+00 7.785463838096917666e-01
-6.473331315295451915e-01 -2.676684364506626057e+00 1.027338459952746419e+00 -9.358361577903919759e-01 2.151625005921759204e+00 2.325425955436274617e+00 9.204795904735727508e-01
-9.113574413604864644e-01 -2.898091277215777861e+00 1.133469715339210371e+00 -9.762951982818725005e-01 2.241379994050098468e+00 2.576504997952555609e+00 8.952531111223371862e-01
-1.118640406114602914e+00 -2.910643677184575395e+00 1.236328763571985734e+00 -1.029872912027697263e+00 2.202200865759357029e+00 2.702463531822424159e+00 7.345024018295969181e-01
-1.249783658119171914e+00 -2.729463938061548856e+00 1.321326507187468691e+00 -1.074608657046108418e+00 2.048119679489737166e+00 2.673859677054184036e+00 4.967953548061482816e-01
-1.278853939904733394e+00 -2.393671176042058146e+00 1.369890803013301905e+00 -1.066256290670129170e+00 1.822320244356430585e+00 2.470236302758638480e+00 2.276284712844832969e-01
-1.190057276623388338e+00 -1.959325908039583064e+00 1.349040641276870511e+00 -9.568357862345442388e-01 1.588757305722943602e+00 2.107015318771057633e+00 -6.044621498677920507e-02
-9.881410142288630238e-01 -1.488025507680775794e+00 1.234901955816326113e+00 -7.053187123436185368e-01 1.406417004641736579e+00 1.642633804421017807e+00 -3.795831235742859744e-01
-6.789385262474377791e-01 -1.036295541653393437e+00 1.040422588210438093e+00 -2.942089383906718036e-01 1.295465514370874649e+00 1.134470211077864610e+00 -7.244633015289621003e-01
-2.722628051416173256e-01 -6.495406840516394498e-01 8.030679927142341246e-01 2.348753582594421407e-01 1.232374354131416494e+00 6.137375681668247873e-01 -1.040106442659056940e+00
1.856969451261488158e-01 -3.514269301832807502e-01 5.385283141225803982e-01 7.741242140367797786e-01 1.170562707255249357e+00 1.040133117961469233e-01 -1.248211431597108900e+00
6.188954666519811409e-01 -1.340103435178912616e-01 2.151134023270091233e-01 1.210802030687076591e+00 1.055520965943996359e+00 -3.754690699268911636e-01 -1.304382189050832030e+00
9.578977118478042563e-01 2.817355377082548726e-02 -2.004640975305715667e-01 1.485980435849182157e+00 8.550787296546068506e-01 -7.989189851331773840e-01 -1.229827618580694670e+00
1.153203270261121682e+00 1.501004025415125231e-01 -6.808802724678710838e-01 1.579181971191911060e+00 5.957061483976380245e-01 -1.105280692989452307e+00 -1.092470858513231446e+00
1.171957709408733228e+00 2.303101070582596888e-01 -1.150837372657604885e+00 1.474806330382020914e+00 3.510211389391836856e-01 -1.213262291617387412e+00 -9.641648709220224100e-01
1.012099892959083425e+00 2.664172470211536026e-01 -1.544676378159728358e+00 1.172301109796473506e+00 1.902325944451150053e-01 -1.077897168409553297e+00 -8.968775061404316018e-01
7.298488362633938076e-01 2.670039718495458847e-01 -1.832235603171450400e+00 7.148036743559259554e-01 1.347757031594014332e-01 -7.334854500052502280e-01 -9.157235867251953820e-01
4.325115860078374008e-01 2.538532703864114226e-01 -2.007424558107756773e+00 1.879503561287389213e-01 1.484358858246666579e-01 -2.840947547908953541e-01 -1.009188483914851497e+00
2.166179478239511069e-01 2.571407025877530117e-01 -2.068275312759578988e+00 -3.246914291737951763e-01 1.661230040116400686e-01 1.622236209630581460e-01 -1.126652533150802604e+00
1.128172989189245301e-01 3.066194772539963531e-01 -2.011026459540123490e+00 -7.755701184444492302e-01 1.342906805836453776e-01 5.497349619909648322e-01 -1.202656894848176616e+00
9.546097141644592499e-02 4.213374772601008456e-01 -1.837433896808797318e+00 -1.136102481334825276e+00 2.490061265919521483e-02 8.583265876413130879e-01 -1.190774226467498309e+00
1.236310492817447593e-01 6.049820632910241081e-01 -1.561291716150797093e+00 -1.370301963924536404e+00 -1.790957334701135661e-01 1.051853207570201398e+00 -1.069033549239310377e+00
1.649072365099769621e-01 8.542939455844605900e-01 -1.218940820131821701e+00 -1.429067882293635128e+00 -4.976320679568147498e-01 1.065167300125928307e+00 -8.323254247560230024e-01
2.033319408151922913e-01 1.160246752662039693e+00 -8.695095863500913458e-01 -1.269001234566834224e+00 -9.369993455144699501e-01 8.484051209782743630e-01 -5.065081452366644310e-01
2.350833675400602063e-01 1.496061342176806308e+00 -5.702071309171594660e-01 -8.980028014228599309e-01 -1.462941940506674143e+00 4.186102691590365965e-01 -1.530568371589609844e-01
2.500381130706045840e-01 1.818070687196521318e+00 -3.572852658294232708e-01 -4.025145664802734502e-01 -2.004539781096186690e+00 -1.387944860255558022e-01 1.630285991187621075e-01
2.243137130136556578e-01 2.078821950347863989e+00 -2.464398309067953041e-01 8.968176538621881744e-02 -2.476255949513415544e+00 -7.112358625888863806e-01 3.986614962490395708e-01
1.401000115155765502e-01 2.238813239919474896e+00 -2.325113185200171073e-01 4.797936679648612257e-01 -2.792036848595178089e+00 -1.200096089137865807e+00 5.258734894830925377e-01
6.531354428361083216e-03 2.274990580570600329e+00 -2.857065809778943644e-01 7.233745697375605355e-01 -2.878554725941137704e+00 -1.538214197421643892e+00 5.305589368131475858e-01
-1.456942837474161090e-01 2.184478910648632421e+00 -3.665685235824183152e-01 7.981487731650639406e-01 -2.701236273097588736e+00 -1.691471437714323178e+00 4.318965988234705344e-01
-2.887240090845372142e-01 1.986305086855171043e+00 -4.576241279972160791e-01 6.849596690062813575e-01 -2.287379407453025149e+00 -1.655875021186689944e+00 2.825701353775005864e-01
-4.131626681713381766e-01 1.718734365268191011e+00 -5.647015368805234914e-01 3.875540300008347705e-01 -1.719879103192834657e+00 -1.449871778366122577e+00 1.439219736135521621e-01
-5.238840077634738801e-01 1.425134381332400890e+00 -6.785837371169838317e-01 -5.537663862488809846e-02 -1.110026005022658913e+00 -1.107537815661123748e+00 7.124492834163811961e-02
-6.371142738506331282e-01 1.134249215282036483e+00 -7.496312663994449954e-01 -5.845827521097330948e-01 -5.629342536870545199e-01 -6.621272561454887295e-01 9.757935294010032512e-02
-6.371142738506331282e-01 1.134249215282036483e+00 -7.496312663994449954e-01 -5.845827521097330948e-01 -5.629342536870545199e-01 -6.621272561454887295e-01 9.757935294010032512e-02
-1.098181737992167895e+00 3.013864330145855086e-01 -2.855172015758037918e-01 -1.984871625708368059e+00 2.482568104691803001e-01 1.054747607020238620e+00 4.316007570431296125e-01
-1.098181737992167895e+00 3.013864330145855086e-01 -2.855172015758037918e-01 -1.984871625708368059e+00 2.482568104691803001e-01 1.054747607020238620e+00 4.316007570431296125e-01
-1.069199470480944658e+00 7.156056049325021373e-02 -1.185974088757550809e-01 -2.014441303253055260e+00 2.661491651179122564e-01 1.422638799975398438e+00 4.074740601125858563e-01
-8.048563247922934094e-01 -1.183240738661924113e-01 -6.593033108147318411e-02 -1.684551304781398695e+00 2.817408478968357333e-01 1.502970803732944116e+00 2.476363010249273688e-01
-3.790096854832180062e-01 -2.908037520563823697e-01 -2.650893426877466361e-02 -1.138277856668172383e+00 4.007104019684012419e-01 1.375392989516035058e+00 -2.883433357559852736e-03
6.621938544662676895e-02 -4.439922654823197923e-01 8.713570727104885671e-02 -6.128672071145742084e-01 6.332317096077576535e-01 1.183962610189367881e+00 -2.734175420333352369e-01
4.158135821232145646e-01 -5.403309114612124819e-01 2.438363705017877470e-01 -2.850155491276057940e-01 8.889416660557525329e-01 1.017589323394084033e+00 -5.203190860594100187e-01
6.035037286389844935e-01 -5.408068156022866058e-01 3.498344610513330899e-01 -2.170809511170563588e-01 1.039933880683125089e+00 8.802925430400594387e-01 -7.050371602883995781e-01
6.088598101669894236e-01 -4.251010786370448824e-01 3.255067203951393373e-01 -3.741613732405371096e-01 9.708705496891038011e-01 7.151321101160345028e-01 -7.681241441707282736e-01
4.575631439913409038e-01 -2.012857255789926303e-01 1.418370439144434336e-01 -6.606420231919976072e-01 6.297882212187205786e-01 4.543670241391805642e-01 -6.694992201543494836e-01
2.125063436872905165e-01 8.247821012158443321e-02 -1.590504543540032512e-01 -9.656714124636801566e-01 7.278204360124018724e-02 8.049421111396881656e-02 -4.337968408255394870e-01
-4.327848012578053988e-02 3.460749775008929441e-01 -4.741200327253987101e-01 -1.192948717569835670e+00 -5.476196187842873320e-01 -3.438208844705440415e-01 -1.413422156400098995e-01
-2.365481754508208245e-01 5.021717257730745620e-01 -6.791522703671198924e-01 -1.274279107794513477e+00 -1.043846953948308620e+00 -6.949480484740518937e-01 1.173814072988362128e-01
-3.398677640889985474e-01 4.758524407229997588e-01 -6.657819555123576372e-01 -1.184750452564413914e+00 -1.254677046589462774e+00 -8.325040045027473079e-01 2.865251994193071527e-01
-3.787428924349126591e-01 2.232050385134752568e-01 -3.719003423357904459e-01 -9.559509638241409091e-01 -1.089455561083104262e+00 -6.541516113863952153e-01 3.632449518129541310e-01
-3.978132494382514150e-01 -2.444109030579099118e-01 1.901891277515409817e-01 -6.720684928633640087e-01 -5.579912744930248802e-01 -1.518370517198148195e-01 3.825080809932917547e-01
-4.177728136734003006e-01 -8.459849627806648176e-01 9.194017657594651949e-01 -4.326780613915039986e-01 2.229193079001526301e-01 5.577615832896648529e-01 3.914201318548963804e-01
-4.188727388817428121e-01 -1.444868008323979547e+00 1.641190089500040417e+00 -2.967954243549197901e-01 1.057100559966777542e+00 1.257032424104522983e+00 4.292286811882071174e-01
-3.633558908290435707e-01 -1.896092882568542359e+00 2.168117183710942975e+00 -2.635037628565106149e-01 1.737218833169327903e+00 1.714854900064758159e+00 5.066504465768173482e-01
-2.295980025073969533e-01 -2.099200529034772611e+00 2.375192903716327297e+00 -2.989279387530142662e-01 2.119695620841957950e+00 1.786212432385847704e+00 5.984596216037103567e-01
-2.021957079811401853e-02 -2.017982501225579206e+00 2.230965606761700304e+00 -3.579536555721309354e-01 2.146155221699769911e+00 1.451883684944522912e+00 6.642276864213897403e-01
2.433134650729541770e-01 -1.677465080676130871e+00 1.790563336763608904e+00 -3.934352661081124691e-01 1.830301626758894740e+00 8.107877817519003605e-01 6.687180627753862572e-01
5.148356507761823186e-01 -1.159321218315540580e+00 1.182859750717233149e+00 -3.788745970441939614e-01 1.260644062926200348e+00 6.421907842888771589e-02 5.777886389483695151e-01
7.305628483941682960e-01 -5.854967871286105296e-01 5.677071331737885140e-01 -3.260131882888686050e-01 5.954460451397179943e-01 -5.355816636037740164e-01 3.600157052964249038e-01
8.467832376331954070e-01 -8.720601916234502204e-02 6.351500951795294170e-02 -2.680766715298512626e-01 1.931388612711280872e-02 -7.880929543696790773e-01 1.465982565117463464e-02
8.714708604232178635e-01 2.418339269338583564e-01 -2.860850154791909072e-01 -2.262021826167857630e-01 -3.330342454696400556e-01 -6.343820037250686994e-01 -4.157983155586679191e-01
8.509572886152217963e-01 3.825588061551402630e-01 -4.865413945740215129e-01 -2.122192032505274828e-01 -4.365543078890236073e-01 -1.633060410520772165e-01 -8.621094265589297478e-01
8.304547895027264426e-01 3.788575452174604563e-01 -5.753434735063447381e-01 -2.519346279484532269e-01 -3.640521051270846353e-01 4.435437582168698101e-01 -1.236956422577657255e+00
8.293981908892950061e-01 3.060739242211407696e-01 -6.308737148598443367e-01 -3.533445723252663373e-01 -2.338495550764078390e-01 9.721700413821814379e-01 -1.447668982616969746e+00
8.277686083841364617e-01 2.386639843017255569e-01 -7.231534341258166743e-01 -4.629572316711352831e-01 -1.447756972786629348e-01 1.259393725539698750e+00 -1.434171332873771743e+00
7.681939541871098953e-01 2.081407579027737542e-01 -8.296806278382944377e-01 -5.089684742859313937e-01 -1.137519586709408032e-01 1.269537645579396745e+00 -1.195476859153274951e+00
6.006740623030063508e-01 1.953656779494358509e-01 -8.609370570907787235e-01 -4.801455576648334111e-01 -8.949179391943115625e-02 1.076938146715331612e+00 -7.827971903738326631e-01
3.249724168325843210e-01 1.636060703737594879e-01 -7.557490044701573595e-01 -4.337147995505333808e-01 -2.015263208754745905e-02 7.961351681535595581e-01 -2.798427155115864040e-01
-1.315094227406342527e-02 8.223696102614631853e-02 -5.029525668316063847e-01 -4.394378505135137503e-01 1.193299698625443078e-01 5.375231457469954455e-01 2.173916726937056842e-01
-3.363174590823409527e-01 -6.915189469194890637e-02 -1.159906100564297021e-01 -5.289527983203687889e-01 3.325678225056034054e-01 3.800286728632819022e-01 6.182390361715971450e-01
-5.520042793335796505e-01 -3.013095090931203202e-01 3.772970866709104976e-01 -6.908964234840759833e-01 6.043182474346855404e-01 3.600192845128145636e-01 8.536018061590360251e-01
-5.882261560070645157e-01 -6.120118285513752587e-01 9.385889237993922940e-01 -9.033940859486622177e-01 9.077279317776996148e-01 4.823199156828563705e-01 8.922802272338609120e-01
-4.249018535812079667e-01 -9.781872565744738068e-01 1.518274362828683222e+00 -1.149448949953111088e+00 1.214576670613463305e+00 7.351626829156063803e-01 7.434237191084094309e-01
-1.008396678079002545e-01 -1.348652358273355389e+00 2.044451116541068370e+00 -1.387637914689769048e+00 1.489803372536828929e+00 1.092475452519459544e+00 4.391135355500436765e-01
3.048246332546613035e-01 -1.648239394948786130e+00 2.417936656671269002e+00 -1.540690711165681570e+00 1.675928704559435767e+00 1.497680605705622225e+00 1.895728694292894700e-02
7.038898047832820026e-01 -1.807569761498450722e+00 2.547518438864437407e+00 -1.543939697739022288e+00 1.711546728558418939e+00 1.861402184634344259e+00 -4.634313867487648286e-01
1.020733210895171439e+00 -1.800275287214106124e+00 2.399435701419734723e+00 -1.390463399459954230e+00 1.585464363588866110e+00 2.092786900074538714e+00 -9.267712892810814340e-01
1.203522240922047182e+00 -1.652440875299367118e+00 1.991179503663075501e+00 -1.120339439042621343e+00 1.353255465958468351e+00 2.114299521619988464e+00 -1.256844491116806184e+00
1.234670635197200994e+00 -1.420770966176930772e+00 1.355700284662667787e+00 -7.799282458329048762e-01 1.088304796563290155e+00 1.854689834201817211e+00 -1.328614109975902569e+00
1.134308785816566800e+00 -1.163494276361662250e+00 5.601292391623303724e-01 -3.992706411076819562e-01 8.424133489296752320e-01 1.298923571231407559e+00 -1.082807078430150005e+00
9.432236821369418545e-01 -9.297029601725900205e-01 -2.487957212683117036e-01 -1.014208578965581503e-02 6.591471145349632188e-01 5.580211726024324470e-01 -5.786456036298798233e-01
6.981523509698220886e-01 -7.617300295011801836e-01 -8.779234043791851461e-01 3.255360931251445877e-01 5.763650033201384026e-01 -1.726155637103335139e-01 6.355772807808393599e-02
4.207119017749779144e-01 -6.869271626098024663e-01 -1.182750679222185797e+00 5.293215364428079939e-01 5.984977713223679219e-01 -7.198231773792752586e-01 7.380271736666595972e-01
1.198272529709768774e-01 -7.054064689908063901e-01 -1.121598943163556905e+00 5.531228800040215443e-01 6.955213202336963940e-01 -9.816907904651326344e-01 1.358007066582631150e+00
-1.873334090715400579e-01 -7.922547976834608541e-01 -7.501258708272766640e-01 4.007383739549514323e-01 8.234380869859976304e-01 -9.377201376698998114e-01 1.839579854301752082e+00
-4.494388099151400140e-01 -9.116541066260113180e-01 -1.879462227642333672e-01 1.066854091258930270e-01 9.361432338634364525e-01 -6.532181275225555916e-01 2.116666178762307116e+00
-5.920198791945556760e-01 -1.028192090671307790e+00 4.224988870192125656e-01 -2.846725956365334098e-01 9.954713300904234341e-01 -2.570126593267323956e-01 2.170895576973032259e+00
-5.686293011284182519e-01 -1.106383809353755243e+00 9.548273646387506197e-01 -7.031392223736697700e-01 9.757643751045508296e-01 1.069087980045907299e-01 2.033765728164246944e+00
-4.103067234620873527e-01 -1.114088768536573459e+00 1.345863509121722590e+00 -1.038831353960781412e+00 8.696245373533314504e-01 3.363137756929374111e-01 1.763877710080516303e+00
-2.157312040560872279e-01 -1.040033258808414907e+00 1.618118586244752688e+00 -1.188372728406062784e+00 6.990808963945416288e-01 3.953559981502709486e-01 1.431136439578694297e+00
-6.282787927937566463e-02 -9.013802646311589450e-01 1.818818793773964382e+00 -1.126658615392531093e+00 5.023422368349910183e-01 2.863082767440142118e-01 1.089412603905891341e+00
5.448145019891371260e-02 -7.295595530767465808e-01 1.943503740829596760e+00 -9.130313400684475500e-01 3.050469063221776800e-01 2.162396405129789201e-02 7.515299406587890862e-01
1.757957303355379142e-01 -5.528946590001811989e-01 1.953826009527132257e+00 -6.180887150840090882e-01 1.197478017099927322e-01 -3.624390332671655335e-01 4.134294982655314921e-01
3.030039245455066754e-01 -3.980359040676794691e-01 1.847517859611994329e+00 -2.737706509389384868e-01 -2.273099045731536219e-02 -7.735672945138452050e-01 7.578891228755157972e-02
4.021462366088272011e-01 -2.979765440434081203e-01 1.674930437820125295e+00 9.346162394089276015e-02 -6.783172714477132825e-02 -1.080871946838749320e+00 -2.572143196866041315e-01
4.372947995614171468e-01 -2.729802093424458231e-01 1.490210052492730419e+00 4.318914309978969523e-01 6.330327317342460645e-03 -1.200768486352926656e+00 -5.524670016971514608e-01
3.830120801279864318e-01 -3.098086854210869157e-01 1.317388370462272640e+00 6.966373615689892551e-01 1.570489978616242677e-01 -1.144547820735957622e+00 -7.395891142115519346e-01
2.155312042542869844e-01 -3.782036569558909211e-01 1.181266208809589102e+00 8.809312486820922716e-01 3.292969765589320863e-01 -9.688519997027278396e-01 -7.497338374226436564e-01
-8.329337836800751460e-02 -4.525446259140995520e-01 1.129160149429634385e+00 9.977776858349948208e-01 4.971444093599179936e-01 -7.230702931825410129e-01 -5.440533979150001809e-01
-4.903375401373283871e-01 -5.129809426761767766e-01 1.183839741201671236e+00 1.045241875284067090e+00 6.414774826403251140e-01 -4.529846813934372274e-01 -1.291477910169016308e-01
-9.239264313090332914e-01 -5.523629556781186611e-01 1.309758777298529520e+00 9.969131013535393881e-01 7.460731478058920674e-01 -1.970531725656379241e-01 4.211804477349691544e-01
-1.278486729957305279e+00 -5.861599495135808580e-01 1.443068043651244192e+00 8.234587345350469212e-01 8.243562620727589163e-01 3.104152500143105356e-02 9.877857608519614585e-01
-1.461192310658014692e+00 -6.399162852329404183e-01 1.514105456289503548e+00 5.216237635058049715e-01 9.026147033449125612e-01 2.119610026674445813e-01 1.474882595936802154e+00
-1.411836229958981503e+00 -7.276063262805101406e-01 1.450213813709586796e+00 1.293627692006746321e-01 9.794711093996503193e-01 2.958565586483671850e-01 1.839134388383605545e+00
-1.121945373830423698e+00 -8.393381178047049085e-01 1.208554749118561311e+00 -2.765377941684041829e-01 1.016307984194275482e+00 2.407612052482825948e-01 2.061981253907831046e+00
-6.355809142869965900e-01 -9.451549173175717300e-01 8.095540920708740318e-01 -6.093227004278087833e-01 9.599077618322945371e-01 5.069639381889232133e-02 2.136585624855294352e+00
-3.823339189302885771e-02 -1.015321424914141346e+00 3.271613587382152244e-01 -8.189789304718974039e-01 7.811174921061944110e-01 -2.260470202497483760e-01 2.089369560090490463e+00
5.589680788518208709e-01 -1.034424877939129184e+00 -1.560077258391878163e-01 -9.095492926696526759e-01 4.870475465097164891e-01 -5.293513722497175111e-01 1.989117793651908661e+00
1.052333655495627074e+00 -9.955154892788109500e-01 -5.907062390809640906e-01 -8.995398823904725560e-01 9.880620974917615762e-02 -8.280660769555165945e-01 1.914997306651424758e+00
1.366223428033382481e+00 -8.920898346644002830e-01 -9.425996232919243711e-01 -7.788952995043045835e-01 -3.484980120047724839e-01 -1.104973349436946917e+00 1.904092077515024961e+00
1.448768180015638007e+00 -7.247334530743826386e-01 -1.147957400908010017e+00 -5.322028608823712315e-01 -7.872817327827268397e-01 -1.310038440847177688e+00 1.937298184952656710e+00
1.283228530870864859e+00 -5.067828601289875445e-01 -1.145984789226930145e+00 -1.835170739824090735e-01 -1.145435789642057278e+00 -1.385620991806358004e+00 1.977991191242997049e+00
9.165643780931251872e-01 -2.564467977952046285e-01 -9.498677611151642441e-01 2.131365271057574506e-01 -1.390531138085378426e+00 -1.325889992406990681e+00 1.990433496505070954e+00
4.624602098226106017e-01 3.866367462112809718e-03 -6.484797056824613826e-01 6.058203720221070343e-01 -1.516759254951975944e+00 -1.178951876868504334e+00 1.923214535716421869e+00
5.986579953636579632e-02 2.439426517720211518e-01 -3.528528009079686112e-01 9.622904016822347861e-01 -1.514776342330150571e+00 -1.010162787272785634e+00 1.716709732681902301e+00
-1.884467943358681119e-01 4.420873914722986964e-01 -1.519931373170442801e-01 1.290539123115706399e+00 -1.385215960167244242e+00 -8.650409983615249265e-01 1.327767962634068821e+00
-2.449805543831006238e-01 6.029013178955587859e-01 -8.841260309355679359e-02 1.633954788146733783e+00 -1.166217189373997210e+00 -7.594508720642928479e-01 7.474305739017050865e-01
-1.295758218983011634e-01 7.479036962841150160e-01 -1.470835281726990684e-01 2.006447022692958715e+00 -9.307097116877659504e-01 -6.995490796444685522e-01 2.858624345124155877e-02
8.556659026254181954e-02 8.943913787575226149e-01 -2.745974400308153762e-01 2.336487091484978240e+00 -7.561336449080195976e-01 -6.848379202767537199e-01 -7.046311576854714653e-01
2.970127152275762183e-01 1.048291812356700659e+00 -4.291626345280086241e-01 2.502431641269307505e+00 -6.978736921804212789e-01 -7.060032700682906670e-01 -1.304473719943502807e+00
4.187284478965154211e-01 1.210061213235980260e+00 -6.123366258744830093e-01 2.425248730431041277e+00 -7.836871236180659173e-01 -7.677676092787616424e-01 -1.662815894517330806e+00
3.977878953051033339e-01 1.380729780688182418e+00 -8.468284127387712967e-01 2.127947709158588996e+00 -1.002602154606398566e+00 -8.796831173807763138e-01 -1.746772826110176036e+00
2.053018466911830375e-01 1.559118481253580768e+00 -1.127445224014175018e+00 1.711799233602818937e+00 -1.288961763941262495e+00 -1.012555630657738126e+00 -1.600654439259171280e+00
-1.341115268315482556e-01 1.731865707352667316e+00 -1.403078609234500895e+00 1.272635600235234588e+00 -1.552546697012096244e+00 -1.106283300777493039e+00 -1.314370013836458240e+00
-5.218008939649434463e-01 1.866944193703271582e+00 -1.599651525462034485e+00 8.453118168928378529e-01 -1.718552322690268808e+00 -1.104972024267637520e+00 -9.935990620380198424e-01
-8.343093315568985702e-01 1.917389995432724259e+00 -1.640366421422080112e+00 4.212867320570953256e-01 -1.716025493216550402e+00 -9.567571839765887098e-01 -7.437156271749018055e-01
-9.842261063644135444e-01 1.838262102685727095e+00 -1.465371426538776944e+00 -6.889431447512985550e-03 -1.483017548430904720e+00 -6.315606222348817411e-01 -6.314162199191062363e-01
-9.434290716024713586e-01 1.614422740412525759e+00 -1.065573811502930290e+00 -4.128973203060453123e-01 -1.028751649379815891e+00 -1.703877551820210667e-01 -6.464146187487495032e-01
-7.477134319208194047e-01 1.278279884812304479e+00 -4.854243756629760265e-01 -7.288780176265454713e-01 -4.579634664169685010e-01 3.173985883583543832e-01 -7.128504349843919341e-01
-4.824406174462059216e-01 8.986440272858898792e-01 2.110787810816249221e-01 -8.840626556329292951e-01 9.068303622443499301e-02 7.151877404427945395e-01 -7.322243939965650261e-01
-2.345608235807952191e-01 5.518198678013755964e-01 9.485336113428002314e-01 -8.659556152485753389e-01 5.175636901507567611e-01 9.482720036846458145e-01 -6.389625024361660355e-01
-4.733793578185027662e-02 2.984672695256459507e-01 1.616601334930140910e+00 -7.245636441968138497e-01 7.803721359226027943e-01 9.914860586089693228e-01 -4.516512302569490322e-01
7.260097354019962035e-02 1.772142283224495685e-01 2.084855544633390956e+00 -5.006079126730662576e-01 8.700947959350643357e-01 8.501843862450455536e-01 -2.548282140637396775e-01
1.168118576710957535e-01 2.063502899478021901e-01 2.279633320512956640e+00 -1.739237468048027424e-01 7.922866347256291020e-01 5.521544527418468240e-01 -1.251441570371923662e-01
6.439908547527667393e-02 3.821297730134365911e-01 2.232737623401384930e+00 2.955823416355077837e-01 5.674333366493360398e-01 1.537659996187047129e-01 -8.785235564235666095e-02
-8.949789791160610297e-02 6.790108982329283727e-01 2.028572380380555096e+00 8.962590269464989490e-01 2.227892845535891786e-01 -2.785748314190933939e-01 -1.230467118517246383e-01
-3.077197328470729909e-01 1.055790768167849114e+00 1.723059950720399636e+00 1.547976612761332804e+00 -2.178941104398999240e-01 -6.959716729417377845e-01 -1.975541628677976447e-01
-5.176400376119437707e-01 1.462111419346153074e+00 1.322980485651013005e+00 2.136442023231647003e+00 -7.211834771158540658e-01 -1.068698263636866042e+00 -2.962732861104250270e-01
-6.361501906153480546e-01 1.838392571335036640e+00 8.179182971735289298e-01 2.556807704278468485e+00 -1.224654459017047170e+00 -1.374865068588127626e+00 -4.275295527518078731e-01
-5.968138373973804756e-01 2.111076688095878673e+00 2.252255675719340711e-01 2.740158568294268182e+00 -1.636018043060091465e+00 -1.592335746271362096e+00 -5.945487823814273876e-01
-3.765152877766414496e-01 2.206415600033773572e+00 -3.887137634553792243e-01 2.664071948011363933e+00 -1.860760640582604708e+00 -1.701212926419614080e+00 -7.604930181690643387e-01
-6.370817747052016575e-03 2.081924194096989034e+00 -9.101516848016567574e-01 2.368609163683763175e+00 -1.842631384300412956e+00 -1.689165609932274936e+00 -8.607617893964862876e-01
4.374499018531217698e-01 1.736499078135625540e+00 -1.186815883061986820e+00 1.945979348894888883e+00 -1.573412163295554667e+00 -1.538610174619623683e+00 -8.543775623548233167e-01
8.434313811016219686e-01 1.202385436677408492e+00 -1.088014693247394193e+00 1.471357151761243154e+00 -1.085696652665242290e+00 -1.225127595487115473e+00 -7.332938436984547392e-01
1.089492782985604924e+00 5.531942298082734855e-01 -6.266511184220154851e-01 9.621372727628642041e-01 -4.688949988309905614e-01 -7.623010426795223671e-01 -5.010034062593750059e-01
1.111492905316806112e+00 -9.320053809366418696e-02 -2.431644974157310540e-02 4.360067523643313958e-01 1.360360692639686342e-01 -2.364311236446484665e-01 -2.101804376695373677e-01
9.499990363936826610e-01 -6.221470777803896901e-01 4.166247217983264917e-01 -3.802426973439513441e-02 6.045505204958661061e-01 2.359860051772047496e-01 1.466240464049993648e-02
7.012612633102102144e-01 -9.920421820599302221e-01 5.535547047379135721e-01 -3.913839643960235204e-01 8.981873632695207554e-01 5.847587120786031933e-01 7.488276214146624699e-02
4.412448793607828823e-01 -1.240659293948966901e+00 4.705699688798264391e-01 -6.119859385325351342e-01 1.063110582794389414e+00 8.138538038391052165e-01 -2.356902733485058410e-02
2.057103487073936587e-01 -1.425889120220217299e+00 3.291837410091572602e-01 -7.272118691131739254e-01 1.172314200649604121e+00 9.790393575938834969e-01 -2.088521939368525038e-01
1.124245652506083645e-02 -1.582352160644756145e+00 2.394234440843167333e-01 -7.794430797786223719e-01 1.275341295926822438e+00 1.144494370001879480e+00 -3.960823671521599421e-01
-1.211489377356269048e-01 -1.718390029532128827e+00 2.320105235616961581e-01 -8.125244764575461076e-01 1.390100252312429729e+00 1.343159662751941763e+00 -5.243655015822293874e-01
-1.690242399896035030e-01 -1.825400037060224356e+00 2.819423912741550464e-01 -8.524744244031075002e-01 1.519114548551443455e+00 1.577030442114288888e+00 -5.810410699989463357e-01
-1.270483341914436515e-01 -1.878899759647500112e+00 3.411816505149541934e-01 -9.066611214152144882e-01 1.647774300684569537e+00 1.829971889603188684e+00 -5.858326225041742275e-01
-4.660931865375586396e-03 -1.838625981766057071e+00 3.516539800602595522e-01 -9.727088335924766183e-01 1.737050833612069134e+00 2.061721318560619132e+00 -5.702257624597295571e-01
1.884885556897576420e-01 -1.669297367581257685e+00 2.648784971234198204e-01 -1.037411513532780161e+00 1.745984709199782214e+00 2.214738383759047746e+00 -5.670637310572853584e-01
4.456468866472452772e-01 -1.365364303176084704e+00 6.284046790898889512e-02 -1.075183700480011328e+00 1.653414402237467495e+00 2.228953029221442783e+00 -5.926955017843534845e-01
7.544529550041072508e-01 -9.562138217386769723e-01 -2.458362409617253774e-01 -1.050571819314492172e+00 1.459007267797471696e+00 2.048741512701449441e+00 -6.323771362587707889e-01
1.084779525048972015e+00 -4.976437782528095322e-01 -6.305336714042418800e-01 -9.204467304117490700e-01 1.184140374034316601e+00 1.649745117457496635e+00 -6.495790612157181787e-01
1.387497570443601891e+00 -5.746483399817226001e-02 -1.019563308233949472e+00 -6.489661444787119260e-01 8.649981013877862113e-01 1.073330981240022464e+00 -6.122416741577074717e-01
1.606709186570383308e+00 3.033030091946561368e-01 -1.296138337689426212e+00 -2.483885814344165277e-01 5.279923988003601965e-01 4.141668566800608686e-01 -4.988056481077698945e-01
1.687022017102637994e+00 5.506923201914034616e-01 -1.353031955699698585e+00 1.923116575250186366e-01 1.729721365626925855e-01 -2.275420910490203175e-01 -2.882098025859923252e-01
1.583975316025672653e+00 6.876459083798622807e-01 -1.156542924796555960e+00 5.407072024823457168e-01 -2.157253980177620545e-01 -7.728230302872383106e-01 2.329466277801830326e-02
1.291034444172016959e+00 7.469470772571797923e-01 -7.630663106110417981e-01 6.962165621276278360e-01 -6.470731864110607079e-01 -1.172158968271802326e+00 3.896225062991817145e-01
8.512870748739980176e-01 7.709867034173728539e-01 -2.894838151811551796e-01 6.392437739280194542e-01 -1.103059834631682889e+00 -1.407206397410469156e+00 7.143699350710115414e-01
3.383043499633912599e-01 7.854849820989630027e-01 1.387919018115154057e-01 4.214424774633523940e-01 -1.523585080944524384e+00 -1.477307691004833279e+00 8.927637579508534982e-01
-1.671142302970909932e-01 7.836057936021664228e-01 4.165595582581860246e-01 1.265526699872573935e-01 -1.813914004427843452e+00 -1.393821884126039690e+00 8.649133917480904543e-01
-5.949405641099027031e-01 7.313991848271833573e-01 4.578870093792159479e-01 -1.590110928975935478e-01 -1.877826166244843220e+00 -1.191748433931533402e+00 6.447060705698972605e-01
-8.997814079706089041e-01 5.935997216191559733e-01 2.234144389849605783e-01 -3.535635957676931951e-01 -1.664899086542279694e+00 -9.282027060146341713e-01 3.044594013561066626e-01
-1.061992424587523631e+00 3.638467066287575102e-01 -2.222935821426575698e-01 -3.960618263594404276e-01 -1.205374029939594083e+00 -6.531507909202570739e-01 -7.378062724436876274e-02
-1.088717082738229092e+00 7.159328689699007153e-02 -7.171691704298910341e-01 -2.956889915692300086e-01 -5.944182125267237771e-01 -3.793378560768775332e-01 -4.300224630822163108e-01
-1.020346695636136225e+00 -2.316363000558633034e-01 -1.100355115275034379e+00 -1.482395402349041824e-01 4.876909179943605260e-02 -9.450436953129749684e-02 -7.176326947131154155e-01
-9.132229153653766973e-01 -4.838352400087294614e-01 -1.304643330714633453e+00 -7.211206651146624680e-02 5.968154974325835527e-01 1.898658041900093685e-01 -8.953884138057345288e-01
-8.083798848955024985e-01 -6.286653126125861801e-01 -1.361351807313180950e+00 -1.381247414449190969e-01 9.353562484214372752e-01 4.264663771781495027e-01 -9.500901613912167143e-01
-7.242320207801572485e-01 -6.398887880192259958e-01 -1.337510794643963496e+00 -3.459556501683689334e-01 1.007247645143968695e+00 5.743824068103875469e-01 -9.141645243091112150e-01
-6.568273398716499845e-01 -5.301892155134271256e-01 -1.274037340168842958e+00 -6.295936815089993033e-01 8.247169340471945942e-01 6.139061166653033697e-01 -8.323682589713067292e-01
-5.750209798176365572e-01 -3.386531713201457738e-01 -1.165303116265272720e+00 -8.864626940718197678e-01 4.419543077181929402e-01 5.126250888226385749e-01 -7.043583526746698409e-01
-4.338539589320352108e-01 -1.075699758651108701e-01 -9.891538436822412406e-01 -1.022521393486516494e+00 -7.368588159980334062e-02 2.141676974382394349e-01 -4.759574635037618906e-01
-2.108986795253620927e-01 1.391936859109894897e-01 -7.724820806957967134e-01 -9.868632306547970856e-01 -6.523428607472773200e-01 -3.010967390557334200e-01 -1.107853554427199183e-01
4.886449307768839234e-02 3.951757263977328516e-01 -6.165514630252822981e-01 -7.740095475815866877e-01 -1.196527093228423766e+00 -9.238719386640176223e-01 3.130782618184392851e-01
2.357903209592963067e-01 6.531152815933056743e-01 -6.260537624716618899e-01 -4.050497878236275495e-01 -1.566388146600364184e+00 -1.425937327322717829e+00 6.091360315584439800e-01
2.466193490247705067e-01 8.948661717720101105e-01 -8.128678105539216547e-01 6.603477420003296683e-02 -1.641572213160478633e+00 -1.596287550605151484e+00 6.200908116916677981e-01
3.883401145244408381e-02 1.086462040988158462e+00 -1.069387605688186582e+00 5.297364855458227550e-01 -1.392894500218826881e+00 -1.344181065660012164e+00 3.335058327935684908e-01
-3.681870293171811692e-01 1.175192175228987557e+00 -1.218426419896191160e+00 8.404108775427172606e-01 -8.876215822965842772e-01 -7.111347015445026454e-01 -1.197905337868351155e-01
-9.011525082084921312e-01 1.106829791852486533e+00 -1.105211526220840401e+00 8.738236167612135619e-01 -2.593116492191570033e-01 1.402910718201332008e-01 -5.280417111861346324e-01
-9.011525082084921312e-01 1.106829791852486533e+00 -1.105211526220840401e+00 8.738236167612135619e-01 -2.593116492191570033e-01 1.402910718201332008e-01 -5.280417111861346324e-01
-1.155507584036688407e+00 4.662889139834080487e-01 -4.407863721213928776e-01 2.065596282692190588e-01 2.033455044157112535e-01 6.960838284690332722e-01 -4.152357902627212827e-01
-1.409862659864885126e+00 -1.742519638856704356e-01 2.236387819780548403e-01 -4.607043602227757217e-01 6.660026580505795657e-01 1.251876585117933205e+00 -3.024298693393079329e-01
-1.409862659864885126e+00 -1.742519638856704356e-01 2.236387819780548403e-01 -4.607043602227757217e-01 6.660026580505795657e-01 1.251876585117933205e+00 -3.024298693393079329e-01
-7.917537709783663002e-01 -4.069129106222925119e-01 -1.211899717949937831e-02 -4.007359875199552057e-01 4.139204088240860391e-01 7.180016475303047097e-01 -3.592984231306839971e-01
-1.192340892667234920e-01 -5.677399918871224305e-01 -3.415922858072000801e-01 -1.934256076784017508e-01 1.592228317382662350e-01 1.470632905549279501e-01 -4.767243051950998400e-01
4.528749043949770736e-01 -6.491911262699140428e-01 -6.155811164697159166e-01 3.732259852583113408e-02 -6.479805524696957697e-02 -3.409900555587893622e-01 -5.321022379882084374e-01
8.355379707631929165e-01 -6.455917160950099820e-01 -7.571152504785813031e-01 1.835809105200798264e-01 -2.333759066091943002e-01 -6.498308857530229465e-01 -4.991376498572941411e-01
9.905347400482579223e-01 -5.557099927041877496e-01 -7.719898914916357713e-01 1.901579871017493040e-01 -3.273366778095233576e-01 -7.292831454206817332e-01 -4.122498952377796066e-01
9.144764991881397798e-01 -3.806690805576769532e-01 -7.272085669157253296e-01 7.067032923905920694e-02 -3.570756064999908719e-01 -6.052983152845990977e-01 -2.963928496188486528e-01
6.302406901321444543e-01 -1.355017098062794578e-01 -6.826607265055512075e-01 -1.191555690971209391e-01 -3.468556298476508926e-01 -3.579911180013226613e-01 -1.592252959349300112e-01
1.945589168017951287e-01 1.502136833787860171e-01 -6.573531108434239600e-01 -3.115482835308441834e-01 -3.197754204846984805e-01 -8.799470315186409819e-02 -1.510758511113655805e-02
-2.973610496803044678e-01 4.348801748199035422e-01 -6.397431941400093525e-01 -4.544526459894448478e-01 -2.812646117345292684e-01 1.260014422056829064e-01 9.668920005641690185e-02
-7.310206992437240370e-01 6.664897879156976845e-01 -6.059309284209762891e-01 -5.319249714445496435e-01 -2.080168832176361171e-01 2.541921820686718902e-01 1.214282217581987150e-01
-1.006751550599346068e+00 8.023986809839527279e-01 -5.469512989379295975e-01 -5.539713125783074510e-01 -7.555282391413112308e-02 3.028319176058462125e-01 2.103011700822141408e-02
-1.069163401221870258e+00 8.331169130553384150e-01 -4.877012094221359062e-01 -5.327330416874002106e-01 1.011083451109097420e-01 2.884504519311498760e-01 -1.965102866002003956e-01
-9.174048966958620044e-01 7.884269632567780794e-01 -4.799761574302837119e-01 -4.683056493654156327e-01 2.530507098424618073e-01 2.162205567022472408e-01 -4.685113216688422955e-01
-5.999554954646976190e-01 7.237561919852054659e-01 -5.789257180325532159e-01 -3.486563619960019733e-01 2.824948928975868911e-01 7.742895755992532103e-02 -7.011688437247626249e-01
-2.055954937134005234e-01 6.888546334573996122e-01 -8.019769805614205271e-01 -1.689969228584958794e-01 1.197645284054476705e-01 -1.229240648941372915e-01 -8.119816211921063731e-01
1.599836697831302779e-01 7.045886279267401520e-01 -1.103462644664040537e+00 4.734341745544628360e-02 -2.382341976196642452e-01 -3.508062761303697430e-01 -7.609122720614455160e-01
4.106884171898622649e-01 7.689551976216131290e-01 -1.409552582199470994e+00 2.522658864767217124e-01 -7.421762883303726355e-01 -5.656935163911308573e-01 -5.602317562700307452e-01
4.983255772652155913e-01 8.693574752008041973e-01 -1.676636753039191685e+00 4.013344360007214395e-01 -1.311888020164076352e+00 -7.365623387989095328e-01 -2.710147314354193759e-01
4.200357486098833526e-01 9.838355564472262005e-01 -1.914371626423539308e+00 4.860036300982667479e-01 -1.840144329240116283e+00 -8.424566753299866928e-01 1.019261836191123587e-02
2.360418702392859391e-01 1.074993082336702210e+00 -2.141844354563621877e+00 5.277145166794183773e-01 -2.204131128862716338e+00 -8.747163451580488580e-01 1.752050085559057890e-01
5.017976845425754784e-02 1.087556360367578634e+00 -2.307993705364018489e+00 5.353748870553022288e-01 -2.294990601780394268e+00 -8.253162831951180722e-01 1.569539199079845460e-01
-7.181281566962359475e-02 9.760048643699588133e-01 -2.293503294252100755e+00 4.871636511651190604e-01 -2.070044603831862062e+00 -6.802943837236408164e-01 -6.625546744162615596e-03
-1.488750366373273737e-01 7.434944460928473164e-01 -2.014601084896776584e+00 3.576262314144506016e-01 -1.583048933965174099e+00 -4.371282579776714639e-01 -1.944362155581761953e-01
-2.301249668055292408e-01 4.353466108167404758e-01 -1.491497024335306953e+00 1.487220714277193989e-01 -9.442718810147119335e-01 -1.221948555844596246e-01 -2.992922876178800706e-01
-3.251214052343550098e-01 1.035724521574433732e-01 -8.174364337312474138e-01 -1.076466644631098868e-01 -2.713577666283449319e-01 1.991552346142006491e-01 -2.700528927202296980e-01
-3.946613364102166677e-01 -2.062964304921863778e-01 -1.082209964589992690e-01 -3.615647079635431194e-01 3.207957066820648073e-01 4.252270326972037440e-01 -9.356487255887574461e-02
-3.830921169045402586e-01 -4.554419230301395283e-01 5.183002878710886163e-01 -5.529263793701927332e-01 7.361519429826072214e-01 4.624597298543977608e-01 2.033935237619023673e-01
-2.545011823289966002e-01 -6.215413254190799153e-01 9.565589151482362107e-01 -6.259812827345840880e-01 9.390522524792774828e-01 2.970441362387332696e-01 5.271707945959989150e-01
-2.284851530440274239e-03 -7.087915295647904124e-01 1.143641213107482235e+00 -5.601880517332240572e-01 9.748627186010756507e-01 1.645474574916768948e-02 7.287800264320418719e-01
3.529213804509676589e-01 -7.430803614823862091e-01 1.091280647728707143e+00 -4.005333493181772453e-01 9.275427066113928198e-01 -2.467341971261208522e-01 6.967577107882135801e-01
7.511160258269794499e-01 -7.478578043952230914e-01 8.636337893444780978e-01 -2.446125645231156942e-01 8.432647225546294756e-01 -3.931042431918541635e-01 4.455668579891973180e-01
1.098489528208765442e+00 -7.224708338328680313e-01 5.121070181683960998e-01 -1.778917675800787968e-01 7.040102332959070619e-01 -4.010408758051208222e-01 9.122554370631374976e-02
1.301006860532259557e+00 -6.473035137289763208e-01 5.839840739364596245e-02 -2.244815361371756413e-01 4.718068768209009445e-01 -3.168911755060858093e-01 -2.340521992803318296e-01
1.283038200745171276e+00 -5.083287770183837484e-01 -4.483803578745952367e-01 -3.576359885127956550e-01 1.494428199502504107e-01 -1.972183400289234945e-01 -4.273148586883533939e-01
9.936397690681871842e-01 -3.151297436926926432e-01 -8.868148961925143015e-01 -5.309956420780492792e-01 -1.987127369975955904e-01 -6.224638227634177179e-02 -4.208482527836401865e-01
4.426883084351139752e-01 -9.091438067330927242e-02 -1.133657079161410675e+00 -6.918268584232124541e-01 -4.967742199334758135e-01 7.693477447255706037e-02 -1.959312916238943603e-01
-2.734542524832899169e-01 1.441642407493545774e-01 -1.171500206305549296e+00 -7.846507675458763709e-01 -7.080828947972286347e-01 1.846999581709801164e-01 1.981075185542544304e-01
-1.009938613265359164e+00 3.682349924486198467e-01 -1.074375695556516908e+00 -7.630026410349731725e-01 -8.139753830061149387e-01 2.359805211535445646e-01 6.530226046265834583e-01
-1.620683614533895867e+00 5.526573165522140618e-01 -9.179072429637378239e-01 -6.134605004250961446e-01 -7.961839295332477917e-01 2.385678291523578298e-01 1.041671649847902836e+00
-1.983533383065317013e+00 6.690118546611768524e-01 -7.332903532626139365e-01 -3.767847321647262993e-01 -6.680867702756330129e-01 1.986694754128347229e-01 1.272725985852991348e+00
-2.030332862784009151e+00 6.955981927906147444e-01 -5.162983414987276642e-01 -1.334064058851816281e-01 -4.788801741460619876e-01 1.132451333744876332e-01 1.313170443945367971e+00
-1.762963780158624205e+00 6.244230780721238272e-01 -2.596156940496570642e-01 5.064949284374270499e-02 -2.726291886606395098e-01 2.204168030429904529e-03 1.151679970429495548e+00
-1.238162934866723353e+00 4.704421063777642908e-01 2.060854291536121097e-02 1.637047564414840783e-01 -6.932455420695213255e-02 -9.415968965154611348e-02 7.726969676369581652e-01
-5.457982004684608368e-01 2.730924410794925983e-01 2.791317398517737525e-01 2.343750352908148815e-01 1.160678437764490478e-01 -1.491892361703781311e-01 1.857870222180039443e-01
1.990495434984087542e-01 7.719511316233169940e-02 4.658832130595433885e-01 2.957831385899733490e-01 2.724456996052374014e-01 -1.456839132567887274e-01 -5.440406133136016509e-01
8.605719622119559764e-01 -9.209245103739722993e-02 5.602983942719174104e-01 3.613659678883178183e-01 4.079108375799024300e-01 -6.059569543771736039e-02 -1.291661054336751491e+00
1.306521235564789718e+00 -2.251533711114173386e-01 5.690797140375105645e-01 4.203845569504341961e-01 5.198578195351034603e-01 9.413724065588453815e-02 -1.869359218682373980e+00
1.449016459333580809e+00 -3.131300338283102835e-01 5.152366152052583192e-01 4.661328790563565305e-01 5.663197502189912802e-01 2.477850686011248416e-01 -2.065913270897251852e+00
1.276297452956572265e+00 -3.606422957179502564e-01 4.542581455366934695e-01 5.122229629582385479e-01 5.166765413789159433e-01 3.377667707299318867e-01 -1.762985700517254894e+00
8.668681562551890929e-01 -3.956960923693088050e-01 4.482770572445748947e-01 5.574285047193606735e-01 4.019583291340264042e-01 3.596895262920797864e-01 -1.030690791726863509e+00
3.834487517456799943e-01 -4.514333155218865357e-01 4.852872500703506176e-01 5.564966078358668522e-01 2.942502295450520333e-01 3.261655866892546607e-01 -1.133028706495636251e-01
2.352597474696148036e-02 -5.443490765984356772e-01 4.507077938701625763e-01 4.436679444912693393e-01 2.654095059683414526e-01 2.343172218359283188e-01 6.584021995920247283e-01
2.352597474696148036e-02 -5.443490765984356772e-01 4.507077938701625763e-01 4.436679444912693393e-01 2.654095059683414526e-01 2.343172218359283188e-01 6.584021995920247283e-01
1.075177524140567692e-01 -7.616824777256512302e-01 -1.533512882499094010e-01 -9.080317875357654667e-02 4.662564871989780535e-01 -7.747619368393421357e-02 9.308544990173858169e-01
4.003732263092732446e-01 -8.343061401993452364e-01 -4.298392530781408594e-01 -3.152136877082468702e-01 6.058406749305974559e-01 -1.805450658958396570e-01 6.275357758443270706e-01
6.235238439538780542e-01 -8.913535534687075934e-01 -3.683577426373830788e-01 -4.114653398899806858e-01 7.602417804457239914e-01 -1.470779599617755007e-01 3.634112133152582746e-01
