-1.370038427455428254e+00 -9.609488786422628603e-01 -6.990291575959467485e-01 -1.214998926022620718e-01 6.793329400932027751e-01 4.658464097358003819e-01 1.296178306272429026e+00
-1.407855745276832105e+00 -1.009115003192286419e+00 -5.195439730729374261e-01 -1.779285840338477032e-01 4.616490663154068641e-01 6.310498352831482860e-01 1.284128736362535550e+00
-1.182281921864554830e+00 -7.603495796141673813e-01 -4.280950089045754692e-01 -1.391791052767911430e-01 1.302040605100232284e-01 6.411316699376212735e-01 1.043496619133476022e+00
-6.911610123596274580e-01 -3.113553199688558482e-01 -3.162257510452159415e-01 -7.806370523299248354e-02 -2.234614253714168886e-01 4.563164743966952042e-01 6.244223334287902771e-01
-3.474896941547411799e-02 1.398502828744452309e-01 -7.484220406789345026e-02 -8.101984753688538932e-02 -4.507973381457750506e-01 9.651342094400097715e-02 1.506929719700330073e-01
6.196485660359941638e-01 4.464279212223146720e-01 2.690876734352377619e-01 -1.544672126321174621e-01 -4.829628834213209876e-01 -3.548399952304002181e-01 -2.483738817597972715e-01
1.118630122660141168e+00 5.712840656944430107e-01 6.105870204097504361e-01 -2.407019436339589147e-01 -3.753626573416123935e-01 -7.736178162840990913e-01 -4.973015338338424574e-01
1.380941170664412798e+00 5.140831187419733217e-01 9.056547672812088612e-01 -3.300873679151213325e-01 -1.770962147576939649e-01 -1.029937856327117318e+00 -5.990846284868593941e-01
1.392784764772267314e+00 2.926050580630917830e-01 1.134976014460403304e+00 -4.564840669276175045e-01 1.279413456671042448e-01 -1.043240449129713365e+00 -6.089447372920143708e-01
1.187199320066722352e+00 -3.166566158391762812e-03 1.218222928561957907e+00 -5.915908318968564616e-01 5.083791463257733012e-01 -8.272322921732840895e-01 -5.752553790285199753e-01
8.348984469328416536e-01 -2.453631427310232205e-01 1.106262241102192734e+00 -6.630733760929696796e-01 8.376060513995187140e-01 -4.525767360208849954e-01 -5.165355830616781274e-01
4.068851428956421490e-01 -3.645528151425063146e-01 8.712202342826247392e-01 -6.416074858166077588e-01 1.005831080814921341e+00 3.123977807068750376e-02 -4.483806357600402803e-01
-5.910421007731235521e-02 -3.571317507108464073e-01 5.923539320947557307e-01 -5.206201748504344362e-01 9.995826147771891268e-01 5.918474161373529219e-01 -3.977996822187699344e-01
-5.330200431290642582e-01 -2.384219509337442422e-01 2.668701264748368773e-01 -2.792198430085198191e-01 8.599782901532527779e-01 1.161171348774744816e+00 -3.810147476218450069e-01
-9.601184516475621544e-01 -5.177348392770054347e-02 -9.183353079875353209e-02 6.296993773468509414e-02 6.458975257871162334e-01 1.647885549719854348e+00 -3.901332992028043178e-01
-1.280989871001611213e+00 9.682265055661923303e-02 -3.939951280765576769e-01 4.112958179851400331e-01 4.649784301058101921e-01 1.985921208434229257e+00 -3.973752620054153417e-01
-1.468259485411581355e+00 9.789338676347655865e-02 -5.917976193910644556e-01 6.866671126105982070e-01 4.394722100233638407e-01 2.142274211890380364e+00 -3.627656685420690974e-01
-1.526152822485551397e+00 -4.406682221943517691e-02 -7.610977425155708298e-01 9.124949958397668981e-01 5.696019293055094579e-01 2.105652702804397869e+00 -2.605065230723928038e-01
-1.465761527641132878e+00 -2.313936268520673523e-01 -9.697140414779720219e-01 1.138740928067029312e+00 7.217517379312420323e-01 1.893043264127273195e+00 -1.022848968399262537e-01
-1.299383693240306670e+00 -3.963940474637677736e-01 -1.166445578198285871e+00 1.334462918623765759e+00 7.906290163602615051e-01 1.546495246168201998e+00 7.120460283694499126e-02
-1.047475560207290268e+00 -5.105556039675488433e-01 -1.294462036071212463e+00 1.434642142004802112e+00 7.697691906328376632e-01 1.096291197413114205e+00 2.142987117040203726e-01
-7.292524113135742114e-01 -5.193137166778200031e-01 -1.385584613958712241e+00 1.432762125051646684e+00 6.589643175115381668e-01 5.442710134468042860e-01 2.954194201327103864e-01
-3.568835927138675479e-01 -3.753617521651758104e-01 -1.455345946589243544e+00 1.349632848753677061e+00 4.204360282168381757e-01 -8.778567134990609977e-02 3.035980729750388241e-01
4.171400713039130626e-02 -1.148205285343318893e-01 -1.432161127789371990e+00 1.167750605732028824e+00 5.940576000384322625e-02 -7.159790469498105159e-01 2.433218514834255275e-01
4.038173382402843736e-01 1.826529520611017698e-01 -1.277640048102424819e+00 8.819344728536131495e-01 -3.430269006149292421e-01 -1.232634046516789539e+00 1.280765051988124459e-01
6.565057931093252197e-01 4.868476784247148248e-01 -1.067324702896383481e+00 5.630820969412412280e-01 -7.231520103755418871e-01 -1.572779252146494722e+00 -1.474795362634987936e-02
7.567578170289935846e-01 7.845885054193456609e-01 -8.644723601330559504e-01 2.842652795255372067e-01 -1.071126494308940247e+00 -1.718859693658798315e+00 -1.345565889952090033e-01
6.962258099916193155e-01 9.899391485202568841e-01 -6.256637153141377805e-01 3.647853897963822256e-02 -1.342211339322622710e+00 -1.664737865518957083e+00 -1.667891856394801142e-01
4.949230417402398219e-01 1.005222607803903268e+00 -3.253037475916662480e-01 -2.044123940960300978e-01 -1.448165406639619457e+00 -1.427085026398140943e+00 -7.048180236305126578e-02
2.135973201361946738e-01 8.495775869274461156e-01 -5.027051694800650783e-02 -3.978024209868090688e-01 -1.368210334071114920e+00 -1.070603386626808318e+00 1.302692369161352892e-01
-6.658060816585349706e-02 6.291707962353553230e-01 1.076779854336343406e-01 -4.969551013675103102e-01 -1.180188898100898776e+00 -6.582943667818579314e-01 3.499211974382221979e-01
-2.975048741659968576e-01 4.230605693813754842e-01 1.321810344772071100e-01 -5.092453137815210473e-01 -9.795951237130279265e-01 -2.082431930208186732e-01 4.996657994119276802e-01
-4.695910419235098665e-01 2.588216242761301467e-01 3.698155929606240094e-02 -4.569297860184709514e-01 -8.266269576063660640e-01 2.585761409210409756e-01 5.447597658772238560e-01
-5.795724557525689935e-01 1.315570039953683212e-01 -1.396314093966339320e-01 -3.582800017727493236e-01 -7.516939591352240768e-01 6.888965515959043495e-01 5.084058062504877018e-01
-6.240051391690035754e-01 9.194605158129743466e-03 -3.208641422299668422e-01 -2.498849308031209637e-01 -7.491885556459655371e-01 1.026678863296855315e+00 4.304317917337159294e-01
-6.041940276876911486e-01 -1.330258108753870350e-01 -4.601036558269086529e-01 -1.581700589306029858e-01 -7.713388292752682007e-01 1.208773483095316736e+00 3.408587623465137995e-01
-5.179488274232489919e-01 -2.763915136419128893e-01 -5.713145347435866217e-01 -7.585628583252995716e-02 -7.767607614585598785e-01 1.163835533509162357e+00 2.668577845584327313e-01
-3.555627189301696078e-01 -3.876926823713628956e-01 -6.389270339358884554e-01 -1.796604156806297023e-02 -7.655268470143288262e-01 8.754233168849612223e-01 2.282369003615655478e-01
-1.133536650728535489e-01 -4.743424710433091773e-01 -5.779102427233619999e-01 -5.235981846720105110e-02 -7.337036078310656961e-01 4.098847974393777793e-01 2.297893315916037515e-01
1.895714550392929298e-01 -5.706921919290051104e-01 -3.409506436086126024e-01 -2.264165661806832042e-01 -6.526370283939595396e-01 -1.447907051278308765e-01 2.791869347227684539e-01
5.132571415011923932e-01 -6.911131088381475829e-01 2.331514262266580137e-02 -5.169475166709178726e-01 -5.258722452216491039e-01 -7.226085479794712718e-01 3.976368604215951841e-01
8.147852853508343873e-01 -8.439757633509208379e-01 4.622627756804401633e-01 -8.869318870874205452e-01 -3.964431685859233223e-01 -1.258014685778345632e+00 6.027522139895629127e-01
1.059693508128709549e+00 -1.052040411650966956e+00 9.569617768542060254e-01 -1.322867577272907713e+00 -2.790320935703525240e-01 -1.682406774587109854e+00 8.882507664505937539e-01
1.222946931391222902e+00 -1.305029283874700186e+00 1.442130720590197202e+00 -1.787548922074884139e+00 -1.577295375241693220e-01 -1.958882935691893534e+00 1.217853738026107857e+00
1.295791369407673033e+00 -1.523882364100862530e+00 1.810471632104337925e+00 -2.209939460783949983e+00 -5.966447275457770899e-02 -2.086267124839095377e+00 1.527088990500202748e+00
1.289492194719080720e+00 -1.614194876956838165e+00 2.018402687245816729e+00 -2.541641860254694851e+00 -5.812488396426535725e-02 -2.069748945865232503e+00 1.735224748780015425e+00
1.224694937678414419e+00 -1.521270810632429749e+00 2.087675192577507666e+00 -2.752326347229588688e+00 -1.982380512963644592e-01 -1.927161439770273654e+00 1.775285243645250866e+00
1.128573885793525911e+00 -1.224745025981864410e+00 2.024746881649549302e+00 -2.779932873418585082e+00 -4.736877017161663650e-01 -1.721408992603159493e+00 1.632337666866018111e+00
1.039963152085396692e+00 -7.522720122152580791e-01 1.851325281462074424e+00 -2.570985968598409332e+00 -8.503135922638586086e-01 -1.535278073817845312e+00 1.354823233223239276e+00
9.989516726712408534e-01 -1.999790358208014263e-01 1.657106353800201104e+00 -2.149066663851725956e+00 -1.258200437004849404e+00 -1.418559032111048390e+00 1.014658754995220180e+00
1.022967776974162080e+00 3.102723749540841625e-01 1.518361505746462337e+00 -1.589509511776335371e+00 -1.599610411276805921e+00 -1.384653244036586184e+00 6.732785169130663938e-01
1.097058228395910939e+00 6.905009565593102083e-01 1.427329060279728390e+00 -9.693075572220709590e-01 -1.818029766267500236e+00 -1.419483276134004379e+00 3.818000573287086974e-01
1.191899849329191019e+00 9.008850382942064083e-01 1.355834704810729985e+00 -3.772026197008588322e-01 -1.922153696715124926e+00 -1.472801358786649528e+00 1.605100877259934000e-01
1.279633618614272050e+00 9.277287587195904850e-01 1.307660256792739784e+00 8.109158708953978500e-02 -1.919119706214853061e+00 -1.476635726046999997e+00 -1.171491373481886589e-02
1.331210988364516679e+00 7.828836860024592781e-01 1.264908586848046745e+00 3.495359668482208582e-01 -1.801068512465804128e+00 -1.389558679872872071e+00 -1.528183199477104737e-01
1.322264563600920928e+00 5.220116578828979392e-01 1.170896866214689025e+00 4.546328987503292507e-01 -1.610347625373971692e+00 -1.206273903039776219e+00 -2.531693685929073956e-01
1.247696326284298607e+00 2.300238828943691194e-01 9.996767934548415058e-01 4.375239254598343730e-01 -1.429826050294022322e+00 -9.339691946826133018e-01 -3.115058654944320438e-01
1.114655619356493821e+00 -1.629826848147890653e-02 7.644921889369434842e-01 3.071580594691911137e-01 -1.288883654122680689e+00 -5.958832796349050609e-01 -3.515388423617679670e-01
9.188829425535381956e-01 -1.729201374307398065e-01 4.518380581368580118e-01 7.334766410872203823e-02 -1.134732348118113743e+00 -2.511404854992763669e-01 -3.818800555546445485e-01
6.416935917250916610e-01 -2.256040535747182718e-01 2.669777287393890544e-02 -2.116468565400490554e-01 -9.253977611869513842e-01 3.270417020126874935e-02 -3.665295226036909826e-01
2.773185216956400856e-01 -1.933778509063853734e-01 -4.678014866633997126e-01 -4.855393117091191257e-01 -6.994843615285831762e-01 2.351952706706969820e-01 -2.474863219169053385e-01
-1.458483671182176644e-01 -1.492862911954874194e-01 -8.765917301321208832e-01 -7.412786318070543334e-01 -5.043006613750460332e-01 3.854480219249771800e-01 9.453625778742249727e-03
-5.748918906114768301e-01 -1.988909807606164537e-01 -1.043505456907799500e+00 -1.003316618924043224e+00 -3.035191859971855810e-01 5.067112630515697713e-01 3.913036238125808253e-01
-9.437098000660383290e-01 -3.993238496253072589e-01 -9.381294611001836925e-01 -1.257590422546354558e+00 -1.829204296433449908e-02 5.742095949133361188e-01 8.421776800170314159e-01
-1.168249054230385608e+00 -6.875851790097702310e-01 -6.582732168899720904e-01 -1.447380819270001950e+00 3.532071002640336244e-01 5.397536578482405867e-01 1.260660373190416239e+00
-1.172418839037727922e+00 -9.253165477712523845e-01 -3.093195642917359045e-01 -1.534035674443498865e+00 7.202517955772788083e-01 4.088555525807328617e-01 1.511936817312844905e+00
-9.527500071670623738e-01 -1.028122795737915318e+00 7.466955954678478058e-02 -1.534114879848255786e+00 1.018168066922997772e+00 2.725923472939856818e-01 1.491482897936441843e+00
-5.939165278684531701e-01 -1.002023088600695555e+00 4.610212263424643409e-01 -1.466940961837058133e+00 1.271137494110394117e+00 2.323086329131997529e-01 1.185763972823476342e+00
-2.030281932352688834e-01 -8.771734904597143778e-01 7.655674130554228629e-01 -1.301493935278529523e+00 1.516792259278379351e+00 3.153845702774277782e-01 6.684374243259554316e-01
1.456146258759865031e-01 -6.912026941259353796e-01 9.388342015086919012e-01 -1.008979766967417868e+00 1.758361235475003559e+00 4.966319886064688993e-01 4.840211063462016017e-02
4.013776288160046390e-01 -5.078444120989271671e-01 9.964417136888240600e-01 -6.183875849199216290e-01 2.004665425744494911e+00 7.679770244359654940e-01 -5.811462731119205749e-01
5.161934536781325189e-01 -3.752691438813842151e-01 9.214037088007810405e-01 -1.729915763495450121e-01 2.264037439551328301e+00 1.145559246213723625e+00 -1.153999225469453327e+00
4.518236681542425193e-01 -3.035929536280075891e-01 6.700049897558594258e-01 2.911418890257573833e-01 2.506526545253189742e+00 1.638437790433687757e+00 -1.612519406679148393e+00
2.007392244057397968e-01 -2.997269777025831639e-01 2.669644017175353268e-01 7.105929276450987375e-01 2.697978717188217690e+00 2.224360357752031891e+00 -1.908581977622460180e+00
-2.013490269065402183e-01 -3.598527124956474865e-01 -2.246301538907834461e-01 1.023423526922810911e+00 2.834629457041730749e+00 2.820048881259839213e+00 -2.020081484557041396e+00
-6.792066860388659144e-01 -4.378158553518626817e-01 -7.655960076167227513e-01 1.212692833904694067e+00 2.892418369090339336e+00 3.294465472489096491e+00 -1.944508884454406061e+00
-1.131410136318446558e+00 -4.850125305187391600e-01 -1.276296681823266388e+00 1.266618638821650489e+00 2.793519736348094806e+00 3.543363212904138138e+00 -1.682414500953805847e+00
-1.448898596391248850e+00 -5.009418550359974187e-01 -1.608219256712040135e+00 1.150439471656513835e+00 2.483322556202505638e+00 3.518413390428432042e+00 -1.254603722810627264e+00
-1.543254076206712178e+00 -4.890886821826936903e-01 -1.678865151554699953e+00 8.805877723826073256e-01 1.998840867594886994e+00 3.183883478372542708e+00 -7.368630483174676282e-01
-1.373009523968246937e+00 -3.960286547646235111e-01 -1.553994566890015694e+00 5.820392721067148001e-01 1.420207929185067552e+00 2.513016828192506047e+00 -2.527536354358589366e-01
-9.485311729490933930e-01 -1.472412693680265339e-01 -1.339451889741027690e+00 4.097365372541046380e-01 8.078302580639641350e-01 1.548872429011646235e+00 6.800056814464976174e-02
-3.328150454536443759e-01 2.608026795684172394e-01 -1.064687938757581609e+00 4.186874681002645260e-01 2.251181207165021680e-01 4.372524566656851852e-01 1.354324337110008603e-01
3.467515574861990690e-01 7.331282197769071196e-01 -7.156663456284207969e-01 5.382064874147481914e-01 -2.411773220648558980e-01 -6.101547386756944746e-01 -5.820097258594375544e-02
9.206617756002664077e-01 1.152280102677440965e+00 -3.300483837997883474e-01 6.664585036415981989e-01 -5.424565588873644373e-01 -1.391287993620921926e+00 -4.360529370659342874e-01
1.255909779416152672e+00 1.448275773357790897e+00 1.628217180720688273e-02 7.452657346239742742e-01 -7.097031037554394350e-01 -1.781837144482009139e+00 -8.806571072869900929e-01
1.321396540754113946e+00 1.588383681603442010e+00 2.953189311067588307e-01 7.511908210573533529e-01 -7.967213208188981266e-01 -1.771845410641106122e+00 -1.278580142697224975e+00
1.187097384236442510e+00 1.578406814864498076e+00 5.022945359566509671e-01 7.036188476549070092e-01 -8.344456117945886486e-01 -1.472999422531042546e+00 -1.555756646872377136e+00
9.793694024526919950e-01 1.496275302989126033e+00 5.877655658615230649e-01 6.838026005507273908e-01 -8.703305428581202818e-01 -1.067842247795496302e+00 -1.703655480221655028e+00
8.097988740565958965e-01 1.438563014618517988e+00 5.256798399015621959e-01 7.609476794703290414e-01 -9.754402208656798301e-01 -6.932897067809756786e-01 -1.761817003445213636e+00
7.052768165278271439e-01 1.420843091802683533e+00 3.791837076911708238e-01 9.271109014765376299e-01 -1.163385587343331418e+00 -3.685628306881068017e-01 -1.765453677619197137e+00
6.061955947705592873e-01 1.377305479184417480e+00 2.241188622525296104e-01 1.148095611982362874e+00 -1.350721396806927599e+00 -4.067728026007794845e-02 -1.718103220277189536e+00
4.359349478714905635e-01 1.220396533829753771e+00 9.793260024688048293e-02 1.394895314911357209e+00 -1.402876086047431858e+00 3.418813784487725327e-01 -1.607086066872685404e+00
1.545045037235256158e-01 8.754068339378225927e-01 2.977369469704341243e-02 1.604384583898372796e+00 -1.188778802663658762e+00 7.986372035508858547e-01 -1.421143081017294030e+00
-2.327765304796441947e-01 3.342846942323673964e-01 1.671702979746379769e-02 1.704091048863250135e+00 -6.537694526478711188e-01 1.290566330923014871e+00 -1.156138134447486587e+00
-6.603844825313520683e-01 -2.892357587521474094e-01 6.437238581817218176e-03 1.680487251074505028e+00 1.006564170302079175e-01 1.701417116698404453e+00 -8.334122036954028090e-01
-1.009080353936493868e+00 -8.220418673896697781e-01 -6.259218105641253110e-03 1.560903178078797637e+00 8.501404628430647703e-01 1.896529327507860074e+00 -5.075716830881291664e-01
-1.177790201002772319e+00 -1.160990744848593659e+00 7.854876400564356209e-02 1.366696272904080800e+00 1.386362061568649828e+00 1.814440719476048347e+00 -2.267344628818981911e-01
-1.146082807836239503e+00 -1.305668803703216474e+00 3.591065144049829239e-01 1.122154619411422249e+00 1.610624411315374482e+00 1.477788540437407594e+00 7.652758313553571952e-03
-9.592032845059480506e-01 -1.295775969973085973e+00 8.268096232188449912e-01 8.429653601743434255e-01 1.527030904510657816e+00 9.575366880390541180e-01 2.079273385301382560e-01
-6.744030870266157773e-01 -1.164341012794144703e+00 1.395792531643189394e+00 5.061155581997212050e-01 1.206348401267555603e+00 3.530134133556356302e-01 3.456935935789952064e-01
-3.331214524693140722e-01 -9.456180118716491778e-01 1.950845616620995315e+00 9.701776138948142725e-02 7.663114015276805135e-01 -2.460397411927575384e-01 3.810066295029458927e-01
2.309098048966114550e-02 -6.815991454623387957e-01 2.346467686398477248e+00 -3.263018918938090374e-01 3.206692842670617605e-01 -7.710324204124161529e-01 3.185037096768649212e-01
3.368694730194887188e-01 -3.912522753999517766e-01 2.448022880565094983e+00 -6.613742851961008640e-01 -9.344578293946152747e-02 -1.132857618053260573e+00 1.824819584258256799e-01
5.640680066033062490e-01 -5.944065215527576801e-02 2.213635248633265995e+00 -8.296224227880422131e-01 -4.897551040001685840e-01 -1.246596399221634011e+00 -3.343431254439602207e-02
6.948613925977765726e-01 3.188875559042400054e-01 1.696879645639986389e+00 -7.960311896752104710e-01 -8.348933695052674908e-01 -1.105602518647049060e+00 -3.449685761733812250e-01
7.273522602730627673e-01 7.102733053304276511e-01 9.756744182492418371e-01 -5.652884007859262372e-01 -1.048723851545352970e+00 -7.701344227765372086e-01 -7.280696757729364643e-01
6.592260335545773176e-01 1.066181656401848032e+00 1.490988110378370646e-01 -1.836932841613215517e-01 -1.090574656979535151e+00 -3.089384890465015077e-01 -1.120495349084732251e+00
4.965869965719988954e-01 1.319309453304352342e+00 -5.981981298747306441e-01 2.770739236441468467e-01 -9.678854875345348496e-01 2.108650075049453843e-01 -1.432273866496968751e+00
2.335420665157062758e-01 1.323785187234490790e+00 -9.900064035815941965e-01 7.299620025726598627e-01 -6.675745512649279290e-01 6.995679476586650347e-01 -1.503503326436454346e+00
-1.281989862868530561e-01 9.201337602443367958e-01 -8.133706933801096994e-01 1.067701232860892580e+00 -1.699178693121401185e-01 1.034865277647501802e+00 -1.159378281328191429e+00
-5.100734479242868824e-01 1.824030209214781428e-01 -1.891539106091790490e-01 1.197748560907255344e+00 4.595922666281023750e-01 1.116384009293849955e+00 -4.644967585461574622e-01
-7.898263330574855079e-01 -5.758881154881788644e-01 4.481162855779862175e-01 1.076835383155379189e+00 1.093969131576374654e+00 9.733820754051748514e-01 2.271322335845313289e-01
-9.148017459826527364e-01 -1.112248373125953815e+00 7.339180832015327338e-01 7.215531745718155587e-01 1.644695087454811633e+00 7.565159512768676597e-01 6.101466986712333895e-01
-9.059244757252874480e-01 -1.364056805249829418e+00 5.786481797575394603e-01 2.375922191593446420e-01 2.037229524784695212e+00 5.803819112656490864e-01 6.467665242184096330e-01
-7.822191511966262167e-01 -1.337889358824817299e+00 1.092594825491261246e-01 -2.271818250534207162e-01 2.158262191642115191e+00 4.585577296750344423e-01 4.553396956869634193e-01
-5.454048415082471957e-01 -1.058445484374052503e+00 -4.311001440782525340e-01 -5.829371692376836833e-01 1.916031687714726983e+00 3.765926309725359244e-01 1.437923238741950493e-01
-2.153219765324728141e-01 -5.673402176944506436e-01 -8.338380773485254416e-01 -7.851419307186582319e-01 1.321536929902880519e+00 3.246603584059816194e-01 -2.354457232418280810e-01
1.590432580386691164e-01 4.267303388581403234e-02 -9.983708751797760739e-01 -7.916458782401251115e-01 5.139587833989772703e-01 2.764222235512454606e-01 -6.304836874935930702e-01
5.212180507397161655e-01 6.118877941319637026e-01 -8.929348527306791850e-01 -6.097827328082170428e-01 -2.758974189642319774e-01 1.956053057324631250e-01 -9.676642356516943488e-01
8.152430370931890158e-01 9.889890274247364887e-01 -5.593043522828136105e-01 -3.099536269533973432e-01 -8.300759236026062915e-01 6.162407788423723137e-02 -1.187563694882698861e+00
9.781469810047432878e-01 1.107472395010117960e+00 -1.083475730951121568e-01 5.133548808475517367e-02 -1.071745319081119918e+00 -1.100165739455581937e-01 -1.249383841468864498e+00
9.576397060688721652e-01 9.692075797617660804e-01 3.790148080595582836e-01 4.412536610052891772e-01 -1.088235450298392859e+00 -2.583424353381765792e-01 -1.120136348081508970e+00
7.525982288574297741e-01 6.033848752635081469e-01 8.928649619237285506e-01 7.997047583431190487e-01 -1.003137743868908194e+00 -3.247152629470016483e-01 -8.019074217254520409e-01
4.269401787887150412e-01 7.922199413907025922e-02 1.410687062697954852e+00 1.078890789427900510e+00 -8.756034447766066764e-01 -3.280213355836198441e-01 -3.472564749886393187e-01
7.396239344746270705e-02 -4.928809309771380320e-01 1.872688943731065647e+00 1.279215884138604098e+00 -7.399951086896529029e-01 -3.398275886691110581e-01 1.694365578513974679e-01
-2.392907067394686726e-01 -1.010779226464230574e+00 2.250530679092208608e+00 1.375201195037506929e+00 -6.543161434217505956e-01 -3.820015459511764133e-01 6.729708955108146817e-01
-5.002321227534018977e-01 -1.416161359778852047e+00 2.543305304446997539e+00 1.288750050714676521e+00 -6.592847513527616554e-01 -4.121771423659330580e-01 1.100000388596566792e+00
-7.229292426109739100e-01 -1.675751947615357507e+00 2.703694043917964862e+00 9.849559171941072444e-01 -7.439039982973832954e-01 -4.071219440468230588e-01 1.419908219795502635e+00
-9.014435987445243992e-01 -1.751294784062032761e+00 2.653805876940205533e+00 5.191001678612315873e-01 -8.768565773745043979e-01 -3.931935217602987587e-01 1.623694482139931949e+00
-1.013119116370350126e+00 -1.619239625508156033e+00 2.370766130501001268e+00 -3.127067041543659526e-02 -1.016608604997014442e+00 -3.952581464938725309e-01 1.699365614450235817e+00
-1.055509321881300533e+00 -1.289371080590036245e+00 1.863146421117354068e+00 -5.942813373068497329e-01 -1.102584659523774935e+00 -4.133760248395327852e-01 1.639509535509092730e+00
-1.051939212456512562e+00 -7.714100974408226730e-01 1.094963819305812658e+00 -1.064856547970424394e+00 -1.107386351803458346e+00 -4.425865235950706134e-01 1.453090672915843706e+00
-1.033938851678420701e+00 -9.518379594372101959e-02 6.401152461741249633e-02 -1.353653576398174074e+00 -1.053265112664296232e+00 -4.670360498095807444e-01 1.170496925318941006e+00
-1.041168791824019113e+00 6.107293276300033158e-01 -1.093082948672582599e+00 -1.478697305986341748e+00 -9.275575821470731785e-01 -4.431794117541925648e-01 8.577975577780823091e-01
-1.116789602693177841e+00 1.161196143774283263e+00 -2.189523800010708676e+00 -1.518659535744698585e+00 -6.752962822326041836e-01 -3.238362087770928488e-01 6.022807112582158062e-01
-1.264214479114491807e+00 1.458338600269806662e+00 -3.106485031325209256e+00 -1.506063223436368226e+00 -3.079008754876899068e-01 -1.005706134347468111e-01 4.554388027589034160e-01
-1.428868614400436110e+00 1.526856223250011801e+00 -3.765796127295863105e+00 -1.432062015598245752e+00 6.556344896400174982e-02 1.950053347257053593e-01 4.074375496918611339e-01
-1.552113225574677458e+00 1.426675171248275031e+00 -4.096039763340003859e+00 -1.300913769334602454e+00 3.231897334963607094e-01 5.182904305884551421e-01 4.324186164043226088e-01
-1.604104023746143692e+00 1.200263861324112113e+00 -4.068192181173736266e+00 -1.128595947904174945e+00 4.009408792472316518e-01 8.092570354747881112e-01 5.267152049999632712e-01
-1.550990738610795283e+00 8.985091703295758903e-01 -3.697664277843774272e+00 -9.363074702134971394e-01 2.928585873908105541e-01 9.920411394074334366e-01 6.723592081328026993e-01
-1.345657621201336918e+00 6.044470785402163981e-01 -3.018424110888356271e+00 -7.643196030632916083e-01 3.127867279425289304e-02 1.018685952136841877e+00 7.906203287094498711e-01
-9.835647951972470437e-01 3.976224260811380695e-01 -2.103964865266068518e+00 -6.435866322873925460e-01 -3.060390786535656660e-01 9.031648315885599798e-01 7.841116663181644242e-01
-5.406010999841313058e-01 3.032474678068737273e-01 -1.095276366391296774e+00 -5.406687457981751432e-01 -6.063251841998179570e-01 7.023159460843878543e-01 6.234165669357238926e-01
-1.149762426206983046e-01 3.057232003031942758e-01 -1.575243823771062812e-01 -3.623077620503433738e-01 -7.850122041845000176e-01 4.705590168152034569e-01 3.468844325595419331e-01
2.548685538376573301e-01 3.869180460429845758e-01 6.061976531684770686e-01 -4.493804756081039298e-02 -8.131192812681641291e-01 2.352827203068107165e-01 -1.170746755804285069e-02
5.774665475769290568e-01 5.229963851645272888e-01 1.153498717645691896e+00 3.745009598290879316e-01 -6.838218257138959366e-01 9.678475923293041600e-03 -4.374977324315114102e-01
8.437714847335895385e-01 6.808612586551275880e-01 1.425030428409734373e+00 8.019365020704068980e-01 -4.204680106885573254e-01 -1.877292159426429130e-01 -8.841132762282799540e-01
1.022413783343775417e+00 8.279703725841496276e-01 1.372637568508554784e+00 1.144610794973425438e+00 -1.075725602008430343e-01 -3.280676806491515385e-01 -1.263943477431365370e+00
1.093333766994242007e+00 9.323061956631080172e-01 1.048435021164648040e+00 1.302999141161792718e+00 1.514176023180607289e-01 -3.713647073913296515e-01 -1.504763556123575485e+00
1.059436242222973945e+00 9.655685210323511347e-01 5.699899153674033991e-01 1.194050321404340753e+00 3.073417293874657341e-01 -2.951078583519402554e-01 -1.579486937213809394e+00
9.648627825150489778e-01 9.172765138789525929e-01 4.450899822323947652e-02 8.174839960663775607e-01 3.750368985687201895e-01 -1.519549894195366957e-01 -1.485432108972748688e+00
9.046193927287253800e-01 8.119666841710679872e-01 -4.227591204295477190e-01 2.528423201559080735e-01 3.821007509768160615e-01 -4.914151013297667070e-02 -1.256472912759976968e+00
9.577470149717752790e-01 6.978413428896192983e-01 -7.217821125300740714e-01 -4.013703286097940470e-01 3.346684536955475409e-01 -4.149084336928419992e-02 -9.791600327655685110e-01
1.113516769318510402e+00 6.108948760910603015e-01 -8.035432371920445682e-01 -1.039878919520485612e+00 2.406367969157038045e-01 -1.034785897015650102e-01 -7.434128411833142991e-01
1.298111522218018843e+00 5.641166248018300022e-01 -7.261199314056410170e-01 -1.533790844210575655e+00 1.334973626600315655e-01 -2.027577021225948073e-01 -5.925438065189256864e-01
1.450881755850725652e+00 5.558111300641317420e-01 -5.964956100784294390e-01 -1.782560815648031705e+00 5.562483601679147488e-02 -3.293967305642939158e-01 -5.313364015307955324e-01
1.547081203189942356e+00 5.709240981165857320e-01 -4.965120074105736636e-01 -1.779115884076888809e+00 4.670302781174352769e-02 -4.699386060266320109e-01 -5.479568309707794072e-01
1.574349861441630249e+00 5.986108394901722418e-01 -4.931311845729530741e-01 -1.565145552791830097e+00 1.304358882785118245e-01 -6.151719284830972079e-01 -6.109372682535311183e-01
1.530280972016435204e+00 6.566925748508946059e-01 -6.429441987956868720e-01 -1.169077005637561451e+00 2.582826083783540949e-01 -7.725016817679331016e-01 -6.713596628726004045e-01
1.431148182012376813e+00 7.641292314122452023e-01 -9.162204383022937160e-01 -6.674794460741156898e-01 3.063377739402179945e-01 -9.259067042812508808e-01 -6.943253648633329611e-01
1.291466131629413816e+00 8.991736548177130528e-01 -1.191361518175702905e+00 -2.259116681564974916e-01 1.813727582561574792e-01 -1.018294779975103204e+00 -6.791041866648677150e-01
1.112333292558737918e+00 1.014571866137644163e+00 -1.369775950834255074e+00 1.681415369556510039e-02 -1.081261115943288470e-01 -1.015968210421298146e+00 -6.301581967518943284e-01
9.111734168891673091e-01 1.073108442235420457e+00 -1.416843480674610412e+00 4.471803506642046955e-02 -4.935050573552553499e-01 -9.540763414572714929e-01 -5.357638262169700516e-01
7.380142374043301423e-01 1.060013309983972363e+00 -1.304313002426996659e+00 -8.772748919047862470e-02 -8.976646452950653998e-01 -8.875779072699589989e-01 -4.052500896085336479e-01
6.401298279126523827e-01 9.767728042624655993e-01 -1.018726349320614677e+00 -3.205921929793210112e-01 -1.224579338210320500e+00 -8.431587544120378030e-01 -2.868214870126182814e-01
6.317673609704974602e-01 8.465822374662972383e-01 -6.407765812860336530e-01 -5.635429868428771805e-01 -1.366631910710477626e+00 -8.441501512537404883e-01 -2.276398531708918316e-01
7.056080595639575570e-01 7.310251109945550274e-01 -3.357493889315923408e-01 -6.885553581135305246e-01 -1.290495361396609697e+00 -9.226993500085931554e-01 -2.486141182714627917e-01
8.420861630569277390e-01 6.897786561586000120e-01 -2.156801047684454020e-01 -6.271906078323190581e-01 -1.070286731634841892e+00 -1.078364445469985222e+00 -3.424275929875148505e-01
1.000574281306366276e+00 7.233143657804370630e-01 -2.758616089930978621e-01 -4.308633680104152486e-01 -7.994516083889505742e-01 -1.273304075613106212e+00 -4.686809609212903571e-01
1.123056389199516669e+00 7.900457902671756960e-01 -4.730850612077349138e-01 -1.904143459439196218e-01 -5.287627045876346354e-01 -1.469562623084113229e+00 -5.640400994975979243e-01
1.153546119526136504e+00 8.428537415157004720e-01 -7.479998384377301024e-01 4.191432659264703736e-02 -2.946180627885112702e-01 -1.629573095357807144e+00 -5.695019447620359720e-01
1.050481391261636421e+00 8.413160686903907726e-01 -9.948164906081952141e-01 2.391816980608435228e-01 -1.347693000771683636e-01 -1.699161471274759805e+00 -4.629657849347027510e-01
7.856005369157825768e-01 7.638726331605262265e-01 -1.129002028282471093e+00 3.862013958333946895e-01 -5.806116513019065478e-02 -1.624680502666644877e+00 -2.665519391626128276e-01
3.472551678911210971e-01 6.130939041702665460e-01 -1.157117230785810635e+00 5.027027636665839516e-01 -4.886157838247445068e-02 -1.373087808132580800e+00 -1.758508614014114499e-02
-2.448049403667892365e-01 4.030171497955813975e-01 -1.111240631372510501e+00 6.308956260252744919e-01 -9.639653517735409516e-02 -9.253896515650087418e-01 2.491688962547038699e-01
-9.361240937915539240e-01 1.378881652269235425e-01 -9.708952749649589764e-01 7.830786272532719305e-01 -1.674069481120502023e-01 -2.874736537249649726e-01 5.004799843918446012e-01
-1.654650431737640925e+00 -1.817719001515263610e-01 -7.199960326443245462e-01 9.452426070885500131e-01 -1.878065796354819461e-01 4.702745545195103904e-01 7.159335417843790683e-01
-2.323639218917243010e+00 -5.316264163225948858e-01 -4.120853951457109643e-01 1.126259764031178889e+00 -1.093949005068664548e-01 1.218053421498821898e+00 9.007475356307540482e-01
-2.863240703753774596e+00 -8.661572388119054278e-01 -1.107716401420763691e-01 1.341421895136813758e+00 4.885352228043349926e-02 1.837582649634452947e+00 1.064611407755640338e+00
-3.210756465181205943e+00 -1.150585502383666636e+00 1.631492180545519033e-01 1.549838283977302833e+00 2.643221881353096658e-01 2.281842367648131642e+00 1.189055331094676982e+00
-3.353948680330997245e+00 -1.377686041822159924e+00 3.841444196921555143e-01 1.669412959341274094e+00 5.599769007519662667e-01 2.560310167264121084e+00 1.248978863636297287e+00
-3.317828780199238548e+00 -1.550715571462198739e+00 5.054403817768258200e-01 1.661082535458141773e+00 9.490649873132187553e-01 2.681360936869444433e+00 1.258515579366202397e+00
-3.115672314453333147e+00 -1.665805138492616466e+00 5.313249458096839239e-01 1.539145839214406619e+00 1.373298072360908728e+00 2.639754688648920933e+00 1.258796719506406703e+00
-2.740658330551211996e+00 -1.708880541080356030e+00 5.281706400835071147e-01 1.312465582885743443e+00 1.731321103709450027e+00 2.441816471242329811e+00 1.265052759076151112e+00
-2.203028861224780144e+00 -1.653651392473484805e+00 5.299875609989473935e-01 9.952065278188869657e-01 1.947377153331536714e+00 2.098515219738934512e+00 1.254686381133303552e+00
-1.554492722879307065e+00 -1.477078017614552152e+00 5.080363487464494288e-01 6.542412557688057628e-01 1.985236946435715133e+00 1.618307307572509846e+00 1.207841871061728245e+00
-8.660507273032266307e-01 -1.178804690153826273e+00 4.516043357949766635e-01 3.796567071617030775e-01 1.812436798937489435e+00 1.034504080433918061e+00 1.122414993374615699e+00
-1.988253625769517141e-01 -7.776250705971738952e-01 4.064346758900885814e-01 2.146979308675121545e-01 1.403491812882682099e+00 4.218146504056140000e-01 9.818430990012604331e-01
3.860253900419394757e-01 -3.075681269465060375e-01 4.135561755203333578e-01 1.467038358702374146e-01 7.947525482289573562e-01 -1.276348780229189794e-01 7.532777664105212434e-01
8.188070122415818108e-01 1.764041500509501981e-01 4.564319016685929875e-01 1.610418507248305153e-01 1.052742005758775384e-01 -5.496486883092098763e-01 4.308081143031471383e-01
1.049072060250956673e+00 5.953404778526121266e-01 4.909237333680769311e-01 2.546766529367932019e-01 -5.097346576152028685e-01 -8.192656838185894408e-01 5.485696535401542173e-02
1.070246844719637158e+00 8.539171338359815566e-01 4.955406387630789111e-01 3.926972041361529997e-01 -9.109443008059745495e-01 -9.276419994365006083e-01 -3.076893206159088123e-01
9.243650850029497823e-01 8.768184363887161492e-01 4.651499663692911235e-01 5.172453563751593375e-01 -1.005338556000971773e+00 -8.979178146047168685e-01 -5.853189097395795626e-01
7.043981229261745414e-01 6.454927525488333151e-01 4.208305213766653230e-01 5.898851420989754679e-01 -7.795558779799935945e-01 -8.086512607853455492e-01 -7.189330916759584245e-01
5.215509584364452778e-01 1.896820667473154420e-01 4.605055389818707434e-01 5.688225645678042230e-01 -3.133402137354280859e-01 -7.263784071773062845e-01 -6.882599845394888893e-01
4.259734437820860697e-01 -4.159346152752290693e-01 6.864777487180497850e-01 3.990131742946152471e-01 2.509052137730824472e-01 -6.241192032196288819e-01 -5.329148907978653593e-01
3.776458166799983585e-01 -1.037581051954107769e+00 1.054222793892097165e+00 7.816800183579603045e-02 7.646020421637341746e-01 -4.344609396941089829e-01 -3.260256913233619547e-01
3.123927290925133660e-01 -1.525824239419219630e+00 1.392136330905137553e+00 -3.132214916152952222e-01 1.115314438781831452e+00 -1.609377766616187089e-01 -1.084121598805088821e-01
2.086802377097064232e-01 -1.777135742404751584e+00 1.553587118141487977e+00 -6.700669533559000524e-01 1.227095206488899137e+00 1.215216416077465611e-01 1.265325355628341419e-01
8.576500085804827922e-02 -1.735984427867604873e+00 1.466773050728632510e+00 -9.149561309382066021e-01 1.066952060669236424e+00 3.348148401485838144e-01 3.769863093162715284e-01
-2.920154443887969589e-02 -1.383903964257000130e+00 1.083316491957732719e+00 -9.845187060685651748e-01 6.800278381042500486e-01 4.137319984720085331e-01 6.047590758784309184e-01
-1.116210884239290102e-01 -7.626137880771531874e-01 3.986300014972713468e-01 -8.241966040433222895e-01 1.801693264570601027e-01 3.104135570516552423e-01 7.561155346497929752e-01
-1.417728902079494757e-01 -9.403610063879942749e-03 -4.424821820498037184e-01 -4.518599939630410511e-01 -2.948057653830941094e-01 5.420767110337419009e-02 7.772887814213077506e-01
-1.198015377218603766e-01 6.585404332951845241e-01 -1.143935256898487074e+00 2.269778313699861300e-03 -5.988816048186371699e-01 -2.343217064391294180e-01 6.398449251457356546e-01
-6.368091969222421100e-02 1.073169896021818115e+00 -1.474566724194011469e+00 3.918425287173263882e-01 -6.311859948290059474e-01 -4.538589220810581026e-01 3.709319364041039346e-01
8.738783683341071196e-03 1.225229225956282031e+00 -1.444617278262995574e+00 6.775324527001999053e-01 -4.250372384572184137e-01 -5.934109338306670089e-01 4.266422659855848704e-02
8.690567561157692966e-02 1.193854261511841708e+00 -1.188866984320757547e+00 8.945673845566769478e-01 -1.261741696234786325e-01 -6.615727966576715469e-01 -2.648628819873284912e-01
1.656648917115081387e-01 1.032790185524689264e+00 -8.028350671750448253e-01 1.054144641236645752e+00 1.360698076606799423e-01 -6.396887288108467073e-01 -4.935005456045754579e-01
2.346225548153129670e-01 7.589282314735176227e-01 -3.654797693187678553e-01 1.148214927648336658e+00 3.408052775484373687e-01 -5.351241914192056415e-01 -6.109957982601995630e-01
2.703781478773702451e-01 3.837382467603642766e-01 5.722090238581660493e-03 1.199145797942132274e+00 5.391225865991928767e-01 -4.061872462210873169e-01 -5.881864398313486619e-01
2.533503165021536718e-01 -6.130400014697919009e-02 1.985627564099776421e-01 1.236734503943890173e+00 7.361049650906899000e-01 -3.072797680930282604e-01 -3.998678771546361199e-01
1.856400627199518150e-01 -5.088226861279459001e-01 1.738642494937945315e-01 1.238543020840986664e+00 8.598950968477688805e-01 -2.368278213967109636e-01 -7.413062289669186677e-02
8.028223524675588696e-02 -8.691292971146442614e-01 -4.056643748241706149e-02 1.146537717835169889e+00 8.501067154898426237e-01 -1.580029833949894158e-01 2.930790625446742514e-01
-4.432190717086694626e-02 -1.066325132147477150e+00 -3.859785663085388840e-01 9.524251762234358099e-01 7.029861468332675445e-01 -6.409952683360864434e-02 6.036964977359637885e-01
-1.495023027007126304e-01 -1.077810041887843795e+00 -7.488000877065859040e-01 7.066283913524955551e-01 4.410793130641037507e-01 8.021084605736314779e-03 8.105974311662356158e-01
-1.871638159319979899e-01 -9.439809394902834994e-01 -9.670434052966976335e-01 4.435716887291750177e-01 1.150362652482910392e-01 2.496670713220606672e-02 8.980901256058689830e-01
-1.398884146478224511e-01 -7.142124348203562345e-01 -9.629755504619995632e-01 1.915069597772942334e-01 -1.917037882666214610e-01 -2.102711991594072294e-02 8.514278496406714192e-01
-4.409170181111307651e-02 -4.025375110096264808e-01 -8.180183388118028587e-01 3.763627504131034085e-02 -4.236864009461293046e-01 -1.164407984504841342e-01 6.732834977537300869e-01
3.316178116390156028e-02 -2.960023700266178198e-02 -6.411483017320172006e-01 6.518283903363224219e-02 -5.824998810995066778e-01 -2.210155239039398312e-01 4.076326647073077458e-01
4.036167011546975408e-02 3.348819698565895786e-01 -4.521753391644099951e-01 2.418197272585121405e-01 -6.680406322093316307e-01 -2.802864618518471906e-01 1.193027043869833437e-01
-4.170094726959124032e-02 6.119593223998885945e-01 -2.525171534932492134e-01 4.529920549167943955e-01 -6.681522325854759581e-01 -2.562522854943087292e-01 -1.310105414827283654e-01
-2.073646139694058088e-01 7.667579703462295004e-01 -8.234023136764327677e-02 6.019972106969215808e-01 -6.306171076937154840e-01 -1.376107391653917655e-01 -2.857454489124793273e-01
-4.245048221739977645e-01 8.027667200559752692e-01 5.516878260477029589e-02 6.266524925120945388e-01 -6.537717601324692929e-01 6.311005735463008637e-02 -3.042699583613477365e-01
-6.411821466091868205e-01 7.260058172319001635e-01 2.120213746710475911e-01 4.880206308655509750e-01 -7.695080834239236278e-01 2.985200811359796647e-01 -1.839846201316039376e-01
-8.115411233927132262e-01 5.389637495403309941e-01 3.922794920316132194e-01 2.033880711990884715e-01 -9.044652774570215437e-01 4.830561283456405453e-01 5.060262931212822918e-02
-9.054712273308250792e-01 2.650498313329657241e-01 5.235602344214939086e-01 -1.500459917431463674e-01 -9.853648737274015579e-01 5.353835646225794109e-01 3.665951233683049093e-01
-8.919476138590803904e-01 -5.422410379877643655e-02 5.616071581423063286e-01 -5.041865300150790707e-01 -1.003117458386809435e+00 4.300635415285839480e-01 7.193271194200463459e-01
-7.397967451191626020e-01 -3.931010160767230976e-01 5.362306280933107905e-01 -8.362715917971910162e-01 -9.326042894695387719e-01 1.865555891771722430e-01 1.050930463617724131e+00
-4.542604332049190452e-01 -7.427234845026706722e-01 4.643532708692382216e-01 -1.121966886080248083e+00 -6.933521525057383394e-01 -1.660481033376367821e-01 1.311188096890466559e+00
-9.799075440527926784e-02 -1.082794066371915553e+00 3.084293172383961168e-01 -1.312182554128946688e+00 -2.568738763336045339e-01 -5.659594287798274115e-01 1.474529200952026997e+00
2.397542248058822933e-01 -1.390577086781227045e+00 6.352260945708212980e-02 -1.383560068626683570e+00 2.936094141768151866e-01 -8.903440677152086868e-01 1.538724481116219955e+00
4.797096051893754987e-01 -1.667870769308293033e+00 -2.003673595673019781e-01 -1.365352903889470282e+00 8.561260556702072755e-01 -1.007058515628180162e+00 1.521555579180542850e+00
5.544194305525149691e-01 -1.925721388911128651e+00 -4.200339091173981299e-01 -1.286396525125913293e+00 1.385977539270688341e+00 -8.528413018782565747e-01 1.462748698341837184e+00
4.138290610056927776e-01 -2.162331742797494183e+00 -5.757787092661724726e-01 -1.147419355892469905e+00 1.850178525543686447e+00 -4.446836220885090341e-01 1.419345145215578752e+00
6.309396981636794521e-02 -2.365240398735327876e+00 -6.335192018358390964e-01 -9.791487359899399001e-01 2.181002164203075466e+00 1.532394848879033156e-01 1.430652371861034666e+00
-4.202714861406957048e-01 -2.499149689734388780e+00 -5.609018528725241426e-01 -8.534426447791537695e-01 2.317645580458629340e+00 8.339361726391106844e-01 1.478809596338739540e+00
-9.277052722582771471e-01 -2.493717102008682129e+00 -4.131933021879521384e-01 -7.959891045910849616e-01 2.242603422421189485e+00 1.451434212310665606e+00 1.507303206199977819e+00
-1.364761220657969343e+00 -2.282144516727975248e+00 -2.918010468436309512e-01 -7.564078350022974684e-01 1.952395439817292688e+00 1.880359787513963932e+00 1.468817068988250263e+00
-1.657215504623774871e+00 -1.859281021799031874e+00 -2.161431761195725665e-01 -6.842824740765008906e-01 1.459354183458379417e+00 2.069100816568105294e+00 1.334773054457363495e+00
-1.759685642033872899e+00 -1.292989465230639956e+00 -1.354229847709312595e-01 -5.579275721213972083e-01 8.514960300762016709e-01 2.019834111412591504e+00 1.095958343254350709e+00
-1.685105822748716342e+00 -6.877061390574656929e-01 -4.168012812018061924e-02 -3.289359391560132129e-01 2.742257125113640726e-01 1.756413247353207252e+00 7.886539287237203100e-01
-1.494930593635438676e+00 -1.393900578764417364e-01 3.251840786854773985e-02 5.630220594402112616e-02 -1.815334867568310084e-01 1.338828834063823248e+00 4.812945881751679034e-01
-1.240891281123950751e+00 2.967275871546789512e-01 9.650805687511504471e-02 5.449578385947785319e-01 -5.101648118032788837e-01 8.731273849916535434e-01 1.965477958762837651e-01
-9.380200207570436044e-01 6.231609253562937489e-01 1.745779473740182164e-01 9.799353661747124411e-01 -7.153862398417972779e-01 4.675696320552095719e-01 -1.243075309438196330e-01
-5.857857428663718613e-01 8.857316388752481950e-01 2.340632536758820437e-01 1.232986612508725877e+00 -7.849787025375373206e-01 1.784086557981371668e-01 -5.501471573459699727e-01
-1.777006051511001994e-01 1.130059687795156753e+00 2.306991209781567020e-01 1.262407486234101039e+00 -7.383286426821069615e-01 2.097006120599830686e-03 -1.084330214081823396e+00
2.980977754446314520e-01 1.379285047080629711e+00 1.656881420539714211e-01 1.075024665162070292e+00 -6.316069247308666590e-01 -1.016044511666182454e-01 -1.674440292125700891e+00
8.267858305847923805e-01 1.622677411903281408e+00 5.337732442228618202e-02 7.099667634883987111e-01 -5.149220244500751775e-01 -1.747168593569883022e-01 -2.235244583968335252e+00
1.347640869098712724e+00 1.795511597526953329e+00 -7.557270887227621192e-02 2.204503343312772812e-01 -4.229212529806675169e-01 -2.200572284786035671e-01 -2.653215412662387251e+00
1.798230344500207689e+00 1.810969665909202497e+00 -1.279440809239663357e-01 -3.652561579496431676e-01 -3.700805923678675557e-01 -2.166924726269391921e-01 -2.840534542549831176e+00
2.150662711749277811e+00 1.624375897234588972e+00 -1.163622825951765583e-02 -1.030947934092851570e+00 -3.105993015809645486e-01 -1.794777784449011204e-01 -2.784814149273194595e+00
2.379229464594123211e+00 1.251869791892239903e+00 2.469351248384437092e-01 -1.713244252422477354e+00 -1.620327935845003731e-01 -1.464592879665292391e-01 -2.518028040422552127e+00
2.441984925318782640e+00 7.512111381468119520e-01 5.402857474232263257e-01 -2.289607702720378946e+00 1.076474188064144161e-01 -1.226298272520643245e-01 -2.078617320801745105e+00
2.324881572246500827e+00 1.979492019848381190e-01 8.076054415689858379e-01 -2.641826686400742474e+00 4.766578515807642358e-01 -9.426743638075150977e-02 -1.526366034598461541e+00
2.058058038869085227e+00 -3.287033552264250202e-01 1.031322064530438176e+00 -2.700707318729866913e+00 9.175755111717264212e-01 -6.811662759343517504e-02 -9.494408870685728807e-01
1.676455271591460239e+00 -7.486903383217894392e-01 1.165222247555139701e+00 -2.435623578866299876e+00 1.364778321015424734e+00 -4.840023576360451968e-02 -4.294364425543271691e-01
1.206196464154893233e+00 -1.002129088457711426e+00 1.174697584506644077e+00 -1.886434295765036184e+00 1.684087207150442245e+00 1.708244699657264021e-03 -1.622196920132759970e-02
6.911979944238526574e-01 -1.070466733227311895e+00 1.089689705650004781e+00 -1.197515310590645532e+00 1.752416191598714201e+00 1.270099227946001053e-01 2.612091505075913589e-01
2.014647516815526451e-01 -9.481396329425465508e-01 9.371680492509102400e-01 -5.234802577142539937e-01 1.530929402876506584e+00 3.090441312875286672e-01 3.796597221374333198e-01
-1.889614096437766400e-01 -6.284761714405439070e-01 7.133946752232082078e-01 6.217343221879233217e-02 1.039620583580301183e+00 4.741482151982737703e-01 3.297064517359480917e-01
-4.241741646578989777e-01 -1.466592033727400490e-01 4.620798417836320948e-01 5.104183535670219207e-01 3.260637455231211734e-01 5.739109436173605028e-01 1.284257286657400077e-01
-4.845966647051260789e-01 4.099667433068402422e-01 2.676660838440113599e-01 7.519159845597994662e-01 -5.037654423450496077e-01 6.112202564305616592e-01 -1.885188239718278147e-01
-4.063967662006278680e-01 9.466110955890039147e-01 1.584920376083509275e-01 7.747641149766256730e-01 -1.283321453696380621e+00 5.948222954407157426e-01 -5.690258942139899689e-01
-2.715523615086149478e-01 1.394812960020061832e+00 9.057997571997100650e-02 6.661002957883092046e-01 -1.885088398582795532e+00 5.252674330863708052e-01 -9.359964071707946864e-01
-1.533562741945232177e-01 1.707951795229406100e+00 2.571130032837060791e-02 5.186864327306155431e-01 -2.283162079387397903e+00 4.188809984299489697e-01 -1.207223413563259351e+00
-7.802608527578477893e-02 1.844872991160701359e+00 -3.303446100226544585e-02 3.546178111645960085e-01 -2.479310575726555221e+00 2.926405741243507386e-01 -1.325469544391179477e+00
-4.526380919136457903e-02 1.781331447505226429e+00 -8.943365916130473214e-02 1.777858097008108706e-01 -2.454526476548823943e+00 1.396228737304095469e-01 -1.260055273297425282e+00
-5.121375043742312089e-02 1.528354904168154560e+00 -1.565847421819150098e-01 1.577474073007219951e-02 -2.234415876685734492e+00 -4.503053882579629436e-02 -1.000626003204952097e+00
-7.722249236391344474e-02 1.130517569621160012e+00 -2.080754393514918921e-01 -1.298597960729911682e-01 -1.921354407799846786e+00 -2.369936173272447766e-01 -5.771746327579517777e-01
-8.851493751578906610e-02 6.636615288569015503e-01 -2.149233978503875819e-01 -2.947831207962153810e-01 -1.622713916938049117e+00 -4.081070949459146280e-01 -7.579921206584634696e-02
-5.191123769356639078e-02 2.264036653303658775e-01 -2.151178311691150369e-01 -4.848522081397073635e-01 -1.388812870160450519e+00 -5.646984563659533940e-01 3.949549691933069151e-01
6.151581193769516120e-02 -8.233668482371882258e-02 -2.764579309247029992e-01 -6.549958850143428046e-01 -1.237153336821792182e+00 -7.343064365028034723e-01 7.418238892309143573e-01
2.777785103908905762e-01 -1.860359215349931816e-01 -4.168317211189167537e-01 -7.772655011820288617e-01 -1.186902880584176145e+00 -9.234446307442082391e-01 8.872753470434247003e-01
5.951617629402617959e-01 -5.307026473718794157e-02 -6.177253732240911566e-01 -8.709707742936714236e-01 -1.230294325689499368e+00 -1.117665477482261194e+00 7.837067646367831264e-01
9.566152475548991285e-01 2.901593370748409284e-01 -8.837430238816754713e-01 -9.310340200238913511e-01 -1.316148636355001011e+00 -1.297679602498551521e+00 4.529992823583797179e-01
1.269092551445188954e+00 7.720315114029743242e-01 -1.219107428842904017e+00 -8.958787574123031616e-01 -1.403678824151696203e+00 -1.418416497619868322e+00 -2.127476400177157057e-02
1.458663445931012381e+00 1.296722616550270768e+00 -1.558946021212247013e+00 -7.303622033374064237e-01 -1.476492854174073610e+00 -1.410792654627829990e+00 -5.535694135228717006e-01
1.499600423550015105e+00 1.755253760729852175e+00 -1.791887463960713411e+00 -4.779347582115855420e-01 -1.486571782822286636e+00 -1.241788931981359756e+00 -1.078589678678833819e+00
1.403909464221340331e+00 2.051576931381855040e+00 -1.854837658453404980e+00 -2.027768403511406858e-01 -1.373828455847375896e+00 -9.447178072777646651e-01 -1.525330955052864645e+00
1.209161703572672053e+00 2.148502966278293513e+00 -1.754232924034181185e+00 5.667299008030605989e-02 -1.157224132857527454e+00 -5.768961453615295554e-01 -1.830183824434712614e+00
9.700337312341641427e-01 2.086364899367319836e+00 -1.512498787298222735e+00 2.702625404888808203e-01 -9.246168539508708983e-01 -1.806119776653163089e-01 -1.991816592504249472e+00
7.333903521874719500e-01 1.947788117865594915e+00 -1.169537480148257425e+00 4.195263305292796785e-01 -7.259153984657575887e-01 2.047174943975242078e-01 -2.069150023864614329e+00
5.240799544567279478e-01 1.813712107013397690e+00 -8.275805917298817427e-01 5.299402946549605087e-01 -5.463054203353336913e-01 5.262935078976015424e-01 -2.120615804476881472e+00
3.635131008681266596e-01 1.752459972795817889e+00 -6.072624969297473196e-01 6.546134379309310747e-01 -3.777447086271589760e-01 7.374058628539775784e-01 -2.180069484491649945e+00
2.717990343296880495e-01 1.801246364879543593e+00 -5.492013070206855918e-01 8.071478823981627082e-01 -2.412003720611607671e-01 8.167803575027642315e-01 -2.260154846297740328e+00
2.473297778923357337e-01 1.934345373048153682e+00 -6.150082153826795794e-01 9.507651411368363004e-01 -1.385393902089253615e-01 7.466950893707969827e-01 -2.330123953916988455e+00
2.755637544398271133e-01 2.070258913508760568e+00 -7.396700742792031713e-01 1.053113789986108495e+00 -4.796263743555038983e-02 5.052667411819543597e-01 -2.309950319241409478e+00
3.524101091529256435e-01 2.116198686487225533e+00 -8.313660964945146503e-01 1.084606415183533290e+00 2.889029154700059263e-02 1.176238893740623181e-01 -2.124485807828360162e+00
4.755348119824047703e-01 2.024291908444749488e+00 -8.067085473257524786e-01 1.000449213797198533e+00 6.616209545384742208e-02 -3.239153517743429411e-01 -1.773829899056524662e+00
6.120770365796538437e-01 1.809613285765732993e+00 -6.615641020904187153e-01 7.925800419246689099e-01 5.373119127252444505e-02 -7.073780441989263590e-01 -1.328444970541450276e+00
7.006752250031973439e-01 1.508339857189316069e+00 -4.425645751412300433e-01 5.114073341391062177e-01 -8.485938850484705392e-03 -9.385467386561663350e-01 -8.611389752375480100e-01
7.057719976954366370e-01 1.146382811281498437e+00 -1.630918336924037648e-01 2.119348851956636692e-01 -1.221247895100155412e-01 -9.662245615793900733e-01 -4.239492685851797837e-01
6.507394117778459997e-01 7.540275928363837643e-01 1.748329716104949638e-01 -6.742570626645033594e-02 -2.503390473789683379e-01 -8.221516339669806550e-01 -6.547067394880061453e-02
5.775781273195176313e-01 3.868512471089936011e-01 4.872274372784428098e-01 -2.623383494809198302e-01 -3.250374156478435528e-01 -6.051636092838360570e-01 1.815128241510585716e-01
4.925945010793036372e-01 1.077156279837632458e-01 6.476231462991677290e-01 -2.985494747533652959e-01 -3.255159699442030097e-01 -3.846642776146915188e-01 3.174047713834058926e-01
3.691009498920346799e-01 -4.959768906199712307e-02 6.189532993349304846e-01 -1.714912325217158862e-01 -2.937953235315857170e-01 -1.484023313412844991e-01 3.583244521644634584e-01
1.779156093535104732e-01 -9.252646014839650823e-02 4.516517309936520785e-01 6.326022901455181924e-02 -2.620982351719509662e-01 1.343153007359381146e-01 3.325286316697369515e-01
-1.033602238478437407e-01 -8.442062919677141564e-02 2.046840436744737646e-01 3.543599693212697299e-01 -2.121910519360919178e-01 4.448468736758851572e-01 3.179065870197639865e-01
-4.773075893246387369e-01 -1.363382691640473710e-01 -5.216531204667750055e-02 6.493954525061095273e-01 -1.228753613506881476e-01 7.368744418576889110e-01 4.255947441451606306e-01
-8.965949263809674941e-01 -3.210461649893466829e-01 -2.289592153680924669e-01 8.835267456071321801e-01 -1.419378962386338636e-02 9.777485824943145110e-01 6.966648416640208730e-01
-1.268301955587005425e+00 -6.176523353599637778e-01 -2.688926273528087219e-01 1.014518678563906207e+00 9.740264859866566705e-02 1.134406862094651691e+00 1.058522404145138207e+00
-1.506810837770991895e+00 -9.717535265655070642e-01 -1.853703965653134833e-01 1.028394382125890072e+00 2.369229244643302479e-01 1.165135430876918399e+00 1.407692837004208330e+00
-1.569181984072760550e+00 -1.348283671508647030e+00 -2.623048262033347844e-02 9.134268747108416076e-01 4.051569867941965941e-01 1.062145557243132643e+00 1.677577439315961039e+00
-1.436885203631221408e+00 -1.708046716141653931e+00 1.940874028051456091e-01 6.580212280036757955e-01 5.399298222182107310e-01 8.628731707694061726e-01 1.814732220407273333e+00
-1.102631767070313407e+00 -1.988337999769490994e+00 4.887240332998936121e-01 2.697781634110351656e-01 5.857919673755669354e-01 6.038094230156642039e-01 1.759733059034826130e+00
-5.978555704027785911e-01 -2.122082858797106564e+00 8.160181897409495289e-01 -2.043736795290429509e-01 5.276541271789030318e-01 3.116794270869974737e-01 1.483103999245616977e+00
2.304654792231340048e-04 -2.052397655277147237e+00 1.066363365597189361e+00 -6.753427219608425514e-01 3.426772677760246966e-01 3.562670885409180421e-02 1.003402744189802132e+00
6.022666993793248658e-01 -1.738700278403220167e+00 1.151489815505048586e+00 -1.035891724273428904e+00 8.368944837339872475e-03 -1.736495672992156292e-01 3.664023405222390228e-01
1.117350027097092413e+00 -1.203594941635524274e+00 1.065953012141785949e+00 -1.195919245868912739e+00 -4.267958327418142073e-01 -3.091284550106700446e-01 -3.361371323252667076e-01
1.444889859103965613e+00 -5.756792030516700853e-01 8.676742558365910796e-01 -1.113112322086236672e+00 -8.579304968338119508e-01 -3.823873360844850522e-01 -9.388001366556494309e-01
1.511207166166880667e+00 -4.299062718902024738e-02 6.602152257301830973e-01 -8.253947953753469902e-01 -1.197786099361483725e+00 -3.744438698611869953e-01 -1.273437970328220148e+00
1.323139727082134121e+00 2.466290628553308162e-01 5.712577810825013591e-01 -4.529739245893151800e-01 -1.378958090941097669e+00 -2.624989780428795827e-01 -1.276493517935481714e+00
9.644664911298487242e-01 2.458500233046762573e-01 6.609070938497001446e-01 -1.284222293804545278e-01 -1.324190206149733040e+00 -8.674503772663431922e-02 -9.987392042003814252e-01
5.403243553261153354e-01 -1.051517185583924173e-02 8.612286089762133390e-01 6.710600094528568205e-02 -9.803288890258025079e-01 6.328853229219644216e-02 -5.338320642674571070e-01
1.307023923328024528e-01 -4.572118847975328859e-01 1.059776511258593734e+00 7.929292464090308135e-02 -3.908847136796311239e-01 1.464485275025126099e-01 2.869149716478183385e-02
-2.113780604492866977e-01 -1.023716717359088868e+00 1.230012168550227880e+00 -1.499625867458945494e-01 3.101571608820778425e-01 2.037704361679637255e-01 5.984967254641487822e-01
-4.405416670591331130e-01 -1.621055634812214041e+00 1.426894507897090270e+00 -6.223913767661927166e-01 1.003455766558106310e+00 2.714664641089338248e-01 1.073230300415791705e+00
-5.238481133764659736e-01 -2.124899507199218274e+00 1.660040295118258014e+00 -1.225228918155422786e+00 1.644173602105308163e+00 3.172032598087322075e-01 1.348513376418612353e+00
-4.661173818901918064e-01 -2.400847436731710527e+00 1.839447872474867296e+00 -1.776504879068297127e+00 2.204103257086185597e+00 2.927817255067110547e-01 1.349456173410923610e+00
-3.041721460494688500e-01 -2.358283586611780169e+00 1.861945103478630958e+00 -2.113855942290910672e+00 2.614679896540117454e+00 1.991755070883831913e-01 1.060112404467812963e+00
-7.297834820879478546e-02 -1.988851342398185285e+00 1.699951317661461347e+00 -2.155721844162644896e+00 2.818009970884884918e+00 6.498824207104275663e-02 5.284938838035391218e-01
1.914334886587092110e-01 -1.368414346032756912e+00 1.379133605049961409e+00 -1.894480565958036378e+00 2.836114199357993915e+00 -1.011797686735805279e-01 -1.400930909346092268e-01
4.224508207242306246e-01 -6.228645217752741825e-01 9.250768345681911198e-01 -1.345618584050889410e+00 2.727048610236503023e+00 -2.916826886669138807e-01 -8.020503981369134783e-01
5.378597359250064658e-01 1.139510615407795385e-01 3.893266247754448295e-01 -5.577425003719299612e-01 2.495910876258943478e+00 -4.502559409396932888e-01 -1.320188186614956072e+00
4.884915582543499224e-01 7.285585211634704184e-01 -1.236944144867109657e-01 3.440184835206018255e-01 2.106491568210515197e+00 -4.920283934936500181e-01 -1.605830929657907191e+00
2.685920784410242290e-01 1.144954121146286363e+00 -5.238961053770996301e-01 1.192018469808231673e+00 1.565426909769802588e+00 -3.732885623196779412e-01 -1.624781674533921860e+00
-1.101774642230304163e-01 1.319844404909394919e+00 -7.931137391973462902e-01 1.854422625011854731e+00 9.472989896566262891e-01 -1.081450642056137612e-01 -1.372941602610493250e+00
-6.130605514338930417e-01 1.234011656184918593e+00 -9.386276337239513046e-01 2.275265439568964432e+00 3.445205305292429743e-01 2.618181444617415643e-01 -8.684575867921764392e-01
-1.151893011319362392e+00 9.127376926968773230e-01 -9.421081253462907368e-01 2.456859654697385320e+00 -1.625451785584128006e-01 6.720366651642406541e-01 -1.843375221272610387e-01
-1.606088784461036312e+00 4.368105324016162694e-01 -8.049325312481958594e-01 2.423586695222740506e+00 -4.991474400512146969e-01 1.033202368547689654e+00 5.469928968183739304e-01
-1.883739097268632312e+00 -9.119725480671393714e-02 -6.024763922612988987e-01 2.218289598115057437e+00 -6.246440677779219186e-01 1.271987998971497058e+00 1.192257840223561516e+00
-1.943483765719085099e+00 -5.892881387650436009e-01 -4.262707511530213766e-01 1.889307142245503890e+00 -5.604482590073277537e-01 1.372801731268769698e+00 1.659479752869349678e+00
-1.779973779610805051e+00 -1.000896810444407148e+00 -3.138251060095174627e-01 1.457287410855796939e+00 -3.464657453406364551e-01 1.359001492098216080e+00 1.887693653618087719e+00
-1.423701470915667455e+00 -1.271858718268129573e+00 -2.899954315634823421e-01 9.457182160181413222e-01 -1.522995158888665107e-03 1.246361343670852495e+00 1.841623644709901919e+00
-9.449715362865377388e-01 -1.354501108523913144e+00 -3.933842216622210342e-01 4.304807438027136723e-01 4.347456954676925944e-01 1.046638329071990059e+00 1.534620657220089779e+00
-4.351428750776489274e-01 -1.253826893765352057e+00 -5.952383804501518716e-01 -8.751030673615541738e-03 8.733401728649645701e-01 8.025616396127728258e-01 1.042313606051470165e+00
2.115779105269274471e-02 -1.052127439489061178e+00 -7.757414661344869122e-01 -3.566637609233570538e-01 1.241146306998152316e+00 5.700343749814305028e-01 4.853270924666195918e-01
3.650253342668565715e-01 -8.660093635321838290e-01 -8.283595783597924589e-01 -6.287657228289181832e-01 1.522369425171853141e+00 3.724974446698766650e-01 -3.719586572953837572e-03
5.756486703300285335e-01 -7.769976428574122407e-01 -7.169196969609059611e-01 -8.254571803651636897e-01 1.703488024171499582e+00 2.089020013319753122e-01 -3.274869692012136735e-01
6.711337169268011271e-01 -7.864672386599208531e-01 -4.424336485295387589e-01 -9.461723114561979564e-01 1.741658618119096058e+00 7.947221765290950202e-02 -4.760045705244254632e-01
6.911090964983300777e-01 -8.193081847880330226e-01 -4.765112782738963049e-02 -9.914306185562150597e-01 1.609523517230758261e+00 -2.589248605254181046e-02 -5.219199025053589125e-01
6.752109421746721463e-01 -7.791957209942217411e-01 3.692408870682690747e-01 -9.514438033042860177e-01 1.317380967768799094e+00 -1.276642089213294862e-01 -5.522629230506829190e-01
6.483823528531245106e-01 -6.192208288973001240e-01 7.273482533950309525e-01 -8.277429830360614194e-01 8.960343440751334931e-01 -2.256982734983828121e-01 -6.122599993875041946e-01
6.181026643329604608e-01 -3.659533641758392908e-01 1.013834167782026174e+00 -6.413388663052975724e-01 4.132399053853597626e-01 -3.063406582981268444e-01 -6.985389766430177838e-01
5.825701392330439043e-01 -7.554993491770217728e-02 1.216053025526378395e+00 -3.895345112568058266e-01 -1.904973105227355037e-02 -3.814086326407373773e-01 -7.801428278643421921e-01
5.344615344778168575e-01 2.129846184585708901e-01 1.284731640089463722e+00 -3.401093635323679254e-02 -3.126230067169130655e-01 -4.697341840998316420e-01 -8.245978334814895172e-01
4.582024359086164234e-01 4.811878717337331191e-01 1.202272763206120976e+00 4.258703656195975129e-01 -4.674616276054643915e-01 -5.430381493431118978e-01 -8.184096069943888052e-01
3.317154266859199119e-01 7.242844851457929112e-01 1.001454786646488238e+00 9.077400046303439884e-01 -5.381761945121543711e-01 -5.448239335759004209e-01 -7.683440781926254015e-01
1.288032733559300591e-01 9.455269300189078630e-01 6.991662866872633275e-01 1.309664003390910603e+00 -5.592281576534833265e-01 -4.534806049738113187e-01 -6.814155309563943996e-01
-1.749770702466975636e-01 1.133843027626958655e+00 2.933147185637901000e-01 1.578913307702418445e+00 -5.425789861035915651e-01 -2.793673536524055590e-01 -5.463485577769010559e-01
-5.693021176560906227e-01 1.261917521616476412e+00 -1.760093501303155172e-01 1.712611784142230809e+00 -5.133765904801708135e-01 -4.268891401421974485e-02 -3.465374988439223758e-01
-9.840161861609075800e-01 1.315957051019010837e+00 -6.389694830938333903e-01 1.741569906127514500e+00 -4.850870222194276216e-01 1.920851537918468466e-01 -8.526392066052002061e-02
-1.336860555183080335e+00 1.285084158236885266e+00 -1.051294602760454167e+00 1.710600658726810774e+00 -4.312277675284072465e-01 3.243902033368150639e-01 2.323763334359779664e-01
-1.590898454227526404e+00 1.133857430235714059e+00 -1.378791806891423111e+00 1.637314204193663469e+00 -3.390734275887040128e-01 3.096328970109212264e-01 6.162800580958506247e-01
-1.727504361854855786e+00 8.479114875755339176e-01 -1.567715251605612092e+00 1.497096550239448209e+00 -2.490806177368566909e-01 1.836111740381981827e-01 1.039004752028167111e+00
-1.704029894485613816e+00 4.813590053600590446e-01 -1.587492629677819123e+00 1.261484655777939334e+00 -1.945184046572746850e-01 -2.228280985001926742e-02 1.411622574445862144e+00
-1.485774322217910504e+00 1.179401853576938636e-01 -1.477803134569664278e+00 9.293392478846574933e-01 -1.612703127158044147e-01 -3.159799006525060294e-01 1.653793506360585974e+00
-1.095145919388439637e+00 -1.929677237681966251e-01 -1.296864365934655927e+00 5.052593466469760264e-01 -1.448694248350715086e-01 -6.728018321642700306e-01 1.750214268961248987e+00
-5.992515311492783159e-01 -4.503603068625234296e-01 -1.035604623396637392e+00 -1.818400288882213167e-02 -1.836971419755925039e-01 -1.005690854421346314e+00 1.730198826302900228e+00
-6.157800953087486789e-02 -6.506776792499331385e-01 -6.609468771498493433e-01 -6.132067279349089350e-01 -3.044132997589941159e-01 -1.251304159332353505e+00 1.614690884456557951e+00
4.659810509830981662e-01 -7.483882903901458716e-01 -2.292755172682218734e-01 -1.171903681628431171e+00 -4.738123589021562276e-01 -1.427791894654901972e+00 1.400661815400128685e+00
9.093092191688919579e-01 -6.945728140092362057e-01 1.237305043660870407e-01 -1.537803127380468204e+00 -6.302726005730520109e-01 -1.564585851280690720e+00 1.098384012193165171e+00
1.169996185467211403e+00 -4.862073172503088014e-01 2.993277300498106142e-01 -1.586633861901949993e+00 -7.454024432449030124e-01 -1.616770284139508629e+00 7.517867718451634040e-01
1.171979321314235323e+00 -1.738013154674058203e-01 3.058007806748632706e-01 -1.297171536136036973e+00 -8.137377598602553164e-01 -1.498395369631895013e+00 4.192294909825947102e-01
9.052988733746526462e-01 1.541441696942895956e-01 2.141707993734216497e-01 -7.431412431391747342e-01 -7.893411696919607756e-01 -1.193608619668725224e+00 1.604804754665375699e-01
4.390792329251299031e-01 3.964230245510353967e-01 7.606114228168513181e-02 -5.509614460782652490e-02 -6.100563257252099580e-01 -7.807195521334273636e-01 3.016355622343799489e-02
-9.438881181882591287e-02 4.838482523371724908e-01 -9.305935505827996057e-02 5.612496485188902540e-01 -3.093713003403317230e-01 -3.444967954125492948e-01 4.153045817704412862e-02
-5.576852765223142550e-01 4.205341019420720250e-01 -2.791391936911165050e-01 8.775102891638768554e-01 -2.025303777044679468e-02 5.846846316328643128e-02 1.485797054505356984e-01
-8.719859118847558266e-01 2.518585030825457038e-01 -4.443500770241414211e-01 8.014626148253051197e-01 1.608151137269281383e-01 3.515969513444398009e-01 3.078153172732537857e-01
-1.009552994247676416e+00 1.055697518069741159e-02 -5.315993935115698177e-01 4.288020925717019871e-01 2.246587801214949554e-01 4.502958313170039029e-01 5.202809248430747546e-01
-9.533359723337908598e-01 -2.716249736126669090e-01 -4.801308421049403918e-01 -7.206023009538033153e-02 1.814587350570313895e-01 3.286983448367136740e-01 7.832602729138252728e-01
-6.996382246936451166e-01 -5.434416933560464180e-01 -2.608140919367893384e-01 -5.722205074684287851e-01 5.369519128047878925e-02 1.490100634386129323e-02 1.055897518814071345e+00
-2.867719560813296598e-01 -7.599451500934832904e-01 7.628550881624922286e-02 -9.919258453787486163e-01 -9.426466200713758126e-02 -4.505330969033254918e-01 1.295286870895652420e+00
2.002862237898967168e-01 -9.138714457369097044e-01 4.363606676348276703e-01 -1.293606682953836851e+00 -1.979380353217817246e-01 -9.950181881328146183e-01 1.483343970481957541e+00
6.622181316925839223e-01 -1.019623241395247515e+00 7.682117276181683607e-01 -1.501742378498972297e+00 -2.332114534451164289e-01 -1.498745265047262798e+00 1.598691848260507253e+00
1.015803771135665112e+00 -1.070463220429791917e+00 1.045184654825471515e+00 -1.664027810243769778e+00 -1.830934827352345418e-01 -1.854268529610489491e+00 1.597144923946022033e+00
1.205462722658238395e+00 -1.030822699029656953e+00 1.178154774138411742e+00 -1.775584360849011833e+00 -1.967279845836731114e-02 -2.021568327312607938e+00 1.442870085084095422e+00
1.214801486208508585e+00 -8.713829220657274277e-01 1.062128724247903833e+00 -1.781773443543849700e+00 2.317556289642188072e-01 -2.008019595839884985e+00 1.150976885608159694e+00
1.070125351963632454e+00 -6.074440915621097670e-01 7.171447986380202755e-01 -1.645024988185714632e+00 4.729946204048984248e-01 -1.833802572272239972e+00 7.904909959332865332e-01
8.271922164199084770e-01 -3.026084771731173961e-01 2.807920037931095347e-01 -1.374429104780088284e+00 6.246240753097441756e-01 -1.546067999889070954e+00 4.490797048617420906e-01
5.541270635563753100e-01 -3.505586671449465591e-02 -1.314825154861975209e-01 -1.008805275406691626e+00 6.735291329358473744e-01 -1.219011093705170135e+00 1.984112123914087700e-01
3.184591623932660487e-01 1.354168682814514413e-01 -4.562137197169953695e-01 -6.155369741161484942e-01 6.252466061622347082e-01 -8.998764040879684289e-01 6.970031237759324871e-02
1.759237668577462443e-01 1.917415065501901494e-01 -6.202157313740460642e-01 -2.804129230584723187e-01 4.821834075085716931e-01 -5.978313122510147126e-01 4.042476739493636173e-02
1.581530563477795970e-01 1.841071385789863069e-01 -5.858324249483650714e-01 -3.899765280918499055e-02 2.809003787327682966e-01 -3.458409333932687124e-01 4.571398303280409942e-02
2.562943894842595327e-01 2.090690750941636145e-01 -4.360113713452632989e-01 1.634884751028498340e-01 1.030621940725500174e-01 -2.110418183681951609e-01 1.054027504026165511e-02
4.094041462143222510e-01 3.357022915829470100e-01 -3.067105463189564452e-01 4.113877755261193259e-01 4.831001077477354091e-03 -2.085493668666804357e-01 -1.121031463244129972e-01
5.306648957869806171e-01 5.506514741729440221e-01 -2.364427648685966388e-01 7.268124909223808716e-01 -3.696321213815104839e-02 -2.610874828878129161e-01 -3.139503639617481912e-01
5.632998418161972998e-01 7.864083604169391784e-01 -1.694561944276374299e-01 1.048912558592544730e+00 -6.617202239922248541e-02 -2.865592689773651669e-01 -5.473036091008657289e-01
4.953131779444592819e-01 9.991233287721790202e-01 -9.851245093950415643e-02 1.307726366585862054e+00 -8.213685499810810531e-02 -2.695159240451927563e-01 -7.742252574730231762e-01
3.202565114391982548e-01 1.175644639125721369e+00 -8.070563553656143196e-02 1.480123164064002461e+00 -7.691502602205700645e-02 -2.013384290456077530e-01 -9.713502188809572946e-01
1.918542898931415927e-02 1.274144949801558013e+00 -1.063868048658896670e-01 1.551129185357272178e+00 -8.642047316914876209e-02 -1.733543135801924456e-02 -1.093052415955352519e+00
-4.057631419757980473e-01 1.227548150294255347e+00 -8.200645962816316414e-02 1.491341079674680214e+00 -1.488414089959275988e-01 3.350592575669952278e-01 -1.078827165280986655e+00
-9.083317329088790304e-01 1.000897416372389825e+00 4.505972181714758967e-02 1.310485993874060062e+00 -2.418400498019301070e-01 8.085537780256286666e-01 -8.948919381128630501e-01
-1.416559608749225818e+00 6.021091820747357382e-01 2.440113158186308639e-01 1.073777436510407579e+00 -3.107997115707011870e-01 1.298131010306612598e+00 -5.478982507540458569e-01
-1.842243431135177412e+00 7.115435930844567214e-02 4.721543306438148457e-01 8.355255807257739864e-01 -3.368166568134120520e-01 1.726334083925466611e+00 -8.845762410105849349e-02
-2.074408947439329687e+00 -4.992700826335083608e-01 6.926412856068137058e-01 6.070755982731582678e-01 -3.256761368654280675e-01 2.027089085717077577e+00 3.777676968566310856e-01
-2.011066327162216893e+00 -9.701502713744060147e-01 8.278719601807009720e-01 4.074073627628361782e-01 -2.594695609903005518e-01 2.099845039132900659e+00 7.184675640804513153e-01
-1.619216464943285416e+00 -1.230426245678841513e+00 7.928198181829395619e-01 2.726110563936853803e-01 -1.334834670784505462e-01 1.873280798328946117e+00 8.461435018668239660e-01
-9.545236736358626572e-01 -1.252143846549228279e+00 5.850447997321304161e-01 1.955163812781305355e-01 -1.604795038821391073e-02 1.398861312961817260e+00 7.496227548614586844e-01
-1.299078182594153585e-01 -1.053425800365409559e+00 2.695421339169263852e-01 1.210909706674750674e-01 8.626051819061659673e-03 8.138562429914211194e-01 4.488825292310573700e-01
7.098554970953663279e-01 -6.540006806948742701e-01 -1.146799873619471916e-01 4.517620802568913206e-03 -6.144254037973390092e-02 2.397875361692332896e-01 -3.512284293265260926e-02
1.395533291057113212e+00 -1.144408137288866062e-01 -5.493200148585465348e-01 -1.629479649239185535e-01 -1.639160762685987205e-01 -2.353995931320375934e-01 -6.301816495956112929e-01
1.782408687081199927e+00 4.282614674713371983e-01 -9.441284352129659663e-01 -3.722571257759353935e-01 -2.552264792975528773e-01 -5.418359250677216021e-01 -1.182012477824525121e+00
1.823525451179360379e+00 8.279695303008419716e-01 -1.156557890282554846e+00 -6.038752527116127977e-01 -3.150593936729675915e-01 -6.691944130882208075e-01 -1.528704981793185702e+00
1.566918896942208761e+00 1.010377884795088388e+00 -1.134434148858391778e+00 -8.003820097828080460e-01 -3.020173343127409704e-01 -6.901500299813095873e-01 -1.576946481671120948e+00
1.096248976332581559e+00 9.699481133897455143e-01 -9.546386992637554414e-01 -8.684149346916226753e-01 -1.821685226153284265e-01 -6.937857045162523217e-01 -1.300107576455715730e+00
5.063466949992986299e-01 7.303510027543855809e-01 -6.903847594149628009e-01 -7.554138044685960729e-01 1.318900294289124947e-02 -6.996000367525941899e-01 -7.327685907234194884e-01
-1.011688586615736296e-01 3.376057621481541871e-01 -3.303376841472804304e-01 -4.926446151203338064e-01 2.171538669447226066e-01 -6.581723472784495321e-01 1.139543054287908350e-02
-6.353725525190581092e-01 -1.234860951139372109e-01 1.244010403042067059e-01 -1.360840059124335533e-01 4.017315703283419470e-01 -5.406128585036061862e-01 7.622634277790807378e-01
-1.023657958397615086e+00 -5.473081728466205886e-01 5.798730408505463618e-01 2.671786552343409782e-01 5.754759375510850594e-01 -3.843720718923877566e-01 1.364694255523825506e+00
-1.208409923720491497e+00 -8.451303369070773952e-01 9.244008922112643134e-01 6.413235117486286718e-01 7.051003801197246457e-01 -2.216589837210301284e-01 1.717961858179695600e+00
-1.161024897465471772e+00 -9.481467902578475382e-01 1.116474601905667052e+00 8.930916580571770513e-01 6.986295612123318843e-01 -2.434734649784625615e-02 1.757598084248841674e+00
-9.088530578496445411e-01 -8.103588756331348009e-01 1.156183541517109337e+00 9.836068507909200287e-01 5.032254587545609281e-01 2.308469328988166924e-01 1.462300023124687431e+00
-5.359633642370371653e-01 -4.498357157721974420e-01 1.026833919908625603e+00 9.506506074145476548e-01 1.772037197664667885e-01 5.010366581275578213e-01 8.983621841011891762e-01
-1.419463718169064192e-01 3.985977701096255627e-02 7.202903688396055104e-01 8.573219600079412528e-01 -1.677470222970298963e-01 7.230662658020667877e-01 2.050107226005115080e-01
