-1.038172061464576190e+00 -1.609085245943686904e-01 -8.932483057085927047e-01 4.599502516858410273e-01 4.375870954320459916e-01 7.748709937151503357e-01 9.577027711245017505e-01
-7.686115136632091227e-01 -1.433247081882193241e-01 -7.045057389092023170e-01 3.624082180298401346e-01 7.684033012871628321e-01 7.386505005814065772e-01 5.435596604449721703e-01
-4.279027912496218278e-01 -1.654856106068204880e-01 -4.431586881291998403e-01 1.832410344890298692e-01 1.001739571378836846e+00 6.991250920398761615e-01 1.051134151164026254e-01
-1.022275847363871559e-01 -2.813451095231647159e-01 -1.563752414220186682e-01 -7.932006633060312284e-02 1.082880088717332434e+00 6.474896651876643761e-01 -2.085725796120232456e-01
1.124138486169434237e-01 -5.240424002441874674e-01 1.223588238934029127e-01 -3.938498244116758751e-01 1.006574971950368269e+00 5.715862595418382819e-01 -2.944754021350212692e-01
1.417289648038039251e-01 -8.774867831397475948e-01 3.690441991229574392e-01 -7.072793940644214183e-01 8.123171532604896994e-01 4.724812148227501285e-01 -1.459046263476302951e-01
-4.853963774584406365e-02 -1.288569789789687059e+00 5.449329207734272540e-01 -9.661771800630242213e-01 5.518802931765323105e-01 3.744692592420690302e-01 1.890530186812806601e-01
-4.197262333587212235e-01 -1.678666441164161860e+00 6.067081440693172789e-01 -1.116171792910439553e+00 2.732060455452342551e-01 3.116084549537693205e-01 6.334148386366266203e-01
-8.446646153969161741e-01 -1.939244700540859290e+00 5.424088701495451970e-01 -1.096136296627972406e+00 1.456767789475496046e-02 2.901044892499026751e-01 1.072933279754838765e+00
-1.160878007855583594e+00 -1.943793008825373869e+00 3.820425583761848931e-01 -8.528955022791815388e-01 -2.030760720573280553e-01 2.687013459275994220e-01 1.376968763130572926e+00
-1.266868028643740152e+00 -1.607363262376073632e+00 1.690464991543282613e-01 -3.891007025828636112e-01 -3.776208882062491723e-01 1.963795773543472734e-01 1.458420531373556983e+00
-1.164046770959702659e+00 -9.515688677055135214e-01 -6.744106847647815539e-02 1.955154153967194053e-01 -5.200879762281861440e-01 6.381849803838281210e-02 1.312652328209710451e+00
-9.158907004230277815e-01 -1.008888498575102044e-01 -3.238129683190997810e-01 7.385159968052020796e-01 -6.379353272510858153e-01 -8.478025679464128161e-02 9.949078336747593232e-01
-5.951018392709155336e-01 7.707288128001668071e-01 -6.102338293682991743e-01 1.098881666576341898e+00 -7.147395246563092996e-01 -1.742231163275299310e-01 5.680554556822975387e-01
-2.551215507430446561e-01 1.500655328932340549e+00 -9.067363769472804869e-01 1.223696339265490929e+00 -7.167483441886788320e-01 -1.461954999286372847e-01 7.351267852400564240e-02
7.403254941254258648e-02 1.987653741078718728e+00 -1.135351890495861715e+00 1.153641819188000239e+00 -6.266784160762131073e-01 -8.421240582734010327e-03 -4.508171484947668395e-01
3.615108463811730344e-01 2.197607291105020622e+00 -1.200889842029767340e+00 9.558143050125738061e-01 -4.616771193407967488e-01 1.734171888402060713e-01 -9.399638059453127026e-01
5.608488646057471216e-01 2.138877325136740559e+00 -1.065745161110045247e+00 6.687137351520385797e-01 -2.587363432280131437e-01 3.356271375414323632e-01 -1.309230629757912601e+00
6.334935508689799599e-01 1.846081710818706201e+00 -7.773443553040801923e-01 3.159300227763296998e-01 -5.888243933861101592e-02 4.476876765080701204e-01 -1.479008089798603987e+00
5.812546596110319541e-01 1.367706555047382588e+00 -4.199149849529203449e-01 -6.275285151641933623e-02 1.033941549078035149e-01 4.942509101252832160e-01 -1.397119557929620504e+00
4.569370256701724697e-01 7.641796613765051704e-01 -4.532902362703988136e-02 -3.900980295913989981e-01 2.268909695937106064e-01 4.615238657379904241e-01 -1.087627350584588592e+00
3.430584445836323271e-01 1.358292163455250279e-01 3.415372931781033849e-01 -5.523754510628857695e-01 3.543423799389616158e-01 3.461629410466902090e-01 -6.839347837786485806e-01
3.064407060618203893e-01 -3.697517985815393371e-01 7.374597407057077447e-01 -4.613062004917369840e-01 5.192583557618244416e-01 1.559072577672065973e-01 -3.595944125509421552e-01
3.583441029944200995e-01 -6.236439464310188363e-01 1.094640965509453556e+00 -1.341089905649892611e-01 6.797037037335337262e-01 -1.017897313740950410e-01 -2.021455788684507759e-01
4.439432734786703527e-01 -5.957400041825824388e-01 1.320386658699955085e+00 3.010618006658547507e-01 7.327145481162113949e-01 -4.121359943237831724e-01 -1.654681800288292925e-01
4.646408351805151882e-01 -3.708022229563913141e-01 1.321580979460348138e+00 6.639621649874691833e-01 5.935163324567873655e-01 -7.337796825531975875e-01 -1.267140717659171745e-01
3.306142590082417621e-01 -1.047335034932051628e-01 1.063137404000097819e+00 7.987388471336080986e-01 2.557306566953974625e-01 -1.001654691019616239e+00 2.524788337331615451e-02
2.683455789591658938e-02 5.541570422397859574e-02 6.010322148830035127e-01 6.546092940793520887e-01 -2.069212876104061793e-01 -1.163507690890419388e+00 3.327526324275124070e-01
-3.600156133300616013e-01 6.586954028126282279e-02 4.938364716219739020e-02 3.178435203460145408e-01 -6.833276971466568650e-01 -1.217872574893294590e+00 7.591188155754065026e-01
-6.933709397673099017e-01 1.158947806677336489e-02 -4.861141585678860899e-01 -4.127906649750558848e-02 -1.050911546818193987e+00 -1.187995299349360767e+00 1.184004322854433022e+00
-8.643731703851089687e-01 1.876683640008606352e-02 -9.301165311474188790e-01 -2.734391839556177262e-01 -1.191013953552380045e+00 -1.072945448273222135e+00 1.425492292996803911e+00
-8.217347801604744095e-01 1.492010313729303372e-01 -1.230500594698919370e+00 -3.425899981831080354e-01 -1.055532121164837189e+00 -8.682801538852421563e-01 1.350048253694747347e+00
-5.687549563881110215e-01 3.605323253866006827e-01 -1.364174121401478423e+00 -3.314135867072348085e-01 -7.123355339944027476e-01 -6.034953609899510463e-01 9.763829353687836221e-01
-1.521658221832404845e-01 5.448179997625129944e-01 -1.331533393188306880e+00 -3.379413999534213175e-01 -2.766889404507184014e-01 -3.250210075000232735e-01 4.337079244578816439e-01
3.706750835154464241e-01 6.283002876936023551e-01 -1.129285109704397216e+00 -3.524373658217799243e-01 1.882863977453560766e-01 -6.740639776286100338e-02 -1.747030871122528251e-01
9.511548622244468953e-01 6.339200869800603044e-01 -7.445099548965092850e-01 -2.660072678525228218e-01 6.591121317226116272e-01 1.341508050160826193e-01 -8.134823787824350116e-01
1.519910443926419719e+00 6.329762881056001378e-01 -1.958923393724780471e-01 -1.534395607937798743e-02 1.072978102510637965e+00 2.279806268215096576e-01 -1.435247440666376217e+00
1.964032309067211379e+00 6.618522184545850839e-01 4.197659606820809408e-01 3.292636367055286617e-01 1.338012983373985998e+00 1.851075986355922576e-01 -1.942642205655278120e+00
2.165842303412368608e+00 7.003859571296057185e-01 9.384668951484609334e-01 6.275388999213993291e-01 1.400072749843733089e+00 3.872604264075448638e-02 -2.226200096495721148e+00
2.074621305814761563e+00 7.088493494508592008e-01 1.204549384349303365e+00 7.857554591215446527e-01 1.259514053348611551e+00 -1.363233574840976015e-01 -2.204196256926793662e+00
1.747243336688805382e+00 6.629113159201305283e-01 1.159710224736869355e+00 8.108800220832033112e-01 9.543395664089666663e-01 -2.743667162223753508e-01 -1.861506110462973762e+00
1.317459824400379675e+00 5.590631588992172052e-01 8.811508975258878218e-01 7.540575013487383904e-01 5.422095067130249246e-01 -3.754954367632276635e-01 -1.265292549874881267e+00
9.214601063282138460e-01 4.170697243862866999e-01 5.316718556382132865e-01 6.239891695283608097e-01 1.024823371994670468e-01 -5.120484312998603293e-01 -5.510877945600570760e-01
6.564338877876078060e-01 2.818180714735405434e-01 2.585258487457248733e-01 4.067048307325377143e-01 -2.337982958941557388e-01 -7.229589737174547670e-01 7.893631105486564881e-02
5.809411695887040095e-01 1.889775390666216248e-01 1.337833801984280868e-01 1.352788618858115910e-01 -3.081494551833792173e-01 -9.221599460483657085e-01 4.076762072323797392e-01
7.027179632552637001e-01 1.168754292433653863e-01 1.735272866260303692e-01 -1.346635325113930970e-01 -4.686144472178577908e-02 -9.756236720624460457e-01 3.342866878479895387e-01
9.699907281512379909e-01 9.943573786287780367e-03 3.746604201231198417e-01 -3.687982046584398765e-01 4.708550334426829798e-01 -8.420776206314174450e-01 -6.917472007927674693e-02
1.300235402665960383e+00 -1.276372847743428851e-01 7.075381550670246655e-01 -5.180062774071542142e-01 1.065805798653239433e+00 -6.016335699938895054e-01 -6.407095491858764147e-01
1.598029033260827791e+00 -2.114966405755099588e-01 1.085755609379597475e+00 -5.272716072080119165e-01 1.542109211879453268e+00 -3.782391474760231631e-01 -1.211422635891130639e+00
1.750694767107166205e+00 -1.812050981767754365e-01 1.371894191859773571e+00 -4.213916538423237435e-01 1.750444283304332549e+00 -2.442834212920108883e-01 -1.627459070411453324e+00
1.664286070730674139e+00 -6.948098580459506624e-02 1.428351264633692441e+00 -2.889668019958601120e-01 1.655524548414509134e+00 -1.700025866863959789e-01 -1.786675756198118803e+00
1.321381068478659770e+00 3.516451117610115001e-02 1.185091317193083693e+00 -1.857999856964262786e-01 1.341908057522764208e+00 -6.686937607101929582e-02 -1.667513626995295928e+00
7.864090774053338340e-01 3.681199937401868905e-02 6.941735126504769982e-01 -1.253625645552944312e-01 9.221396226759762671e-01 1.108370730566084345e-01 -1.296171431129719220e+00
1.619983762172089170e-01 -1.215460925617866533e-01 1.085905120062942153e-01 -1.185589648628173204e-01 4.631114714044304859e-01 3.219175827862914563e-01 -7.148740748804544021e-01
-4.614478896749451553e-01 -4.104751791699188801e-01 -4.236477949453398284e-01 -1.777413254660542286e-01 -5.529151868795651251e-03 4.859972415762230935e-01 1.544013041630332150e-02
-1.037102246565969610e+00 -7.427887628913937279e-01 -8.343200655739527738e-01 -3.156707505054022200e-01 -4.532432151067003478e-01 5.565037421670142592e-01 8.110181086372654224e-01
-1.550711474755669173e+00 -1.052391358517215547e+00 -1.119518905244519136e+00 -5.462853057494531095e-01 -8.401898156187146416e-01 5.495749338714385201e-01 1.579837213113844951e+00
-1.983468879203449609e+00 -1.327322587359540451e+00 -1.287675028193202564e+00 -8.632457384970423364e-01 -1.144181957384148074e+00 5.102738611607633423e-01 2.252721779946543545e+00
-2.297064271784170497e+00 -1.584940047880542213e+00 -1.315602435778471690e+00 -1.220135040183283559e+00 -1.366727171121550510e+00 4.536152540272293532e-01 2.796055194472795158e+00
-2.444583055906246916e+00 -1.805193342551680402e+00 -1.161949524942417877e+00 -1.530826694600892157e+00 -1.502564011095520513e+00 3.411260354846807341e-01 3.181219478484735852e+00
-2.394005765028246024e+00 -1.897255214190385786e+00 -8.290039651791697439e-01 -1.705580755718496766e+00 -1.524284910909540214e+00 1.220667597606887311e-01 3.354528695421738149e+00
-2.157850901390041098e+00 -1.780598647531943968e+00 -3.811760138258590280e-01 -1.718969981472877606e+00 -1.403662444768437600e+00 -2.036473820345841845e-01 3.257939817391667603e+00
-1.789548981994575128e+00 -1.470271788574462724e+00 8.347849750022794113e-02 -1.610553190010249214e+00 -1.139812905470759086e+00 -5.663601915967447775e-01 2.875853757484806650e+00
-1.344652122657530313e+00 -1.059191139566187934e+00 4.673597416713671793e-01 -1.412457630694624156e+00 -7.782443643028226221e-01 -8.709697000491379848e-01 2.269302440840716084e+00
-8.575768988904658441e-01 -6.519182004316445012e-01 7.134463042887229101e-01 -1.115227707056198225e+00 -4.117843476410509851e-01 -1.065629150867885233e+00 1.567365113246345087e+00
-3.466696152804923936e-01 -2.920708789908072478e-01 8.123794240800674693e-01 -6.766800314656221671e-01 -1.438259655727373854e-01 -1.167616573877945596e+00 8.986463816405509952e-01
1.505501371129389643e-01 5.402977562928971272e-02 7.686893923341354684e-01 -8.746826436632533508e-02 -4.904510602500542632e-02 -1.232002105146530191e+00 3.409499522193215615e-01
5.358809895192132577e-01 4.103637300441833613e-01 5.853534667702164906e-01 5.182360473104451470e-01 -1.594663643688296328e-01 -1.299003949816054382e+00 -5.392974683891514631e-02
6.871892998282196352e-01 7.379272374128592604e-01 2.585127307128418095e-01 9.140070434468667848e-01 -4.399493664114100255e-01 -1.341329717901112106e+00 -2.426640762063725920e-01
5.550728311797072934e-01 9.821235864291291140e-01 -2.189165533268452868e-01 9.885599640450254411e-01 -7.690974556615216562e-01 -1.256644608574202904e+00 -2.275268423028158071e-01
1.953961862076986911e-01 1.099267633212995809e+00 -7.989738564309966096e-01 8.114350575191913162e-01 -9.892797190908213523e-01 -9.460410118649381639e-01 -7.918246953358977491e-02
-2.773937310839659776e-01 1.057724838605248907e+00 -1.347166022128294838e+00 5.256330670491379253e-01 -1.008758594684018295e+00 -4.111940811219605973e-01 1.051509600646396980e-01
-7.462711393415331074e-01 8.771968796058337015e-01 -1.719633065486334766e+00 2.526996855531030706e-01 -8.598757923948678883e-01 2.269811977822835669e-01 2.717413615095898294e-01
-1.134369383263279962e+00 6.325455401194323146e-01 -1.846189980549422405e+00 4.750207235657073063e-02 -6.494124565067418420e-01 8.005020549982312383e-01 4.239878780442347117e-01
-1.417610489078302560e+00 3.873778403698370787e-01 -1.736200585865470103e+00 -1.021015115568240511e-01 -4.533751856443595241e-01 1.201022531527593085e+00 5.677222417644885999e-01
-1.590883115168956197e+00 1.536173774178325457e-01 -1.447439097322955170e+00 -2.280434852845355798e-01 -2.751315529585958153e-01 1.426103025496706200e+00 6.787894781441475844e-01
-1.639761274118338719e+00 -8.968663513233873785e-02 -1.041538906204519943e+00 -3.556579513683520988e-01 -9.239855370212643471e-02 1.519253404305431543e+00 7.324022587321037392e-01
-1.553650050414203010e+00 -3.537309791255311420e-01 -5.610944302807724382e-01 -4.931918719314188904e-01 8.638440479342279765e-02 1.491300832768414297e+00 7.375128947989610939e-01
-1.349038346379760389e+00 -5.975366428518184003e-01 -6.531434625646012626e-02 -6.054442790331800994e-01 2.084956174981535681e-01 1.311677237895537917e+00 7.328217941531577351e-01
-1.087481449279474433e+00 -7.530088137990749164e-01 3.575514594222750642e-01 -6.441919817017148775e-01 2.231704743781958711e-01 9.591599924293571222e-01 7.484028092104675345e-01
-8.581790749040784094e-01 -7.993137558309520996e-01 6.364752889246950707e-01 -6.052847306338343669e-01 1.549891773658191307e-01 4.856266100352462645e-01 7.625873538275820263e-01
-7.093988485009642408e-01 -7.691243893985412194e-01 7.468902175085531114e-01 -5.068029548868119294e-01 1.083881252367926845e-01 2.105901364407003137e-02 7.045394012062996536e-01
-6.117773259477096159e-01 -7.092577928683997390e-01 7.286901524650146733e-01 -3.438546582641844873e-01 1.905129708206232397e-01 -3.110927264192854813e-01 5.105206649652682671e-01
-4.874363686112282434e-01 -6.467956824610585631e-01 6.744746122319091874e-01 -8.022587299680369877e-02 4.272574155580188271e-01 -4.853881595198235033e-01 1.778760295263697999e-01
-2.538840275645524724e-01 -5.413417143348483451e-01 6.396513322957428915e-01 3.374910368645149816e-01 7.370005248242820217e-01 -5.829163766194643825e-01 -2.318415933030847087e-01
1.232189812925714445e-01 -3.075292214399678592e-01 6.004888230898312029e-01 9.108657159884850918e-01 1.000937347790954002e+00 -7.095975999114472188e-01 -6.437320299549060820e-01
5.992369508211057294e-01 8.919485136412257098e-02 5.119565353535399099e-01 1.540764771037484548e+00 1.170093788987875971e+00 -8.890354511605625953e-01 -1.030110150739347974e+00
1.085310729467227953e+00 5.984532734754050010e-01 3.478131297594520555e-01 2.092158076255019594e+00 1.272114954668986941e+00 -1.042464422633831767e+00 -1.402879877009769238e+00
1.489621006804030534e+00 1.096419266062034437e+00 1.286048548890823540e-01 2.453091672137492019e+00 1.317970683804851717e+00 -1.085893312159084356e+00 -1.735470016144904815e+00
1.735261021176534468e+00 1.434693468170978203e+00 -6.747986567035169081e-02 2.552538210920175299e+00 1.260227250902710816e+00 -1.018053397947911831e+00 -1.938708686192696096e+00
1.785391003964116097e+00 1.548078874170115027e+00 -1.762774385430553870e-01 2.391892789552101384e+00 1.041322290877310541e+00 -9.125262936849432016e-01 -1.918650261042880389e+00
1.645089205197731497e+00 1.463239439208464887e+00 -1.957489114857270396e-01 1.999494405433130728e+00 6.517354497976890482e-01 -8.508798043852797699e-01 -1.620207188641257900e+00
1.342521648975533610e+00 1.206329562310630488e+00 -1.543776088664572388e-01 1.368683668526754937e+00 1.616300869346418978e-01 -8.458313109276638375e-01 -1.056811525616306868e+00
9.368765048402678541e-01 7.857945561063313100e-01 -8.206892885205684107e-02 5.299008074815966252e-01 -2.956761615732284576e-01 -8.174150170023398720e-01 -3.437658867010825459e-01
5.260248284726202206e-01 2.319008481400950950e-01 2.570808021446894381e-02 -3.633460868176394132e-01 -5.740895816661524265e-01 -6.585769500344850202e-01 3.129177098301511584e-01
2.183331107230348234e-01 -3.679014398308547151e-01 2.210556357218593226e-01 -1.073709994255572564e+00 -5.651150803398631295e-01 -3.271515227729072106e-01 6.830274161061520299e-01
7.848037729022892817e-02 -8.577285978815044620e-01 5.293930825829714637e-01 -1.410932162265839729e+00 -2.552681291605963798e-01 1.203396892030962062e-01 6.155702800476927639e-01
8.958881922052866487e-02 -1.097400622070730414e+00 8.845587063418236529e-01 -1.364193222929403593e+00 2.413272281379621742e-01 5.711828365817823716e-01 1.406953576432405373e-01
1.786183656529792552e-01 -1.066373470499658582e+00 1.159855013516541744e+00 -1.095111638287182165e+00 7.271769821317647375e-01 9.254167568429031432e-01 -5.287245196231600275e-01
2.728478668143258790e-01 -8.526265543798849933e-01 1.263218027662205145e+00 -7.796189700601180439e-01 1.026446465862492774e+00 1.128957589423993157e+00 -1.134108590340253242e+00
3.254453551771114284e-01 -5.519924263201331227e-01 1.195949927373402888e+00 -4.825286436110589605e-01 1.063796782103815453e+00 1.158684678972110138e+00 -1.518436260467884935e+00
3.030173880280917498e-01 -1.923753066070508222e-01 9.957038389238843656e-01 -1.905511514365622328e-01 8.453951440623109770e-01 1.002462253469307951e+00 -1.646372427261606930e+00
1.765630658497685523e-01 2.327633242652684398e-01 6.519740662472117698e-01 7.976990137633818700e-02 4.032457798225179690e-01 6.817320927779598749e-01 -1.527925068324646585e+00
-4.589784095479499532e-02 6.870300496711394533e-01 1.037663278298218972e-01 2.835232244990629202e-01 -1.970998943893128019e-01 3.017524223761176017e-01 -1.185680776774225897e+00
-2.942431901843476916e-01 1.076641214698473181e+00 -6.605823594532708176e-01 4.225678022761942265e-01 -8.212418708759298136e-01 2.738792659441927763e-02 -6.917019401445692051e-01
-4.650371409246922272e-01 1.293897212383539719e+00 -1.475994125434266557e+00 5.341954342522443611e-01 -1.296871697592093309e+00 -4.958294967154816546e-02 -1.696895104773873397e-01
-4.645231867486334654e-01 1.280197829418335154e+00 -2.025266496875854028e+00 6.480034905797442679e-01 -1.487185931761997537e+00 2.226932134738513359e-03 2.491940297591377640e-01
-2.649916506311244535e-01 1.033377403360943747e+00 -2.004143030533866110e+00 7.579749095520673663e-01 -1.310782780481498433e+00 2.660753052207329161e-02 4.517940999975337824e-01
4.664914680494060967e-02 5.549432870660078176e-01 -1.273945820152446506e+00 7.708158215394066426e-01 -7.573666244021467486e-01 -7.890558925269540447e-02 3.862998468711222877e-01
3.240531722447728691e-01 -1.105804693607709277e-01 1.007204366469226968e-03 5.515349259190043263e-01 3.626579356614432342e-02 -2.869884474169168698e-01 1.330472503313175903e-01
4.726851255190735457e-01 -7.941059521818153444e-01 1.358107200557743255e+00 8.346131012270895100e-02 8.269432463080005347e-01 -4.708249129468878857e-01 -1.456116722497850235e-01
4.940481990072477236e-01 -1.289322810306080758e+00 2.341432141610769957e+00 -4.847660220630947148e-01 1.448074887172813296e+00 -5.056256021336136275e-01 -3.637335144005376941e-01
4.639458824583003183e-01 -1.491598800317116780e+00 2.791948280397480886e+00 -9.460196842409805962e-01 1.864102274664284797e+00 -3.623858523394952735e-01 -5.490518414080859388e-01
4.701928741689105351e-01 -1.382537710199842174e+00 2.783131331458398527e+00 -1.129072330883076347e+00 2.075258463824236177e+00 -1.180521360243687867e-01 -7.444551616863380739e-01
5.403921167705721951e-01 -9.778023702875685563e-01 2.421184960686011856e+00 -9.468064907636041250e-01 2.067244152711621652e+00 1.164667811250944540e-01 -9.401028932793155102e-01
6.223273288213168053e-01 -3.628098561642164044e-01 1.805089849175401273e+00 -4.437055133628187154e-01 1.840250018691863776e+00 2.715027489203393207e-01 -1.081208666427394105e+00
6.304846744929161195e-01 3.010361176207298484e-01 1.058191458438930699e+00 2.134104261064014574e-01 1.449141068450235492e+00 3.413153846486862708e-01 -1.120645203168679993e+00
5.168528680474944181e-01 8.584070205642991835e-01 3.058772589477595782e-01 8.363978293304100697e-01 9.934782940280576513e-01 3.578617257898064064e-01 -1.062561792517991321e+00
3.011990792092580360e-01 1.211781667652349626e+00 -3.307519417403900763e-01 1.303515805185155196e+00 5.577625449107669331e-01 3.387988541740012960e-01 -9.417884748389598881e-01
4.471101976503517178e-02 1.321714414434734808e+00 -7.248780355519027774e-01 1.571771905759190568e+00 1.803107041916965081e-01 2.593488177779591508e-01 -7.873715438321637894e-01
-1.894047898794680995e-01 1.219546211820555559e+00 -8.026399114045029703e-01 1.652211110895744461e+00 -1.296181679771859496e-01 8.180907672074662351e-02 -6.253199369380129102e-01
-3.626044990503646259e-01 1.001421908836266139e+00 -6.173707219323510964e-01 1.573680514508271289e+00 -3.699959468862211165e-01 -1.862248316769228029e-01 -4.874724989900701133e-01
-4.649868484024180515e-01 7.804682991807326831e-01 -3.423522487973348905e-01 1.361923158312205340e+00 -5.364469231182231734e-01 -4.560201347694584628e-01 -4.023887967120809983e-01
-5.083756915496779882e-01 6.233439253772955491e-01 -1.813444919120848209e-01 1.037238438548046648e+00 -6.365942388000631613e-01 -5.870256544034495594e-01 -3.721264231797243305e-01
-5.284104976888152061e-01 5.071548728005514928e-01 -2.500250821166168369e-01 6.170837337708812154e-01 -7.033654494491524689e-01 -4.725895873955399118e-01 -3.572705562115712219e-01
-5.587500014597924780e-01 3.702988658130907385e-01 -5.229108358934690948e-01 1.555843256405433639e-01 -7.597240240785672061e-01 -1.008368161879296260e-01 -3.237899166655418548e-01
-5.829852691220136496e-01 2.253027643747105846e-01 -8.995450160118366734e-01 -2.162992743024398368e-01 -7.774292743323382160e-01 4.621949357268024805e-01 -3.211991653610420383e-01
-5.566975517074108648e-01 1.633691747400668748e-01 -1.293753275787205004e+00 -3.607220235965483135e-01 -7.116494903452103005e-01 1.110488378125690456e+00 -4.489091278091338344e-01
-4.844269331356664265e-01 2.352735454217627642e-01 -1.648257232125336369e+00 -2.538319729380114076e-01 -5.676248564885012504e-01 1.713514919780687817e+00 -7.184847691800827496e-01
-4.299594918950540023e-01 3.874631105314069179e-01 -1.919381283277439509e+00 5.114478737962982816e-03 -3.977439701034959363e-01 2.153894979490041273e+00 -1.007824765756081042e+00
-4.458798171936902421e-01 5.236623462677743035e-01 -2.084202597005762936e+00 2.787049989522121241e-01 -2.590972465996678742e-01 2.376690312950829664e+00 -1.157017512445142726e+00
-5.183475682905690496e-01 5.814962076729253138e-01 -2.132060861378090699e+00 4.592559623838801119e-01 -1.992677707843028001e-01 2.382565376643062560e+00 -1.077375699221651661e+00
-5.751036229934528565e-01 5.535342155886012749e-01 -2.034603357253353284e+00 5.106344063554740798e-01 -2.441129518040505153e-01 2.184409453391692679e+00 -7.964777452134865765e-01
-5.289736089251464435e-01 4.920713647739800578e-01 -1.765024043796239450e+00 4.947996949695435132e-01 -3.730467651060627166e-01 1.797427196932144478e+00 -4.374996329314457810e-01
-3.335146078607060804e-01 4.855775593337187668e-01 -1.354959309892789010e+00 5.174262792294417324e-01 -5.232400552413636330e-01 1.264976635541017025e+00 -1.440625297217089096e-01
-2.419728911443188094e-02 5.732890708779783129e-01 -8.934912727462326343e-01 6.079144574906730769e-01 -6.227763468286974247e-01 6.787290677353053914e-01 3.638296814639342160e-03
2.932603901001775148e-01 6.817807642911419830e-01 -4.716339387158544061e-01 6.769368153815313871e-01 -6.156136657822708358e-01 1.709522044289738807e-01 2.339597345872074935e-02
4.972836855295761360e-01 6.603020639688168547e-01 -1.293845321198255349e-01 5.931607894045010099e-01 -4.638476695405155392e-01 -1.266122670164523678e-01 -4.763029654894408021e-03
5.145861158365933052e-01 3.792882071159860424e-01 1.798180565400638309e-01 2.951850096232577769e-01 -1.344009476164760020e-01 -1.392746266427456470e-01 -2.705664745021116313e-02
3.699410549199650400e-01 -1.620062194562737201e-01 5.410054415144440743e-01 -1.354030062694658865e-01 3.740067719771379418e-01 1.085347108158316309e-01 -6.203597523491571897e-02
1.765813133189182427e-01 -7.972960508173154714e-01 9.571440951123670882e-01 -5.110753705477882880e-01 9.640488151182370347e-01 4.925788280192598956e-01 -1.381391850376520736e-01
5.288043377568177328e-02 -1.304850286030769357e+00 1.328388755527216469e+00 -6.782439800784427764e-01 1.476578981118835010e+00 8.603243009199934566e-01 -2.402488867155274654e-01
4.293495560242630016e-02 -1.567215386631594765e+00 1.546341241651791654e+00 -6.094055715760333669e-01 1.824276911618299080e+00 1.130096349770159270e+00 -3.488947083183138731e-01
1.217080499771146240e-01 -1.603058019872093620e+00 1.559189448667676059e+00 -3.684506065893844995e-01 2.011323468914226087e+00 1.302422717544360342e+00 -4.634111124585835739e-01
2.498891584477563876e-01 -1.481948791175225155e+00 1.382468766078341460e+00 -3.998486562668461530e-02 2.030614200806443836e+00 1.377855238591118914e+00 -5.622685202303571161e-01
3.906078387175348499e-01 -1.240340592506903983e+00 1.080502580791855793e+00 3.069689747731936813e-01 1.835804077263287537e+00 1.308463520758490262e+00 -5.985242728444385429e-01
4.910312095469682170e-01 -8.683319128244811891e-01 7.128892430563291693e-01 6.233445899951022273e-01 1.422412631008118211e+00 1.050197717996741886e+00 -5.563644064587374150e-01
4.967803757235409456e-01 -3.646661974095385395e-01 2.919571948096488789e-01 8.625622798592568197e-01 8.743012098667409804e-01 6.396869442362790315e-01 -4.756887874442908837e-01
3.987109235794040196e-01 2.132898696031931551e-01 -1.986536130230955599e-01 9.750839481081333693e-01 3.139845417351525003e-01 1.935349713910434755e-01 -4.037737549214681088e-01
2.445331392562714867e-01 7.592858099275583417e-01 -7.353185452269078715e-01 9.351094544867046832e-01 -1.573137688019048686e-01 -1.700350179954347174e-01 -3.583747395684924730e-01
1.003575857997864168e-01 1.165982329513694848e+00 -1.207212351614532553e+00 7.719086588551673511e-01 -4.731695482790457263e-01 -4.031999363987188167e-01 -3.424772972796590320e-01
6.039969430022792615e-03 1.369227642805008971e+00 -1.457366942418467870e+00 5.553405827337234424e-01 -6.165968992829153894e-01 -5.418400230400542972e-01 -3.410015025560477753e-01
-5.001546199109401653e-02 1.346207114695312734e+00 -1.369040048028104861e+00 3.192908040221003052e-01 -6.385120637729990722e-01 -6.636399526719032327e-01 -2.961738200937068521e-01
-1.126404229385542660e-01 1.082706283417966819e+00 -9.295738923818634980e-01 2.799437712297247333e-02 -6.245097602919080781e-01 -8.126689932978204967e-01 -1.235620431003917608e-01
-2.025551840017534855e-01 5.898657452505823295e-01 -2.643750319252564651e-01 -3.365958346878267782e-01 -6.358263490177783472e-01 -9.480370429036537594e-01 2.261996427431594570e-01
-2.901755017599171871e-01 -3.455632837885544428e-02 3.950686462367768437e-01 -6.825903874158236739e-01 -6.786035996361539091e-01 -9.696465237747651233e-01 6.949114445057728018e-01
-3.329055488902485926e-01 -5.839029929933041707e-01 8.043434729121126114e-01 -8.220507323640070529e-01 -6.935135560169832791e-01 -7.798338841188863224e-01 1.092380227319343478e+00
-3.191724754796617103e-01 -8.252044336725219420e-01 8.107363100477285034e-01 -5.931604141193024260e-01 -5.807861638319186115e-01 -3.429114986957635947e-01 1.181054284091310302e+00
-2.461843371990543317e-01 -6.736300361436357020e-01 4.828097437228173749e-01 -3.410897649925213188e-02 -2.865780622708955505e-01 2.242559713067717730e-01 8.525406747416872655e-01
-7.551822425555593243e-02 -2.827564029253383238e-01 1.125998914017759117e-01 5.750909736730868138e-01 1.298385043083687407e-01 6.548933296746822785e-01 2.418114815457567679e-01
2.300156436794074943e-01 9.230074370307515819e-02 -3.353272466190877071e-02 9.185981228003168297e-01 5.298110043922934498e-01 7.386972405599938618e-01 -3.862787746392652433e-01
6.505527007251203919e-01 3.062884552885138389e-01 1.077000217625347644e-01 8.903614124573862032e-01 7.852871368788042483e-01 4.634895848578642896e-01 -8.557531947529046779e-01
1.119955543828815125e+00 3.787891016095742969e-01 4.825148072066962612e-01 6.107191537962007866e-01 8.430616250924861665e-01 -7.837012022869377370e-02 -1.136589870674322045e+00
1.548775480620930844e+00 3.935126498964940933e-01 1.013992122063458678e+00 2.514180639904910475e-01 7.190694226457026161e-01 -7.887468440605748254e-01 -1.251435792515865009e+00
1.843886464336204511e+00 3.958859273024182834e-01 1.589956225104225407e+00 -9.942945617160425797e-02 4.477537325739117668e-01 -1.553599434231487386e+00 -1.202722904205059118e+00
1.953386687139421207e+00 3.784389454344992409e-01 2.067829696422123220e+00 -4.273594887447384472e-01 5.639113991107011503e-02 -2.242587811569069611e+00 -9.711258223977983217e-01
1.895675768534184069e+00 3.164538343937952081e-01 2.346980868213301541e+00 -7.205212500125819375e-01 -4.260732592473626124e-01 -2.766443939338145697e+00 -5.494067152650571328e-01
1.742718533909661804e+00 2.166377213919533640e-01 2.419104674012646949e+00 -9.266193616421749546e-01 -9.592746831895844206e-01 -3.125704669011136971e+00 2.164999108392544336e-02
1.576597807997600409e+00 1.555253364571296260e-01 2.323177641471820376e+00 -9.667010423105548700e-01 -1.489722977165188977e+00 -3.384491069588650536e+00 6.433717546308848068e-01
1.436817370184083842e+00 2.305685495670527219e-01 2.086853715012969790e+00 -8.000380456636922988e-01 -1.948825467618227059e+00 -3.585279030959795055e+00 1.191685241958349017e+00
1.301097966677658979e+00 4.593628750436973274e-01 1.722343001678640961e+00 -4.628162292653086318e-01 -2.267129910507565516e+00 -3.700071619224559516e+00 1.576931198878610774e+00
1.126365918463572369e+00 7.572305920104189791e-01 1.236978451028908799e+00 -4.536185947150620651e-02 -2.416952759877685430e+00 -3.668447099920204568e+00 1.791729818902626503e+00
8.994362706096744597e-01 9.982983973428823932e-01 6.541114609677530778e-01 3.502725252357707375e-01 -2.415837468449606895e+00 -3.452471141071264071e+00 1.884257570943851601e+00
6.574771298229962202e-01 1.094490536679195714e+00 4.722499862950704091e-02 6.681795171380983112e-01 -2.262034368139710594e+00 -3.049460185083832542e+00 1.860288026397779904e+00
4.728921603658034489e-01 1.047350593925553630e+00 -4.697361629464431032e-01 9.298922758388021848e-01 -1.913788441312015864e+00 -2.492088433930069957e+00 1.642454879090507580e+00
3.916713360333229366e-01 9.159246020766976804e-01 -8.030927270697685305e-01 1.157818620588933145e+00 -1.372594699738628243e+00 -1.853466041421877097e+00 1.177413410490307344e+00
3.702321257470853055e-01 7.211762863863588890e-01 -9.195440506859334784e-01 1.266519511585103341e+00 -7.505152759163831178e-01 -1.226807440123456994e+00 5.658686386773298382e-01
2.991909267671027939e-01 4.232445236583127213e-01 -8.521034893399970223e-01 1.091112701709234800e+00 -2.208116939653403110e-01 -6.764162425826645286e-01 2.830388154191332273e-02
9.926916043062106176e-02 -7.606567606266422324e-03 -6.909661294423498079e-01 5.385031370592934241e-01 8.990969285639517639e-02 -2.014817313099059037e-01 -2.528599385612831929e-01
-2.204405388955928691e-01 -5.511914214775818222e-01 -5.196024994105266082e-01 -3.180754781758947103e-01 1.728783608738728994e-01 2.449577374563832455e-01 -2.441767614036217393e-01
-5.710903501711058761e-01 -1.131556919938371486e+00 -3.575434892438199008e-01 -1.264878549342101310e+00 1.226744215851887088e-01 6.878212738287288186e-01 -6.068879620896931726e-02
-8.290972503471978339e-01 -1.616733491050329263e+00 -2.020200573679663825e-01 -2.045153843528562998e+00 4.766740420031418540e-02 1.085330012851012160e+00 1.333221592975569192e-01
-9.166565801838683081e-01 -1.898764554877719002e+00 -7.093201461274475927e-02 -2.504680404482686473e+00 -1.424538575770950381e-02 1.354761467956146381e+00 2.599897194371217912e-01
-8.522764918488521246e-01 -1.971488970734764923e+00 8.398690989211877664e-03 -2.658558669733396496e+00 -9.799996651191124342e-02 1.436374205514957314e+00 3.619511503900676441e-01
-7.087920615341690711e-01 -1.878144534099577267e+00 -2.158471207817637145e-03 -2.600274241460583724e+00 -2.507204322407354247e-01 1.336492478359698310e+00 5.071304683289730164e-01
-5.536308488439271036e-01 -1.647131458175137508e+00 -1.419437019264861988e-01 -2.412092972199916030e+00 -4.883856526092545391e-01 1.114862542148376878e+00 7.137961969466690704e-01
-4.303493134528559305e-01 -1.310645346671532430e+00 -4.051251271531399745e-01 -2.143107221609639623e+00 -7.931859421437329472e-01 8.390257352427731297e-01 9.587087982921863594e-01
-3.466600009434274710e-01 -9.120556490882493206e-01 -7.197458810077744795e-01 -1.793864372932368667e+00 -1.121627422660923301e+00 5.491075744860420826e-01 1.193199904528245980e+00
-2.737926311874179230e-01 -4.761901280574128426e-01 -9.822933646540153996e-01 -1.348869204948755174e+00 -1.417596038404502323e+00 2.519558009860843328e-01 1.351400762869810368e+00
-1.881838617167857775e-01 -2.271350515631661085e-02 -1.107101392685301278e+00 -8.465177787224641426e-01 -1.632430604118705109e+00 -5.648557630641259930e-02 1.392473278076370669e+00
-1.117183448350365094e-01 3.830321407563722635e-01 -1.049393093609555905e+00 -3.871279254715099816e-01 -1.733995556726462883e+00 -3.609815919836817377e-01 1.346774944061340129e+00
-9.895172185593180403e-02 6.256001245566505942e-01 -8.076787729946842687e-01 -8.514115234161515056e-02 -1.706028545966353560e+00 -6.121910051454817481e-01 1.298402483636911908e+00
-1.972489395919081179e-01 6.010385446583230706e-01 -4.271041440465045413e-01 -2.634788871732673260e-02 -1.555303024404080192e+00 -7.385610453238088402e-01 1.322290050708608833e+00
-4.205529073471925283e-01 2.808466853233573812e-01 1.034818937319656462e-02 -2.272779279097953964e-01 -1.305805296114357805e+00 -6.764872865304253358e-01 1.435256238725274969e+00
-7.375662734604048199e-01 -2.677716459282412642e-01 4.220052532370838216e-01 -5.987885455090359299e-01 -9.639234159497744869e-01 -3.967857532299012280e-01 1.574055660461893602e+00
-1.074342919420699705e+00 -8.922995990338645766e-01 7.475272218319213291e-01 -9.758688862292562716e-01 -5.148534555992505535e-01 7.106751286398098333e-02 1.620095392782226806e+00
-1.351168856759970893e+00 -1.411332670486957541e+00 9.414296023733387253e-01 -1.226257404685601182e+00 2.131607187043810595e-02 6.298491546923962181e-01 1.489633134219360500e+00
-1.534818066413691229e+00 -1.721214601243126419e+00 9.796490360073971670e-01 -1.331184137023759151e+00 5.644997469006678426e-01 1.160081090565797446e+00 1.215709448072543886e+00
-1.635208647070379051e+00 -1.833286841175306270e+00 8.698612225493418393e-01 -1.352224164616531166e+00 1.021982378545744696e+00 1.587655502343370051e+00 9.207919981598804426e-01
-1.651767650978650082e+00 -1.799057193977007030e+00 6.318915438557121123e-01 -1.343017659991773582e+00 1.330574576806539122e+00 1.899562592719611809e+00 7.123058241017347081e-01
-1.557414363881526542e+00 -1.656289651760347592e+00 3.001278786738063586e-01 -1.297674616136625936e+00 1.468379575752212896e+00 2.110334289551663911e+00 6.128655275940303460e-01
-1.323236464603739115e+00 -1.412912650038923301e+00 -5.398568279713135409e-02 -1.135213391614960265e+00 1.474783658924919472e+00 2.228244196060236160e+00 5.464040738134644526e-01
-9.452717243365318378e-01 -1.030457876953145835e+00 -3.458148712647280965e-01 -7.454299925588765419e-01 1.437121704614617856e+00 2.236819026361570373e+00 3.857040098274822082e-01
-4.813537921545023579e-01 -4.922741738630141972e-01 -5.193700743903469919e-01 -1.206196496840593879e-01 1.406357677006028650e+00 2.102439775098539076e+00 8.092794510021768251e-02
-5.533613436395732471e-02 1.079170547180966916e-01 -5.656699708586535591e-01 5.917633786770488680e-01 1.350583803991798337e+00 1.820694124660521718e+00 -2.631902196691620621e-01
2.054287095667639840e-01 6.077513422922559139e-01 -5.263157365962799483e-01 1.202895187264551469e+00 1.212649142120264756e+00 1.453799583395579686e+00 -4.744644471775184558e-01
2.334228982482313974e-01 8.816122618587093340e-01 -4.675143560569890999e-01 1.600625705638208718e+00 9.809482250065456599e-01 1.107521697298711860e+00 -4.542964904927912495e-01
4.273276955774955865e-02 9.040316576840364826e-01 -4.347072091873565580e-01 1.781017434943570787e+00 7.088262365533717357e-01 8.685123503646566823e-01 -2.427618429685898527e-01
-2.854093721250023918e-01 7.530509795461701739e-01 -4.432454901771469835e-01 1.805323111301969874e+00 4.675062583551243267e-01 7.442121321134993472e-01 3.820646499716656014e-02
-6.532898346222520969e-01 5.415199929032948889e-01 -5.009419365472144170e-01 1.709986740324189070e+00 2.699060637382665329e-01 6.556558062700696965e-01 3.165801243140815568e-01
-9.876425631792553617e-01 3.400649785977109540e-01 -6.149871656988419311e-01 1.480685008907761224e+00 7.427017001511160288e-02 5.102898525734655966e-01 6.129033963826092668e-01
-1.237449308121052249e+00 1.632099554126094365e-01 -7.784149230060576352e-01 1.110449534090499846e+00 -1.516099507438107008e-01 2.752264030660918626e-01 9.638875650885092572e-01
-1.362514941518675027e+00 -6.142626226015833642e-03 -9.548614024375611242e-01 6.522615653870359465e-01 -4.014634664504547756e-01 -2.060365911226507557e-02 1.353639777480027728e+00
-1.322670707808106805e+00 -1.560497762462497995e-01 -1.089637876742347800e+00 2.376613613847904649e-01 -6.425406543971649009e-01 -3.317737332153833929e-01 1.691625241425039228e+00
-1.079151384668538549e+00 -1.894212683839074651e-01 -1.150973825995012856e+00 2.455750322856605980e-02 -8.603291139522741826e-01 -6.422228342207653151e-01 1.842558640934225833e+00
-6.397683536992792019e-01 1.656832813684909825e-02 -1.147143256732350070e+00 8.893351244000685663e-02 -1.072480709241806052e+00 -9.480604002662632590e-01 1.693890569516690592e+00
-9.496389295657306495e-02 4.876021777192364182e-01 -1.102930778900476749e+00 3.855216127202301113e-01 -1.263943344185625373e+00 -1.191985672932068585e+00 1.198546886923145705e+00
4.257208709620562415e-01 1.117360446982891942e+00 -1.044412671671736570e+00 7.972859389240256611e-01 -1.373477166554381235e+00 -1.271150239827065986e+00 4.083316202152844632e-01
8.292190891202393388e-01 1.738590870911604913e+00 -1.003051148650446533e+00 1.202132656207123507e+00 -1.375865536411541745e+00 -1.122716402089888765e+00 -5.110652807783266915e-01
1.082149110764371924e+00 2.217599614409456077e+00 -1.008857603885305876e+00 1.530350277523451652e+00 -1.307486095788396474e+00 -7.694358431324850311e-01 -1.353005685925977808e+00
1.178153708128799382e+00 2.494288838195121816e+00 -1.075454935061194606e+00 1.766634166090874425e+00 -1.219212620175427642e+00 -2.983898211854791871e-01 -1.957472429411101889e+00
1.092494789539915079e+00 2.533892129211120281e+00 -1.181605938666858258e+00 1.872781245927536586e+00 -1.152539407657414694e+00 1.807389942522757142e-01 -2.217388098561898335e+00
7.797808161337591581e-01 2.275922622781530791e+00 -1.263722013986213311e+00 1.742735507103922776e+00 -1.124739206141195824e+00 5.745586224997100144e-01 -2.076426253173921044e+00
2.297629175832083259e-01 1.693159458750502555e+00 -1.277186769544266465e+00 1.282455599644203526e+00 -1.122028599364568446e+00 8.301037166942761836e-01 -1.556228042477821871e+00
-4.939294969909830413e-01 8.715654615558664497e-01 -1.260867272409833539e+00 5.147234790405994520e-01 -1.125612742728364202e+00 9.394572745820640725e-01 -7.514148570069935085e-01
-1.270128699587294463e+00 -1.386571890782124263e-02 -1.284837036442250557e+00 -4.032083870285270710e-01 -1.124423074305774817e+00 9.240831033203241729e-01 1.877556898900331894e-01
-1.952451514032252256e+00 -7.623747556969048267e-01 -1.364990006798677102e+00 -1.228221391256579809e+00 -1.102193438238197043e+00 8.061665140324872914e-01 1.064897961638820556e+00
-2.411836932097902952e+00 -1.200775443505705420e+00 -1.461583803452024988e+00 -1.741574096346949263e+00 -1.048345984623658689e+00 5.868693606795732931e-01 1.700822951161204521e+00
-2.588289674723557532e+00 -1.256798256675845993e+00 -1.521563655306494178e+00 -1.873871492323206267e+00 -9.784586223218981749e-01 2.616058476708880143e-01 2.015744392846789523e+00
-2.503888433303046224e+00 -1.001069093438613500e+00 -1.496477230155284888e+00 -1.709661103920978587e+00 -9.080369768492227989e-01 -1.311904808536634159e-01 2.031904850054197187e+00
-2.227035421474278021e+00 -6.093012508952971862e-01 -1.345708583485622389e+00 -1.406573144452211377e+00 -8.427188233342125523e-01 -5.076587350624582884e-01 1.851982888998250365e+00
-1.835297871564204986e+00 -2.807924675326223252e-01 -1.053956967107466891e+00 -1.123079127649460052e+00 -8.075143541465565900e-01 -7.898002387870238783e-01 1.636295194730569724e+00
-1.387137204593525963e+00 -1.512326428910419629e-01 -6.342129589686918978e-01 -9.372555901894065178e-01 -8.047897358571381998e-01 -9.273979501881245424e-01 1.488758961357328658e+00
-8.963128679705752999e-01 -2.317238467596262619e-01 -1.083889406311980691e-01 -8.118013318605485917e-01 -7.594762788178200941e-01 -9.036821358653275293e-01 1.366407353823513526e+00
-3.460484766859536210e-01 -4.269187274865263726e-01 4.942261376373034421e-01 -6.647524273279358242e-01 -5.773003116474969554e-01 -7.532735831016327266e-01 1.162057373205916067e+00
2.594869304525756482e-01 -6.274497521718396253e-01 1.126564612925461617e+00 -4.600673236158391854e-01 -2.328448000831719045e-01 -5.487182204448656231e-01 8.341250919584237700e-01
8.697697802509490872e-01 -7.786109497897070186e-01 1.726815981885237550e+00 -2.264197096597838910e-01 2.248229818476331077e-01 -3.558873619395748755e-01 4.294966597670525910e-01
1.403286754571333672e+00 -8.701153722165925197e-01 2.223780845374526471e+00 -2.103815104559680210e-02 7.155350379831736385e-01 -2.014805034648969317e-01 3.225562087279422452e-02
1.768330787479004407e+00 -9.011522552781001671e-01 2.539078409358282329e+00 1.090318934509328236e-01 1.157191645980471639e+00 -6.984344835150006758e-02 -2.810993391067105329e-01
1.885251586555252379e+00 -8.723526615262657824e-01 2.607713697766582239e+00 1.526851173148004170e-01 1.484887671789382635e+00 7.118596388256465124e-02 -4.621870618056884150e-01
1.722758602046466025e+00 -7.804404082236254814e-01 2.410513955914569184e+00 1.471553733421928079e-01 1.682666767737617919e+00 2.381302470089644852e-01 -5.128508057973724110e-01
1.320788400165991971e+00 -6.172249333951398409e-01 1.991726719554514746e+00 1.592962717687550767e-01 1.800918268292996949e+00 4.263864528235286055e-01 -4.989372166883784820e-01
7.691034123111931686e-01 -4.141895890393331170e-01 1.457862000762473409e+00 2.221028269964116231e-01 1.905323057924300123e+00 6.076861462146229131e-01 -4.905182024595682311e-01
1.728053612110181658e-01 -2.560262203537190806e-01 9.368025040493421773e-01 3.021754187175027528e-01 2.001233651929606783e+00 7.258218689392395007e-01 -4.904115876782131900e-01
-3.612380050421105104e-01 -1.986280115108148003e-01 4.999018839510770973e-01 3.582999195815719795e-01 2.030697818172173097e+00 7.391306013128439156e-01 -4.699563247779398600e-01
-7.410339475343656890e-01 -2.182874783167873256e-01 1.359429100762376275e-01 3.849433622823790202e-01 1.925334732337933286e+00 6.651083485533146877e-01 -4.257541960520587199e-01
-9.152587205039308671e-01 -2.628467770658045044e-01 -1.854554130421397495e-01 3.959806440243356929e-01 1.658164639459926981e+00 5.643202969104731404e-01 -3.737844612805375499e-01
-8.787391068156777951e-01 -2.971823610176761443e-01 -4.544345430979786493e-01 4.272389800354435274e-01 1.273896786968567785e+00 4.964680783043081136e-01 -3.436089145235513564e-01
-6.593794864008560852e-01 -2.922787031172727201e-01 -6.327571714018719318e-01 5.199244805880981479e-01 8.620337148074822542e-01 4.809545017843049886e-01 -3.675927314521585387e-01
-3.064703452472122835e-01 -2.206811982416662654e-01 -6.952506248820345958e-01 6.569192530863902091e-01 4.910001293421644153e-01 4.905234035510611101e-01 -4.468792157376160756e-01
1.127239753988649590e-01 -8.290802467208227555e-02 -6.496570269569672540e-01 7.470201703268394278e-01 1.760209151955887119e-01 4.909482574478344907e-01 -5.393328155271988056e-01
5.144130606271363204e-01 7.819741585099874992e-02 -5.308663489701089810e-01 6.836754645698710497e-01 -9.585420324435245387e-02 4.799720263122761454e-01 -5.810603740261709449e-01
8.149146955897401678e-01 1.919325615448658207e-01 -3.744012120199112226e-01 4.223745877734041976e-01 -3.123432695033147577e-01 4.951292860642312332e-01 -5.318974122397354121e-01
9.737343123603634520e-01 2.008730732927481444e-01 -1.884115957737306779e-01 3.122630129949446193e-02 -4.218195936841964699e-01 5.811019265817460866e-01 -4.167056199550902562e-01
1.024907732577906350e+00 1.158134231578085843e-01 3.962549979318556737e-02 -3.300068223777429810e-01 -3.830260153809261214e-01 7.371379199125033255e-01 -3.171653844481845397e-01
1.034700785566914583e+00 -1.943139886536938456e-03 3.220170200633320490e-01 -5.278953646263463417e-01 -2.035324607753583592e-01 9.098243372605814283e-01 -3.094310905553611102e-01
1.031962669503480923e+00 -1.308096504552619666e-01 6.644720854796549725e-01 -5.707257301300960872e-01 7.855581672955193329e-02 1.042324314883570802e+00 -4.095986684598742489e-01
1.006075389723891211e+00 -3.032909805837634143e-01 1.046305525384758406e+00 -5.715184190584081669e-01 4.357304533958679671e-01 1.129244841849503134e+00 -5.953111989779342750e-01
9.447746187234291604e-01 -5.367551475988425747e-01 1.407993661642069849e+00 -6.188475160063079406e-01 8.621708980310659465e-01 1.219718887045499356e+00 -8.565382601769584436e-01
8.513219627692547586e-01 -8.034293175197124715e-01 1.684693201636846105e+00 -7.156773896665478141e-01 1.336402274236729859e+00 1.355375024471652479e+00 -1.185105776428416746e+00
7.502525018417572911e-01 -1.021276247626571321e+00 1.821225557921204885e+00 -7.702787259173908829e-01 1.789521318444260434e+00 1.513498417270666030e+00 -1.543181976225133090e+00
6.780661052647990461e-01 -1.050793763260003733e+00 1.752271253155274211e+00 -6.282811697652149752e-01 2.115592146934963225e+00 1.607594784606250382e+00 -1.865578910434399162e+00
6.434154581256954497e-01 -7.967709322286390394e-01 1.445801088471411866e+00 -2.201686671223872238e-01 2.203679808108872429e+00 1.528647713566354538e+00 -2.063308935523445520e+00
6.173443295097472694e-01 -3.083360860540905746e-01 9.626372088990835518e-01 3.404990019060551987e-01 1.990161029124968062e+00 1.210459024768827163e+00 -2.048137422451951295e+00
5.824932193139094050e-01 2.693287169155246796e-01 4.188966280788904983e-01 8.753804731614267531e-01 1.510381751935595318e+00 6.912299377001873690e-01 -1.791040699873957642e+00
5.461601128618138734e-01 7.547569138436355241e-01 -6.796355378345210474e-02 1.269121214770258188e+00 9.019716128130743638e-01 1.248311855905418627e-01 -1.347503263423627695e+00
5.093144565310224747e-01 9.792779891484957311e-01 -4.011336721247105164e-01 1.473781770109936051e+00 3.535599105510552898e-01 -2.870918785158872444e-01 -8.428950524711784631e-01
4.738259502991390981e-01 9.205105349760863698e-01 -5.662689921067668442e-01 1.509710165560269601e+00 1.986202155752466586e-02 -4.044259877641525058e-01 -4.419938579311671889e-01
4.518050602316344699e-01 7.354529256541473270e-01 -6.526179794865873962e-01 1.446580681072520358e+00 -5.471033900612316120e-02 -2.131183044963632089e-01 -2.828828730071300535e-01
4.389254665956627832e-01 5.843028260573048804e-01 -7.306732671797506740e-01 1.306556843820834368e+00 4.821124645433254308e-02 1.656160795155533216e-01 -3.816738289729305067e-01
3.991524574598398489e-01 4.817917846379088376e-01 -7.539494544124412112e-01 1.022498060449731572e+00 1.888589456847813985e-01 5.327652614246239926e-01 -6.016300159444668560e-01
2.794186202250706907e-01 3.467205155831624697e-01 -6.451182497484112544e-01 5.419008012519976880e-01 2.706795517977004795e-01 7.487932469099120025e-01 -7.656692137190433955e-01
4.358597155518917354e-02 1.358006209715158508e-01 -4.110692494135983477e-01 -6.369908669911840404e-02 2.593069010979063838e-01 7.866093242558893639e-01 -7.760114924255758773e-01
-2.987601015163499629e-01 -1.020921110994515851e-01 -1.362506676904129410e-01 -6.221286023361393136e-01 1.254315026541063249e-01 6.399202305374195321e-01 -5.971598024344000333e-01
-7.052463291055675043e-01 -2.894513641394612646e-01 9.216820106829956560e-02 -9.845100521578229458e-01 -1.499462873330819623e-01 2.880671131836299304e-01 -2.155109026618310109e-01
-1.134692498226273383e+00 -4.103721062436519462e-01 2.350141266662469364e-01 -1.117594633816719751e+00 -5.085724524113989231e-01 -2.243412804676189198e-01 3.329674163342064008e-01
-1.550332568333783856e+00 -4.983907438113235333e-01 2.722952931536299359e-01 -1.059141592164843049e+00 -8.125345056168071789e-01 -7.460282886101137212e-01 9.416718050715378041e-01
-1.911915037166128650e+00 -5.691620816393154758e-01 1.783064157695422869e-01 -8.355267944468298680e-01 -9.254451719150166289e-01 -1.095846235756326781e+00 1.468059813839897698e+00
-2.180582561668341857e+00 -6.097066152865697752e-01 -2.679644889437472061e-02 -4.693409543262272443e-01 -7.993465090941428430e-01 -1.190260770422596481e+00 1.800973622327076917e+00
-2.308182967787797413e+00 -5.758347474950418210e-01 -2.733746330191226814e-01 6.789838433373396494e-03 -5.078352549890852163e-01 -1.102153009599605715e+00 1.905297094946516223e+00
-2.235071710268198952e+00 -3.975092173264053730e-01 -5.076363822861266195e-01 5.699674795647352576e-01 -1.891093867686316488e-01 -9.914589944529005328e-01 1.805534550711540565e+00
-1.927932658138818534e+00 -5.599082373149117525e-02 -7.006574073758923271e-01 1.178806339229230060e+00 5.582307873923728764e-02 -9.804273751098421252e-01 1.547964879025458984e+00
-1.411690330850214670e+00 3.688506548854508238e-01 -8.317687214690022701e-01 1.739874185441032450e+00 1.929401029157110925e-01 -1.094290223054949385e+00 1.197069723289655441e+00
-7.649855583189894004e-01 7.637351049337407494e-01 -9.124339365406015645e-01 2.150817493199288499e+00 2.123730722824964945e-01 -1.280614197706236412e+00 8.405266096599732784e-01
-9.726244140332734878e-02 1.052762403482637277e+00 -9.763036718668389735e-01 2.362358788221619488e+00 1.077816519798805300e-01 -1.456626000603418181e+00 5.603940852489253110e-01
4.933412920978474392e-01 1.224209799484082595e+00 -1.038634508465132944e+00 2.404275464075173563e+00 -1.032342594653876677e-01 -1.557255272826571169e+00 3.796934521522994377e-01
9.615920599262508528e-01 1.341638878109228328e+00 -1.109955681812564654e+00 2.374407398897252719e+00 -3.667542567754574767e-01 -1.557256367793236063e+00 2.362098428446126053e-01
1.295616664260362816e+00 1.477203703431572368e+00 -1.205634351187235609e+00 2.356125993232018434e+00 -6.134985556149733510e-01 -1.462116861422374292e+00 4.112669260766955298e-02
1.467295511887934722e+00 1.611004404513165955e+00 -1.310331111110571545e+00 2.327660562512064768e+00 -7.846623543371757936e-01 -1.287437851571901160e+00 -2.308705004028302477e-01
1.438355160840230296e+00 1.645140317030802324e+00 -1.376191587276310191e+00 2.181703823121849517e+00 -8.316242664488819880e-01 -1.038931289631553456e+00 -5.323141801636716020e-01
1.201159606780202171e+00 1.494023210562347659e+00 -1.347002344165032728e+00 1.818144802773437707e+00 -7.151691259451469218e-01 -7.167277807927288080e-01 -7.987835152104635350e-01
8.032603744895349118e-01 1.140572147630589006e+00 -1.164789105661460988e+00 1.230644178737074101e+00 -4.262520488803520080e-01 -3.488806910770522185e-01 -9.931158344511422653e-01
3.564673169701478295e-01 6.624694722138297909e-01 -7.972673550466365944e-01 5.607871938609561013e-01 9.395424395543888751e-03 -4.387479022242480979e-03 -1.129131314925259755e+00
9.741727919869868149e-03 2.168130091117836389e-01 -2.782837248477822989e-01 4.238416254475301653e-02 5.407339625881719680e-01 2.323560217321268828e-01 -1.261312671401801921e+00
-1.240479893617111445e-01 -5.351314454367537415e-02 2.983186923462234907e-01 -1.622493432142207981e-01 1.079564427210789157e+00 2.979344314381779935e-01 -1.424785010833421239e+00
-2.330609920073603222e-02 -1.029566159267622932e-01 8.079658117043032606e-01 -5.030826933483170671e-02 1.508079162189871480e+00 1.871568340035787426e-01 -1.596652625038076145e+00
2.535675337022902376e-01 4.031983790306143539e-02 1.117839192115527069e+00 2.865970294394437068e-01 1.730365793047537792e+00 -4.203290295137889626e-02 -1.725604713039175842e+00
6.158916774299181274e-01 3.376381744160067977e-01 1.137062410720468986e+00 7.553416848327749733e-01 1.704907207960155269e+00 -3.229289316813032107e-01 -1.769830702969455549e+00
9.795020711714069739e-01 7.565698284021927789e-01 8.597956987726719236e-01 1.283800098339513918e+00 1.422163055535432319e+00 -6.359556366390135551e-01 -1.699507284642174820e+00
1.271938071674820314e+00 1.248029699870899734e+00 3.498509277114166816e-01 1.789718237897199193e+00 8.916838595982856663e-01 -9.969633965324505853e-01 -1.496755509265984996e+00
1.418499632091396290e+00 1.719288973466893244e+00 -2.829382276415962627e-01 2.166290697903255236e+00 1.774195471318550377e-01 -1.404286519042268866e+00 -1.167777149910292467e+00
1.354702675100054154e+00 2.040979126296558643e+00 -9.036656038595972662e-01 2.301991443302153328e+00 -6.026960805237493446e-01 -1.818669434409496244e+00 -7.259994650128862581e-01
1.060185408002056517e+00 2.096672180725943413e+00 -1.407952181684149595e+00 2.112495179287479985e+00 -1.325574622371477274e+00 -2.166921743045317594e+00 -1.732886078182550305e-01
5.756046149878406570e-01 1.841887101784335679e+00 -1.760988410496970191e+00 1.585925453994509127e+00 -1.885922857745959025e+00 -2.344133813982857806e+00 4.601195693322449598e-01
-5.588969129859855563e-03 1.328407217674588470e+00 -1.967678758659372695e+00 8.122654865487913822e-01 -2.212861655328510313e+00 -2.256489400814170931e+00 1.081739556555082471e+00
-5.656105587529393075e-01 6.835374798595849066e-01 -2.030909947988573272e+00 -3.419984909468427869e-02 -2.290945531387404088e+00 -1.884574918490818707e+00 1.562442059001920569e+00
-1.000143865148568123e+00 6.446639143433399721e-02 -1.950436661406521832e+00 -7.584981081334417619e-01 -2.148199735955025780e+00 -1.294132236242528045e+00 1.775304660093121711e+00
-1.252983298638047804e+00 -4.133993127512992638e-01 -1.726539787877971799e+00 -1.239818778211364103e+00 -1.841532911357437463e+00 -6.012900942990259123e-01 1.653972572193571633e+00
-1.330473942203701077e+00 -7.281078421060992456e-01 -1.363842530177201473e+00 -1.488774187486091360e+00 -1.455198293269974741e+00 7.303818941246453811e-02 1.251440055190487399e+00
-1.275344638169827682e+00 -9.206160154199601875e-01 -8.942696360370109288e-01 -1.599290182004508010e+00 -1.064390475774241951e+00 6.508304453487580021e-01 7.112504318009019721e-01
-1.124791605101098879e+00 -1.040239233952064524e+00 -3.682489043460776545e-01 -1.651023223284117547e+00 -6.938422405364771395e-01 1.101894366744302411e+00 1.843728760666945854e-01
-8.916347695763554571e-01 -1.119029953156575941e+00 1.866278885566526602e-01 -1.676831439055739947e+00 -3.507753690998998142e-01 1.380407774090763207e+00 -2.175768126069730635e-01
-5.662392251091035167e-01 -1.148751807465889341e+00 7.672740757095168895e-01 -1.689338308328145022e+00 -7.284020167721763639e-02 1.393331663317188385e+00 -4.417761836188185964e-01
-1.354009043651888677e-01 -1.086501415348427146e+00 1.354158152709508567e+00 -1.683146000051509050e+00 1.003481504178141415e-01 1.087329121876652094e+00 -5.062688935995596218e-01
3.905689589245213145e-01 -8.933918034986784162e-01 1.872918463966163127e+00 -1.616509895526537788e+00 1.712313242526831980e-01 5.454665270271752409e-01 -4.817881292628561352e-01
9.620162514300142353e-01 -5.552326536548473079e-01 2.201808989888365709e+00 -1.431129460561956668e+00 1.846408730684451771e-01 -3.835645999142323070e-02 -4.538312517151151804e-01
1.491072386898858460e+00 -1.021794601065209168e-01 2.250806550424655939e+00 -1.108955112070362681e+00 2.019160401951439199e-01 -4.725858487675287933e-01 -4.872841144387153323e-01
1.886587287855485684e+00 3.971256417782929038e-01 2.025081425714593486e+00 -6.906561880595898373e-01 2.529509388547549475e-01 -6.697858049052869411e-01 -6.057261048410004234e-01
2.097440694760070556e+00 8.939323804208765267e-01 1.589494811829232246e+00 -2.354883223214182808e-01 3.045083357354544384e-01 -6.710003100091810335e-01 -7.898261610533916510e-01
2.099378515015296820e+00 1.353321612648773709e+00 1.027671393493218233e+00 1.779831078712762749e-01 2.888938241773653659e-01 -5.861602159811406532e-01 -9.731273796177722923e-01
1.860871822351953586e+00 1.689450518887363195e+00 4.453935189152353202e-01 4.203753574382839697e-01 1.678812281190620315e-01 -5.032451654902890814e-01 -1.054003190681546132e+00
1.361734073035909987e+00 1.789746751153096449e+00 -6.313891411127350861e-02 3.691966141103659726e-01 -2.844099120511387260e-02 -4.315611207134271154e-01 -9.438759829495312337e-01
6.286281297732724260e-01 1.594771980845047787e+00 -4.531671985783651824e-01 8.531681255054615609e-03 -2.191380819989706685e-01 -3.162961932499147588e-01 -6.234908128451390752e-01
-2.533052661398813021e-01 1.135195089720307138e+00 -7.077289362608469858e-01 -5.295405103569849059e-01 -3.168908903890104711e-01 -1.017293641370075191e-01 -1.785535153792411067e-01
-1.141836652279218267e+00 5.215835548367440122e-01 -8.100211241368003856e-01 -1.007954681744031022e+00 -2.757129852433416461e-01 2.073508984734471483e-01 2.440309479460997799e-01
-1.883572593468857415e+00 -1.281842733565579928e-01 -7.374810247349815606e-01 -1.239914231665317779e+00 -1.240534427890333385e-01 5.346261898077420138e-01 5.545785946816744749e-01
-2.379548147372699152e+00 -7.536465446694721182e-01 -4.968672799293075704e-01 -1.220143624211986300e+00 5.332055017151068887e-02 7.955545063377235104e-01 7.766925692382544710e-01
-2.587657136332746521e+00 -1.309071432016438497e+00 -1.874012548983201853e-01 -1.049636445415499386e+00 1.741026980748239805e-01 9.716939807264612927e-01 9.744872330469569466e-01
-2.495490122932659371e+00 -1.722336296725729632e+00 4.889547811483720141e-02 -7.985181777398989711e-01 2.118415875599053699e-01 1.103942315843751354e+00 1.154174463935850214e+00
-2.121196850312343951e+00 -1.936764594403245665e+00 1.680503881822396073e-01 -5.162908525143786731e-01 1.878951658267697666e-01 1.208167251565185785e+00 1.262271650289883196e+00
-1.527714862030047138e+00 -1.953058810153769143e+00 2.531209484100669371e-01 -3.070323316095514010e-01 1.109498879774560715e-01 1.224271391698561917e+00 1.268031629354704481e+00
-8.155996333711138524e-01 -1.824736334572562679e+00 3.981617342318976016e-01 -3.017214390384375111e-01 -3.262854636433658306e-02 1.083576971901141883e+00 1.208964661976303478e+00
-7.383226660277159015e-02 -1.603163585884738396e+00 5.798672056959315313e-01 -5.335716338023425154e-01 -2.276604894574680016e-01 8.168437772203939184e-01 1.135154773743842993e+00
6.457065734103658583e-01 -1.307941437250814909e+00 6.805619110418645867e-01 -8.853537405158331541e-01 -3.988795550986996008e-01 5.590117075667148105e-01 1.029304596938100058e+00
1.294333462819599490e+00 -9.658218025620599612e-01 6.485201087567110667e-01 -1.187291993684941094e+00 -4.434261551857262007e-01 4.287447228806888777e-01 8.152751348067669435e-01
1.802231516154441548e+00 -6.275876109462104058e-01 5.675676956740873802e-01 -1.339722673227486283e+00 -3.129072943030666853e-01 4.191623915495813479e-01 4.470252582567612598e-01
2.084295025290482162e+00 -3.566256111521681760e-01 5.684635878115297247e-01 -1.349531558160617539e+00 -4.539262534112849939e-02 4.366715131231617697e-01 -3.249086719255461775e-02
2.074740054448759086e+00 -1.991595251103973618e-01 6.944282101564022147e-01 -1.280224649760217215e+00 2.857264157061508159e-01 4.246332830710992101e-01 -5.204308815509528507e-01
1.772796187666464851e+00 -1.367230846058924421e-01 8.410937868191151745e-01 -1.177012427755877111e+00 6.168562927736369605e-01 4.120503157707096631e-01 -9.203158529321185943e-01
1.242807916415249458e+00 -1.122673344310924359e-01 8.604686429755539212e-01 -1.045047095076154786e+00 8.946899045212991508e-01 4.532783756102167771e-01 -1.171864244723008541e+00
5.955213834247834459e-01 -8.787524705154405036e-02 7.047020316738756840e-01 -8.823031800688764248e-01 1.040582612756467684e+00 5.326518913616931084e-01 -1.234267104741325172e+00
-1.206055169711456147e-02 -3.622906561771484235e-02 4.270002841338396693e-01 -7.116429679941728148e-01 9.147923654886367384e-01 5.375321207763071873e-01 -1.065507414658191987e+00
-4.200704556839380266e-01 6.937249208725414229e-02 1.070861304360732069e-01 -5.720773481963628004e-01 3.926301148114281214e-01 3.538193504302065140e-01 -6.551123979422770471e-01
-5.704221842241296025e-01 2.325203653913516799e-01 -2.000935277901449982e-01 -4.711821838381094474e-01 -4.574828106832190544e-01 -3.626447631121736560e-03 -9.522205787023958756e-02
-5.432470755251347372e-01 4.361092009336073327e-01 -5.025995962043293686e-01 -3.637230924160157475e-01 -1.355648892767914226e+00 -3.829110163572192471e-01 4.380636225559667030e-01
-4.655365052668365422e-01 6.522057215455990820e-01 -8.314449139502173569e-01 -1.996486866176636066e-01 -2.024029987415557841e+00 -6.339480461309122683e-01 8.117566722696160086e-01
-4.300531900236936877e-01 8.243524226404449484e-01 -1.138011183183655683e+00 1.510341519063258808e-02 -2.337159913166372949e+00 -7.202023014334453244e-01 1.010816632409994087e+00
-4.889893425403237792e-01 8.767021879086693836e-01 -1.304358957998682733e+00 2.283952841286036040e-01 -2.282389656231629704e+00 -6.775556298866036720e-01 1.083125936655846333e+00
-6.533413148613521626e-01 7.552013843782666713e-01 -1.250383934011466858e+00 3.910539116542269267e-01 -1.899475467376370741e+00 -5.359263990326151861e-01 1.072742809953589838e+00
-8.906181147838676537e-01 4.372394836749277647e-01 -9.840420293828943121e-01 4.627736211886246398e-01 -1.284239572394037188e+00 -3.186215741424934800e-01 1.040191176066624923e+00
-1.129682664732067243e+00 -6.519695968937196107e-02 -5.862419360769667298e-01 4.189684225576147947e-01 -5.786432081971267793e-01 -5.247966013828944676e-02 1.066687139712635624e+00
-1.268731088733496382e+00 -6.836030472003093994e-01 -1.565762578420413498e-01 2.929816945110565451e-01 1.006638265465281956e-01 2.490512347296980067e-01 1.164377614977079034e+00
-1.219081665495054478e+00 -1.302074447004612390e+00 2.563311720178094166e-01 1.726418599823727751e-01 7.257868042186995661e-01 5.725180926273211179e-01 1.222318256445134921e+00
-9.588581518182278662e-01 -1.805212694261397965e+00 6.560031669855478365e-01 1.312072105648067200e-01 1.323892194305843928e+00 8.732690371777971361e-01 1.094921916744997947e+00
-5.319618714428469008e-01 -2.122462227691320535e+00 1.041388669319121663e+00 1.635872888462647223e-01 1.882483181753892065e+00 1.079404047300568159e+00 7.407714392703581563e-01
-1.389474835482748007e-02 -2.236990619546846748e+00 1.378280166795991191e+00 1.868603844953472537e-01 2.316561358057955378e+00 1.128897804289781481e+00 2.565452923580908151e-01
5.038917156405102737e-01 -2.163375676889286670e+00 1.605104307777243555e+00 1.082540930459316569e-01 2.522471148677397856e+00 1.015651524462054756e+00 -2.020844909323268879e-01
9.230120936285336475e-01 -1.930995793755942547e+00 1.663608900513415811e+00 -1.090794964085723268e-01 2.436395092977906796e+00 7.981074463731032687e-01 -5.023230330614428807e-01
1.171928123300509661e+00 -1.574963314820680527e+00 1.546771291524898784e+00 -4.247114862939116442e-01 2.062590430307522649e+00 5.517307458674314269e-01 -5.892517311108630418e-01
1.242278024385741197e+00 -1.116613939175205683e+00 1.305796593315764476e+00 -7.214417681344897915e-01 1.480759893403560623e+00 3.250117290158848760e-01 -5.227239804937651169e-01
1.177821747366929239e+00 -5.709775069946968484e-01 1.007397457501647553e+00 -8.499774923407024119e-01 8.150191284003599490e-01 1.361121825800755414e-01 -4.356640786573652280e-01
1.029276640257396735e+00 1.289401596977893423e-02 7.049714260967347990e-01 -7.181633219642705734e-01 1.889327807620292954e-01 -1.194245825368261092e-02 -4.335781792213661556e-01
8.330578289655073965e-01 5.452704652186700640e-01 4.392462231820241092e-01 -3.513919704363324126e-01 -3.096202579695403467e-01 -1.304268511126334129e-01 -5.285239204959027992e-01
6.121591158429281476e-01 9.338707766367888574e-01 2.321961574944998441e-01 1.116012010554299633e-01 -6.663323685362518844e-01 -2.499401518612144046e-01 -6.377788293113180185e-01
3.687478350837894436e-01 1.117365382978953381e+00 7.992699490395055451e-02 4.796510064881269741e-01 -9.207589967307997503e-01 -3.858078167438021011e-01 -6.510250592036127548e-01
8.897847838762966421e-02 1.079516608917894471e+00 -3.304996826520400360e-02 6.080467630012673652e-01 -1.077506071437863922e+00 -4.897335678483386578e-01 -5.271325123255060641e-01
-2.194859744525886613e-01 8.654702021839473236e-01 -1.162848370696540207e-01 4.880645944957487936e-01 -1.074629249069710468e+00 -4.723467635806385401e-01 -3.415166027262138693e-01
-4.978347080740295749e-01 5.871173533596152350e-01 -1.681678214913916170e-01 2.467968692569084410e-01 -8.646311536023574273e-01 -2.961128150540547899e-01 -2.392759630804035254e-01
-6.706337824360204536e-01 3.645916937592800222e-01 -1.780564465291388232e-01 1.951380595270451462e-02 -5.025259551988189299e-01 -3.035085892331440202e-02 -3.134549633522204504e-01
-7.142573965978079586e-01 2.312987843408519650e-01 -1.269705670505220096e-01 -1.839850354851338687e-01 -1.231074377359361177e-01 2.008367670471793986e-01 -5.202013538141679883e-01
-6.678383834857345436e-01 1.129973478095709499e-01 1.124273278724558824e-02 -4.622097251980140653e-01 1.659822818422522217e-01 3.150081020581327329e-01 -7.208308379180928815e-01
-5.835013626984815183e-01 -9.717915687582359685e-02 2.452439855103928645e-01 -8.972214107693990970e-01 3.471217211881391096e-01 3.199541639956623440e-01 -7.881679700894290708e-01
-4.935472726675533828e-01 -4.614684021749591025e-01 5.340672504792631781e-01 -1.468856202503184161e+00 4.675210633469846777e-01 2.959384020420979255e-01 -6.717296770851620691e-01
-4.105337315122776776e-01 -9.658908462703226228e-01 8.012129553651365921e-01 -2.042798869647278970e+00 5.856795878501390717e-01 3.378404042287289633e-01 -4.122002889291309646e-01
-3.196030433706292251e-01 -1.498890538116355309e+00 9.817277087098239541e-01 -2.411982102251417182e+00 7.214258088782218303e-01 4.796938266080285618e-01 -1.269406178630196613e-01
-1.910795474609132960e-01 -1.876573205410863698e+00 1.047805099712896260e+00 -2.411485492226655314e+00 8.140524651565411718e-01 6.464337864488924890e-01 6.664222970816821578e-02
-4.206379161136875738e-02 -1.964520151501015111e+00 1.006610296407108862e+00 -2.047406396088236491e+00 7.505520532556313462e-01 7.068666994313106411e-01 1.478229572582765161e-01
4.751831276564722623e-02 -1.761817868145331811e+00 8.653035764007455111e-01 -1.483705993827044045e+00 4.750438833185403054e-01 6.002948409110472339e-01 1.862239915037098015e-01
9.441798425211284096e-03 -1.348235071408498298e+00 5.920765428684208187e-01 -8.977845472106995572e-01 5.732546405454000404e-02 3.907566530533666538e-01 2.542870673363552547e-01
-1.499072491117642292e-01 -8.167088013835342997e-01 1.723298698081022762e-01 -3.829755413731447122e-01 -3.415858181393774951e-01 1.966751424759095868e-01 3.626240815708227649e-01
-3.545756919044092959e-01 -2.479134417090199383e-01 -3.049392476046449141e-01 5.625530532858572658e-02 -5.704922484015862993e-01 8.142874081166588673e-02 4.532520995995264479e-01
-5.042370381277391234e-01 3.095167502131662696e-01 -6.914440006088317103e-01 4.548599158504930129e-01 -6.021669620226888231e-01 -4.672615548243401820e-03 4.624215999840082247e-01
-5.326021975699479771e-01 8.173694547781950037e-01 -8.888680820527891102e-01 7.992357818976876249e-01 -5.369991866295292793e-01 -1.709767672354947088e-01 3.845045079793293352e-01
-4.345125353342167984e-01 1.227587368989944583e+00 -9.081505581971209828e-01 1.025070344217084539e+00 -4.785967826098669331e-01 -4.567238157090384720e-01 2.518852466623403008e-01
-2.386291208185384038e-01 1.526493298993876202e+00 -8.648726470934462451e-01 1.124360381974169654e+00 -4.661882619539040595e-01 -7.865882335249225754e-01 9.825745975084414219e-02
2.892210479345430282e-02 1.757333225640061336e+00 -8.812536872782179564e-01 1.178601027975523685e+00 -5.179600513699553765e-01 -1.067955227534325147e+00 -4.758885732160510890e-02
3.507256308033122605e-01 1.973291081094776356e+00 -9.680309743085000473e-01 1.281177194852805012e+00 -6.585533651879835748e-01 -1.284710055498970549e+00 -1.787968593760737024e-01
6.964133008106905276e-01 2.174549949529067661e+00 -1.023097029885899234e+00 1.441324137736105460e+00 -8.974459856144376690e-01 -1.483476631213782593e+00 -3.008530166828952135e-01
1.009631541626312856e+00 2.292187742919641558e+00 -9.422732233731598850e-01 1.551155152599843934e+00 -1.206534433433320785e+00 -1.694917158473714380e+00 -3.925957446060959755e-01
1.240238376409860788e+00 2.260657753015843152e+00 -7.343969415423676761e-01 1.491168011240400215e+00 -1.508929556143373540e+00 -1.870840872274056377e+00 -4.250234853698222626e-01
1.372646773199397652e+00 2.086626522927662819e+00 -5.121810076455076688e-01 1.259958013496764284e+00 -1.685992427364342072e+00 -1.895512066825961517e+00 -4.196793277202760519e-01
1.415215529533207839e+00 1.836788668127277147e+00 -3.695001787466485887e-01 9.709648369782324373e-01 -1.641376245500626441e+00 -1.691466166234361301e+00 -4.425596493482599203e-01
1.389124608481890899e+00 1.599455591135696020e+00 -3.139015289783043672e-01 7.566094023685462355e-01 -1.396178614099673476e+00 -1.322422651359038248e+00 -5.302284948390771913e-01
1.304276512514266129e+00 1.413959287955517174e+00 -2.902722028112473263e-01 6.573462772082319105e-01 -1.080990053561019293e+00 -9.460658997815918347e-01 -6.418086335079398186e-01
1.140359337228748382e+00 1.219419133451280945e+00 -2.291959785712453512e-01 5.862040905977259353e-01 -8.133907899172531097e-01 -6.729737916617253290e-01 -6.863966719684743145e-01
8.880047207843410062e-01 9.319061906677134077e-01 -1.086116369681694727e-01 4.397052315735352490e-01 -6.135124220284197127e-01 -5.048463057280625499e-01 -5.963504645886935629e-01
5.837519220983239387e-01 5.409789874742866322e-01 3.095795703081518496e-02 2.169072743444317997e-01 -4.276216737166975701e-01 -3.789021002805605942e-01 -3.786160538584358304e-01
2.803783308699853705e-01 1.037963272602246967e-01 1.431308284824150123e-01 -1.161901792945938504e-02 -2.222583074244235402e-01 -2.546765560046393984e-01 -9.099906625927899062e-02
8.824670190789675461e-03 -3.024118919542133632e-01 2.154785327803012684e-01 -2.090282266419297430e-01 -4.945329848006268375e-02 -1.621400051300170564e-01 2.106697982588083828e-01
-2.298978293234225923e-01 -6.212505017769541782e-01 2.583201393276350899e-01 -3.968951037086040912e-01 1.243962958224893896e-02 -1.436655173094068816e-01 4.779448179765916627e-01
-4.451797680550659830e-01 -8.414606013510919080e-01 2.769091280811594724e-01 -5.905115766471735750e-01 -4.151187357794482169e-02 -1.696476662854330408e-01 6.632344889960214429e-01
-6.231073950791690130e-01 -9.819386858299916643e-01 2.537982248257346640e-01 -7.463938545231347810e-01 -1.226857535589167963e-01 -1.417301237269395497e-01 7.371909576350393900e-01
-7.201523505373910172e-01 -1.057612937443719092e+00 1.637111766460708773e-01 -7.769029736599224467e-01 -1.059886460980982992e-01 3.281217089654951680e-02 6.951507648013054430e-01
-6.873667881910212607e-01 -1.043595166073831626e+00 3.752498506676815574e-04 -6.029345962585308527e-01 5.693825783475384844e-02 3.488009704793925692e-01 5.600640909205556461e-01
-5.011990161468993232e-01 -8.794882089808018222e-01 -2.066365173033263558e-01 -2.281227704943522561e-01 2.729764192891913632e-01 6.739391944101197351e-01 3.825200810351241376e-01
-2.092068784453714747e-01 -5.703438350350596986e-01 -3.691105399893098160e-01 1.924817457279718591e-01 4.113522424736480443e-01 8.565666630165701401e-01 2.074690416246517122e-01
6.119456317850320570e-02 -2.561797836333710721e-01 -3.601456106959913250e-01 4.174702856030624298e-01 4.521936586527108282e-01 8.653019350550048561e-01 4.201939430887628724e-02
1.907513202173609923e-01 -1.127784937077648125e-01 -1.145079652662526343e-01 3.069991947427454515e-01 4.858503820586833610e-01 7.972821775366769614e-01 -1.235052107695100709e-01
1.615457357466124066e-01 -2.104193998699896706e-01 2.945850779197864977e-01 -8.441110213229513493e-02 6.112073966313812390e-01 7.874349816157942827e-01 -2.830111588728725369e-01
4.427156550497882148e-02 -4.863498640934532657e-01 6.996391083647747200e-01 -5.723336139533026223e-01 8.696070001175973951e-01 9.331142805067305090e-01 -4.271084851933109605e-01
-7.902151738734954078e-02 -8.037400720648758545e-01 9.524517629061265422e-01 -9.562732204544801551e-01 1.218302924660510822e+00 1.237551596545218402e+00 -5.533286804477635101e-01
-1.634833017258541243e-01 -1.018628521041476942e+00 9.870337333634778831e-01 -1.108358482478830842e+00 1.532065044219083072e+00 1.587220585056182243e+00 -6.411769036734065175e-01
-2.088490753361328944e-01 -1.046262115854622143e+00 8.127101079493308511e-01 -1.004722654827107098e+00 1.672572444406849268e+00 1.826518828088377289e+00 -6.440117181614087860e-01
-2.477783556006426247e-01 -9.069569323498172242e-01 4.998225207325490138e-01 -7.001213104418698707e-01 1.592146870841965711e+00 1.872821893943568572e+00 -5.257461031036777532e-01
-3.140749850797704412e-01 -6.880778607275493952e-01 1.474466841841630960e-01 -2.784724637690739746e-01 1.351965282743194274e+00 1.745831959011051593e+00 -2.977277601266091200e-01
