-5.889376616556561972e-01 -3.662598504685067313e-01 6.670649721470908733e-02 -3.405676536937897181e-01 9.836408745517629670e-01 1.136453711242937814e+00 6.978236014014290722e-01
-5.654363813412444095e-01 -2.358788537772753824e-01 -2.320682726859845391e-01 -2.250282208404617845e-01 6.609244904028411804e-01 6.083960373845719305e-01 4.077396258158845765e-01
-4.011168880461536412e-01 -1.173429011872387934e-01 -4.924726949016081656e-01 -5.007096204085087487e-02 2.414258822361231016e-01 4.173502588256877005e-02 6.676356175495566647e-02
-1.274948248502797699e-01 -2.401229144051109966e-03 -6.212948533202423684e-01 1.228594023374705024e-01 -1.826727082948648717e-01 -4.502432946010970216e-01 -2.711317417078287773e-01
1.955599470733222489e-01 1.151488700664474452e-01 -5.621493238705662643e-01 2.382316580302553666e-01 -4.833836890526122532e-01 -7.541554553682495721e-01 -5.447264870003567516e-01
5.016094475762832294e-01 2.167803872819642208e-01 -3.399469717122985957e-01 2.868172610967262282e-01 -5.740707727267757576e-01 -8.207628148100423182e-01 -7.051902580035211976e-01
7.233551359267080816e-01 2.621964475933626915e-01 -2.503174329051304631e-02 2.822208633359556962e-01 -4.510992775192686488e-01 -6.632287743935078028e-01 -7.236492552828728275e-01
8.260814199115593670e-01 2.099680253053465284e-01 3.151927171847552778e-01 2.324451838625973821e-01 -1.585102711127763797e-01 -3.178852734649833534e-01 -6.073392242087713999e-01
8.414418984639634447e-01 3.233184319659532929e-02 6.193813451750607157e-01 1.552486862465331796e-01 2.592506999799240042e-01 1.617828094331944799e-01 -4.080708489410365125e-01
8.254460943433339359e-01 -2.705919048916494152e-01 8.238055586494247295e-01 9.368532396400559847e-02 7.460928528159325168e-01 6.872765236194079419e-01 -1.893693459679183511e-01
7.831234252389049910e-01 -6.524195669413246357e-01 8.797798859720350473e-01 8.628688577039392293e-02 1.201931379600418071e+00 1.144501500287865348e+00 1.900470757911547348e-02
6.723406876944502120e-01 -1.024704821048317172e+00 7.808679044221578103e-01 1.261393570263221742e-01 1.507456414203981687e+00 1.436345339855722658e+00 2.219488265370571367e-01
4.784987672033198525e-01 -1.291741252456842792e+00 5.641089319892139686e-01 1.674600661339815943e-01 1.590292054801744737e+00 1.514427669385017161e+00 4.194533950871036643e-01
2.353278879882699792e-01 -1.386955434711327984e+00 2.872388556072179577e-01 1.705150407721059136e-01 1.449821100903901927e+00 1.378035132006026675e+00 5.893177846021158128e-01
-4.292023169956803164e-02 -1.282509214672962194e+00 1.343470701199568455e-02 1.316533675043921603e-01 1.121174924053164768e+00 1.066878564005710572e+00 7.073390500927997371e-01
-3.783959535224854509e-01 -9.704973312050327872e-01 -2.042978586792619233e-01 7.240927150940430768e-02 6.463662954791595805e-01 6.517215830827873813e-01 7.459169899771095347e-01
-7.344423546681944082e-01 -4.679605678225729481e-01 -3.547391744404592151e-01 1.585928561229798042e-02 9.751578396640631086e-02 2.055564638231374697e-01 6.496246680292960818e-01
-9.865960465444328920e-01 1.480822779087130059e-01 -4.810761187407157080e-01 -9.648305502186345708e-03 -4.115809209780011413e-01 -2.276267410272063141e-01 3.668169236580683390e-01
-1.052839940258870177e+00 7.718143315468185550e-01 -6.516239253993323377e-01 3.140063829586381416e-02 -7.937517702254586194e-01 -6.429770249491280065e-01 -7.314254195602092057e-02
-9.912582769182763931e-01 1.339514652302546516e+00 -9.037461176880261515e-01 1.410956126698500457e-01 -1.055278455771542667e+00 -1.048299387451589348e+00 -5.447842952436188213e-01
-9.289109753776397804e-01 1.808255340258069443e+00 -1.199337895106669771e+00 2.613957285293487809e-01 -1.255078827672043484e+00 -1.413887126391506488e+00 -8.936549166973126734e-01
-9.293752968689951155e-01 2.095606950624171461e+00 -1.449515671218551072e+00 3.115163749958555495e-01 -1.415989630957807277e+00 -1.667549050251155185e+00 -1.014180472661299737e+00
-9.504249430275854005e-01 2.109520324225482302e+00 -1.582684709201420459e+00 2.387310960266594562e-01 -1.507675934451112587e+00 -1.755241301900275719e+00 -8.827621699978941416e-01
-9.358768771878268611e-01 1.836414946612095811e+00 -1.559083304444040197e+00 3.883110055954866469e-02 -1.507816169937342909e+00 -1.681699748304877229e+00 -5.336010734032685665e-01
-9.101224607663078725e-01 1.378357603618893590e+00 -1.345261233698778591e+00 -2.491993971709246525e-01 -1.447955153672221718e+00 -1.482839653660104062e+00 -2.725614639285132285e-02
-9.186717112694986476e-01 8.961565583250596934e-01 -9.374558058990781761e-01 -5.652477283757997295e-01 -1.378962720014547561e+00 -1.193886293182165215e+00 5.353592456076996520e-01
-9.226313179599519021e-01 5.204532021122475482e-01 -4.198149009037083212e-01 -8.416394563115316974e-01 -1.308031897737127247e+00 -8.648582049556337026e-01 1.008073686004916425e+00
-8.421937610066497770e-01 3.134699372421832497e-01 4.595742356535971462e-02 -1.007686661781901805e+00 -1.199936362670931178e+00 -5.749726740139037284e-01 1.269202499815541563e+00
-6.697140329590829388e-01 2.707390024561870945e-01 3.191225857217417916e-01 -1.016945869865919283e+00 -1.027529825966567945e+00 -3.916830592668030242e-01 1.284725697487642426e+00
-6.697140329590829388e-01 2.707390024561870945e-01 3.191225857217417916e-01 -1.016945869865919283e+00 -1.027529825966567945e+00 -3.916830592668030242e-01 1.284725697487642426e+00
-2.663171625624490280e-01 3.770052312549558304e-01 2.402750957502217122e-01 -6.457978131797696975e-01 -4.848975291093553519e-01 -3.141665663247397156e-01 7.394918113163155837e-01
-3.762874257672225303e-02 3.462273358402829793e-01 7.545506810438425138e-02 -3.924832978754747015e-01 -1.242896345989637219e-01 -3.163913448258209304e-01 3.288138118439923319e-01
2.377259784262913400e-01 2.316823243623474804e-01 -4.342460104630294776e-02 -1.759548023140174722e-01 2.399595409585906225e-01 -3.085134677526116254e-01 -8.266376237224261347e-02
4.849503618490197954e-01 1.055267763639212431e-01 -1.022731490315039043e-01 -2.974504228294362271e-02 4.972110244420023251e-01 -2.887832201700292756e-01 -4.832844469698659440e-01
5.891615096471947144e-01 3.443725272378704572e-02 -1.330221858301860738e-01 4.271170264251805682e-02 5.555842868305151949e-01 -2.227255693242204959e-01 -8.648054154169600993e-01
5.170804045862752440e-01 -4.843839270009470468e-03 -1.724706137933243455e-01 8.595589700895797658e-02 4.291128563642511717e-01 -5.662011163007229370e-02 -1.182422032047387050e+00
3.337929348835941279e-01 -1.001528646930642807e-01 -2.459975632980734572e-01 1.982736265543849907e-01 2.136653360688409720e-01 2.082511927774152727e-01 -1.365369560289354300e+00
8.890039266693164355e-02 -2.913738077110432645e-01 -3.569352023653594719e-01 4.912830915446382840e-01 -2.168625812889074175e-02 4.769530225737205753e-01 -1.322567965487082775e+00
-2.556872714493916843e-01 -5.231192269018123397e-01 -4.737622499283423716e-01 1.012331590427200556e+00 -2.829697630952476284e-01 6.103994117420209475e-01 -9.577592444487907919e-01
-7.073671768664422377e-01 -7.016318128844162283e-01 -5.221255216267330912e-01 1.647595475369193263e+00 -5.881871142394434759e-01 5.159796855774092528e-01 -2.796450608596743326e-01
-7.073671768664422377e-01 -7.016318128844162283e-01 -5.221255216267330912e-01 1.647595475369193263e+00 -5.881871142394434759e-01 5.159796855774092528e-01 -2.796450608596743326e-01
-2.898391057998765397e-01 -3.829222088045559080e-01 1.236576501894526559e-01 1.548622373586067358e+00 -6.241216087008548685e-01 -6.218019218809944793e-01 8.708766490550989836e-01
-2.898391057998765397e-01 -3.829222088045559080e-01 1.236576501894526559e-01 1.548622373586067358e+00 -6.241216087008548685e-01 -6.218019218809944793e-01 8.708766490550989836e-01
6.942433065706341555e-01 -1.355673989785681488e-01 4.171386662693561398e-01 6.124710124341379291e-01 -1.028536269277212888e-02 -7.564126837350451105e-01 4.463957461361144907e-01
6.942433065706341555e-01 -1.355673989785681488e-01 4.171386662693561398e-01 6.124710124341379291e-01 -1.028536269277212888e-02 -7.564126837350451105e-01 4.463957461361144907e-01
1.769856324720143093e+00 -1.559801631928076360e-01 6.435267114620381035e-01 -1.323019542199446619e+00 1.178332273451750067e+00 -2.466547711658531317e-01 -5.433546613731021768e-01
1.590332391286238822e+00 -3.684093701308665536e-01 4.506254940091798389e-01 -1.875967761170484804e+00 1.449889860187320911e+00 1.371939249616826728e-01 -9.473773500294426775e-01
1.076269900488858511e+00 -5.360899341308948962e-01 9.382345967957671229e-02 -1.985509843889259551e+00 1.471480275532330850e+00 4.600713852839091178e-01 -1.288830666074544551e+00
3.987855244073534311e-01 -5.673943067381380656e-01 -3.203686434404093841e-01 -1.667862322323610424e+00 1.266989219595313187e+00 6.848350382444351458e-01 -1.532798243087003964e+00
-2.615850662376766889e-01 -4.391570402304804666e-01 -7.244439885342462970e-01 -1.057768412404238578e+00 8.893599988231793985e-01 7.839318381027559068e-01 -1.661038227168656567e+00
-7.925359022564523181e-01 -1.641033552659246775e-01 -1.094409704696959196e+00 -3.472103184930702691e-01 3.970278265193117884e-01 7.319635820964826012e-01 -1.682704497972969948e+00
-1.169020813057798813e+00 2.264303155583831662e-01 -1.393386068706207181e+00 2.949634719813526984e-01 -1.561355292179905097e-01 5.456822563507260915e-01 -1.620301065537668839e+00
-1.373854627595766598e+00 6.816545117760584027e-01 -1.574580384717314763e+00 7.628931666089459052e-01 -7.050563225045194393e-01 2.846315088802160997e-01 -1.512031279417045848e+00
-1.372765703265004689e+00 1.129326009504961759e+00 -1.633858441812912954e+00 1.003025350409379124e+00 -1.180503116731659974e+00 2.992345378902141421e-03 -1.400612149788939886e+00
-1.176504897012598860e+00 1.485625343985017777e+00 -1.603603488521724962e+00 1.002374887877097498e+00 -1.529812234339822163e+00 -2.576250942002843436e-01 -1.308152418999828370e+00
-8.522986063213520147e-01 1.686935597477192461e+00 -1.501641884115426873e+00 7.943155130859269608e-01 -1.721973223270156783e+00 -4.529260104524998609e-01 -1.233493089517517571e+00
-4.577843949743709007e-01 1.719592850272273488e+00 -1.335098098740309158e+00 4.516344886452995921e-01 -1.744878722631252987e+00 -5.632178227631295941e-01 -1.176347692163157932e+00
-1.359755808339273113e-02 1.611224860504137490e+00 -1.136280215639311031e+00 6.423634308297786200e-02 -1.603907865326668958e+00 -6.096109165713908817e-01 -1.155548203395504681e+00
4.478183825755373548e-01 1.397978191826594108e+00 -9.448783050693223551e-01 -2.751177061390913670e-01 -1.322483556478037281e+00 -6.131633911284904981e-01 -1.191704561916871574e+00
8.550360546651608606e-01 1.107202011493032101e+00 -7.619884257856123222e-01 -4.789012236165262615e-01 -9.401909033338953225e-01 -5.624852998594286335e-01 -1.274975837556662217e+00
1.146638410381416007e+00 7.601136464204875098e-01 -5.559531841337871372e-01 -4.831409883332760113e-01 -5.016753505823300374e-01 -4.426148930493923883e-01 -1.365032253900029025e+00
1.309435385515208772e+00 3.782829307475647496e-01 -3.161652500062249738e-01 -2.746529993547431325e-01 -4.922731113671065944e-02 -2.797472763009816732e-01 -1.414719543009686165e+00
1.344400191456602389e+00 -1.757459820691529423e-02 -7.062727398331114514e-02 9.677852490209408465e-02 3.743823385398726833e-01 -1.244829803545201286e-01 -1.380311681769187615e+00
1.236286999656356578e+00 -4.150223039959792248e-01 1.581935463176991352e-01 5.433995590188892555e-01 7.325263382433756520e-01 7.743630195384880628e-03 -1.223412814751118516e+00
9.907180960207099263e-01 -8.042728024630307893e-01 3.747283323089869445e-01 9.802068866799492630e-01 1.005596229703301647e+00 1.337465946237317294e-01 -9.245374842600089238e-01
6.776500712503162882e-01 -1.162709032999202696e+00 5.748189720683677395e-01 1.339431934070879349e+00 1.185763458586706065e+00 2.440786653899343905e-01 -5.034194958999016478e-01
4.004265783218952657e-01 -1.459646485735253574e+00 7.302437675701871633e-01 1.562875182668187257e+00 1.266924278378381397e+00 2.984067827493521730e-01 -1.816036855305077496e-02
2.239683354855560027e-01 -1.675768943856175808e+00 8.232046992061913260e-01 1.605913886711906491e+00 1.242312235266253007e+00 2.715673040156103557e-01 4.661746155371437883e-01
1.546186786823570414e-01 -1.805639265630113011e+00 8.659769166492597980e-01 1.454171030209960636e+00 1.107606799813513065e+00 1.689088155643505285e-01 9.018406192011445555e-01
1.734285986337574526e-01 -1.849319611879735259e+00 8.756466108491841593e-01 1.125444881047239054e+00 8.684853198436277566e-01 7.050470445955862170e-03 1.254372857261268903e+00
2.558842462077023927e-01 -1.812854286685069427e+00 8.532917796195931270e-01 6.545641002002445807e-01 5.462008355753857902e-01 -1.964251144330085297e-01 1.497976647282201146e+00
3.612150443312544534e-01 -1.708737726494391929e+00 7.958176535454536404e-01 8.977475036974538747e-02 1.753135547833781782e-01 -4.217902963499871594e-01 1.626857038331027461e+00
4.343212787074257619e-01 -1.548661626309808081e+00 7.074387096643615092e-01 -4.943817426646451296e-01 -2.004248524044342228e-01 -6.508589918208992353e-01 1.658204533809220838e+00
4.394099765700988369e-01 -1.335348394789429127e+00 5.900678502722634944e-01 -1.003070883923972145e+00 -5.328107894705510494e-01 -8.722908963445075159e-01 1.610624259530947677e+00
3.776445494959869142e-01 -1.057527846467984034e+00 4.326996887606787690e-01 -1.357433024015604284e+00 -7.847620906481057590e-01 -1.086094719621772509e+00 1.488126691995658835e+00
2.614050263947024222e-01 -6.971754021047668060e-01 2.212115474909912283e-01 -1.516981645375109267e+00 -9.475269497894694970e-01 -1.296926061305670563e+00 1.293583396261662299e+00
9.691948545740056153e-02 -2.465149317581345201e-01 -4.640126399502119553e-02 -1.470337576638629296e+00 -1.037689827698249800e+00 -1.500294475379216674e+00 1.041989625833596778e+00
-9.450585882908142665e-02 2.900145702794730274e-01 -3.673283166547449130e-01 -1.235064218199538155e+00 -1.079727176846987380e+00 -1.692072975142629998e+00 7.446777892590366044e-01
-2.713862974958730079e-01 9.031385370269939816e-01 -7.441986120839931829e-01 -8.691504773191754962e-01 -1.096368318833062849e+00 -1.881856089809615495e+00 3.960417072897354229e-01
-4.059510253529619028e-01 1.567304246425007763e+00 -1.163463569713765189e+00 -4.510945451614178925e-01 -1.106928059752010141e+00 -2.072729305394735544e+00 -7.759995671894226454e-03
-4.919775469683566604e-01 2.220638387069577391e+00 -1.572349085943793190e+00 -3.879392131752380096e-02 -1.116943145952322913e+00 -2.235931631060273705e+00 -4.528412984864111368e-01
-5.179459205049953274e-01 2.770077816000600990e+00 -1.907218867744010282e+00 3.381199380298396950e-01 -1.109372014242021587e+00 -2.327507004100019206e+00 -9.157033930875653205e-01
-4.757047049364930280e-01 3.122377278967328085e+00 -2.135273371622270933e+00 6.521807572922545537e-01 -1.058531726892826041e+00 -2.323140567261282374e+00 -1.365855395671830452e+00
-3.924403139571523980e-01 3.211676506843240020e+00 -2.245346018244651187e+00 8.730935142812388250e-01 -9.503503414507564750e-01 -2.216349703326543796e+00 -1.757580861665333449e+00
-3.121970859299768586e-01 3.015782455100839865e+00 -2.222991531703486068e+00 9.920470617324945728e-01 -7.866916377433373908e-01 -2.000172714669166130e+00 -2.039277623255416838e+00
-2.475933054469838523e-01 2.564243001594806337e+00 -2.061917500181736251e+00 1.023553766331690706e+00 -5.789069421903053625e-01 -1.674960095135981542e+00 -2.178406281593638472e+00
-1.832681870679047920e-01 1.930482374637431553e+00 -1.786395792087571932e+00 9.752111801300551441e-01 -3.460294532843637416e-01 -1.262520162669597212e+00 -2.166801046188695068e+00
-1.273845901400093017e-01 1.217280565981541107e+00 -1.443679629219088545e+00 8.378969223750153406e-01 -1.241143525073669374e-01 -8.044075112304989172e-01 -2.002807580857169256e+00
-1.271777969311375656e-01 5.405191557312832851e-01 -1.075505244920263559e+00 6.112999886261665239e-01 3.536153527470392577e-02 -3.488994303640824413e-01 -1.685543276653935774e+00
-2.169012941280027973e-01 -7.382702949897131106e-03 -7.038661482672776692e-01 3.256725551860008006e-01 1.001787865475754352e-01 7.459156273393839631e-02 -1.232940400658863345e+00
-3.632830718347833110e-01 -3.922273744067030221e-01 -3.430730525778082907e-01 4.157414441209487249e-02 9.064639692313292141e-02 4.678874890021384458e-01 -7.030327895355177326e-01
-4.846707312117330413e-01 -6.217645679095892275e-01 -1.472889149594306703e-02 -1.698502026750596250e-01 6.040917533034980552e-02 8.396679114916435482e-01 -1.933733643557216109e-01
-5.267526082079149186e-01 -7.003800696824894478e-01 2.581395950708066378e-01 -2.611990861536823139e-01 4.464953321797729413e-02 1.182429018070946025e+00 1.935390509987795216e-01
-5.038315825206682863e-01 -6.197587020431317706e-01 4.649457669316168218e-01 -2.388234416843765251e-01 3.615214889524922398e-02 1.480960612791694553e+00 3.962843027634613824e-01
-4.630233480148860936e-01 -3.990979303983954174e-01 6.076782694396448692e-01 -1.598409168532087254e-01 1.352551050499206479e-02 1.728922630964677909e+00 4.155854650087367208e-01
-4.139587552045456142e-01 -1.170392126145114453e-01 6.864575633366590823e-01 -8.169170586251979504e-02 -1.155059328945669261e-02 1.912144843385006343e+00 2.975414809595626764e-01
-3.160801444057045329e-01 1.255712466695622087e-01 6.899361816610233289e-01 -1.682611869031725924e-02 -9.031607291124634038e-04 1.973629034384326575e+00 1.006963926179947066e-01
-1.523880119313756054e-01 2.760931279556166351e-01 6.153334661441079989e-01 5.468734815125551874e-02 5.287402254219411568e-02 1.834815956623380595e+00 -1.181033060389208023e-01
1.914594904113432056e-02 3.433164139639588441e-01 4.974209935329413357e-01 1.550065708108462892e-01 1.134051254619441035e-01 1.467350664645759917e+00 -2.970434706877357889e-01
1.197893149079365810e-01 3.440277085775785837e-01 3.938168924005931992e-01 2.967797247949077177e-01 1.507299729025241564e-01 9.252040779895627232e-01 -3.770363130353336922e-01
1.388193914256495853e-01 2.585472579269738613e-01 3.308197926783180143e-01 4.829315824728460105e-01 1.825699354475650849e-01 3.079796525216019210e-01 -3.376358798222293123e-01
1.287090296968751990e-01 5.218321398769351638e-02 2.753785478982643808e-01 7.090499776690003531e-01 2.558166394488345374e-01 -2.902260768458501672e-01 -2.172552348081493445e-01
1.058078107448530286e-01 -2.601055320978655772e-01 1.637562605379850322e-01 9.552811408588296471e-01 3.925010982191540210e-01 -7.973124949203086453e-01 -8.597088766686883377e-02
6.573175152914596461e-03 -5.809673087836353389e-01 -5.081794358056402477e-02 1.178044926834496353e+00 5.681524003937886702e-01 -1.152957830539942830e+00 -5.262855069033336650e-03
-2.276459663184466076e-01 -7.858581851154672338e-01 -3.732134577980666945e-01 1.313192286717616453e+00 7.387880824291896964e-01 -1.308768517810799059e+00 -8.633798621470333348e-03
-5.550795737586584622e-01 -8.177888008079108317e-01 -7.714744600784347872e-01 1.297743135398514935e+00 8.764470682152932790e-01 -1.250534170364697051e+00 -9.365422518929215900e-02
-8.646029962395433976e-01 -6.979924710417312328e-01 -1.186349653518101288e+00 1.105313907453918887e+00 9.651343659036782929e-01 -1.017688697000544540e+00 -2.120419858650259837e-01
-1.108953554374559669e+00 -4.514263269817992974e-01 -1.529240494629126923e+00 7.589577475341446888e-01 9.524864629349037992e-01 -6.933975583653142483e-01 -2.662165468148825487e-01
-1.359508539167652241e+00 -7.884137063400548096e-02 -1.692745153337036124e+00 3.207254769333390265e-01 7.422512475711547930e-01 -3.674703699395785450e-01 -1.387293065210437604e-01
-1.673492363207271127e+00 3.835208898867327743e-01 -1.583978872620536160e+00 -1.202585411096256940e-01 2.847682730479436097e-01 -1.001759903263872570e-01 2.222104424134686007e-01
-1.673492363207271127e+00 3.835208898867327743e-01 -1.583978872620536160e+00 -1.202585411096256940e-01 2.847682730479436097e-01 -1.001759903263872570e-01 2.222104424134686007e-01
-1.497400603289648080e+00 1.010248863419842769e+00 4.290984066122707774e-01 -6.385950388220991147e-01 -1.213099042831637497e+00 3.341658753198847864e-01 1.300865931484800120e+00
-1.497400603289648080e+00 1.010248863419842769e+00 4.290984066122707774e-01 -6.385950388220991147e-01 -1.213099042831637497e+00 3.341658753198847864e-01 1.300865931484800120e+00
-7.719420125116598363e-01 7.204636298154221130e-01 1.351822836395015770e+00 -5.369397655915919554e-01 -1.261062832405688727e+00 4.475190374588087772e-01 1.182186209413482958e+00
-4.217165996496506641e-02 2.561594716556005458e-01 2.166562162170544870e+00 -4.257410422202952405e-01 -1.093710971861436621e+00 6.009451352022942006e-01 9.053330117005432554e-01
4.617083209524552312e-01 -3.297620193806047872e-01 2.730422271046481608e+00 -3.286488045444653783e-01 -7.733114476551654626e-01 8.080722785950104070e-01 6.124072110630217614e-01
6.946074011624714384e-01 -9.820321544532221170e-01 2.927985607341245800e+00 -2.052706359599013874e-01 -3.192135662804058138e-01 1.043238871395412382e+00 3.852065431268791307e-01
6.912201538313997862e-01 -1.608778865195168439e+00 2.740249324632786365e+00 -2.595573932169394082e-02 2.362895376350215848e-01 1.269719970615719618e+00 2.787753165574972103e-01
4.727167395557486662e-01 -2.100965148628481494e+00 2.267755140850433282e+00 1.806949164551555909e-01 8.058705990360047755e-01 1.464294055166903696e+00 3.471649449145159383e-01
9.125098336769393859e-02 -2.370579860021572838e+00 1.650000133018514337e+00 3.403455711518389437e-01 1.289921149567021752e+00 1.603141565961229364e+00 5.975303175119610621e-01
-3.383666119131440442e-01 -2.372742401016183056e+00 9.849526706703373158e-01 3.701947402395108222e-01 1.638920022916922736e+00 1.655330995041743636e+00 9.575141400822804183e-01
-7.046959328324914340e-01 -2.119199067145923543e+00 3.365144015569409008e-01 2.185820319053503047e-01 1.854914089337068805e+00 1.608917236276222962e+00 1.312438016714176925e+00
-9.598520178134259950e-01 -1.683455360515331289e+00 -2.309329680628526560e-01 -1.021946385828426951e-01 1.961372679950775133e+00 1.494392289487885384e+00 1.564947528247395914e+00
-1.089648099322604313e+00 -1.176762477052752498e+00 -6.612508033630887239e-01 -5.138017000027084169e-01 2.001276870675702924e+00 1.372891513512467965e+00 1.656579458884549050e+00
-1.073491665705656573e+00 -7.038522273056961875e-01 -9.330475501133955740e-01 -9.109013008976173387e-01 2.036187259179258469e+00 1.302061335334964154e+00 1.565858464559947816e+00
-9.161649505639012370e-01 -3.337284320255145542e-01 -1.058175111146906433e+00 -1.207912018595640014e+00 2.105145364542364561e+00 1.305697282347910271e+00 1.320956017843577746e+00
-6.684167349325158547e-01 -8.827598403971968766e-02 -1.062243885347143646e+00 -1.361396572152256068e+00 2.189721874763656206e+00 1.358498237712840506e+00 9.953695818530831074e-01
-3.715333230706316381e-01 6.424468467847180286e-02 -9.849589048676778980e-01 -1.377372584667994504e+00 2.229041016984900203e+00 1.382995807818105938e+00 6.563496209194826791e-01
-2.853107373414759396e-02 1.917835340644809261e-01 -8.870269045257267448e-01 -1.306460835198678172e+00 2.151716903871646824e+00 1.272307820680904422e+00 3.251549578275058083e-01
3.495681015917140311e-01 3.479406001465134568e-01 -8.184344293746241839e-01 -1.210212558604012889e+00 1.904360572274213403e+00 9.611266448931189421e-01 -4.038652206722413707e-03
7.259698741892233187e-01 5.434874926347441626e-01 -7.835870854038118338e-01 -1.124141755156933264e+00 1.477704844541102291e+00 4.714907865831644007e-01 -3.335129805652030655e-01
1.081158155185550696e+00 7.753809794002883837e-01 -7.656820783609263881e-01 -1.058937876482141549e+00 9.072043024259835997e-01 -1.404055733885523072e-01 -6.632956766882251998e-01
1.425285588684093163e+00 1.045496107412590581e+00 -7.617902491633912199e-01 -1.024486646696177061e+00 2.500913415645280580e-01 -8.361926699956656606e-01 -9.968360949231444001e-01
1.756711952545594313e+00 1.335705285418823163e+00 -7.698753831046110108e-01 -1.035789978134411982e+00 -4.382087498128788283e-01 -1.570999835198980676e+00 -1.327860380753594916e+00
2.048806381950705635e+00 1.602144510855867177e+00 -7.679234140052839663e-01 -1.094016413896348627e+00 -1.112652360381998440e+00 -2.271598194984076891e+00 -1.635922056037480976e+00
2.282031002431870625e+00 1.797842642682813796e+00 -7.232854192507061075e-01 -1.173061365043798210e+00 -1.723852465152172719e+00 -2.852802374836068910e+00 -1.899165896002395160e+00
2.445271118601925142e+00 1.883514889761896516e+00 -6.114360587990694818e-01 -1.234676825561394908e+00 -2.213023858651423925e+00 -3.241532329831002368e+00 -2.094993119183698571e+00
2.505446610185615430e+00 1.832681534614768237e+00 -4.207938925799132868e-01 -1.250612573100279512e+00 -2.537848038259041594e+00 -3.398329308809191929e+00 -2.191248131461191573e+00
2.426165071648478389e+00 1.642675788287793814e+00 -1.504422695122550335e-01 -1.208683878621376051e+00 -2.682506383871468891e+00 -3.323719408609301595e+00 -2.158305448683354832e+00
2.217863274758095304e+00 1.339091293079325728e+00 1.885498994720546939e-01 -1.113845863683010862e+00 -2.637377062252125981e+00 -3.042736564514494368e+00 -1.991283356246802860e+00
1.926653860183323852e+00 9.696919096061378252e-01 5.769055949496609825e-01 -9.873645339291059475e-01 -2.401564462027759195e+00 -2.590580535311681754e+00 -1.704908273442441891e+00
1.586349215827656645e+00 5.889995202866825652e-01 9.969907425198042406e-01 -8.548104610875588705e-01 -2.007639109023453106e+00 -2.012054505556278627e+00 -1.312911169559671132e+00
1.220238000823084867e+00 2.434792348644090054e-01 1.430275534966777728e+00 -7.360406468114950584e-01 -1.514677720562689123e+00 -1.363643075804917171e+00 -8.317947070870373993e-01
8.624516748600475902e-01 -3.025353121430591000e-02 1.845176354220594339e+00 -6.468369037696595214e-01 -9.785347118345528727e-01 -7.114016759159904613e-01 -2.950309906225508372e-01
5.382338303420680647e-01 -2.133868808570328901e-01 2.206523521951710087e+00 -5.930599293525633531e-01 -4.397041419714759480e-01 -1.101364349274288751e-01 2.582372752501349567e-01
2.477099533960621658e-01 -3.220456364937401283e-01 2.496627074033758387e+00 -5.568935058042082664e-01 7.259748077104583031e-02 4.221422608872876236e-01 8.014551512275488454e-01
-8.595525312882950145e-03 -3.990133695867619790e-01 2.703768640469296436e+00 -5.095625515083775925e-01 5.332231142997450046e-01 8.890791875096356600e-01 1.314233482104501638e+00
-2.169993213856766245e-01 -4.832424867616676445e-01 2.800621259268131436e+00 -4.465012036519882543e-01 9.155077584005991698e-01 1.283049899722587428e+00 1.772087976288609257e+00
-3.787054187655319870e-01 -5.979369763212251110e-01 2.763028192109482362e+00 -3.920501461174588642e-01 1.190957695542312234e+00 1.588567659558711487e+00 2.158804261806549274e+00
-5.209831417244991103e-01 -7.644915986449045686e-01 2.602717691297721903e+00 -3.634529550333830406e-01 1.341480968120488670e+00 1.812214557289693717e+00 2.475519362068904439e+00
-6.616488434007392616e-01 -1.000990861620188355e+00 2.361991851825855804e+00 -3.460779439180354800e-01 1.380415490044467619e+00 1.989803875400264266e+00 2.721915461755970878e+00
-7.896138668613132960e-01 -1.296652937681512352e+00 2.082736556742188938e+00 -3.091067091169921177e-01 1.347451724743553569e+00 2.152740241529193632e+00 2.886318863616343044e+00
-8.952161517416344916e-01 -1.609910986783853915e+00 1.793461967275154167e+00 -2.292806340605781368e-01 1.272484930319738528e+00 2.298731774862457833e+00 2.966577239869650828e+00
-9.866323973613214671e-01 -1.891608554000235864e+00 1.512490638443858115e+00 -9.675232341603483277e-02 1.160774911433023693e+00 2.403077772180482352e+00 2.975549989096000658e+00
-1.068348685813200527e+00 -2.094111832217157243e+00 1.243377059715557342e+00 8.253807560141651622e-02 1.011518158236955234e+00 2.442536539443389110e+00 2.921891807526058926e+00
-1.138319681211222623e+00 -2.169585361018660841e+00 9.776868032185502821e-01 2.889640283009382582e-01 8.260770116976525745e-01 2.402159441315099286e+00 2.809553966287726912e+00
-1.201449963200797999e+00 -2.080708130753560425e+00 7.151721540875056737e-01 5.028036262017665514e-01 6.039353309117884150e-01 2.273866667089313065e+00 2.647630450115423972e+00
-1.251974271258304627e+00 -1.821033560697877585e+00 4.705989397372890015e-01 7.112925299008022728e-01 3.543234999057814916e-01 2.060501606451964562e+00 2.440796389969283720e+00
-1.261179720271846438e+00 -1.420005868792735715e+00 2.607005797534590052e-01 9.068358085578939187e-01 1.030753978585487590e-01 1.779266041685200195e+00 2.181230277306634324e+00
-1.210812465623901435e+00 -9.267094906603831062e-01 1.012076577382681197e-01 1.085979642761565112e+00 -1.264377534417065740e-01 1.459003317262106414e+00 1.860339586644159882e+00
-1.115262131526916001e+00 -3.960252184840052370e-01 7.608642195893434816e-03 1.244124745272101373e+00 -3.303172422087099491e-01 1.133531220074436963e+00 1.480614594696608721e+00
-9.964501952954180064e-01 1.196931657963907630e-01 -2.716915050978556054e-02 1.362522101421274279e+00 -5.190485188721967180e-01 8.250406625794137749e-01 1.055474821245497186e+00
-8.675349121159460219e-01 5.809229449924958599e-01 -4.184942449619458854e-02 1.403252920997051900e+00 -7.042292280918923675e-01 5.358760864972659244e-01 6.068483752612110482e-01
-7.514814937521367977e-01 9.583419853613334150e-01 -6.762860093137601503e-02 1.333143510489373407e+00 -8.919063555189926662e-01 2.761808511693110701e-01 1.654738219370483487e-01
-6.772823335450597337e-01 1.225148923802688472e+00 -9.881772875264946410e-02 1.150201624639700881e+00 -1.080584425383120939e+00 8.505195599498160952e-02 -2.340022193795426586e-01
-6.381829344216494171e-01 1.366479760142298217e+00 -1.211075658023250401e-01 8.749302810129941932e-01 -1.258004448015634713e+00 -3.877729953817383914e-03 -5.652981041413023267e-01
-5.838736832019186807e-01 1.390512237144086338e+00 -1.450940834474467866e-01 5.368027210889210199e-01 -1.402974557897333163e+00 -4.819098463671581990e-03 -8.159060227364123286e-01
-4.723868482622167186e-01 1.326884220761733957e+00 -1.919458257411475466e-01 1.806945150412161694e-01 -1.499265764960167058e+00 2.808353591558808426e-02 -9.797880019116899097e-01
-3.061437049533998200e-01 1.216197113573770361e+00 -2.630630178014397025e-01 -1.422717797095564563e-01 -1.544824561477990077e+00 3.697050215740038670e-02 -1.051422078312575614e+00
-1.032961872718002050e-01 1.090049230243147926e+00 -3.409614312244571566e-01 -4.066356268752225889e-01 -1.535374561479956101e+00 -1.747332331706707986e-02 -1.029127766020684120e+00
1.403165899609244149e-01 9.620486047095377913e-01 -4.068644699839555900e-01 -6.192842336655753899e-01 -1.444793597092498105e+00 -1.532568981050127510e-01 -9.241794960944209603e-01
4.249476360032646283e-01 8.377863542333748859e-01 -4.426167707063068946e-01 -7.890644276629252829e-01 -1.244186984646098448e+00 -3.644200501021819805e-01 -7.599606057402021886e-01
6.959971513281383304e-01 7.147805545964014406e-01 -4.284556358736036352e-01 -9.147171521266027616e-01 -9.398530427338847026e-01 -6.143576731475710595e-01 -5.545271071955352182e-01
8.743875413805785035e-01 5.756211596049870538e-01 -3.616919206856269442e-01 -1.007062377766092309e+00 -5.693606878480761413e-01 -8.467722314539918305e-01 -3.194834013728941047e-01
9.315901099380871075e-01 3.992869508977492932e-01 -2.774344032649062597e-01 -1.090036375178034422e+00 -1.678742926888168174e-01 -1.014440832106357382e+00 -8.302988363701746533e-02
8.847308523586731033e-01 1.927988184348480016e-01 -2.307207850245792946e-01 -1.173628237265413654e+00 2.284042156987012295e-01 -1.095555671413494636e+00 1.036782150481891512e-01
7.377391460135549472e-01 1.679568795294288791e-02 -2.473391041524609923e-01 -1.252798972823988555e+00 5.511213150131224481e-01 -1.077663705395869087e+00 1.934112246258061218e-01
4.900082982021090050e-01 -4.676656393924892574e-02 -2.977832394844873720e-01 -1.329745370582969821e+00 7.194435155757186173e-01 -9.323957191814117307e-01 1.772656010145579331e-01
2.143869196642637365e-01 4.033314712218105669e-02 -3.289247026878021618e-01 -1.410851607119329776e+00 7.081921516503627556e-01 -6.444021740306806745e-01 9.305929069492330230e-02
5.251857359442695800e-02 2.552108463464996535e-01 -3.146639025712604787e-01 -1.492443126841003220e+00 5.653761643398034220e-01 -2.720295903807637417e-01 3.526548243788835916e-03
7.674020826074690049e-02 5.260950926907871361e-01 -2.605915036598016599e-01 -1.559818615942422326e+00 3.605974052376628158e-01 8.121292949472154465e-02 -4.668101770012326318e-02
2.376965884541756002e-01 7.505081718223485243e-01 -1.759872613858277091e-01 -1.576774741969247273e+00 1.513663519354033482e-01 3.598011526193467535e-01 -7.476016821335204621e-02
4.793712589583436490e-01 8.478486453046808480e-01 -6.789732735793750640e-02 -1.482362808321746162e+00 -1.514214067036936777e-02 5.651092735206489914e-01 -1.437292297463669266e-01
7.837008778278707899e-01 8.153876487001980866e-01 4.497616000759799976e-02 -1.226709527380954956e+00 -1.247886500116531933e-01 6.799271681723569882e-01 -2.891571945265794530e-01
1.090146317086418737e+00 7.293002611850412098e-01 1.377678085234242678e-01 -8.217558532952049521e-01 -2.269866121465976549e-01 6.413548213676197873e-01 -4.798574331506851309e-01
1.284163513491640485e+00 6.678222744592970939e-01 2.076556665420916381e-01 -3.558622871674534394e-01 -3.904198769347470011e-01 4.126962474115614121e-01 -6.442424475819262808e-01
1.292624917104511439e+00 6.254656590551221917e-01 2.771253188715946947e-01 6.328810356464076303e-02 -5.970122661082478688e-01 5.705839952595562203e-02 -7.196600652293171363e-01
1.130484231129185835e+00 5.315748219474695224e-01 3.605163630998470814e-01 3.874258393281983515e-01 -7.179207448546520709e-01 -2.799620339899697163e-01 -6.765347994384636188e-01
8.231104337025519913e-01 3.410154213241818333e-01 4.534292007068241870e-01 6.198439090193079704e-01 -6.477145168763759342e-01 -4.449634610755846542e-01 -4.981454945492436726e-01
3.732428133506775492e-01 7.089120857614560067e-02 5.408175758550023415e-01 7.571048773563738843e-01 -4.100163695176348155e-01 -3.479572305556932754e-01 -1.689455669843426822e-01
-1.335615819941177451e-01 -2.362207886125673451e-01 5.688817534324721592e-01 8.114312909209605573e-01 -6.673576272257898678e-02 -1.644418018752062671e-02 2.829368927154582991e-01
-5.161773128686238943e-01 -5.463655068641229962e-01 4.572423578791094401e-01 8.464881080802786339e-01 3.796943787102671219e-01 4.120419789724429904e-01 7.561700256577004176e-01
-6.525031532996998784e-01 -8.384849005172796410e-01 2.052115469997012054e-01 9.135064354145796539e-01 9.279438425964333659e-01 7.859800464968929035e-01 1.126044409367545684e+00
-5.579364463830048804e-01 -1.108629405406554858e+00 -6.301414007963890285e-02 1.002694121791406268e+00 1.509077604224741798e+00 1.028663565330933727e+00 1.319176037362680631e+00
-3.180103159597888474e-01 -1.370004275655244186e+00 -1.977181683877116403e-01 1.092007638581556694e+00 2.013288330656960667e+00 1.141526500300812152e+00 1.333724576359502256e+00
-1.260986506661865639e-02 -1.632205124278520048e+00 -1.375760961597513599e-01 1.185253727204354623e+00 2.348985288724781739e+00 1.160427297849779160e+00 1.205961388216403751e+00
2.968957799595851599e-01 -1.872904251211537474e+00 7.040749317442823729e-02 1.287563585734711857e+00 2.465631179965078079e+00 1.113876670771803745e+00 9.748496814897765761e-01
5.501962596957898910e-01 -2.028852139815800815e+00 3.308333988989282659e-01 1.377594932304470499e+00 2.339606953521438104e+00 1.008905536475239950e+00 6.741399123392017856e-01
6.984285407947531388e-01 -2.022239663851285396e+00 5.580034752045360813e-01 1.413979033909953165e+00 1.968863877738646462e+00 8.422892714065906006e-01 3.401203712740692442e-01
7.304467606814557534e-01 -1.802755394352729246e+00 6.814153661550360619e-01 1.363560232663555860e+00 1.388021402213963862e+00 6.071470388974046228e-01 1.803332578261843816e-02
6.658039955025766288e-01 -1.371990135210123363e+00 6.461258790218330494e-01 1.223117394850455453e+00 6.718774747356272004e-01 2.982648614913218088e-01 -2.442381718367716836e-01
5.233830746008999446e-01 -7.772785478560453321e-01 4.415172922869781691e-01 1.023217956830284381e+00 -8.621552761390603725e-02 -7.074490268820998740e-02 -4.268356115069670276e-01
3.037141435935058476e-01 -8.323766588072484263e-02 1.099555792178907032e-01 8.182671998143484782e-01 -8.028757548935375743e-01 -4.629836760821609554e-01 -5.560466773749752623e-01
-5.223135705229618904e-03 6.455103236848154236e-01 -2.789590559958997629e-01 6.622944574851339361e-01 -1.418020917405854453e+00 -8.346609738079402430e-01 -6.644377657190763120e-01
-4.002344838808738481e-01 1.336972532171696315e+00 -6.545815805399377574e-01 5.848628975713243694e-01 -1.883779379844195301e+00 -1.145992580276133932e+00 -7.529087964108052144e-01
-8.382984108805645596e-01 1.915001998778634418e+00 -9.698319899006395683e-01 5.859732955627880990e-01 -2.149144482689258062e+00 -1.366687629726816677e+00 -8.088857842337890958e-01
-1.254496995890173050e+00 2.317544059536073231e+00 -1.210387554324218184e+00 6.439082959411931428e-01 -2.172284315779109409e+00 -1.481145099464808101e+00 -8.282777199847037863e-01
-1.591748542026810931e+00 2.503504851108714568e+00 -1.372271496791195755e+00 7.287478993458440524e-01 -1.946922605118658334e+00 -1.481253513431668889e+00 -8.172636315120481720e-01
-1.797750553576460408e+00 2.459313495614752210e+00 -1.452378173818968055e+00 8.158036546377493980e-01 -1.506766767822521613e+00 -1.366386709185085424e+00 -7.969824874881873411e-01
-1.825355123432051974e+00 2.209528308092607585e+00 -1.464730135680844647e+00 8.847488472159751316e-01 -9.134067996496609831e-01 -1.154564031318980444e+00 -7.959207760239672691e-01
-1.661393785988532379e+00 1.804241172759278644e+00 -1.436204812300057920e+00 9.083415121342167664e-01 -2.492270100864225069e-01 -8.757896742638828780e-01 -8.214379453955791277e-01
-1.338250899922963644e+00 1.296113285690283501e+00 -1.386740717586493865e+00 8.516817939266148052e-01 3.912341093329237962e-01 -5.648650104250538817e-01 -8.483628822900304289e-01
-9.073440255374188856e-01 7.421409781764428670e-01 -1.332369383721991651e+00 6.861607805608421762e-01 9.197574613741048566e-01 -2.730280334181667823e-01 -8.459093771328218825e-01
-4.172529966004024371e-01 2.124734086931038268e-01 -1.294661243166515652e+00 4.062645132573086126e-01 1.271216935047152052e+00 -6.389063292640424774e-02 -8.058990852095289092e-01
8.057327062184542477e-02 -2.267193748645238427e-01 -1.281696374457819143e+00 4.604065002634449844e-02 1.413592157895395607e+00 2.426776874001351433e-02 -7.376804302619796028e-01
5.286995313172588862e-01 -5.400921119069416187e-01 -1.265772064628401861e+00 -3.179025889827138407e-01 1.351843319914567854e+00 4.713052384997902175e-03 -6.505087196690426676e-01
8.816359766192647385e-01 -7.249836459028612401e-01 -1.201146607812332512e+00 -5.955089118701361039e-01 1.125748779556327683e+00 -7.797865658489930296e-02 -5.549462676154022223e-01
1.120008509345769010e+00 -7.903756578890158702e-01 -1.061493189604044485e+00 -7.193089618450231315e-01 8.049052569203347662e-01 -1.797100788157152962e-01 -4.749814323909614111e-01
1.232694842743231156e+00 -7.418837076015338816e-01 -8.514899438848670954e-01 -6.573710814313008521e-01 4.697379932862552065e-01 -2.654813219771550159e-01 -4.414636558013857459e-01
1.190884276925821661e+00 -5.845369047389280537e-01 -5.934142926693219966e-01 -4.172877487308778166e-01 1.806790391172864996e-01 -3.051472411880203905e-01 -4.671703817612165022e-01
9.639776349154115520e-01 -3.296251437560630548e-01 -3.190797883108451027e-01 -5.245729341098632342e-02 -3.624052402133163403e-02 -2.765106438733619942e-01 -5.308595244872246210e-01
5.702482652980485067e-01 -4.592958724989243402e-03 -7.457221479084198690e-02 3.506357161644599874e-01 -1.751851923769024988e-01 -1.802139407920266834e-01 -5.887662041573773486e-01
9.590271106682965452e-02 3.260575578755561810e-01 8.338209561539741688e-02 7.107810789202809731e-01 -2.300022703770266685e-01 -4.906306522737476083e-02 -6.047485922762585453e-01
-3.617325552188725979e-01 5.618400166618943148e-01 1.150473350816821755e-01 9.832944752379541020e-01 -2.010819191455160138e-01 7.182414929044313168e-02 -5.617257630560719139e-01
-7.651040948983950374e-01 6.160839953392849289e-01 2.875010955293416312e-02 1.154723215805477432e+00 -1.168816215216362669e-01 1.693702383448090210e-01 -4.469055411196988792e-01
-1.116560172308085352e+00 4.618941350179037730e-01 -1.234683180435051375e-01 1.215732273295953236e+00 -2.102025217691214781e-02 2.767722254659857328e-01 -2.502905741767458836e-01
-1.359645570317965291e+00 1.322612814944967297e-01 -2.792474462694044535e-01 1.161428364777311817e+00 7.896984838498823100e-02 4.253905000562022143e-01 4.953120817788597349e-03
-1.345172001744460610e+00 -2.864409174533342206e-01 -3.861490574712724277e-01 1.008905754054088444e+00 2.289108982630672084e-01 5.923205450520543369e-01 2.362740588717260892e-01
-1.345172001744460610e+00 -2.864409174533342206e-01 -3.861490574712724277e-01 1.008905754054088444e+00 2.289108982630672084e-01 5.923205450520543369e-01 2.362740588717260892e-01
-2.331239822832386066e-01 -8.752519100113896888e-01 -3.473536632057064866e-01 4.525735092336841681e-01 7.201189937519669737e-01 6.607807773779909022e-01 2.535979474526669497e-01
6.293743624693991512e-01 -8.911008348153751646e-01 -2.233650665611456032e-01 4.860227472629737033e-02 9.286283153275216584e-01 4.541994408023979357e-01 1.461450260165025015e-02
1.449457667461125920e+00 -7.600976240474560663e-01 -7.987406710724512249e-02 -3.803238491392268994e-01 1.044837627497133825e+00 1.379985773690023398e-01 -3.070132024403982585e-01
2.081986161803802471e+00 -5.339065426286109250e-01 2.688692044838919201e-02 -7.394574346165494472e-01 1.062398189047447872e+00 -2.084861927931657977e-01 -6.352018130872391088e-01
2.371930240864408290e+00 -2.204059125137987907e-01 4.278919081858779949e-02 -9.355345078010459670e-01 9.579322588377513492e-01 -5.210465718152700321e-01 -9.011896368495891929e-01
2.184362298747199560e+00 1.637799857391706859e-01 -6.006855628907951244e-02 -9.081701423567720699e-01 7.061278052857333787e-01 -7.308910279685060241e-01 -1.049451841116469053e+00
1.511989979130720529e+00 5.481879777957175959e-01 -2.908860762488553742e-01 -6.421802157856284499e-01 3.381164479867866390e-01 -7.766114834350792417e-01 -1.061892578304842516e+00
5.042929521842368645e-01 8.531955731956969435e-01 -6.598200161543231745e-01 -1.741354446657715493e-01 -4.997576798284251998e-02 -6.607773790688168392e-01 -9.709424059167087728e-01
-6.188389531345090955e-01 1.043286663990794727e+00 -1.152519721643155526e+00 3.984936456093737811e-01 -3.549597150346523455e-01 -4.604470569967480942e-01 -8.359132567517522094e-01
-1.663754259621514020e+00 1.111870373773163445e+00 -1.673804422248625912e+00 9.306238968323916616e-01 -5.189005696728020700e-01 -2.412764756711881509e-01 -7.039930868863315538e-01
-2.478150666097378441e+00 1.043253706345919740e+00 -2.049003079595508314e+00 1.262973953392048987e+00 -5.223602000267084655e-01 3.010020151811954384e-02 -5.934060863626734461e-01
-2.903187506369412141e+00 8.084184238034579639e-01 -2.126986181632671169e+00 1.260798285492152226e+00 -3.533314201960420786e-01 4.219063272866708236e-01 -5.092471468310613147e-01
-2.798838836946350828e+00 4.065196033991089752e-01 -1.896327471034621182e+00 8.850175086830737170e-01 -2.533762813756105375e-02 8.603841593162752099e-01 -4.509059838323727920e-01
-2.798838836946350828e+00 4.065196033991089752e-01 -1.896327471034621182e+00 8.850175086830737170e-01 -2.533762813756105375e-02 8.603841593162752099e-01 -4.509059838323727920e-01
-1.273703083762103283e+00 -5.118965271939487360e-01 -9.484683378598771641e-01 -4.533499078109065050e-01 6.276836875708358132e-01 9.621918871566895737e-01 -3.040636689011370630e-01
-3.499593203209186987e-01 -7.814773094295792699e-01 -3.922383978964746887e-01 -1.011906037549193504e+00 6.536697804623248231e-01 4.865493267620599749e-01 -1.634840957087581592e-01
4.484262112958362079e-01 -8.701639686109520211e-01 1.136551378028098358e-01 -1.260393029160725709e+00 4.889004051456857791e-01 -1.109673053888982769e-01 -4.952548844691832299e-03
1.092554326135175113e+00 -7.821866089822181456e-01 4.240571752170981257e-01 -1.066631831477591108e+00 2.926743584526127484e-01 -6.443557347597471674e-01 1.160744807673892709e-01
1.506398740888332366e+00 -4.960402361459164688e-01 4.311269222405062496e-01 -3.973269112615678278e-01 1.616908182479167844e-01 -1.027974201060584347e+00 1.741650515439437941e-01
1.500612292526681824e+00 -5.846448815630402376e-03 1.495947870647671707e-01 6.209587826890710094e-01 5.075972194686340089e-02 -1.228492027166006473e+00 2.206054532068723872e-01
9.096584286113750251e-01 6.100918017405251303e-01 -3.054127092453499115e-01 1.701374536247593827e+00 -1.475929162744316903e-01 -1.215130425611959275e+00 3.458207910610365809e-01
9.096584286113750251e-01 6.100918017405251303e-01 -3.054127092453499115e-01 1.701374536247593827e+00 -1.475929162744316903e-01 -1.215130425611959275e+00 3.458207910610365809e-01
-2.189913569500080648e+00 1.702088425516856685e+00 -1.527649670424788608e+00 1.980151775519731316e+00 -9.788909330516202267e-01 -1.243252607729151832e-01 5.325207921997783256e-01
-2.189913569500080648e+00 1.702088425516856685e+00 -1.527649670424788608e+00 1.980151775519731316e+00 -9.788909330516202267e-01 -1.243252607729151832e-01 5.325207921997783256e-01
-2.464451556763725293e+00 1.504579321339854836e+00 -1.603925520090066392e+00 9.066115614505148024e-01 -9.677802639378261240e-01 2.136403275584921047e-01 1.735103940549486412e-01
-2.222367992454997498e+00 1.030442754066027922e+00 -1.458478324812392479e+00 -2.604574148775488651e-01 -7.864877955273864574e-01 3.463158815868302987e-01 -2.792102115140234764e-01
-1.582501332647982428e+00 4.037710478300022277e-01 -1.177262003992290529e+00 -1.185182847929653560e+00 -4.875057736632408822e-01 2.762463750339415047e-01 -7.128961623023528649e-01
-7.183479820525804360e-01 -1.894491635301358556e-01 -8.651368594102181175e-01 -1.676155662022077664e+00 -1.534298581448431398e-01 6.726500771666221734e-02 -1.049406847379593000e+00
1.326618202560179982e-01 -5.743150931084264332e-01 -5.723535695832676629e-01 -1.679692389951205289e+00 9.675363979612065790e-02 -1.979103390013234043e-01 -1.201100997685228267e+00
8.059492837578449143e-01 -6.638410797290107412e-01 -3.088600123591841995e-01 -1.253189379249035174e+00 1.870452189460083126e-01 -4.415116851864801517e-01 -1.127420409625588649e+00
1.301614026071026053e+00 -4.829756385416457132e-01 -9.829905911317880773e-02 -5.545409388482699375e-01 1.297987413596053408e-01 -6.376857457879492319e-01 -8.900888440156520254e-01
1.663518031477612569e+00 -1.266188913572063313e-01 2.402649011208604288e-02 1.929687608624069128e-01 -2.159372891062485977e-02 -8.073191836971738145e-01 -5.948644351556297005e-01
1.859757344742549501e+00 2.930334644826209090e-01 6.567800037625043386e-02 7.803909586809586463e-01 -2.154247293371888972e-01 -9.427620057133522247e-01 -3.104075329916430870e-01
1.850087144528595129e+00 6.769340369499781129e-01 8.207946382402575569e-02 1.081103707717278928e+00 -4.078287960155571601e-01 -1.009124287040715995e+00 -6.624419823688268427e-02
1.685741416227586109e+00 9.550241816714880594e-01 1.146369785022658544e-01 1.067117544818298125e+00 -5.632926822496910901e-01 -1.005834205831282580e+00 1.026213984971700438e-01
1.464940834498889455e+00 1.093422236613989851e+00 1.631466897139192962e-01 7.886296169831090719e-01 -6.618939764539030213e-01 -9.558152900403257268e-01 1.537628606892714467e-01
1.236988348374459257e+00 1.090397392036188462e+00 2.189687638065510866e-01 3.453044690681975060e-01 -7.084586079946924020e-01 -8.636502431750682218e-01 8.100152991566506033e-02
1.011661576395772366e+00 9.656256303623919068e-01 2.743933573431082129e-01 -1.393310347371747859e-01 -7.208948032487650925e-01 -7.294392697472200648e-01 -7.974797410415555843e-02
8.037004187860319337e-01 7.527703087620659650e-01 2.988649727113070753e-01 -5.545232963119136604e-01 -7.146866328272134528e-01 -5.792900137813039585e-01 -2.804016792899520216e-01
6.057477135474474972e-01 4.935326349700896453e-01 2.546906998635034558e-01 -8.381450763777333890e-01 -7.085512139248602015e-01 -4.534037972621785539e-01 -4.638262672662194497e-01
3.836644918725711229e-01 2.237505593761484890e-01 1.427524844144100746e-01 -9.744918356715418506e-01 -7.109937870095621726e-01 -3.638421266523860775e-01 -5.657648486425743695e-01
1.437825149561913485e-01 -4.056672574987810198e-02 3.215928060128732998e-03 -9.777098775407854214e-01 -6.857888732989748659e-01 -2.769169947365768270e-01 -5.439762362631211934e-01
-6.247616387714748087e-02 -2.999644620792861760e-01 -1.251104127138707167e-01 -8.951629300956838176e-01 -5.711166914179541809e-01 -1.494339942063638016e-01 -3.912731769357498668e-01
-2.201726347803185102e-01 -5.570169953751712422e-01 -2.214480921432981642e-01 -7.963379137715833611e-01 -3.392813779701355781e-01 3.670037223876992244e-02 -1.257240608627553935e-01
-3.742972273286463980e-01 -7.974415725612475914e-01 -2.756224353589126763e-01 -7.399806255909004982e-01 -9.931851792709908353e-03 2.812141184584966980e-01 2.139862121000098427e-01
-5.680927231785107834e-01 -9.822939257587033346e-01 -2.864414514144287272e-01 -7.511998727168891499e-01 3.784288810344669796e-01 5.723582420752174604e-01 5.789725260945176588e-01
-8.010196616050353491e-01 -1.075794580078035301e+00 -2.628602509959752087e-01 -8.135307887471838750e-01 7.873470710079204515e-01 8.827000308032909581e-01 9.258576419196754559e-01
-1.046379300141162094e+00 -1.075910641777878762e+00 -2.274683529676805871e-01 -8.849479791136330986e-01 1.181911862424206872e+00 1.176453838195874013e+00 1.217331669699916574e+00
-1.278599257379029686e+00 -1.005684709167956603e+00 -2.059846685672376831e-01 -9.232229233883041397e-01 1.531001670488374211e+00 1.429148290002012933e+00 1.415950055143614383e+00
-1.468484234831275215e+00 -8.863702783560281073e-01 -2.023361476619084942e-01 -8.873406202808773457e-01 1.808992465473200806e+00 1.640110379207509794e+00 1.485113168395129968e+00
-1.569839359982407645e+00 -7.266586966262283953e-01 -2.059871864037759182e-01 -7.412594197617483616e-01 1.992700372305536982e+00 1.813982197966276688e+00 1.396750191065035951e+00
-1.539232795221926242e+00 -5.264163016976199927e-01 -2.224600737514621784e-01 -4.817474116317975175e-01 2.052277504902219274e+00 1.932360552333123538e+00 1.142667817160565313e+00
-1.371175662747234236e+00 -2.806665953253034695e-01 -2.701258545843041592e-01 -1.440226589410003866e-01 1.952449014840382358e+00 1.959139192720680933e+00 7.422299262737708236e-01
-1.095889326090304650e+00 1.165089896278866631e-02 -3.552364392886125377e-01 2.287153628142925832e-01 1.674932802180492786e+00 1.869698008824066449e+00 2.370725469880338721e-01
-7.472411446838400639e-01 3.385558866588030957e-01 -4.698849737054296982e-01 5.966512377242436660e-01 1.241166503717200609e+00 1.661408818152622535e+00 -3.222938763679732976e-01
-3.597743888541040658e-01 6.840814082546559094e-01 -6.016173292372350989e-01 9.126002721901440573e-01 7.000128512048172658e-01 1.339746889398011120e+00 -8.811858290117743353e-01
1.272110637675707111e-02 1.034006583636539744e+00 -7.311130953036047986e-01 1.141617460193091960e+00 9.634251892792461414e-02 9.110865977186842768e-01 -1.379249632857818098e+00
3.208699608481043741e-01 1.355481751509042487e+00 -8.287437362096194970e-01 1.292361427576821375e+00 -5.251395172759980579e-01 4.015796324714969723e-01 -1.764314569445699199e+00
5.586531986000752292e-01 1.594371307940110949e+00 -8.658337629754150333e-01 1.397909917942481650e+00 -1.100426647430024385e+00 -1.297756542398248447e-01 -2.008805771357560221e+00
7.402871029481562504e-01 1.709557818038693444e+00 -8.318391201681814007e-01 1.470233250479167975e+00 -1.569435961540348590e+00 -6.176835543095831049e-01 -2.096873349789153185e+00
8.568371431516759174e-01 1.688343516749100104e+00 -7.344143890547923936e-01 1.499988909194508668e+00 -1.907640321171833575e+00 -1.017398247302373715e+00 -2.008238509159614438e+00
8.910452661842606092e-01 1.528755141817971230e+00 -5.873815707996995483e-01 1.479791451538033709e+00 -2.112636596084997542e+00 -1.300168370977609955e+00 -1.736296977946423015e+00
8.482043219874962903e-01 1.231609798608540585e+00 -4.042358497287490970e-01 1.396457823628740380e+00 -2.179131193274962630e+00 -1.446584629167284586e+00 -1.307855992143508228e+00
7.450640530107622839e-01 8.118284793933475685e-01 -1.918049021702768198e-01 1.226160008151426561e+00 -2.101273679830640173e+00 -1.449105181513572260e+00 -7.718120128179359885e-01
5.947365578305370271e-01 3.036851332860424080e-01 5.304971412966167504e-02 9.614565444431286689e-01 -1.886875457614538343e+00 -1.313214913006290896e+00 -1.823696387658045592e-01
4.196872987283884471e-01 -2.469602366255891635e-01 3.278736258396676151e-01 6.233883168570357736e-01 -1.563296511657931154e+00 -1.064288962888230161e+00 4.044965051040223525e-01
2.570971049295967537e-01 -7.830443278181183908e-01 6.078700300143529134e-01 2.400336520922916050e-01 -1.175724466250129385e+00 -7.587412300883821237e-01 9.317376505345961180e-01
1.411323083492767860e-01 -1.235066312812427958e+00 8.618096233833935083e-01 -1.673028110891555398e-01 -7.807274756919178049e-01 -4.692328115273063371e-01 1.346880737787600646e+00
9.257371223569065000e-02 -1.543524416960509349e+00 1.077580942013949494e+00 -5.749663952673775835e-01 -4.298601969117653576e-01 -2.470453703340959040e-01 1.614436866296233619e+00
1.226512466025549419e-01 -1.682321463646895054e+00 1.253579069420138303e+00 -9.510385130793690411e-01 -1.485495208061215211e-01 -1.118531927819562261e-01 1.727179951863820007e+00
2.305275510069211553e-01 -1.656656006446979967e+00 1.383249631789170264e+00 -1.259118021896088013e+00 6.954349588698816031e-02 -6.228455106710242828e-02 1.704332823653053275e+00
4.006031265673464792e-01 -1.493844891628865579e+00 1.464544588534842928e+00 -1.459485276882436455e+00 2.477674165027256015e-01 -7.205854934005929968e-02 1.578291883912629201e+00
6.119718802463190999e-01 -1.238186699281629277e+00 1.504138510836019016e+00 -1.518624188685703480e+00 4.086205079729043343e-01 -9.494082905430352437e-02 1.383865503142873932e+00
8.387352378324038904e-01 -9.424962883113451317e-01 1.507480569734041209e+00 -1.429509877702300313e+00 5.656023335727234924e-01 -8.370907361034971017e-02 1.158859274735098310e+00
1.039202296199594810e+00 -6.559476788410095738e-01 1.479926378119866381e+00 -1.213805183512099317e+00 7.202232487803716943e-01 1.190495926784105154e-03 9.445506031957359161e-01
1.169148260993084776e+00 -4.121188444880371504e-01 1.430936279711071846e+00 -9.021530380463366194e-01 8.574963799448667157e-01 1.789507433974809880e-01 7.725149952508395534e-01
1.210753877112853649e+00 -2.275588068858448720e-01 1.362070555069887057e+00 -5.253751310046396172e-01 9.457132187715153737e-01 4.288258241914060243e-01 6.509981810326191942e-01
1.167811958942976958e+00 -1.122750526274832045e-01 1.256727483581433269e+00 -1.234699752589740324e-01 9.497762267429564753e-01 7.001592416942749031e-01 5.708041953864908535e-01
1.037619019299291789e+00 -6.872841543183628998e-02 1.094882487875694199e+00 2.517728330801033976e-01 8.509477521652387688e-01 9.483696083882872108e-01 5.204611137212373784e-01
8.138110025459612817e-01 -7.670025898980632750e-02 8.714583082295680461e-01 5.437126983948338266e-01 6.545420592775077484e-01 1.145397295494033463e+00 4.877930567468321543e-01
5.134810744233122559e-01 -9.571305558903243915e-02 5.927010013073743533e-01 6.998048465732774615e-01 3.877772387127789711e-01 1.263777582175189762e+00 4.505783330375968121e-01
1.759784719376143725e-01 -9.210494174606924378e-02 2.735578752650112411e-01 6.910445451854774213e-01 9.882459961398795678e-02 1.285546705129244405e+00 3.808612936364059176e-01
-1.678906491616908303e-01 -6.068156072425990449e-02 -4.999265830566673730e-02 5.347530737250448807e-01 -1.544737314983109233e-01 1.231163824466340317e+00 2.664215956517753670e-01
-5.013050961346123824e-01 -1.903409689776295460e-02 -3.253683112178155090e-01 2.939277053264459649e-01 -3.263728453116587214e-01 1.151451315353724247e+00 1.150731405097992072e-01
-7.973721345875217636e-01 1.380030224289101326e-02 -5.131120708255147989e-01 4.794699282516366040e-02 -3.937922021004259809e-01 1.081963358882888304e+00 -6.238515868310258450e-02
-1.027072572348652013e+00 2.987498497066409450e-02 -6.051386209104572256e-01 -1.479162819985744282e-01 -3.581198699938186736e-01 1.019859024235140854e+00 -2.493983404923032776e-01
-1.198755003561662758e+00 2.523295553363114063e-02 -6.111939121914334860e-01 -2.902912202176269330e-01 -2.498960995058176482e-01 9.472474217015852682e-01 -4.054456956276782376e-01
-1.353625687059391236e+00 -8.906656477519191498e-03 -5.430631430183464614e-01 -4.228453972956758289e-01 -1.202726489434420981e-01 8.585538569600708048e-01 -4.811525517524846696e-01
-1.510860927027755984e+00 -7.305804816068793561e-02 -4.255409796296330538e-01 -6.048401013243717150e-01 -1.380206528379908718e-02 7.552840471295918512e-01 -4.616562266219172983e-01
-1.657595038076440153e+00 -1.465818093526707333e-01 -3.085040718447839558e-01 -8.812346285359665687e-01 4.494039644101234521e-02 6.287707236078938777e-01 -3.702170313310113037e-01
-1.796787391483715357e+00 -1.981000746048640904e-01 -2.489791716290375989e-01 -1.270636605277165376e+00 4.275246820222150523e-02 4.576154590173612258e-01 -2.305988023995607650e-01
-1.941389620955598749e+00 -2.002772145221994593e-01 -2.843105032998962667e-01 -1.760853014830771501e+00 -1.760129669277067307e-02 2.202389699510245158e-01 -7.002047267198181768e-02
-2.059831713467910941e+00 -1.399883680576585465e-01 -4.209549947937881176e-01 -2.304775957866926461e+00 -1.006774425212960261e-01 -8.157327015090885813e-02 5.397247457588034980e-02
-2.091676623941593149e+00 -2.595832349110594947e-02 -6.268367329318518255e-01 -2.827229966713082465e+00 -1.497320178614456876e-01 -4.027794226098269648e-01 8.552827896833299637e-02
-2.009882747716178475e+00 1.135508970948338053e-01 -8.291208215416541183e-01 -3.248565289876125473e+00 -1.235043256835415965e-01 -6.636649206833927783e-01 2.071195646062912177e-02
-1.818096178325440793e+00 2.416219505515088684e-01 -9.421794373351027874e-01 -3.509183516670745018e+00 -1.021669561408458660e-02 -7.903985172935682479e-01 -1.043425652089410016e-01
-1.508043481577399092e+00 3.243785802130891849e-01 -9.099022920826667082e-01 -3.569125565157774016e+00 1.903701130326942714e-01 -7.471333933063436517e-01 -2.540714843888201013e-01
-1.074394245714445750e+00 3.421852965422844117e-01 -7.230504146575755797e-01 -3.396872933964481867e+00 4.648886426842067654e-01 -5.388816922171790758e-01 -3.961492600656442709e-01
-5.523364969914985600e-01 2.979792130347662660e-01 -4.081688949301757741e-01 -2.980899861683410812e+00 7.618290490072133769e-01 -2.101933882088247441e-01 -4.915404356740162295e-01
9.468328323637292127e-03 2.103980521514102198e-01 -1.327493745318361271e-02 -2.342001692924482015e+00 1.005133280421222519e+00 1.600435836217747043e-01 -5.141334650857078969e-01
5.842553120414423207e-01 8.845020406549461423e-02 3.985238860505161407e-01 -1.520839685928466745e+00 1.138401347802725727e+00 4.822487699267934969e-01 -4.602098167125453498e-01
1.137306113407511532e+00 -8.050487751608170761e-02 7.675067813425175967e-01 -5.704431796119119324e-01 1.141681522814624872e+00 6.921366160930363387e-01 -3.281497662349953659e-01
1.605638020073297589e+00 -3.037181060825147605e-01 1.062332999882769968e+00 4.336272659764595638e-01 1.022000368140751014e+00 7.712401233805492584e-01 -1.214565153021920224e-01
1.943108015005033273e+00 -5.549026310988978139e-01 1.275852352558094038e+00 1.392716438581749427e+00 8.070879876226962901e-01 7.301248804349934618e-01 1.237941270622704287e-01
2.147381893261405938e+00 -7.857191693808507349e-01 1.410386638409611759e+00 2.198736965383685682e+00 5.327735861343445567e-01 5.873921495015326233e-01 3.482174172260730227e-01
2.230480068747153766e+00 -9.516332368397614205e-01 1.486153549809417163e+00 2.755062194337031922e+00 2.199494396104094973e-01 3.751387113367953829e-01 5.076889104967322597e-01
2.206826597647514099e+00 -1.023935490845185425e+00 1.538503560939658676e+00 3.006696944230416335e+00 -1.251723413653433037e-01 1.407897845535790726e-01 5.860557085758275608e-01
2.104755283348738626e+00 -1.002125579003599887e+00 1.584967719349682724e+00 2.961002344661902264e+00 -4.823864927649964551e-01 -6.648088502574653336e-02 5.908898582255092125e-01
1.939940759963676875e+00 -9.153910897288464188e-01 1.610345452255256937e+00 2.678052197138571344e+00 -8.091737837012124013e-01 -2.061529462369378896e-01 5.569501986987017705e-01
1.690488605012159029e+00 -7.901347512119903937e-01 1.586397551866166600e+00 2.238053505934763709e+00 -1.067740590396690115e+00 -2.557880659535620715e-01 5.356418736006758330e-01
1.341048671031497053e+00 -6.266427472420506017e-01 1.487046672388366408e+00 1.710014888882903872e+00 -1.238392180677495791e+00 -2.184440758015859241e-01 5.670744816240498309e-01
9.271991372475313353e-01 -4.157222075656725191e-01 1.291904483493688138e+00 1.144514005296968007e+00 -1.309641602198473809e+00 -1.223693092895368484e-01 6.657552299967439691e-01
4.996922179614766701e-01 -1.544407915745885651e-01 1.003440385774122090e+00 5.826586660847845600e-01 -1.286096487813080280e+00 -1.256979207172065002e-02 8.274876129517766410e-01
7.755926086986665580e-02 1.521211459284675105e-01 6.581300447219744498e-01 5.458677463870269947e-02 -1.200932595121876778e+00 6.443983600818999069e-02 1.033108201117320268e+00
-3.253381032155168162e-01 4.727016193877169870e-01 3.070539478546229217e-01 -4.192173934344390895e-01 -1.082905749340915547e+00 8.118912436706028635e-02 1.233594006982757119e+00
-6.672142040353572501e-01 7.330819344196504161e-01 -6.897948080814613673e-05 -8.106010511248684658e-01 -9.142171994958309122e-01 4.487274200302159011e-02 1.348843801834806344e+00
-9.157274752674248175e-01 8.429154410666753749e-01 -2.090721483197229558e-01 -1.085398710551721324e+00 -6.543350506251162102e-01 -9.948825891538544061e-03 1.309855331326053474e+00
-1.079408985961186396e+00 7.452923099930867101e-01 -2.730991947857038249e-01 -1.234127370566664439e+00 -2.910288065201697139e-01 -4.366931331164380925e-02 1.101899278725425591e+00
-1.163129109114576121e+00 4.381301951376554982e-01 -1.898599269945204504e-01 -1.284547329108873814e+00 1.581563944819852630e-01 -3.092755670841790608e-02 7.596184822358190702e-01
-1.128481090323962599e+00 -3.576869288065996633e-02 -6.599584006450811592e-03 -1.267872325679136658e+00 6.655004101627683966e-01 3.105737559613372389e-02 3.357979149396614349e-01
-9.438586908644547302e-01 -6.016362986740637631e-01 2.196689877417395687e-01 -1.188727510664241871e+00 1.177921791990109490e+00 1.238355058894038685e-01 -1.029987986755582091e-01
-6.531713534444077984e-01 -1.159273036255194844e+00 4.396905685667298336e-01 -1.047707398219984043e+00 1.600931751643455137e+00 2.086426189165473122e-01 -4.634409660902412131e-01
-3.401899112547862591e-01 -1.593749006768229393e+00 5.968169502196177811e-01 -8.691215600554366150e-01 1.841779609723981803e+00 2.362214439601989791e-01 -6.598789175963178932e-01
-3.853241150513873892e-02 -1.804408132563326106e+00 6.466656431489855583e-01 -6.839382404437595042e-01 1.872007715480871415e+00 1.798560785321529076e-01 -6.767972290112473921e-01
2.599918889361588770e-01 -1.751391820526482901e+00 6.087898416285686398e-01 -5.063366770619678325e-01 1.722965022687724002e+00 6.610278740967856503e-02 -5.579981206026628504e-01
5.299481344018679430e-01 -1.478041471186755107e+00 5.574282394026143228e-01 -3.463181687740326531e-01 1.432990556029209772e+00 -4.230898451858279563e-02 -3.294972325959749648e-01
7.224941664665563978e-01 -1.069490260911800883e+00 5.355894729408849919e-01 -2.271934509174719508e-01 1.029139415067042762e+00 -1.040769312754595693e-01 1.078833778494671207e-02
8.280068866912786429e-01 -5.934567400810241145e-01 5.163317178651075645e-01 -1.609712140813800152e-01 5.505440221448464344e-01 -1.226714706704577496e-01 4.128324010290070900e-01
8.462992381817895371e-01 -9.974780772654488759e-02 4.749670244462659841e-01 -1.200103352915661559e-01 5.308644605801068200e-02 -1.099986768020876360e-01 7.561651442613138707e-01
7.258346357450330411e-01 3.442415201441009764e-01 4.495642582937237064e-01 -6.596185450978442333e-02 -4.224721157634587221e-01 -6.665840909391376745e-02 9.463183330040861874e-01
4.263839139195103600e-01 6.603320717185532374e-01 4.854882310828129710e-01 1.380292234407709019e-02 -8.574719748897831062e-01 -7.042407651614080062e-03 9.764163589876750926e-01
2.808648805940072365e-02 7.996579276250997959e-01 5.574217205648746010e-01 1.292064849896043532e-01 -1.212014460145139916e+00 3.513444184181302443e-02 8.754688045324854340e-01
-2.956675143978325648e-01 7.542985250379888873e-01 5.997654358835746713e-01 3.163696591800636004e-01 -1.411075358523911305e+00 3.908376892080441672e-02 6.543994319138335403e-01
-4.295384292035086538e-01 5.503528906393836406e-01 5.959834600807191185e-01 6.036979381638598596e-01 -1.409539691800820282e+00 1.452072112405827439e-02 3.370382172914034857e-01
-4.035056276664592545e-01 2.528570273460464812e-01 5.924063535735096808e-01 9.560825053251441608e-01 -1.250943015118292090e+00 -1.799495571217487808e-02 6.418186903084186629e-03
-2.983040026976637171e-01 -5.075330420382858504e-02 6.354971041242828411e-01 1.267640509419461825e+00 -1.023112708165229590e+00 -4.564827286699780357e-02 -2.233278029556824140e-01
-1.103388012845218785e-01 -2.955983733163307647e-01 7.288182873197716072e-01 1.409914027704943118e+00 -7.701822367937114500e-01 -6.498974000308908872e-02 -2.826814529899828177e-01
2.102262796807793932e-01 -4.517705042526284909e-01 8.454551274021889773e-01 1.299925724437812402e+00 -4.931577346811316653e-01 -8.229568402546559580e-02 -1.871198562360815443e-01
6.202934307419046833e-01 -5.039414364284601211e-01 9.577582889733339266e-01 9.405597209481302290e-01 -2.179076324962843370e-01 -9.802661693959083267e-02 -5.544072770829676713e-03
9.740298737842049137e-01 -4.597020585527680780e-01 1.042584022055543791e+00 4.107114220247348735e-01 1.839065259879554262e-03 -8.194296925668520526e-02 1.993870943630704773e-01
1.160321578645761686e+00 -3.698465500762233016e-01 1.063749561334277560e+00 -1.645544026938687565e-01 1.542698564899891711e-01 1.160605206574165209e-02 3.840601997444793025e-01
1.191321211912925504e+00 -2.970341617209516505e-01 9.720040065794318673e-01 -6.451464663316375248e-01 2.835684928641989400e-01 1.866242855449163074e-01 5.002344689520337173e-01
1.118883033312864983e+00 -2.576433798714781731e-01 7.353133242845686368e-01 -9.179112403917102370e-01 4.117586468769288133e-01 3.759166791708151156e-01 4.994192998297769526e-01
9.346047350360805472e-01 -2.168141935719802571e-01 3.646846678810141129e-01 -9.285721498353258774e-01 4.915971340967674741e-01 4.830225083772673456e-01 3.550386461050542009e-01
6.386003697783007027e-01 -1.459095451961040790e-01 -8.637972231450048721e-02 -6.836464174032146346e-01 4.649737469897963216e-01 4.464178644208481317e-01 6.581991527155076072e-02
3.362829963820226920e-01 -5.645935882342102002e-02 -5.447805148241829931e-01 -2.351442956720493083e-01 3.354535638615850912e-01 2.524234988643836441e-01 -3.370074104591245234e-01
1.576380551560760956e-01 5.210418297140839705e-02 -9.381342932502421128e-01 3.298486304263812396e-01 1.423318365452230783e-01 -1.001213956612844597e-01 -7.664535988738530037e-01
1.213526799670371914e-01 2.354133192736883040e-01 -1.184601912301378679e+00 8.929443667272461971e-01 -1.084430012599125748e-01 -5.959649120696596247e-01 -1.087447379307926232e+00
1.213526799670371914e-01 2.354133192736883040e-01 -1.184601912301378679e+00 8.929443667272461971e-01 -1.084430012599125748e-01 -5.959649120696596247e-01 -1.087447379307926232e+00
1.128184263352827038e-01 9.800795120437001406e-01 -3.406510501251903689e-01 1.373859560827084492e+00 -1.103228823018537197e+00 -1.527757289487225112e+00 -6.221469086759413569e-01
1.128184263352827038e-01 9.800795120437001406e-01 -3.406510501251903689e-01 1.373859560827084492e+00 -1.103228823018537197e+00 -1.527757289487225112e+00 -6.221469086759413569e-01
2.685284585415066358e-02 9.062270369288892846e-01 2.856899565178858125e-01 1.003318482078116913e+00 -1.279354600133180808e+00 -1.230633572672229725e+00 -1.615301159304781964e-01
-9.799922227377719230e-02 6.311786691774486924e-01 8.307757546512735125e-01 5.380105868535091096e-01 -1.230138033402103925e+00 -7.004519043320333038e-01 3.182496857321956418e-01
-2.270836142419896952e-01 2.211369327857674039e-01 1.219618534974244994e+00 1.435501977396151652e-01 -9.218699717876520650e-01 -5.201863049292900637e-02 8.164412518767307780e-01
-2.701537283707071690e-01 -2.547189753258342071e-01 1.418295187562150339e+00 -8.084047229343080399e-02 -4.083132420339957158e-01 5.593290788873841457e-01 1.301013871014622625e+00
-1.593908724011091904e-01 -6.932973012704111149e-01 1.389184766127423920e+00 -1.190590348323616460e-01 1.823598806169633435e-01 9.515957549778979452e-01 1.683003560626282979e+00
4.806727167630629738e-02 -9.665136511480413306e-01 1.135493416647251452e+00 -7.527115199930097672e-03 6.959568811375935748e-01 1.015416179490915116e+00 1.901776526686502322e+00
2.474462656929913296e-01 -1.008185986339890539e+00 7.396917297401343072e-01 1.957973478216091523e-01 1.031884506671521429e+00 7.743246224360599284e-01 1.952832749253751610e+00
4.216821486896005222e-01 -8.646687395081339433e-01 3.245650526595906249e-01 4.252626125099825405e-01 1.193356728780671228e+00 3.431391035587335603e-01 1.835941447133794702e+00
5.972190037247909755e-01 -6.355533868200125003e-01 -4.340180691922732557e-03 6.181215936487437501e-01 1.233662351194178441e+00 -1.554827680593335038e-01 1.555847314059791042e+00
7.497039904726083837e-01 -4.003197220907651066e-01 -1.736842475120007057e-01 7.348004310462215027e-01 1.185857832802986955e+00 -6.262131223148511561e-01 1.160606692034753085e+00
8.426823790895705546e-01 -2.131709014557962856e-01 -1.454294312567278591e-01 7.628985285220086787e-01 1.066433312214866813e+00 -9.964139436898968860e-01 7.228298459273675425e-01
8.817312266163611634e-01 -1.187350514617717540e-01 6.768433169916289460e-02 6.990516145839722473e-01 8.973882393150477421e-01 -1.219936169108044366e+00 2.947489013153715143e-01
8.743866947490033237e-01 -1.384676255347757623e-01 4.157082677757262812e-01 5.527740171332565788e-01 6.979274563125831277e-01 -1.280534597684357401e+00 -9.031886370921850260e-02
7.994866930925371706e-01 -2.543088264712457525e-01 8.471036408816198238e-01 3.597214330944087934e-01 4.746265715333299884e-01 -1.182816252722639128e+00 -3.919624424157801545e-01
6.536649290247661392e-01 -4.274964258557844565e-01 1.309947641445897482e+00 1.575621114523037547e-01 2.343361996560165417e-01 -9.431088135507883496e-01 -5.710925742074670630e-01
4.813111468504097656e-01 -6.308560765007648063e-01 1.737907729304055460e+00 -3.935033205338694245e-02 2.008370607212026961e-03 -5.834295502060437011e-01 -6.183262611870252723e-01
3.239481084792311671e-01 -8.462438663554602281e-01 2.071220050010214919e+00 -2.201800408624138283e-01 -1.890449761805224893e-01 -1.306645086048178750e-01 -5.464003485291045736e-01
1.743493356958081275e-01 -1.041561824706383588e+00 2.281704309911188222e+00 -3.526982233767979591e-01 -3.205539428612812491e-01 3.718895362907770896e-01 -3.625557574435289143e-01
9.583019356114337584e-03 -1.179819203323719812e+00 2.359900441859584586e+00 -4.009968802751507910e-01 -3.865385219527426308e-01 8.604430381581207321e-01 -7.762513024662794081e-02
-1.675459658580815137e-01 -1.245568449746752071e+00 2.296471407770266371e+00 -3.575959984754455978e-01 -3.816969811984604610e-01 1.267752386214683114e+00 2.677842791387221588e-01
-3.431534974846683905e-01 -1.242469062524788725e+00 2.094063035278777019e+00 -2.397479027722199674e-01 -3.057959198338274232e-01 1.545453989197681066e+00 6.113400272550419956e-01
-5.110644616874168156e-01 -1.177917194035469794e+00 1.784943860448705788e+00 -6.547498132490674194e-02 -1.656031117226195171e-01 1.681646373960544061e+00 8.971540615867535928e-01
-6.590627128634870546e-01 -1.059990643033124291e+00 1.417860653689194006e+00 1.407640198856878466e-01 2.609949493455094791e-02 1.691861585952845193e+00 1.083732509025544521e+00
-7.670464560821959044e-01 -8.958054965654494994e-01 1.026283480533846326e+00 3.253333441378316593e-01 2.410917133657005662e-01 1.586255343553680808e+00 1.137545934154003957e+00
-8.310439294425414625e-01 -6.935108732447272661e-01 6.217163829545110376e-01 4.229949957770585134e-01 4.337050451100669113e-01 1.369399140272440141e+00 1.043859885561164491e+00
-8.621808072348440266e-01 -4.704114474367353527e-01 2.158517717571651062e-01 4.087289289842518936e-01 5.619698324360093977e-01 1.066381220117304185e+00 8.220039370848259974e-01
-8.538173528035540860e-01 -2.512728704618644726e-01 -1.730724742297982122e-01 3.134260047380013625e-01 6.115137975607964904e-01 7.210328836131920660e-01 5.095975272088457686e-01
-7.773719340532627697e-01 -5.607558994948906583e-02 -5.402286300258308804e-01 1.781784131886618439e-01 5.948716282489385776e-01 3.761731556989920122e-01 1.364333916477268316e-01
-6.201076437590897772e-01 1.140283840602356880e-01 -8.985964362653037218e-01 1.264498834404830484e-02 5.298181291733499165e-01 6.150898863138663103e-02 -2.750235548679759723e-01
-4.053393068429854140e-01 2.790444597577707575e-01 -1.253624482923184180e+00 -1.843449817537375079e-01 4.258394520445278331e-01 -2.094034011809032536e-01 -6.978761318685744452e-01
-1.703882228744478255e-01 4.579290808895415954e-01 -1.589855904291452404e+00 -3.884170114531357854e-01 2.926629281662748161e-01 -4.322870050534184938e-01 -1.102769873963754588e+00
5.450575508729750551e-02 6.515367941012134567e-01 -1.893933540110412261e+00 -5.595145701242255631e-01 1.505990698622181878e-01 -6.054184687024922740e-01 -1.468118220940738627e+00
2.337993472644309678e-01 8.582968149216507747e-01 -2.176667271800262426e+00 -6.661881559589758472e-01 2.217454955645589351e-02 -7.283149586861396019e-01 -1.778744889703945509e+00
3.184400318440269162e-01 1.085472830952770140e+00 -2.457375866354916560e+00 -6.863128619852266743e-01 -7.997198000994495959e-02 -7.975947306155407590e-01 -2.014486817747758174e+00
2.800936574997841544e-01 1.331772364524172581e+00 -2.734864752615465466e+00 -6.120525956491169595e-01 -1.514033972101171688e-01 -8.086967966496615423e-01 -2.156321609840190501e+00
