5.657776505973000081e-01 -8.561410364333431333e-02 -9.444596047757916613e-02 -3.169359007441450715e-01 5.583743143127716246e-01 -3.202880020913313058e-02 -6.080806132030776023e-01
-3.149199797033783860e-02 -5.519260728551778072e-02 -6.914735594807533414e-02 1.027695104602624754e-01 4.165810675994195411e-01 3.630237127736566372e-01 -3.962699930545266480e-01
-5.344684019345816717e-01 7.822236132656584795e-02 -4.675851480669763333e-02 4.312793660268771090e-01 1.484102960909752800e-01 6.451177799571921057e-01 -2.155265385417146351e-01
-7.947206114966440804e-01 2.916060298127253203e-01 -4.444178270938076852e-02 6.228707370024173517e-01 -2.010071290815500789e-01 7.322900129898483046e-01 -1.128275188017444502e-01
-7.332769313648642706e-01 5.450110494147708540e-01 -5.605910476446520491e-02 6.617031875833607746e-01 -5.553051950368359524e-01 5.989236732017468867e-01 -1.084133852772777851e-01
-4.053356180468766778e-01 8.038821533782638529e-01 -6.189772132353077438e-02 5.728104056284513135e-01 -8.647732814079276409e-01 2.899637395395692763e-01 -1.755619084589403744e-01
8.243850173902371459e-02 1.029127404498050957e+00 -5.663481703772944853e-02 4.091818427060189278e-01 -1.117366343806452056e+00 -1.256917153270386556e-01 -2.674966764810757236e-01
6.612813629864620069e-01 1.166096400555866275e+00 -4.593443884150337497e-02 2.141420936556569510e-01 -1.290243405142725397e+00 -5.826138895729251477e-01 -3.525742265126854957e-01
1.254875088272831674e+00 1.175056090247202034e+00 -2.603401387676677198e-02 6.356460166804454338e-03 -1.338690188545300419e+00 -1.007299052097564207e+00 -4.041299308199272633e-01
1.730282969864924247e+00 1.066974162301811857e+00 1.567223111699064461e-02 -2.001956907833256916e-01 -1.243842624150330423e+00 -1.325414258268514445e+00 -3.868379824114103194e-01
1.977526084472812418e+00 8.821000220533434799e-01 8.114305931515164438e-02 -3.837616182870312587e-01 -1.026212388583632507e+00 -1.492469100935098769e+00 -2.906013644135984619e-01
1.994258339924612322e+00 6.448247950509600201e-01 1.503697349310445242e-01 -5.262666266839338691e-01 -7.113172941877823341e-01 -1.509938296555383141e+00 -1.526657500111910648e-01
1.834410238337941257e+00 3.645630549863153047e-01 1.982860336831000492e-01 -6.271518299392434548e-01 -3.210791220722000183e-01 -1.402419028663089762e+00 -1.329877716039992372e-02
1.516970811951939391e+00 5.688552670282376322e-02 2.217423581306296743e-01 -7.046901090178681049e-01 1.071891736158147312e-01 -1.179126431285655974e+00 1.275300086523361853e-01
1.051409543293851945e+00 -2.653647551528298676e-01 2.319944725124657714e-01 -7.816386484730627471e-01 5.286355022685231830e-01 -8.412671991990102738e-01 2.804335454085919443e-01
5.060043280623514050e-01 -6.020472181911460385e-01 2.243568698868658451e-01 -8.633673624097406574e-01 9.189043415686112271e-01 -4.162052805867923477e-01 4.227116628105844764e-01
-2.785686388842792752e-02 -9.448475802204528984e-01 1.782002656414811703e-01 -9.276633122702498957e-01 1.268694221221053908e+00 5.140150344250447173e-02 5.150458581758177168e-01
-5.021016807532631132e-01 -1.254928075178588731e+00 7.798042177456597501e-02 -9.290604088161303897e-01 1.548183488891001325e+00 5.183575969020539631e-01 5.384513237077821479e-01
-8.878870222558301606e-01 -1.476017571710151577e+00 -8.593381275488520821e-02 -8.132478140792496202e-01 1.708047065881296733e+00 9.258075130455338808e-01 4.914401975612041062e-01
-1.142277623833182432e+00 -1.571498805498628748e+00 -3.201338474810831447e-01 -5.474881710586694261e-01 1.726725332298272297e+00 1.205781291314704129e+00 3.753032662470665026e-01
-1.264611323115799157e+00 -1.542368662982823491e+00 -6.042733478596796770e-01 -1.475580124026676376e-01 1.627494100492758111e+00 1.337862936375835643e+00 2.117304679475577323e-01
-1.341106428387992544e+00 -1.416304680000521454e+00 -8.711151146086035801e-01 3.285627240173265573e-01 1.444026239101256825e+00 1.374513097639326498e+00 5.465998784131937543e-02
-1.466438048762579438e+00 -1.229935652475981023e+00 -1.035537394264732125e+00 8.081171643452391695e-01 1.197427004850740717e+00 1.383752696610435873e+00 -4.789448720760819400e-02
-1.637170674257270697e+00 -1.015244327359116072e+00 -1.050377316322261390e+00 1.228465712037674296e+00 9.070914259850840766e-01 1.376423568331946345e+00 -9.975430015144806650e-02
-1.773926864305965800e+00 -7.902348633224214325e-01 -9.226348551004406318e-01 1.549495605869705583e+00 5.990013563393082885e-01 1.312384189740456231e+00 -1.391524352747686988e-01
-1.840364973200509624e+00 -5.610895976372251015e-01 -6.756985321262525268e-01 1.742014363437766056e+00 2.969089286358280178e-01 1.172291408485627295e+00 -1.726494411899223147e-01
-1.875763207958269119e+00 -3.418207025545378919e-01 -3.195088006733465824e-01 1.768040781754766311e+00 2.454317718123984887e-02 9.925339604653511394e-01 -1.612920319582371864e-01
-1.905449487884575577e+00 -1.676441572602780372e-01 1.300633745413359577e-01 1.594769686976041934e+00 -1.773575647402244049e-01 8.233964953704426826e-01 -8.127885615290565691e-02
-1.896613634226477219e+00 -7.668499861600282241e-02 6.250133877754475709e-01 1.236054687235412342e+00 -2.631324520836211822e-01 6.872008756083660685e-01 4.081002724867079101e-02
-1.825902603151279724e+00 -8.352940135063767479e-02 1.104663478869892357e+00 7.578965858735463579e-01 -2.236773100373394274e-01 5.957827017327821384e-01 1.641701648952826054e-01
-1.718383118805413057e+00 -1.779093764855158855e-01 1.531386449808535444e+00 2.337342376508598496e-01 -9.680420601847417039e-02 5.709625579077335367e-01 2.710509378306603101e-01
-1.593798899819756087e+00 -3.365435181365587503e-01 1.882878828170737151e+00 -2.817072397118674520e-01 6.988132633463624288e-02 6.196070912344695536e-01 3.571244094991139484e-01
-1.442603518992920053e+00 -5.258104514209714919e-01 2.129833587743888312e+00 -7.359007977747105134e-01 2.452748254732451116e-01 7.183367362637780307e-01 4.170954226633026840e-01
-1.267247408795334707e+00 -7.003458283564758524e-01 2.251075073710924190e+00 -1.073904032665362385e+00 3.959093168743330615e-01 8.328040721130156587e-01 4.553315667205806161e-01
-1.075006263225022796e+00 -8.140315099805347510e-01 2.243718054853260924e+00 -1.258069646578936274e+00 4.791124410441667814e-01 9.208994484172445816e-01 4.791471441012496446e-01
-8.364759717429999242e-01 -8.356820694889993684e-01 2.096869379850965220e+00 -1.270885920683910042e+00 4.756262789029790383e-01 9.270513135782092462e-01 4.715431929527699739e-01
-5.306379030434930089e-01 -7.433112259814065315e-01 1.788662092718446006e+00 -1.103901553727040463e+00 3.900405909915016234e-01 8.142239567041923420e-01 4.088019712111122250e-01
-2.126521620606310892e-01 -5.181733434268751548e-01 1.328429532888456777e+00 -7.680619606877060468e-01 2.173803320305650877e-01 6.022620511832406098e-01 3.014498111520597656e-01
3.005370160736478558e-02 -1.681307583065795308e-01 7.787932118103069179e-01 -3.128670292619383786e-01 -5.020391380418653265e-02 3.553737115186534345e-01 1.807698806684117920e-01
1.696814749744668949e-01 2.532424083102042811e-01 2.242217393306920048e-01 1.811464440952182398e-01 -3.884100520251858035e-01 1.349860267214042231e-01 5.999829979302201410e-02
2.498344491066633033e-01 6.627310079966439726e-01 -2.684590618730283151e-01 6.336666893517183263e-01 -7.363251892993393222e-01 -2.920627498849557094e-02 -6.507806249686436117e-02
3.159478655131902070e-01 9.820773476044437622e-01 -6.550722069301020412e-01 9.859509816296170293e-01 -1.027768928822329286e+00 -1.283485389389118769e-01 -1.889396750948397763e-01
3.688119769085061450e-01 1.158739772435423365e+00 -8.994288577493632086e-01 1.193297582796997824e+00 -1.212928307843814890e+00 -1.526188043234015523e-01 -2.893291541577835968e-01
4.057128397132199193e-01 1.162768164807857829e+00 -9.782487417211398473e-01 1.222087329393182653e+00 -1.250352491547164879e+00 -1.005276210008414217e-01 -3.549464411371217043e-01
4.530442296201645513e-01 9.906008917507145295e-01 -9.006715063648346176e-01 1.075946947908275497e+00 -1.114400178805552422e+00 1.373624993157645038e-03 -3.994861693475494357e-01
5.114674009942331567e-01 6.849127622016296657e-01 -7.014444350660132832e-01 8.058210917930186401e-01 -8.275976100337789632e-01 1.169025342793589550e-01 -4.261438942753588144e-01
5.331683623599052790e-01 3.242420626377269244e-01 -4.228193128481140817e-01 4.815220794083132638e-01 -4.569266147721797178e-01 2.293906529343647249e-01 -4.136501736474699209e-01
4.975436433507186007e-01 -2.039418322467415057e-02 -1.228091513757447600e-01 1.676634774153034080e-01 -6.711781785435164127e-02 3.333215081194347285e-01 -3.655428094881102985e-01
4.330976683281113071e-01 -2.980409875052761337e-01 1.237596945032109208e-01 -7.570727383733456828e-02 2.990451529594307378e-01 4.207761654236210624e-01 -3.249557317077501617e-01
3.327389282422737460e-01 -4.517845477224905482e-01 2.620855661450649521e-01 -1.905391809599552566e-01 5.915388344587997338e-01 4.902024499641588484e-01 -3.127719614851507957e-01
1.252605904773926304e-01 -4.236253910712244886e-01 2.882004605804294184e-01 -1.365800860523520011e-01 7.368259786378812404e-01 5.435934345691272318e-01 -2.917244208814224748e-01
-2.303685513314815136e-01 -2.062946773968133973e-01 2.326935839250501570e-01 8.499664589892641509e-02 6.745884684358691707e-01 5.618663779029207106e-01 -2.068989879617738892e-01
-6.507039863469514795e-01 1.160156697283348803e-01 1.276887325380782201e-01 4.204518485558614849e-01 4.154286342462769621e-01 4.950517653425213771e-01 -3.861014972230519815e-02
-9.668459628047325616e-01 3.793487868452535272e-01 8.968421904929763794e-03 7.626989322997405063e-01 6.253624917765426838e-02 3.062138662485874852e-01 1.941386066839742852e-01
-1.071595803681273162e+00 4.234413389946975470e-01 -6.873566311895609737e-02 9.747109542616173572e-01 -2.365360857988617616e-01 2.746696863932597543e-02 4.743088340259929980e-01
-9.886168504726674522e-01 2.026481008307390863e-01 -6.471342761199407045e-02 9.505788367092337099e-01 -3.672025720214739941e-01 -2.537880513691737061e-01 7.978428218381604653e-01
-9.886168504726674522e-01 2.026481008307390863e-01 -6.471342761199407045e-02 9.505788367092337099e-01 -3.672025720214739941e-01 -2.537880513691737061e-01 7.978428218381604653e-01
-5.502170291254079304e-01 -5.165933142024751179e-01 -4.757532434890982681e-03 1.925552471631078733e-01 -1.900839947692791257e-02 -5.117944748505444119e-01 1.291723298473681947e+00
-2.973311126581508756e-01 -6.004925779686542953e-01 -9.705967032554324581e-02 -3.530640447648856761e-01 3.180624637950139610e-01 -4.355319538895089937e-01 1.199551840006477299e+00
-1.636150931768917682e-01 -3.364378567579522916e-01 -2.424513790560222648e-01 -7.480730717028013510e-01 5.147495594302550215e-01 -2.236991995070679862e-01 8.337918804013592089e-01
-2.703824395971042849e-01 1.333381105825968693e-01 -3.268726143736068179e-01 -7.539525035852087109e-01 3.881237190039243390e-01 1.111810219439082620e-01 3.380584582508062153e-01
-5.025023635977259318e-01 4.724055769406801941e-01 -2.505949677470578063e-01 -3.621033708784556215e-01 2.577853796723376945e-02 4.669781284964296120e-01 -1.069159491259273065e-01
-5.658698838194843317e-01 4.466313678901205342e-01 -2.545300557582145726e-02 1.871258668508108403e-01 -2.738515503265174234e-01 6.812673105569766463e-01 -4.201217925008597920e-01
-3.388167719245217535e-01 1.311379892875815245e-01 2.598180885892977798e-01 6.548257038069817959e-01 -3.491490262878922946e-01 6.809121247247997832e-01 -6.071337250145398823e-01
2.956303024176074046e-02 -2.690074981995898562e-01 5.787875288060388979e-01 8.850236324823214096e-01 -2.448052772231168184e-01 5.331981150930944491e-01 -6.433282729590954485e-01
3.125998763255342094e-01 -6.328695003207465142e-01 9.384262692138991557e-01 7.876535089207652440e-01 -2.530430718612991861e-02 3.570987607271549069e-01 -4.697538358714934970e-01
3.587962627990232689e-01 -9.030203375212446648e-01 1.272334282202381095e+00 3.965550969262015557e-01 2.713645315519406798e-01 2.273231956315650282e-01 -7.836851781160567021e-02
1.522321179801319480e-01 -1.028753223020950847e+00 1.479633789959152734e+00 -1.530175167740829012e-01 5.830874041621854076e-01 1.492454517661096214e-01 4.486793156115457260e-01
-1.854394511797006206e-01 -9.799556840402560143e-01 1.492938583219978188e+00 -7.182186479366398091e-01 8.352895729323790430e-01 7.970161597521994989e-02 9.597078164590839844e-01
-4.915505577925847747e-01 -7.569359273461296889e-01 1.282756352080215434e+00 -1.192458134380603996e+00 9.672170352350369926e-01 -3.503269637472668230e-02 1.314999037658169723e+00
-6.985827654938431275e-01 -3.726527247253701991e-01 8.682809618328075629e-01 -1.502982521056008824e+00 9.185380580436410813e-01 -2.119386243995443342e-01 1.480588132787464151e+00
-8.410840909789903952e-01 1.441385609433865067e-01 3.293901364894518680e-01 -1.609318160732587266e+00 6.413026660182822303e-01 -4.233349003854043335e-01 1.513140842951462561e+00
-9.428882089225280039e-01 7.201470234371454282e-01 -2.184163429536279399e-01 -1.517397190480908042e+00 1.643229781333351014e-01 -6.322561315786734415e-01 1.467125185154387612e+00
-9.912994069651277496e-01 1.249006962999001047e+00 -6.613486482970202252e-01 -1.286753739350865233e+00 -3.911826945819258938e-01 -8.017200276571820883e-01 1.372063781565094454e+00
-9.974872940316167336e-01 1.642791161525743338e+00 -9.202629315494524898e-01 -1.001529591341662417e+00 -8.751830446367607763e-01 -8.850220971029584272e-01 1.257097969638970358e+00
-9.773561285710661295e-01 1.850414800704896390e+00 -9.748464833453722722e-01 -7.120203158185118841e-01 -1.174287907857110902e+00 -8.592440376998647933e-01 1.134940578738229622e+00
-9.124521462493463408e-01 1.838762183849333987e+00 -8.478460363224252783e-01 -4.061291893102065287e-01 -1.253216444895993709e+00 -7.555176447466180889e-01 1.004808364491592387e+00
-8.113544270722476970e-01 1.603181122216350785e+00 -5.677655974042042919e-01 -5.137572764723702390e-02 -1.167576546443547469e+00 -6.194139606547001131e-01 8.977297496481970729e-01
-7.576131549307436597e-01 1.203403277266891891e+00 -1.701163298373064292e-01 3.474664157370749296e-01 -1.019967889469753253e+00 -4.623178230110773779e-01 8.673595493365693354e-01
-8.302084425208761109e-01 7.506121666860672281e-01 2.720569773608511044e-01 7.437972066999529730e-01 -8.875501217760052297e-01 -2.727185339271130382e-01 9.146918995843803524e-01
-9.965585664478835426e-01 3.448633018946323237e-01 6.505453373061937938e-01 1.082659754549720743e+00 -7.891585677743861993e-01 -6.080177664012396954e-02 9.528852140493015987e-01
-1.123670638891153262e+00 2.746592906220864799e-02 8.781917203447865417e-01 1.317695866710884456e+00 -7.038366331384089403e-01 1.255355210570427704e-01 8.768681211866650171e-01
-1.110220332409092459e+00 -2.146004237312595098e-01 9.413339618552788446e-01 1.404112723447156430e+00 -6.015741451460837608e-01 2.451484187999790343e-01 6.652797981757839763e-01
-9.757342672813625883e-01 -4.061083412809205484e-01 8.814943113243915995e-01 1.309370498929774085e+00 -4.626051273929194796e-01 3.106412693979075379e-01 3.868333719656250613e-01
-7.855679709453653459e-01 -5.584439050728657872e-01 7.364252238397348549e-01 1.040979607409826979e+00 -2.796925952038327723e-01 3.557210907315292436e-01 1.178087851940917974e-01
-5.510335911974107992e-01 -6.841949048722313353e-01 5.239352207169827302e-01 6.473040041545731205e-01 -5.104670542137858952e-02 3.802754073953784619e-01 -1.031891660091206198e-01
-2.723009457255082810e-01 -8.038507213756272973e-01 2.728821490020182927e-01 1.934079447441806043e-01 2.119637814827519673e-01 3.709818973084156313e-01 -2.472855793878287745e-01
-1.624185619555097368e-02 -9.229059056256552207e-01 3.196191761467614273e-02 -2.528946384910426559e-01 4.710905663471881555e-01 3.418498928297387107e-01 -2.777514266277241184e-01
1.358172065202801759e-01 -1.023776705309321855e+00 -1.685860167013690514e-01 -6.184234043544394321e-01 6.764530090908890125e-01 3.133937184933355824e-01 -1.916793043640127314e-01
1.785722908654823193e-01 -1.091115228554187855e+00 -3.407351608195879344e-01 -8.348264630234248918e-01 8.053920993471634926e-01 2.894568060187412417e-01 -5.416225981081133206e-02
1.539163310973638565e-01 -1.126072752572732982e+00 -5.056582605129940067e-01 -8.726345709377419935e-01 8.790528050449879505e-01 2.837788499132011810e-01 4.752028182587817590e-02
7.218770466995785839e-02 -1.123536253599694890e+00 -6.595088179910488790e-01 -7.528709362745718003e-01 9.257075516327164522e-01 3.251677446620599432e-01 7.710547303446449452e-02
-8.124922015441561618e-02 -1.059978768252201720e+00 -7.870022622876132745e-01 -5.180015709072732788e-01 9.405466966787265903e-01 4.189343039856146533e-01 5.305986660125656257e-02
-2.744365013292861533e-01 -9.287106797124053958e-01 -8.861801033632441538e-01 -2.120409267977349799e-01 9.120180878907989674e-01 5.326114513238066062e-01 -1.162350142708281665e-02
-4.057406600881511283e-01 -7.681241140727084193e-01 -9.615297284899189112e-01 1.140073013979894800e-01 8.677627111994464792e-01 6.193717674541183715e-01 -1.394653068906493709e-01
-3.921325145148041869e-01 -6.295839916377190537e-01 -9.978175483911433385e-01 4.033416118743319290e-01 8.534955235679987373e-01 6.532925399688053192e-01 -3.427449773858932125e-01
-2.620138766430664679e-01 -5.265847958464274781e-01 -9.552922238985472880e-01 6.102443486321146304e-01 8.742824812894025577e-01 6.445278914979798435e-01 -5.715289586164596924e-01
-1.078373890456645889e-01 -4.376629097297123905e-01 -7.998803651117087909e-01 7.128026599664739615e-01 8.877566121059297100e-01 6.118631577338071725e-01 -7.396730137237246261e-01
3.315781658552237332e-02 -3.598617050316477717e-01 -5.363283927304018928e-01 7.095165491852737372e-01 8.598654647396345441e-01 5.526153819244352672e-01 -8.025937821690992680e-01
1.965537864765064258e-01 -3.382575890817065556e-01 -2.013377563398505155e-01 6.082512936442878715e-01 8.049485694935195612e-01 4.567102090685569715e-01 -7.809308461067193674e-01
3.979482654014199761e-01 -4.279450227897340642e-01 1.737026063806789422e-01 4.221297358528490196e-01 7.549939655489398271e-01 3.443882744227776960e-01 -7.077327492261202835e-01
5.943203250725834774e-01 -6.374816130301683703e-01 5.699802137570255667e-01 1.801629669667269840e-01 7.111019212866547257e-01 2.573417106386044484e-01 -5.937982293999397587e-01
7.591947027256209513e-01 -9.308137739399832133e-01 9.561127344696145336e-01 -6.632051452367447586e-02 6.556190677479621920e-01 2.066785183850554930e-01 -4.552706946182312753e-01
9.178562686480854493e-01 -1.267503681833691331e+00 1.286361441184297627e+00 -2.635037420592206137e-01 5.874976787784276233e-01 1.675695545707992229e-01 -3.270724039154145335e-01
1.077677268947082156e+00 -1.601171105495917235e+00 1.522318873768724989e+00 -3.784250486880602615e-01 5.047833517753077537e-01 1.236551135797797768e-01 -2.243615315723974935e-01
1.191736009975020938e+00 -1.855646759951845803e+00 1.639681125997926037e+00 -3.980261778595807209e-01 3.720704581426867996e-01 8.303974809503723853e-02 -1.299147120737112748e-01
1.218068730151659507e+00 -1.949106407603381275e+00 1.619556524474184300e+00 -3.178481956221280713e-01 1.393305136314210713e-01 5.302177135946620212e-02 -3.791265340242886556e-02
1.180984878080279410e+00 -1.846718212937138892e+00 1.444793139846860530e+00 -1.432817591868993101e-01 -2.011955822772445168e-01 2.077989856260046425e-02 1.154636680323291656e-02
1.154848390607899677e+00 -1.578797649837600625e+00 1.114502652355952250e+00 9.900831120203137936e-02 -5.811263157949826397e-01 -3.208635751515768325e-02 -4.511806129571514778e-02
1.180438700519450990e+00 -1.212014595202723921e+00 6.665290105779465568e-01 3.574232489347905495e-01 -8.943276026994559924e-01 -9.747841256961328749e-02 -2.299453056309402610e-01
1.228533042965896716e+00 -8.141334011299504736e-01 1.702669774911364231e-01 5.684744473809341114e-01 -1.059462661439118936e+00 -1.408941900434931005e-01 -4.948170037266357846e-01
1.278492376888650695e+00 -4.447640238339830576e-01 -3.098607251562058851e-01 6.800636308319422119e-01 -1.028058492345728325e+00 -1.482271411234314940e-01 -7.704757384821719901e-01
1.353584152621678971e+00 -1.510806044957894445e-01 -7.270632753821575367e-01 6.710715137269861463e-01 -7.815014438850348411e-01 -1.419989593263440431e-01 -1.001838755752450183e+00
1.423449245415470132e+00 5.642889729821338324e-02 -1.036270448692558244e+00 5.630284596298923416e-01 -3.682073868231254266e-01 -1.307176702601515472e-01 -1.126832288740858168e+00
1.381376906929915327e+00 2.214674980555489670e-01 -1.204811219600280037e+00 4.206329336118075357e-01 8.793893446972558814e-02 -9.166574827593387820e-02 -1.097232276841961118e+00
1.187881596120030858e+00 4.203450615009692304e-01 -1.251356605297017754e+00 3.283534291776629699e-01 4.515442384450703006e-01 -3.540783488051122557e-02 -9.460499762263825385e-01
9.451390083637275508e-01 7.117011519213344295e-01 -1.245517119418161123e+00 3.532023830236774020e-01 6.400281402788529084e-01 -3.583860227789786856e-02 -7.779939711916004086e-01
7.632008129938526730e-01 1.095650612033324034e+00 -1.241612061618023288e+00 5.165488808218808847e-01 6.261095540715229113e-01 -1.493608763483748603e-01 -6.684299847729041621e-01
6.363376550006889509e-01 1.511911962865438941e+00 -1.232711621807896840e+00 7.915440073787241015e-01 4.171559214953967087e-01 -3.441605825783403128e-01 -6.110947067889612727e-01
5.198085502957406900e-01 1.868288956937501855e+00 -1.195129829193812387e+00 1.129160787048275161e+00 6.287626858964602550e-02 -5.526713602634039102e-01 -5.782656200768413468e-01
4.175359925629624769e-01 2.077790780825373051e+00 -1.132243195045397721e+00 1.480665294880707972e+00 -3.465178383963061770e-01 -7.392236666465853423e-01 -5.616648606368366270e-01
3.146703165233499244e-01 2.093823262175177558e+00 -1.041741112714282380e+00 1.799396596536278814e+00 -7.278047919730850079e-01 -8.738521946045845201e-01 -5.290797162077119919e-01
1.459722495505417772e-01 1.924460824851141449e+00 -9.016727874989881597e-01 2.049200863020982144e+00 -1.041635372696741779e+00 -9.138663382941483171e-01 -4.197452982858519976e-01
-1.050049899990581487e-01 1.609361253752604304e+00 -7.208376313252804479e-01 2.219688509899667928e+00 -1.273020661686670163e+00 -8.510623922058397905e-01 -2.176698728025136531e-01
-3.925151190609001972e-01 1.189733326386324785e+00 -5.405132388927359477e-01 2.313494243289003105e+00 -1.405019310289777001e+00 -7.078883797694308644e-01 3.179174814947897942e-02
-7.149276245977065347e-01 7.135935214566725415e-01 -3.715123258193740452e-01 2.320365261312238303e+00 -1.436847858750418983e+00 -4.829532801045879342e-01 2.979546875749767842e-01
-1.102953697538197497e+00 2.449770092849141156e-01 -1.956593408474858742e-01 2.223874185303912121e+00 -1.394092547612792554e+00 -1.682781263295775043e-01 5.771901733388128397e-01
-1.495902036365813981e+00 -1.646253151411097848e-01 -2.627590000854591185e-02 2.019986096112459606e+00 -1.285809486671491975e+00 1.974328120954613741e-01 8.192660324389308135e-01
-1.754847668882386413e+00 -4.967457236196761716e-01 9.742131933184119963e-02 1.710900093989951465e+00 -1.088321008296743830e+00 5.450481909863779117e-01 9.392240615812879057e-01
-1.816818160068696342e+00 -7.338701012375191679e-01 1.702459976861675772e-01 1.303450459882001811e+00 -8.083962499734953511e-01 8.257659605136323799e-01 9.216878991382282393e-01
-1.749768681681951987e+00 -8.333819858526791968e-01 2.300503144600800631e-01 8.244663221975260248e-01 -5.232066617289755639e-01 1.017710433785404600e+00 8.460290419947773533e-01
-1.627817422183861940e+00 -7.635383928552746946e-01 3.005687833885749560e-01 3.210007313218421476e-01 -3.181100976395542790e-01 1.089730706569269625e+00 7.870988129569139735e-01
-1.427787283428416210e+00 -5.478594333490263146e-01 3.589974552704126576e-01 -1.595468565801533567e-01 -2.144279289448840775e-01 9.875283155034426663e-01 7.415724875646707570e-01
-1.113874536491920697e+00 -2.571583427034154767e-01 3.887051453791636191e-01 -5.936845946809378161e-01 -1.849400463429021757e-01 6.896652732836198174e-01 6.890439001320752821e-01
-7.377197253939606902e-01 3.218964515722689407e-02 4.218598838093145509e-01 -9.846536860308356953e-01 -2.066658141307853025e-01 2.454313282743907643e-01 6.638243963444572238e-01
-3.590144414007790941e-01 2.662902328487755654e-01 4.865263626112181217e-01 -1.334150011890548493e+00 -2.600600648465474785e-01 -2.852332885061646395e-01 7.038729616837299252e-01
3.213591557865928122e-02 4.145449551670677968e-01 5.640321946551755117e-01 -1.623552878451801185e+00 -3.023548879568160874e-01 -8.716489835663797647e-01 7.907476806148030501e-01
4.305733742890365257e-01 4.707940261442203345e-01 6.334018834675956278e-01 -1.826727868242146835e+00 -2.924449220479958811e-01 -1.462883107497958912e+00 8.952529059832728953e-01
7.681078712541824505e-01 4.595278602258859868e-01 6.955211209920371118e-01 -1.923021341516121252e+00 -2.301000439377881290e-01 -1.974225319002792745e+00 1.013196195690811985e+00
1.007440008931166142e+00 4.192208508677590095e-01 7.280239575380967887e-01 -1.896753229018316222e+00 -1.411530526989131229e-01 -2.342911039382812977e+00 1.114043900738379334e+00
1.161968116973344012e+00 3.702994069104412755e-01 6.825721247229337152e-01 -1.747587756816990856e+00 -4.231329887692032027e-02 -2.526399952766341883e+00 1.127690512396272604e+00
1.184633821343333171e+00 3.047866397443118047e-01 5.579758480368210982e-01 -1.506552003367318537e+00 6.032620351017971977e-02 -2.446954449063796222e+00 1.019426977021269387e+00
9.589020306444503428e-01 2.085258266590834519e-01 4.257132005149271148e-01 -1.226257016859797488e+00 1.514307035794618395e-01 -2.023725898087105346e+00 8.302610254053902628e-01
4.561258613462718658e-01 7.935745114817245593e-02 3.589255574714795283e-01 -9.640510849714853947e-01 2.152080627654177625e-01 -1.282772821476929614e+00 6.240071717282682506e-01
-1.707551714426068790e-01 -8.696116435101047815e-02 3.758294162638688429e-01 -7.829151406531539292e-01 2.660270454067721335e-01 -3.867301998051045908e-01 4.281058467474621043e-01
-7.226643293403690604e-01 -3.017029866901624890e-01 4.627425957855275662e-01 -7.396826806601715099e-01 3.337836653776397045e-01 4.713711171663707011e-01 2.525949281153320181e-01
-1.117825020356671972e+00 -5.566812739205125871e-01 6.048932466183065682e-01 -8.533468457896009607e-01 4.255320964834595210e-01 1.168553239961656276e+00 1.272257555944589780e-01
-1.334671449527292664e+00 -8.127987331336535837e-01 7.776907053776900280e-01 -1.097905762369060900e+00 5.415208186446663907e-01 1.625013200399326063e+00 7.244583912995052055e-02
-1.330190612966802854e+00 -1.017270831582091084e+00 9.475360051409386086e-01 -1.425471919310053792e+00 6.978406189906707358e-01 1.766380444297897645e+00 8.686773428605111536e-02
-1.144396099784563248e+00 -1.114721571415516088e+00 1.093401978350141635e+00 -1.774143997349793667e+00 8.796565100085269595e-01 1.583336008169281550e+00 1.999766553538684932e-01
-9.486731603198964580e-01 -1.050229205155601697e+00 1.193178047381357354e+00 -2.062038299410706710e+00 1.000633944392773644e+00 1.160037462797813390e+00 4.672160542700312669e-01
-8.795559704746175322e-01 -7.936184493873890133e-01 1.185816601417189364e+00 -2.208734055518813744e+00 9.604062932063094360e-01 6.004844699530148544e-01 8.771063642506159441e-01
-9.143174753303179303e-01 -3.649477723282354980e-01 9.912241172725918537e-01 -2.174158988463918085e+00 7.337855210380163085e-01 -2.271547737527163796e-02 1.314025664232001622e+00
-9.660844000087603911e-01 1.830656641303706200e-01 5.873782873485733358e-01 -1.975513474270292447e+00 3.729974750957246177e-01 -6.481520487475003200e-01 1.655282734097268227e+00
-1.005821368053954723e+00 7.980316084909623298e-01 3.704465337216231863e-02 -1.665725733559233257e+00 -6.019430205190165473e-02 -1.214434308831509490e+00 1.866069781824220453e+00
-1.013276299530968094e+00 1.422867768387277243e+00 -5.705608479839844316e-01 -1.297604665180696948e+00 -5.187634512113780128e-01 -1.690667387350073714e+00 1.959082490627390261e+00
-9.001415635104160762e-01 1.974407092787703322e+00 -1.165824901830476268e+00 -9.164112737816926257e-01 -9.436490261761837361e-01 -2.092024059204760533e+00 1.932966762562031482e+00
-6.081628101797449393e-01 2.362073959692070346e+00 -1.679923623044304648e+00 -5.695554227152584970e-01 -1.276123565643150659e+00 -2.432491250872157007e+00 1.816205333578565728e+00
-2.284739491047751148e-01 2.533942139962552353e+00 -2.032144749693312935e+00 -2.917985861418396776e-01 -1.501113216175426812e+00 -2.678165551552749157e+00 1.703774020337309514e+00
1.013261593962072465e-01 2.490169920176828811e+00 -2.178101809742905459e+00 -7.841491162495638212e-02 -1.635817322385855421e+00 -2.790584385848105420e+00 1.668945960354136560e+00
3.690474215404358493e-01 2.260493891914969744e+00 -2.150945283371246131e+00 1.112456320298760848e-01 -1.676428738762502091e+00 -2.790330966921431344e+00 1.675220007879320461e+00
6.405426714406269317e-01 1.888908309857652013e+00 -2.019761694139887709e+00 3.168816783773430457e-01 -1.591038594507006021e+00 -2.721751377174523867e+00 1.638575383778700933e+00
9.038725889256297163e-01 1.433707245400049235e+00 -1.821122604567019465e+00 5.408812122041314341e-01 -1.369013069042886555e+00 -2.582993171286885659e+00 1.535725841534999914e+00
1.083877105181527689e+00 9.647462755279460067e-01 -1.557219686959215643e+00 7.448567700721253626e-01 -1.055140413694006574e+00 -2.346664534447503669e+00 1.393907924419689026e+00
1.178750550034720401e+00 5.515475738224070446e-01 -1.248711586524152928e+00 8.837507283966113958e-01 -7.200878672466854979e-01 -2.026329707568971017e+00 1.204674522574701978e+00
1.288262114519980406e+00 2.469102733203878408e-01 -9.518997099168192699e-01 9.378543532623657697e-01 -4.060542589357494792e-01 -1.678920077474897798e+00 9.037796729235084703e-01
1.484803765821723243e+00 8.097387888529361533e-02 -7.054211021574837703e-01 9.089671818288830307e-01 -1.335395063742523258e-01 -1.350203297789940970e+00 4.613637900094066935e-01
1.712449690316659057e+00 6.233927616431417240e-02 -4.938106541987041798e-01 8.072734455175706314e-01 5.584053131509219420e-02 -1.040452720198508541e+00 -5.219412551943621720e-02
1.868206105195062694e+00 1.644988473846487331e-01 -2.850992008582147186e-01 6.499511806829694205e-01 1.242479754481966431e-01 -7.259580118973317786e-01 -5.400595926519332624e-01
1.915613167511858839e+00 3.212138840076938506e-01 -6.689096820591258763e-02 4.581153610732555115e-01 8.358541853523066001e-02 -3.943057024307254355e-01 -9.609714546672143420e-01
1.847157239248554683e+00 4.607932223083501255e-01 1.686467492405400448e-01 2.532398669950807757e-01 -3.499394190664642523e-02 -3.485410568560771277e-02 -1.305586492210832450e+00
1.630711447545676540e+00 5.430988834462389114e-01 4.309885602920376924e-01 5.617861220959401852e-02 -2.220683526418344711e-01 3.761121061869514004e-01 -1.567654813541621950e+00
1.269848662498036074e+00 5.641371214611780038e-01 6.954667859103974559e-01 -1.097387267216155676e-01 -4.716983261864340915e-01 8.387079243318071864e-01 -1.767958192906161630e+00
8.233330561723538610e-01 5.412152923220691081e-01 8.997113028394982948e-01 -2.160242920883637952e-01 -7.614182242978666526e-01 1.318708663363096889e+00 -1.954002262859696026e+00
3.365799253069443053e-01 5.007370611147436978e-01 1.003027334900663314e+00 -2.427455728440665594e-01 -1.067010146810878579e+00 1.790511177560999867e+00 -2.157904252167775372e+00
-1.582034644822303826e-01 4.721672500269064043e-01 1.013312955997963005e+00 -1.937764175970985159e-01 -1.370177301086703547e+00 2.231697854093808608e+00 -2.377911763035409631e+00
-5.833201720126169887e-01 4.648889775901275945e-01 9.484419870238499639e-01 -9.660325207054465402e-02 -1.628611395806342843e+00 2.586106932120918689e+00 -2.597896576471081076e+00
-8.284975741339405397e-01 4.413358033562054250e-01 8.177500020824607363e-01 3.911388373123345606e-03 -1.756043759846230845e+00 2.786690138543629125e+00 -2.802963597011340457e+00
-8.535132138659812240e-01 3.470614398058925465e-01 6.541136668202839344e-01 6.024681977555242790e-02 -1.674169702795785364e+00 2.815300380126551261e+00 -2.956070767594830340e+00
-7.497056998351518953e-01 1.734664888746920430e-01 5.218500973339492699e-01 4.421348126720978794e-02 -1.376891944825124003e+00 2.715169946469299767e+00 -2.972886947444640438e+00
-6.536530148478297830e-01 -3.531043156865249638e-02 4.594569382443191019e-01 -3.860373792613220473e-02 -9.189336630838103037e-01 2.533878271267045790e+00 -2.765799896953599735e+00
-6.454520744034841773e-01 -2.277962780295947343e-01 4.446699608430043082e-01 -1.492068244631282736e-01 -3.737775795163782444e-01 2.284571247064055122e+00 -2.304585951503266728e+00
-7.630430387289967031e-01 -3.779333255297470662e-01 4.449183590704863800e-01 -2.378115251685124498e-01 1.798501023180677227e-01 1.982304892406999475e+00 -1.614461646293217978e+00
-1.013623328833235249e+00 -4.826828657490097041e-01 4.514065794007010579e-01 -2.728598438211117250e-01 6.716122787947483852e-01 1.664898467350246714e+00 -7.704469289636897145e-01
-1.319202130590183097e+00 -5.376157118733685403e-01 4.365677481526207271e-01 -2.451448735148848146e-01 1.059152462853145682e+00 1.345780323776759380e+00 8.855064272451813878e-02
-1.545887792399473604e+00 -5.242771625156792403e-01 3.488722987381407403e-01 -1.639763123637828779e-01 1.322399739963491028e+00 1.004166857683706837e+00 8.069149397036438076e-01
-1.618197382931905848e+00 -4.273756173671229286e-01 1.806167455475821415e-01 -6.381413120728371413e-02 1.446815582540885270e+00 6.404283930905072530e-01 1.296247402072405075e+00
-1.529048852444751860e+00 -2.517248845947700486e-01 -1.529365192505655405e-02 6.979386767013089077e-03 1.427914049844340116e+00 2.786905773073597992e-01 1.549100941292560707e+00
-1.247549854720235718e+00 -2.836330382425394231e-02 -1.876091756762122975e-01 1.257686135429150233e-02 1.295937401032393632e+00 -8.433885747181966985e-02 1.582657663912907076e+00
-7.140362550249624851e-01 1.917118458184572383e-01 -3.250634559782434319e-01 -5.645381730534741738e-02 1.114488560593091648e+00 -4.762076886744048276e-01 1.408443683212401432e+00
4.074367634287357626e-02 3.814651431225444811e-01 -4.388623985272345762e-01 -1.711384941058550491e-01 9.202723221107114160e-01 -8.908230305837342433e-01 1.062001927486593500e+00
8.332647710094971405e-01 5.712181119125365747e-01 -5.336129109367145906e-01 -2.659743590093058829e-01 6.814776396796303759e-01 -1.261519726657666096e+00 6.273594863332205840e-01
1.434184176254108323e+00 8.017984594540248366e-01 -5.950814570697351424e-01 -2.803958618704350259e-01 3.600795988140787496e-01 -1.498587854446389533e+00 2.061084186495347192e-01
1.725285291320604708e+00 1.053249903987649283e+00 -6.119507100971790514e-01 -1.931226396060090889e-01 4.960463921416202694e-04 -1.547775904628782673e+00 -1.479287670383955255e-01
1.726120711054172308e+00 1.239218832611691301e+00 -5.953086674344234552e-01 -2.038935790134767737e-02 -2.829082162061696271e-01 -1.407415760768638613e+00 -4.403187792626246377e-01
1.484662532941921187e+00 1.258027867987428161e+00 -5.508566629756128652e-01 1.897664314794760276e-01 -3.947316975118628779e-01 -1.092427317006840815e+00 -6.700130077798062134e-01
1.030488442698458407e+00 1.041294477682708441e+00 -4.633909015222461569e-01 3.668103773559737713e-01 -3.012148684232131557e-01 -6.131202342555057694e-01 -8.158677804665720457e-01
4.558243127956816965e-01 5.808715132136388348e-01 -3.312287289780002086e-01 4.461972511561779209e-01 -5.220513390600933952e-03 -7.535155598957079225e-03 -9.012378288861061515e-01
-8.667247530147592638e-02 -5.059524249290962145e-02 -1.775293372675251502e-01 4.054676058002398276e-01 4.539596396752645369e-01 6.377939477136305158e-01 -9.839828115780221429e-01
-5.111513117738744061e-01 -7.058370300419823939e-01 -1.605549921721782097e-02 2.766830149176802145e-01 9.675160966651460415e-01 1.222470769304157878e+00 -1.070724610099429208e+00
-8.164302070127390509e-01 -1.222953250107563949e+00 1.512232085624023448e-01 1.235460814721198591e-01 1.387303131559362024e+00 1.665558290008661624e+00 -1.121504832056480883e+00
-9.752583724202631421e-01 -1.494556497089553959e+00 2.905085112772033962e-01 1.194107514185598420e-02 1.611885384728454218e+00 1.899990393352263496e+00 -1.138834920839544962e+00
-9.394268054945048574e-01 -1.490293536956500242e+00 3.443144875651082404e-01 -1.483194313494239081e-02 1.619657119026295167e+00 1.892768353620871258e+00 -1.168755912840706790e+00
-7.483852739563967571e-01 -1.237732140154640392e+00 2.958308568317585263e-01 4.551800345278427667e-02 1.431347663975325313e+00 1.687578568465135875e+00 -1.218958509579544547e+00
-4.896647386650511136e-01 -7.960705949888835509e-01 1.675967253259570688e-01 1.624714102660495540e-01 1.077057991619429167e+00 1.362867172569320218e+00 -1.255723060746173791e+00
-1.784878421740044852e-01 -2.459022641521809716e-01 -2.814905577628916064e-02 2.967270768089022015e-01 5.965657915848409099e-01 9.586923113275671593e-01 -1.266495452409249767e+00
1.962484763321402093e-01 3.193158989374569323e-01 -2.679459508812759294e-01 4.140519277363837736e-01 2.942732946081211276e-02 5.030606295879438417e-01 -1.249865778064565003e+00
5.719003828499946707e-01 8.178769977967152993e-01 -4.785986556193179142e-01 4.935065672397915271e-01 -6.023384349600637844e-01 6.474705509695420635e-02 -1.174441724706354329e+00
8.807149303524072215e-01 1.197482984363726910e+00 -5.924380002587309457e-01 5.394547696297296024e-01 -1.268399866775689055e+00 -2.872425663207619495e-01 -1.028799485601954888e+00
1.143000903670176482e+00 1.443555716736192762e+00 -6.127226420048380584e-01 5.848908607982559182e-01 -1.910526082660672698e+00 -5.558790882546862377e-01 -8.626798625927415420e-01
1.386668024938139343e+00 1.591230599742758711e+00 -5.760765592182970352e-01 6.701838611624946207e-01 -2.479952424078455397e+00 -7.959857740679634475e-01 -7.099636233084789527e-01
1.557316979130992873e+00 1.702941630044737753e+00 -4.877265648021331113e-01 8.129020224968476205e-01 -2.951811590921824546e+00 -1.035403822778796057e+00 -5.379505023293995603e-01
1.595754075670703598e+00 1.804824294238130511e+00 -3.357476166569221543e-01 1.002128547802790370e+00 -3.285514702452055236e+00 -1.266361306488570149e+00 -3.148341017855293411e-01
1.521537662738561947e+00 1.856542377639157859e+00 -1.342427339631746819e-01 1.212322914413165087e+00 -3.413401461491851752e+00 -1.481030681442377706e+00 -6.142470047118685911e-02
1.362265757503071661e+00 1.785230614632798751e+00 9.360623156228317643e-02 1.407605102609466474e+00 -3.283434460330249216e+00 -1.646340531587306089e+00 1.942461021791172249e-01
1.086347151954567325e+00 1.535125065687125590e+00 3.448771429671792510e-01 1.546227476890615904e+00 -2.891428530020421661e+00 -1.684670851408488268e+00 4.557346013720617317e-01
6.841146598901699516e-01 1.104053146000183006e+00 6.037840932625594403e-01 1.605994321953958082e+00 -2.274723265124923621e+00 -1.552009012502852725e+00 7.223623417700725247e-01
2.238682921053606334e-01 5.528978902406855855e-01 8.102422919909748611e-01 1.601082380691435381e+00 -1.500335855287550313e+00 -1.294123334092737609e+00 9.649075454359803405e-01
-2.268497569354307186e-01 -1.883248757834637965e-02 8.984465635423839469e-01 1.563523301286553480e+00 -6.663628750006644896e-01 -9.908294699516343451e-01 1.159043745459000352e+00
-6.464802126803798066e-01 -5.001542537225539542e-01 8.433503526278839368e-01 1.520358397681625950e+00 9.670733662753748516e-02 -7.068546523792728076e-01 1.309221506192639550e+00
-1.001451281591878129e+00 -7.956217435547838779e-01 6.471434475796612462e-01 1.489228849005318489e+00 6.620391482423207963e-01 -5.042592498785576360e-01 1.416889617070846930e+00
-1.215072183773042713e+00 -8.675396983322675171e-01 3.107958583475718406e-01 1.471950796347549328e+00 9.768144411462447163e-01 -4.363833106445663690e-01 1.444794073058708772e+00
-1.241169399723505817e+00 -7.620065766407402297e-01 -1.349790479832119194e-01 1.441712264929323695e+00 1.085574715577863225e+00 -4.962279258380078439e-01 1.354787764797915628e+00
-1.129401894085003244e+00 -5.897014867256551440e-01 -5.879753931633260322e-01 1.350663640953251976e+00 1.084511551093020998e+00 -5.924014435857871685e-01 1.162877769010378870e+00
-9.499098329834518850e-01 -4.766011979590887293e-01 -9.170912199072788207e-01 1.159989532911004373e+00 1.079855951238824163e+00 -6.187082230112024295e-01 9.112758217992541487e-01
-6.973209701832395746e-01 -5.210879434247502884e-01 -1.042537474537375441e+00 8.604481871869175125e-01 1.166434522056866596e+00 -5.384495065548874360e-01 6.197221358174973549e-01
-3.562247752580897653e-01 -7.731662227143312194e-01 -9.478371753252357035e-01 4.687064301358473406e-01 1.393800160455715531e+00 -3.624128237432251431e-01 3.083045401381772632e-01
-1.145355678991583255e-02 -1.222019062940452150e+00 -6.457625241657586335e-01 1.674677291601820231e-02 1.738880499306741934e+00 -8.839120451643320275e-02 3.658838763543621753e-02
2.080275174724864062e-01 -1.795964923087580933e+00 -1.806005053459496523e-01 -4.533356646809627022e-01 2.124243312672190687e+00 2.777537377355591697e-01 -1.316851012744922333e-01
2.630765371459701241e-01 -2.385612443300284102e+00 3.536348975800473471e-01 -8.948344250681872225e-01 2.469889840925436619e+00 6.827790638963752157e-01 -1.974058353795945242e-01
2.046207621907887297e-01 -2.870224420304150481e+00 8.414289476580553151e-01 -1.260830600900860299e+00 2.713709142285515519e+00 1.049629620578244493e+00 -2.174303171377871546e-01
7.637409003900094695e-02 -3.143390892667685232e+00 1.200145086735036282e+00 -1.507221249375602090e+00 2.796283895699116950e+00 1.320059938452119885e+00 -2.356571333273471403e-01
-1.057052264389859164e-01 -3.149112147269427009e+00 1.400526520567362487e+00 -1.606397220849503871e+00 2.676427608976382988e+00 1.466041773769130696e+00 -2.621751490320533562e-01
-2.868185443722217065e-01 -2.908851751438034317e+00 1.450431221554419503e+00 -1.571605153882651651e+00 2.376075719399179498e+00 1.475326985349336928e+00 -3.057240889417743301e-01
-3.698697729533904077e-01 -2.515354340896592156e+00 1.388268473941739911e+00 -1.463474673907577239e+00 1.988082489970786293e+00 1.359430089745980119e+00 -3.876534314340140397e-01
-3.194720790614618555e-01 -2.084363643427613599e+00 1.283509952696139989e+00 -1.350593641190117822e+00 1.617281531286182128e+00 1.183651400060387493e+00 -5.186427740259922370e-01
-1.873499694977781294e-01 -1.694943599264179701e+00 1.201922766917596475e+00 -1.264902830061171102e+00 1.321257991347799532e+00 1.027093979745815400e+00 -6.837269855618074432e-01
5.621207209607655478e-03 -1.369870236803751418e+00 1.160198189505118327e+00 -1.202407961696088767e+00 1.118655288555700622e+00 8.948109283605639730e-01 -8.661675306680889364e-01
2.843632516787258924e-01 -1.091049930095784770e+00 1.134139869689742675e+00 -1.139512336562495287e+00 1.007611196237012008e+00 7.358036493743119744e-01 -1.052213011196595049e+00
5.873096975891294313e-01 -8.285184880468128288e-01 1.109121508360411124e+00 -1.045245764029924418e+00 9.544957973853821498e-01 5.446932060812825771e-01 -1.190397582430457790e+00
7.670158531251654033e-01 -5.741647962300370223e-01 1.093560467325494834e+00 -8.970916898363715530e-01 9.085997562300691666e-01 3.748904438263518379e-01 -1.204303489743918654e+00
7.371477467269835770e-01 -3.465118421380417590e-01 1.086624649632853767e+00 -6.863455663007502761e-01 8.438309479381879141e-01 2.644192771890870319e-01 -1.062186654606772418e+00
5.065386560746349964e-01 -1.672348963344993666e-01 1.078487014794910825e+00 -4.224895969869485457e-01 7.691343477953740404e-01 2.143284950724778370e-01 -7.812983354571143568e-01
1.096024097356429750e-01 -4.775501257595476945e-02 1.075103218939076122e+00 -1.327981480352031229e-01 6.898445017859466954e-01 2.153750953582111438e-01 -3.891617485512548491e-01
-3.699380143033617618e-01 8.445694957603961522e-03 1.078247191135332406e+00 1.591099550964507059e-01 5.826015645673651155e-01 2.280926691436098441e-01 5.463397817253782401e-02
-7.554951900443482860e-01 -3.865635800092458510e-03 1.070007666472159613e+00 4.331926456950692117e-01 4.337261662760935610e-01 1.684533587362749552e-01 4.383285726430287688e-01
-8.931771537057549004e-01 -9.961808614485050117e-02 1.056929977129369425e+00 6.415438516353589860e-01 2.718983075325479004e-01 -2.183989533808359737e-02 6.776180636087244524e-01
-7.889721186977183276e-01 -2.966149580759245841e-01 1.092946744732653297e+00 7.154976119579982141e-01 1.443788606419836029e-01 -3.094556679957525258e-01 7.871807662189846955e-01
-5.441543113352173000e-01 -5.961681177101896267e-01 1.222068826993193857e+00 6.238351876432098875e-01 8.340166245485158836e-02 -6.109699233468449675e-01 8.196691958854035454e-01
-2.170031398681610268e-01 -9.563769731853301037e-01 1.424124369519788047e+00 4.022392973536553229e-01 8.888556247845728897e-02 -8.791659184051883180e-01 7.938479140708577519e-01
1.437717981682507529e-01 -1.283545997061688260e+00 1.646866335306320206e+00 1.176095208137364623e-01 1.233664567854757255e-01 -1.107330599963254780e+00 7.397134242741324472e-01
4.028118132087424308e-01 -1.471684311919549959e+00 1.860179174564506432e+00 -1.746035811442004926e-01 1.258504552808694388e-01 -1.274258512337848703e+00 7.448003806418307393e-01
4.273097734853549268e-01 -1.453330434106538505e+00 2.035620107529074296e+00 -4.358748917308899462e-01 4.992287679079216584e-02 -1.356476084913901037e+00 8.799044025672431157e-01
2.368216033365382334e-01 -1.209300414394751888e+00 2.103601774143310177e+00 -6.335087705166299044e-01 -1.058359245851494129e-01 -1.380695072470338847e+00 1.112724483000278264e+00
-5.270529955775408310e-02 -7.490493833962311720e-01 1.984998726391693280e+00 -7.385752940728963489e-01 -3.198423293479216167e-01 -1.395612057979960685e+00 1.346612678790295448e+00
-3.808890627321721567e-01 -9.756418837850105996e-02 1.658000798822313326e+00 -7.373128560469451864e-01 -5.879349406737015560e-01 -1.407017934453659525e+00 1.516642953112035119e+00
-7.454670323746773741e-01 6.963232671319226075e-01 1.165824192824364003e+00 -6.445731669096222971e-01 -9.175935213488769504e-01 -1.388120369343974536e+00 1.614321113492558357e+00
-1.099436797046597913e+00 1.539989941333496315e+00 5.638763697572571898e-01 -5.003662718404030540e-01 -1.284683381310206984e+00 -1.335305839292539432e+00 1.638912697603924773e+00
-1.337241975700702357e+00 2.301163740936757129e+00 -1.078306358838264228e-01 -3.547072872408958966e-01 -1.616633010332271692e+00 -1.271523510011246749e+00 1.571279115401903903e+00
-1.408008483410746470e+00 2.858533240365035866e+00 -7.911516015500907884e-01 -2.542116868868229962e-01 -1.835785670267493952e+00 -1.193291089873406152e+00 1.417600963956625382e+00
-1.366819703307534439e+00 3.158455714723672259e+00 -1.401412072316035262e+00 -2.262708585653854798e-01 -1.907048807086379805e+00 -1.066512002364158995e+00 1.233453438511808109e+00
-1.268617185555545479e+00 3.217287690309205139e+00 -1.885553722866109894e+00 -2.677019561915158774e-01 -1.829389012022725858e+00 -8.934520781808183987e-01 1.065543826480370715e+00
-1.118992629173553688e+00 3.078278519934616320e+00 -2.241366323416441375e+00 -3.538229105203894997e-01 -1.612487159103963341e+00 -7.214657589589956732e-01 9.192635904495439769e-01
-9.558381293071686047e-01 2.781633437591124913e+00 -2.462389137431491015e+00 -4.590507924605278789e-01 -1.287574984150632540e+00 -5.814773278932624523e-01 8.093880333639232871e-01
-8.287214422620139409e-01 2.363191044067194380e+00 -2.533817403487216069e+00 -5.576940036500714903e-01 -9.129944053666392279e-01 -4.880653874640331069e-01 7.578816875892684379e-01
-6.980955923726972490e-01 1.855221507344418708e+00 -2.483000884660021779e+00 -6.146205798820375543e-01 -5.411375332504838598e-01 -4.751418845972110172e-01 7.264995970119138002e-01
-4.991021696791422824e-01 1.288956843971617028e+00 -2.349960138052528791e+00 -6.052481380228353913e-01 -1.965216404004946626e-01 -5.571135201611102650e-01 6.497044177937151277e-01
-2.630973730389129517e-01 7.131023423858803278e-01 -2.119026172354378623e+00 -5.349959353217894620e-01 9.499031864421739191e-02 -6.909800616548309460e-01 5.321271493582526713e-01
-6.725103440358763673e-02 1.939211580554199843e-01 -1.744928640226401262e+00 -4.232817392623253738e-01 2.905333183630792737e-01 -8.231711486649018195e-01 4.388579724346080013e-01
8.505420840815125505e-02 -2.265752973568493089e-01 -1.232853939276828292e+00 -2.897740136299566394e-01 3.736037244301010363e-01 -9.358790640164971197e-01 4.054177538663509273e-01
2.494740143526080201e-01 -5.518980169001004299e-01 -6.473706627048364526e-01 -1.607053600905946622e-01 3.710027764909257231e-01 -1.024042590157136834e+00 4.176008942449733197e-01
4.267688703645920456e-01 -7.984738696441006089e-01 -4.874531803940717473e-02 -7.040970686947040091e-02 3.134412772519638568e-01 -1.051171118590231712e+00 4.675192918986107449e-01
5.659857123336077267e-01 -9.641783698645834955e-01 5.274329732301878959e-01 -4.419754723417230330e-02 2.215544573959816466e-01 -9.736623214202173582e-01 5.553076097089347796e-01
6.770598281147085507e-01 -1.029399249001759165e+00 1.025497272755351963e+00 -7.293828994709061764e-02 1.113594586946323184e-01 -8.077019916176371161e-01 6.370890258641717097e-01
8.029078899280938098e-01 -9.786008044814050733e-01 1.376439142452924758e+00 -1.154013075992511711e-01 -2.313959297311991500e-02 -6.018219955896060291e-01 6.488278425296110097e-01
9.092269746208255787e-01 -8.242917843083717999e-01 1.558491409753457679e+00 -1.294291206358143265e-01 -2.020657341204357138e-01 -3.571688382050661192e-01 5.701240299742995621e-01
9.328404761069762907e-01 -6.078338877533919771e-01 1.593979065280553664e+00 -8.605053115255500984e-02 -4.182491952869083485e-01 -4.965828457515084060e-02 4.060632814107691391e-01
8.653085956047645855e-01 -3.800972549602351647e-01 1.513901764667158867e+00 2.650480220401336268e-02 -6.323189085455339642e-01 3.119425137312728524e-01 1.535676440493158879e-01
7.067682502595569183e-01 -1.901120129986621776e-01 1.373312361080765820e+00 1.807414700682686282e-01 -7.956977925343335922e-01 7.072082266247362581e-01 -1.683932065695364633e-01
4.536438097639416966e-01 -8.223793915484081674e-02 1.242491035647781628e+00 3.112627482918274291e-01 -8.515348762173675645e-01 1.121671186842019940e+00 -5.227846124224478919e-01
1.652824274588095277e-01 -8.343358534435485474e-02 1.153129928765150858e+00 3.573706905756676155e-01 -7.572793909733738227e-01 1.508527885345550379e+00 -8.991642965379167407e-01
-7.803966756723078324e-02 -1.902965218956806648e-01 1.111461265906987350e+00 2.841478485919849972e-01 -5.287605810948405871e-01 1.796010438067606518e+00 -1.279685063277274049e+00
-2.475369568894335015e-01 -3.752608356339098283e-01 1.140354235771777525e+00 7.205774479223581164e-02 -2.232496517982799356e-01 1.936965785174569410e+00 -1.601725256169241884e+00
-3.096918535393998750e-01 -5.971602936676968509e-01 1.242321881312143494e+00 -2.748418797938280145e-01 1.085245804875639986e-01 1.903585197383173000e+00 -1.817669923168598656e+00
-2.168298578856168723e-01 -8.036510296179225632e-01 1.373701734998498569e+00 -7.147425829606685044e-01 4.215799776382471720e-01 1.679308387188292562e+00 -1.920504369251790910e+00
-1.870317321778372857e-02 -9.394385469662732691e-01 1.501391155426145430e+00 -1.180055753936883667e+00 6.478699266377584420e-01 1.292769550096342535e+00 -1.878068745308155263e+00
1.434043453951548697e-01 -9.678048972065753652e-01 1.622207800606615624e+00 -1.601342255110479895e+00 7.088588707743538331e-01 8.074717273141936991e-01 -1.627615337446726151e+00
1.832717660830006923e-01 -8.872832265929289086e-01 1.708691706091988394e+00 -1.922894730802874985e+00 5.714004576624265308e-01 2.719603103204211170e-01 -1.163028719639268127e+00
9.739120815447789570e-02 -7.187196477665230843e-01 1.703014838149895738e+00 -2.108235169623319472e+00 2.710160026044574066e-01 -2.765133678916169568e-01 -5.561038888107046052e-01
-1.497522758784207986e-01 -4.805722560665572907e-01 1.588587148135018445e+00 -2.147202812354389145e+00 -1.244278169483799545e-01 -7.705974793363717934e-01 1.254342577486199373e-01
-6.168990584200159111e-01 -1.916555183873531742e-01 1.412134913422204541e+00 -2.061403088866146316e+00 -5.510243512787043052e-01 -1.132477474765506420e+00 8.470956491009271616e-01
-1.229777317391536284e+00 1.051303032864427806e-01 1.205851110700268958e+00 -1.894625630214544332e+00 -9.431999062495677322e-01 -1.345606114670482301e+00 1.540226363225331463e+00
-1.774348308359617432e+00 3.406992145026655483e-01 9.529630533620254695e-01 -1.695006060953814009e+00 -1.231407619117946384e+00 -1.455402940593253147e+00 2.090817215634358739e+00
-2.087287941114094991e+00 4.516600863073343963e-01 6.554761909797124364e-01 -1.501723525791044178e+00 -1.377601882230966801e+00 -1.491858436864156756e+00 2.427061202276033836e+00
-2.129588932993491834e+00 4.070606120032410069e-01 3.550676302174384791e-01 -1.338082605869777675e+00 -1.378089024810210450e+00 -1.448630120311015457e+00 2.544152352282234464e+00
-1.871267007129529869e+00 2.105477808621581404e-01 7.565114753257666524e-02 -1.214162032279294534e+00 -1.213760288141418453e+00 -1.331299562778955670e+00 2.427565601614256163e+00
-1.281482859895583637e+00 -9.692147882557573813e-02 -1.657083651196206986e-01 -1.144949108298738638e+00 -8.471126619168058980e-01 -1.155977971941903881e+00 2.048867926411526152e+00
-4.512352278873890121e-01 -4.360781532071776323e-01 -3.007756542153264823e-01 -1.151397441980975600e+00 -2.882759533316537892e-01 -9.135520239505415807e-01 1.452964210653043597e+00
4.219834593345400675e-01 -7.133861641591926483e-01 -2.677100409579351581e-01 -1.214852999212873375e+00 3.688592081176038096e-01 -5.907045479228821838e-01 7.537202120109485204e-01
1.151153407022849295e+00 -8.514318313086450818e-01 -1.071699409255987279e-01 -1.246330980416827883e+00 9.736429240582665789e-01 -2.001343217583356482e-01 4.723435220291066078e-02
1.571041770258472914e+00 -8.020436273074239564e-01 8.401825170014644295e-02 -1.120154679711724555e+00 1.342878883939260026e+00 2.302820608713181394e-01 -5.916925158238195426e-01
1.572274508329210230e+00 -5.659079195070488844e-01 2.358517751063096413e-01 -7.413745643167638510e-01 1.315928791951899601e+00 6.468874306079314129e-01 -1.087002068268560606e+00
1.233310093270456154e+00 -2.182942355473435625e-01 2.839437115119355370e-01 -1.215618055863866842e-01 8.889399372945122613e-01 9.600700014072313104e-01 -1.413104574343998276e+00
7.411844136010118378e-01 1.165194807035731112e-01 1.629084014939444491e-01 5.906705750391949561e-01 2.445146838726445782e-01 1.116258015628301292e+00 -1.582349414990673608e+00
1.832690311992200005e-01 3.336294658703782834e-01 -1.283700899687593988e-01 1.180802859447599440e+00 -3.962773617767497147e-01 1.144142702489562735e+00 -1.572396603697777673e+00
-3.860578185891643255e-01 3.874630389403616593e-01 -5.225601369272354635e-01 1.488626304983877713e+00 -8.707515426512109080e-01 1.087944841692456865e+00 -1.382175827195999851e+00
-8.309814242939922435e-01 2.834991832647426047e-01 -9.440625128439913416e-01 1.475331551055980572e+00 -1.064040658491085312e+00 9.774471234446105994e-01 -1.104356660942530155e+00
-1.072046549701019202e+00 5.199327011564750661e-02 -1.322242605304346563e+00 1.204802656910563652e+00 -9.304726766181095066e-01 8.733010485173853255e-01 -8.354161976772763731e-01
-1.169857455915339184e+00 -2.631318835541204826e-01 -1.587202674318498374e+00 7.935483857605366564e-01 -5.303257897529310982e-01 8.421440432909449436e-01 -5.826345420652594420e-01
-1.166727749890681842e+00 -6.140878123219296603e-01 -1.711366237176316529e+00 3.637513267055722532e-01 2.597859648028110618e-02 8.805781894330084736e-01 -3.306216214012779320e-01
-9.852266491817091021e-01 -9.630579148986717630e-01 -1.728566820501875601e+00 1.530760913433945819e-03 6.646957212522724978e-01 9.219318577942233750e-01 -1.229005865601130593e-01
-5.676101796563490787e-01 -1.264980748186993686e+00 -1.687519858389895822e+00 -2.448624783555967965e-01 1.325176813585950963e+00 9.152670406589620278e-01 -8.003581272984575112e-03
2.758567044068669163e-02 -1.458819567171163678e+00 -1.624721301782188210e+00 -3.468834037598406694e-01 1.916636511243912988e+00 8.581156713363582433e-01 3.860395136078167370e-03
7.515064319216426814e-01 -1.501584866774330784e+00 -1.593589615400812676e+00 -3.039454367191536388e-01 2.372794226103327908e+00 7.515204087788626142e-01 -1.282007006288937712e-01
1.591832455685038505e+00 -1.386311703754605551e+00 -1.642629637515501617e+00 -1.542530540258022775e-01 2.676615311369456851e+00 5.897205169139958514e-01 -4.547939798984861337e-01
2.416338170084987524e+00 -1.140471021498464133e+00 -1.727286783546407856e+00 2.408577307530808398e-02 2.807620535298886555e+00 4.141073129927387297e-01 -9.084581079133177139e-01
3.013077279842692580e+00 -8.281219861834182572e-01 -1.727576139168941483e+00 1.305887555439519399e-01 2.740595160311785961e+00 3.007159562285325882e-01 -1.335767949758576156e+00
3.295127905964691628e+00 -5.184670251105262251e-01 -1.572894903503498476e+00 9.938901986480649930e-02 2.483774230688551743e+00 2.782499450229459770e-01 -1.648284811934231930e+00
3.292395389432452024e+00 -2.445038098908968727e-01 -1.269792161027572641e+00 -6.003657065475030696e-02 2.060296610682716079e+00 3.224525573898421316e-01 -1.835634456075432075e+00
3.019880972163619060e+00 -1.224080163632794427e-02 -8.376728912577543484e-01 -2.857264126093089218e-01 1.485688556339723077e+00 4.224479467873580862e-01 -1.896490163262109396e+00
2.517393024048962591e+00 1.694338515759031549e-01 -3.157511011769997822e-01 -5.013134563448939929e-01 8.114274745135698907e-01 5.865704207734906417e-01 -1.861378615858172214e+00
1.925409234240462064e+00 2.914595998331650506e-01 1.971105321514537156e-01 -6.305196399272143815e-01 1.474327714135856282e-01 7.977963119264359637e-01 -1.821899089937760952e+00
1.375345195034474832e+00 3.632433255693940377e-01 5.971734736215463801e-01 -6.186877029497515057e-01 -3.992148045491296648e-01 1.025344343767112587e+00 -1.849352756386102303e+00
8.873600817212488057e-01 4.116079252897745788e-01 8.447322050123249326e-01 -4.647803573754014650e-01 -7.682183629513479328e-01 1.257486149380646845e+00 -1.928879855164053581e+00
4.662525954320690946e-01 4.650155534093769472e-01 9.297091481326660301e-01 -2.113330393702694265e-01 -9.286570106830123184e-01 1.466537113562307981e+00 -2.013068780298961524e+00
1.833799408567000910e-01 5.308177266883640222e-01 8.449265378129233728e-01 8.405634945331480479e-02 -8.824707276112354615e-01 1.580145795454380053e+00 -2.068871137363597956e+00
9.385778118832921457e-02 5.807029541236160552e-01 6.495216319033273455e-01 3.386759428332588584e-01 -6.897129864566098334e-01 1.535804911522300031e+00 -2.044340937830947169e+00
1.694062288922769943e-01 5.761473600915875126e-01 4.635800921119685447e-01 4.564481031140628087e-01 -4.480986172823061553e-01 1.321286421010934298e+00 -1.866552657250313940e+00
3.617738420846929315e-01 5.031794134872851210e-01 3.495710772725323379e-01 3.906324963101503456e-01 -2.391686539373854004e-01 9.436646917844528915e-01 -1.515231881072987452e+00
6.481876098635368511e-01 3.716924313820194614e-01 2.787501786146922012e-01 1.612888842889444174e-01 -9.969392582515346213e-02 4.213723178762124322e-01 -1.050055677957413058e+00
9.605951547071885921e-01 2.026007588945159810e-01 2.287656468202956539e-01 -1.850019257484976642e-01 -3.847538008410304744e-02 -1.740101495188412506e-01 -5.374879750308690918e-01
1.162278982408988082e+00 2.229696852125011980e-02 2.348395915533956491e-01 -5.964608805546168790e-01 -6.681809598903018510e-02 -7.296950002459374751e-01 5.005766135495415487e-04
1.165018214148413778e+00 -1.469947621057276221e-01 3.266121066729587019e-01 -1.015760241815493625e+00 -1.910542368329625762e-01 -1.169518908138737601e+00 5.458118951579425948e-01
1.000889155496858862e+00 -2.997021454871872659e-01 4.753615232551579028e-01 -1.386440025920676833e+00 -3.756691942068332013e-01 -1.474815055216674109e+00 1.036541868628537477e+00
7.233396011842266882e-01 -4.447437739864594786e-01 6.366813290501821543e-01 -1.660713422531944206e+00 -5.489195276402223378e-01 -1.621935325121895977e+00 1.401487836097499162e+00
3.104243388984958552e-01 -5.944371636322198782e-01 8.021903801796491651e-01 -1.803742831658043055e+00 -6.498111206768120152e-01 -1.555045959472332706e+00 1.623120525627136823e+00
-2.502620657166139684e-01 -7.678535923234529603e-01 9.627994121360760049e-01 -1.795196081143587863e+00 -6.351631993738781068e-01 -1.241253742427177231e+00 1.704512077468919307e+00
-8.542858489478196704e-01 -9.761151371310324842e-01 1.052345318819788877e+00 -1.619986584590933809e+00 -4.703170157242349547e-01 -7.302456209639649476e-01 1.613353290401743134e+00
-1.361399533017811248e+00 -1.180431460246599729e+00 9.809614530261382415e-01 -1.259592114509350491e+00 -1.727371638431763612e-01 -1.466582104565070932e-01 1.338843395409861969e+00
-1.712034664776485249e+00 -1.300709782857254915e+00 7.065225250322094697e-01 -7.160389772826546428e-01 1.738887433472037780e-01 3.764228947186787910e-01 9.476055696803685757e-01
-1.893766162353221150e+00 -1.275622752045267649e+00 2.404305819899056063e-01 -4.449432928438667306e-02 4.893570175689758162e-01 7.531874836952296981e-01 5.295350816812924855e-01
-1.893790608783585627e+00 -1.093433149894148748e+00 -3.739867667654754868e-01 6.575747249874986933e-01 7.330988544826555486e-01 9.593764997178769738e-01 1.455399347178364666e-01
-1.743884551812183492e+00 -7.774233111622784742e-01 -1.040123234126561602e+00 1.285472579682639616e+00 8.607551891559841462e-01 1.021055709419176782e+00 -1.488505674096437248e-01
-1.525151695491543169e+00 -3.624815982582894058e-01 -1.615006801668774639e+00 1.752392354078688985e+00 8.104419327651682936e-01 9.788468882730745335e-01 -2.892043930685338493e-01
-1.273547393815749329e+00 1.049347285050162976e-01 -2.004529877551789685e+00 2.010001528528397863e+00 5.627468771552425197e-01 8.488966118045014886e-01 -2.614783415806851696e-01
-9.418041111342551064e-01 5.593202922218878381e-01 -2.212670493060695964e+00 2.054187042315183120e+00 1.762800666196225607e-01 6.282251559229370397e-01 -1.405524801088954001e-01
-5.088176734566932646e-01 9.428505368447374080e-01 -2.255586619790689973e+00 1.906024791059025780e+00 -2.534629422052930292e-01 3.397839826381123807e-01 -1.648023886117438996e-02
-5.827098707292705654e-02 1.234164087003303933e+00 -2.102993095341095131e+00 1.593406226111198309e+00 -6.315716459397416882e-01 4.919316343753069032e-02 7.942489919488558703e-02
3.188635787311950853e-01 1.430236367813902731e+00 -1.763140447635344943e+00 1.154686979402205660e+00 -8.575830562232023002e-01 -1.721127658148450812e-01 1.325351018876989029e-01
6.288071173065727937e-01 1.515533552007684248e+00 -1.352327807009482408e+00 6.532207152945765927e-01 -8.491039317919063523e-01 -2.808799208288951244e-01 8.840001002028777255e-02
9.082231672084700724e-01 1.464280853012830619e+00 -9.975706607793893843e-01 1.661092884643704526e-01 -6.071882866434124004e-01 -2.579512730228137873e-01 -9.092639356576565079e-02
1.123795705859412131e+00 1.263493962594184117e+00 -7.172625113995902968e-01 -2.467793075262136870e-01 -2.240354273749317338e-01 -1.000990558668077707e-01 -3.549069744550133465e-01
1.233833008655496943e+00 9.304304080638471364e-01 -4.702276113272905178e-01 -5.403872712780951604e-01 1.891472435060557733e-01 1.623811227193127649e-01 -6.261578124768241160e-01
1.297457729975543428e+00 5.219520407934205020e-01 -2.735877131896207737e-01 -6.643992948305494917e-01 5.595447775963009462e-01 4.506093989100706243e-01 -8.954459690766317648e-01
1.413539370815658058e+00 1.278763138776625730e-01 -1.990122749860090412e-01 -5.797433819402453281e-01 8.459967767644133163e-01 6.721445173728742839e-01 -1.190871436734066702e+00
1.572591340048782538e+00 -1.649027150112369888e-01 -2.685674903811817726e-01 -2.999537601569186029e-01 1.015007361803983654e+00 7.845151639869322180e-01 -1.488401270198852266e+00
1.659674344364262977e+00 -3.089721463857220130e-01 -4.122380194824593613e-01 9.748651219957102376e-02 1.041338351944772755e+00 8.023599048538651024e-01 -1.702110923651243057e+00
1.603714110835802176e+00 -2.940507520790557328e-01 -5.518851144606475856e-01 5.188819960776086537e-01 9.144321024533278441e-01 7.362951903054298919e-01 -1.757340750305545374e+00
1.463229571454853994e+00 -1.263200765522776159e-01 -6.849904185627917474e-01 9.096555887032355958e-01 6.412392509212401226e-01 5.597235037173017291e-01 -1.652179047003010659e+00
1.347455504594686548e+00 1.685450172176898298e-01 -8.523030765669681319e-01 1.250954217057082873e+00 2.652366946696938510e-01 2.598012870065005697e-01 -1.441175302725430374e+00
1.303793029534400461e+00 5.323816307746563892e-01 -1.075435419401174375e+00 1.533619817456981949e+00 -1.237231593234778687e-01 -1.092238303207235112e-01 -1.184984866823497685e+00
1.299058282827906252e+00 8.832507432138126946e-01 -1.351453207378779053e+00 1.756668029512298723e+00 -4.278751345094131131e-01 -4.430531539144160758e-01 -9.310069322376480772e-01
1.240684354818280211e+00 1.143647556782230179e+00 -1.645915652370602000e+00 1.918002481013375560e+00 -5.945079641629602563e-01 -6.275600260324041280e-01 -6.974623875070227186e-01
1.027451059886011819e+00 1.271659038299826738e+00 -1.890616969619775656e+00 2.002216201443945298e+00 -6.286513896049414907e-01 -5.850490743274020522e-01 -4.620157233279214015e-01
6.680646768679413539e-01 1.258347920273230391e+00 -2.040185074556473133e+00 1.995886350815462951e+00 -5.601269655595264574e-01 -3.347968685247852960e-01 -2.185806338814931804e-01
3.205001136443170195e-01 1.093347919238877530e+00 -2.097731261820472870e+00 1.892155575314042881e+00 -4.050114167957616362e-01 1.102705729186835050e-02 -3.185298808717169222e-02
1.382636246040902517e-01 7.745789033039456317e-01 -2.055638937868520699e+00 1.669530157080899579e+00 -1.626675048550770830e-01 3.415426806112668578e-01 2.686292008880546145e-02
1.399508808076222188e-01 3.507658375983603305e-01 -1.877947041740990697e+00 1.297307433010878031e+00 1.651772771956117325e-01 6.096086478974384049e-01 -4.333303877271640903e-02
2.756977922356857458e-01 -8.745202974710113153e-02 -1.566495640879489670e+00 7.794927424481752354e-01 5.586491190933905449e-01 7.945427160787937870e-01 -2.087878891975975260e-01
4.875539242749007962e-01 -4.485620086455319733e-01 -1.178270485091899467e+00 1.742358556664578007e-01 9.664515285912286258e-01 8.730109600700347583e-01 -4.352260299077766459e-01
6.688489063922252731e-01 -6.626988997527192282e-01 -7.663487097618698618e-01 -4.406556776073025650e-01 1.305128571498391121e+00 8.499184046219740996e-01 -6.513647952364968186e-01
7.070048374593465024e-01 -6.929551137186249488e-01 -3.629755505277315053e-01 -9.944958971068661446e-01 1.479103030330127133e+00 7.517989049762833220e-01 -7.585949951787057666e-01
6.060183373925167594e-01 -5.455957028184832414e-01 -1.614476149028672841e-02 -1.414075325438051145e+00 1.409780433240524378e+00 5.691208547650128402e-01 -7.063045775876253263e-01
4.888892932289979898e-01 -2.783166084820716257e-01 2.229022849732745226e-01 -1.640072489246545695e+00 1.073226004190900307e+00 2.645404233259708304e-01 -5.241426648662343979e-01
4.385022607013038809e-01 8.690688076288666589e-03 3.575267700932866499e-01 -1.670087617096854604e+00 5.392108182189471188e-01 -1.202025372129321978e-01 -2.781687961920105145e-01
3.956666024012910343e-01 2.197074139044858099e-01 4.326676485450502430e-01 -1.532518772729070999e+00 -4.780248906333845610e-02 -4.223143913158068918e-01 -2.603557188552354379e-02
2.655196138666972572e-01 3.191734351891111210e-01 4.446337943058753517e-01 -1.202814574369651002e+00 -5.615220432939446171e-01 -4.907989660488066841e-01 1.855602899773903247e-01
4.640591549131017901e-02 3.277046996130146828e-01 3.283933179975333516e-01 -6.182575241743472061e-01 -9.485537129937444689e-01 -3.194455894403612772e-01 3.213722671647384899e-01
4.640591549131017901e-02 3.277046996130146828e-01 3.283933179975333516e-01 -6.182575241743472061e-01 -9.485537129937444689e-01 -3.194455894403612772e-01 3.213722671647384899e-01
-2.979629051204533141e-01 1.924526903136631328e-01 -2.803261282508567320e-01 1.051219514592010462e+00 -1.214393730196695165e+00 2.367629761836132218e-01 3.407129517526250595e-01
-1.488482576932467494e-01 1.421966625435519271e-01 -6.264781039016869002e-01 1.736128213572737167e+00 -9.741414726338203378e-01 3.282694893235748035e-01 1.689919097743734222e-01
2.361531569064704295e-01 1.822407648368859490e-01 -9.346133462164903927e-01 2.101727438081798294e+00 -4.673023660745395658e-01 2.343293104131942972e-01 -1.372999447005010254e-01
5.594908347943055027e-01 3.202382224551460488e-01 -1.163192292660507166e+00 2.110020941893221647e+00 1.843963963608249712e-01 8.182004534788744898e-02 -4.252236634837124329e-01
5.463434621142712055e-01 4.979274462138454926e-01 -1.279933439109212312e+00 1.797509915502294220e+00 8.100369218450629294e-01 8.671588377396153430e-03 -5.396864067829479916e-01
2.391887055110683280e-01 6.261662239631270443e-01 -1.298150935381860105e+00 1.253875075196045019e+00 1.264320859613565995e+00 1.339917490038865927e-02 -4.794967141727442539e-01
-1.216392269329830411e-01 6.382004418384946698e-01 -1.232000831344014280e+00 5.950115204380411749e-01 1.441184552888606252e+00 -2.087922218812220468e-02 -3.110707166159118464e-01
-3.920149364703454098e-01 5.086598206215308116e-01 -1.041025598457032464e+00 -7.293524472622088528e-02 1.295688555245238405e+00 -1.752380567107289233e-01 -3.808950193724640332e-02
-5.518811945244971318e-01 2.309488598371017276e-01 -6.723115824218526271e-01 -6.684443075401031997e-01 8.809361107544020353e-01 -4.401304042835813002e-01 3.524199666468957326e-01
-5.550675759053540492e-01 -1.860397984655495773e-01 -1.397004646928843019e-01 -1.138948156720392513e+00 3.511191134780708989e-01 -7.538392926473282962e-01 7.740240736864234528e-01
-3.925172102451170986e-01 -6.588605905184746758e-01 4.689929207410776790e-01 -1.447539494946598060e+00 -1.075040338484576780e-01 -9.866514684248273159e-01 1.075790689219628726e+00
-2.123135601242568393e-01 -1.005059950910141442e+00 1.026582163027077943e+00 -1.536837878261970269e+00 -3.886925532150517504e-01 -9.662207121448550540e-01 1.163725186815347534e+00
-1.490582206512334751e-01 -1.042886385902352497e+00 1.368515322785912369e+00 -1.322279862543716877e+00 -5.103165548364222426e-01 -6.313255634185760412e-01 1.001442354329450835e+00
-1.402058758853706177e-01 -7.113451789957184745e-01 1.328607011272877614e+00 -7.546984623494853439e-01 -5.659366128220361114e-01 -1.189897425310637441e-01 5.684500661471639793e-01
-8.040565781722235073e-02 -1.002107274244393442e-01 8.728753424789529314e-01 8.409523355757966834e-02 -6.603770480483653893e-01 3.499354969713810992e-01 -4.989919709926548402e-02
-1.392289170673905417e-02 6.027015827100533629e-01 1.803201928212709859e-01 9.649820362436849486e-01 -8.518303753136358125e-01 6.321624356303097159e-01 -6.162026212227300626e-01
-2.138159854051543962e-02 1.199802572075279850e+00 -4.721127768391221169e-01 1.632391600746461835e+00 -1.107235307252795620e+00 6.931878671255592428e-01 -9.250602237383231952e-01
-6.759014121202534808e-02 1.552026045575315871e+00 -8.913716650896146287e-01 1.951000203492473384e+00 -1.324978028555766185e+00 5.506652643300361527e-01 -9.597963845392805116e-01
-9.541115461717604440e-02 1.614145857653906946e+00 -1.013985466316919215e+00 1.929632503313893466e+00 -1.414047694388454790e+00 2.608061538283953928e-01 -8.154818921277302568e-01
-1.361160857577932981e-01 1.437164548213858195e+00 -8.406455250758769759e-01 1.635420662450439266e+00 -1.340861190882406850e+00 -6.750998514515471616e-02 -5.788888979712349947e-01
-2.101590706127907382e-01 1.122786831018983467e+00 -4.314666681563308903e-01 1.148279633494646790e+00 -1.122283822371722639e+00 -3.304282927104751910e-01 -3.208177868795301091e-01
-2.328054503905412909e-01 7.680472052373013003e-01 6.234278079380310006e-02 5.801803660254951645e-01 -8.098029883585383670e-01 -4.990876401996727774e-01 -1.155080322197423598e-01
-1.259190948299497015e-01 4.453500889123875317e-01 4.766854788048467406e-01 4.433750651381499625e-02 -4.710769986948948329e-01 -5.899989275645712850e-01 -2.677392467089069472e-03
8.183226272283095071e-02 2.020322519280308982e-01 7.321751257968154292e-01 -3.971474723084573166e-01 -1.680418496531999040e-01 -6.175228718261583927e-01 3.550727747615473051e-02
3.370518407585014753e-01 5.251434862749159577e-02 8.067041574671689474e-01 -7.160157225737423525e-01 5.223201721270569892e-02 -6.103675688771093011e-01 2.680026088070469603e-02
6.157752142753160074e-01 -2.227797652367544470e-02 6.897987181037040783e-01 -8.975969181274409125e-01 1.645239173236665853e-01 -6.077700406602580818e-01 -1.133827725391082716e-02
8.478894520766050436e-01 -5.446678380506825984e-02 4.249034589789690841e-01 -9.677098211978637510e-01 1.745463971562196126e-01 -6.085485425068598575e-01 -3.185409245512905996e-02
9.196624959903200169e-01 -7.054912242428772184e-02 1.234047241504365733e-01 -9.791468854533470489e-01 1.128783607751562695e-01 -5.736665906023891148e-01 2.941564025096025242e-02
8.010156837106549021e-01 -8.692799849819145275e-02 -1.222375800022358766e-01 -9.455464516139693298e-01 1.989190554291005164e-02 -4.991676209528628227e-01 1.854842018228566036e-01
5.708685930305168466e-01 -1.065575778617605385e-01 -2.903741098192291203e-01 -8.314806624562379733e-01 -6.557188593497531581e-02 -4.427175000510546465e-01 3.991628568637044516e-01
2.856136420517339514e-01 -1.129728953735925218e-01 -3.726399519897127810e-01 -6.123124076852638487e-01 -1.203402598002769192e-01 -4.601161587377666229e-01 6.515844738699800853e-01
-7.556304199361374430e-02 -7.717381129757136526e-02 -3.341161883165364443e-01 -3.036170680360272822e-01 -1.480267903105770000e-01 -5.588450933426970524e-01 9.506477723220058129e-01
-5.171654866571880893e-01 1.963625699835249219e-02 -1.589396743858741134e-01 6.425874504524825559e-02 -1.786981761160165993e-01 -7.299465338709568707e-01 1.282749757798206991e+00
-9.905688503660222688e-01 1.677678848709688031e-01 1.331824519029949638e-01 4.453025628951801096e-01 -2.575004435670865122e-01 -9.721945888923189116e-01 1.619152290675540451e+00
-1.453622565356517571e+00 3.314081950850749081e-01 5.337280821383512119e-01 7.521951127816293159e-01 -4.159249062445812828e-01 -1.261375799419979460e+00 1.950661259934259872e+00
-1.885496951469957105e+00 4.717692225574905418e-01 1.040048820256547213e+00 8.997046239371294662e-01 -6.464723749016383358e-01 -1.544182963212769266e+00 2.272633408328951443e+00
