-8.270886230263594374e-01 8.506747175591811150e-02 4.504255763718975070e-01 4.129664935147756566e-01 1.853690136426258683e-01 -6.605730381155010544e-01 7.375734253429822029e-01
-8.732514746524947524e-01 4.577537580767897935e-02 6.928223771926999008e-01 2.256032271528794486e-01 -2.113470231343119454e-01 -7.372244401528241786e-01 9.877948345893053927e-01
-9.443177463700312968e-01 2.115350301555761481e-02 7.394207709779517801e-01 4.808615374924127966e-02 -5.186090952085072869e-01 -7.332916475282614810e-01 1.202149531526696791e+00
-9.878403696374810083e-01 2.663550490862236046e-03 5.891081217221337818e-01 -1.438501385537140353e-01 -6.885926315327136615e-01 -6.322587253641609450e-01 1.327326527349511620e+00
-9.375210257057442487e-01 -8.335964429827993905e-03 2.774402022152491210e-01 -3.459249057201654320e-01 -7.082299813708305969e-01 -4.652226796783121565e-01 1.321124935090334240e+00
-7.683138571824444929e-01 -1.273557185806441401e-02 -1.263874821399368908e-01 -5.071058691323123702e-01 -5.918308626125803329e-01 -2.947657428605320318e-01 1.183105041492471088e+00
-5.115666047319762377e-01 -5.074301397307678235e-02 -4.937452194606376521e-01 -5.786558270489812195e-01 -3.558237559341191902e-01 -1.580713254627941489e-01 9.517999563191709145e-01
-2.256032834830489775e-01 -1.733729856538918368e-01 -6.812030600531588931e-01 -5.440501032274379645e-01 -2.637979144334137022e-02 -4.996512920591047319e-02 6.719296774919335524e-01
3.341609062682310977e-02 -3.687420755950759910e-01 -6.276261384798828002e-01 -3.990264716152763236e-01 3.297055988778052060e-01 4.243531421424111272e-02 3.745515645326280008e-01
2.312256245970008284e-01 -5.520346604828878512e-01 -3.861066662075228195e-01 -1.478246829829354403e-01 6.139486564993020812e-01 1.072750070851486437e-01 8.077537981750114449e-02
3.684824951682076910e-01 -6.247849998221034484e-01 -7.406616252452621896e-02 1.843586422810327141e-01 7.470309131160849381e-01 1.008059298240754215e-01 -1.919787816175166917e-01
4.680875044050584743e-01 -5.276700552384145926e-01 1.977486202732806064e-01 5.581539814057300264e-01 6.999993504485041429e-01 -1.472600218251788294e-02 -4.326027400624620212e-01
5.480154900307427912e-01 -2.481850900952599082e-01 3.657945224145104368e-01 9.144940779781175477e-01 4.757090006017957728e-01 -2.134165623328384831e-01 -6.367055588057339843e-01
6.147728905427883861e-01 1.873884864172094544e-01 4.013578952295031588e-01 1.170010141698804906e+00 9.273026290489237711e-02 -4.219093367815939799e-01 -7.949172583385291091e-01
6.592271257559590980e-01 7.106124019044830487e-01 2.883183869822604772e-01 1.272129211101257651e+00 -3.959366029140261034e-01 -5.828336116545009826e-01 -8.797013868407869142e-01
6.267493031285534810e-01 1.230261520374281048e+00 3.293619364938579763e-02 1.242156016087707870e+00 -9.057791582436425237e-01 -6.613658439363796493e-01 -8.383236329811358800e-01
4.331475848192233302e-01 1.668106039252498451e+00 -3.234608987779483691e-01 1.118722084748617229e+00 -1.351690218617772832e+00 -6.288446972329457818e-01 -6.216149308731789835e-01
6.114068154304251601e-02 1.945317336961450483e+00 -6.999414462204712750e-01 9.063638306338781536e-01 -1.653986981755412478e+00 -4.734860375898157225e-01 -2.457975159754020589e-01
-4.029694637094501375e-01 1.973983968302797987e+00 -9.980125199749348974e-01 6.193244145529253064e-01 -1.741457942173150197e+00 -2.104012000579876529e-01 2.049339441271854356e-01
-8.384417893656495036e-01 1.725786660074577705e+00 -1.162222787865071938e+00 3.230578540089888984e-01 -1.580155373693198140e+00 1.181602541178210508e-01 6.245998490548816395e-01
-1.135119818916829004e+00 1.267725946707432882e+00 -1.184771270979869229e+00 1.008415826933978521e-01 -1.191762774625444443e+00 4.675624989083541627e-01 8.949064260358675638e-01
-1.201580112567190772e+00 6.956606190450166372e-01 -1.047885631206106005e+00 -2.907229555387693624e-03 -6.382048652721926674e-01 8.203737606534571292e-01 9.173652916720929085e-01
-1.000397012304695021e+00 8.265575024734427012e-02 -7.363088736240558374e-01 -4.666921349973637834e-03 1.160730532425735713e-02 1.152143533670116460e+00 6.860184753031240978e-01
-5.686892411286524895e-01 -4.920468516469042042e-01 -3.128979871470173313e-01 4.464622166700574907e-02 6.991852765343181675e-01 1.381555468656013197e+00 2.717065733740462452e-01
1.132971224293139942e-02 -9.310258233777143344e-01 9.299036754714432029e-02 1.099973130151351841e-01 1.364421733881088006e+00 1.411353532378675002e+00 -2.616404257179354986e-01
6.432895587431296525e-01 -1.184583894531123116e+00 4.024617746661270368e-01 1.801937752220816313e-01 1.935264122715271595e+00 1.220905780090373760e+00 -8.601030157975319002e-01
1.226085867522346939e+00 -1.298018422038941022e+00 6.446880103410710383e-01 2.218935039798826669e-01 2.345310123676685343e+00 8.987817241361560905e-01 -1.435660259732080002e+00
1.668537833344665877e+00 -1.359224481502106618e+00 8.764414365233789139e-01 1.821011391081860387e-01 2.556783581438625497e+00 5.883779149398034036e-01 -1.884802927763303604e+00
1.918582111023459102e+00 -1.414177463436063542e+00 1.089100116269518859e+00 5.385080173520062630e-02 2.557369467186572543e+00 3.944215791767725077e-01 -2.137739274951745649e+00
1.969659102799091510e+00 -1.451743881350176180e+00 1.220106447112301540e+00 -1.244022501498529276e-01 2.351907365175861742e+00 3.234430025813671561e-01 -2.160326930138649182e+00
1.831644374451228963e+00 -1.452067427969293778e+00 1.232337761842856150e+00 -3.412894351189036946e-01 1.968566226760432469e+00 3.059270507223221802e-01 -1.921939953922319866e+00
1.535016126398997871e+00 -1.415725393745165928e+00 1.151220388250873139e+00 -6.226782173375837726e-01 1.453433700455976973e+00 2.706476186587620791e-01 -1.420458547540976557e+00
1.155603706440863743e+00 -1.344962374688564388e+00 1.011873099364003048e+00 -9.723600098404827641e-01 8.657622474773676302e-01 1.810104387211039778e-01 -7.389481174479660686e-01
7.778437591345978008e-01 -1.222410058158998725e+00 8.055269904994343255e-01 -1.352798055927516341e+00 2.842779339729772370e-01 5.556796668759372664e-03 -1.395480145965278390e-02
4.514623003036688509e-01 -1.026126880696958343e+00 5.303412654349881628e-01 -1.713363791963210536e+00 -2.244202727440565703e-01 -2.858204438359480126e-01 6.448450779347957296e-01
2.020858820911105025e-01 -7.685851050094387737e-01 2.680582720640430905e-01 -2.005282509441004279e+00 -6.496066550582985100e-01 -6.728485847297352995e-01 1.186996950525128547e+00
4.047759362753655665e-02 -4.896629744537978057e-01 1.345642942446812762e-01 -2.194731869631599608e+00 -1.025309572977511907e+00 -1.086226948317139174e+00 1.610520534538803616e+00
-3.912820386800300310e-02 -1.980403176419351652e-01 1.641895997950407748e-01 -2.287598866772982742e+00 -1.386039108122600672e+00 -1.467932175996214283e+00 1.915503942584615649e+00
-4.467725645035376669e-02 1.201126524799035339e-01 3.094846912888544188e-01 -2.328514257492037665e+00 -1.728995844845458985e+00 -1.776600614055416916e+00 2.059996827683671317e+00
2.563712799044319101e-03 4.361591270706351997e-01 5.219504318676315702e-01 -2.366774472470632329e+00 -2.006107445556716051e+00 -1.950384373509677749e+00 2.000241398865472142e+00
3.530527545935394085e-02 6.953058942647240004e-01 7.583681236641287571e-01 -2.418557068176801383e+00 -2.159808268362261252e+00 -1.927032608821104276e+00 1.764507751157385229e+00
-3.599082350522844753e-02 8.759572638699816283e-01 9.451211994342719747e-01 -2.447110301007139999e+00 -2.164060558326680983e+00 -1.697982504839866236e+00 1.443920265292121030e+00
-2.617687853147696031e-01 9.937922467933529846e-01 9.931884522567220319e-01 -2.369860257200990361e+00 -2.027914283765013259e+00 -1.335196399758826979e+00 1.127584293901544354e+00
-6.445230740267036129e-01 1.074905851688757519e+00 8.541625831890067300e-01 -2.104811384677090391e+00 -1.784521839092986228e+00 -9.580446321542374077e-01 8.797489863736999149e-01
-1.166737856090249048e+00 1.127556937436178019e+00 5.732154693736852824e-01 -1.639651136115758856e+00 -1.499326824444934703e+00 -6.398790693466182011e-01 7.625100557136833546e-01
-1.784964989400688706e+00 1.129087605465364019e+00 2.729704552814313789e-01 -1.049857747024013577e+00 -1.264111287906707570e+00 -3.590974828902764315e-01 8.284007326804555538e-01
-2.409452378586857346e+00 1.056012572226195045e+00 5.707331325083483259e-02 -4.354252391012554124e-01 -1.144292145434139263e+00 -6.812142758253160457e-02 1.066150627687108665e+00
-2.919733777919717443e+00 9.241248030884504638e-01 -5.161981517154497906e-02 1.465911254018609500e-01 -1.136378718140627964e+00 2.234054340485722434e-01 1.374202612074497232e+00
-3.206803236609652608e+00 7.805363144848194157e-01 -6.533228773272714562e-02 6.741785671797034807e-01 -1.193719736584687441e+00 4.672001132338193807e-01 1.609306890822850722e+00
-3.207854064636383118e+00 6.636448314704694873e-01 2.414892064684850959e-02 1.112672582095619145e+00 -1.279034567006160028e+00 6.397469737492721409e-01 1.668913669083639029e+00
-2.909446048728952849e+00 5.847056690118344058e-01 2.166187108416690599e-01 1.408890868787556538e+00 -1.376775611566772195e+00 7.410311234814328518e-01 1.532412141323295174e+00
-2.328887023556148517e+00 5.441315751001493117e-01 4.410258952208813699e-01 1.523710922657384170e+00 -1.462843635592673497e+00 7.468942929355688598e-01 1.231523319260801497e+00
-1.517346615271303989e+00 5.461615300613275048e-01 5.630827860290267273e-01 1.459087092961514731e+00 -1.481914067258970125e+00 6.081148364730710743e-01 8.074913966870533866e-01
-5.904346151895423223e-01 5.762359492079749401e-01 4.912985279676803096e-01 1.259534798337454964e+00 -1.369441490773564585e+00 3.078845477858612179e-01 3.292675715319033358e-01
2.776849591123705663e-01 5.855748162606706497e-01 2.604120053767657872e-01 9.903002344620450703e-01 -1.098313879133322235e+00 -9.980508342146537926e-02 -8.371986943098069789e-02
9.319527093298606291e-01 5.292741634148130370e-01 -2.402227813853223884e-02 7.145744828811544380e-01 -7.038972202676414547e-01 -5.174989439632462496e-01 -3.254632481699739621e-01
1.305087017355326395e+00 3.934864922612791305e-01 -2.940753540188706383e-01 4.802344177928195568e-01 -2.525665926785587989e-01 -8.648917063885641632e-01 -3.742679608167691629e-01
1.398211891573782673e+00 1.772200151589729822e-01 -5.427453733512016543e-01 3.093749097224183786e-01 2.092028007198507566e-01 -1.110592934650209473e+00 -2.642987152330001366e-01
1.236752477580547849e+00 -1.132747123842267750e-01 -7.617595936942642698e-01 1.963678687186601046e-01 6.415567118795059143e-01 -1.251405475525026345e+00 -2.508201567170339694e-02
8.833034436521870481e-01 -4.630771351620264209e-01 -8.902028434861811723e-01 1.189715436022363432e-01 9.751828212610756941e-01 -1.266331502270832132e+00 3.085518042520459248e-01
4.475614612413464921e-01 -8.627186151319564678e-01 -8.451749328055637722e-01 4.454930620924659607e-02 1.138673299047189058e+00 -1.113331583384135071e+00 6.779320541697093638e-01
3.209787348567139792e-02 -1.293002375206179666e+00 -6.038045775046634311e-01 -6.459142707568983621e-02 1.106600745066044444e+00 -8.080892273764838096e-01 1.049669540612571117e+00
-3.133162414115438499e-01 -1.690432848129030718e+00 -2.384225827663990771e-01 -2.286596258446185748e-01 9.077818522764243836e-01 -4.760545862195429412e-01 1.435967427825952436e+00
-5.690356739773400063e-01 -1.953938094429313654e+00 1.443312014590726611e-01 -4.359719160203142096e-01 5.946268592203957093e-01 -2.657692091977761351e-01 1.826380388524085241e+00
-7.060472570681848303e-01 -1.999958118983478528e+00 4.829912573356983652e-01 -6.636813316718553901e-01 2.108850020609335518e-01 -2.235266345088942619e-01 2.140627736164540718e+00
-6.905283828226921328e-01 -1.808922633013646530e+00 7.534322908814219399e-01 -8.969522221272050455e-01 -2.031524242919647005e-01 -2.913113577825455214e-01 2.274074237227837081e+00
-5.146152879317046347e-01 -1.405804050965278718e+00 9.005913327040407923e-01 -1.094625688738859459e+00 -5.923477883713773595e-01 -3.979811290300008797e-01 2.155418251557898568e+00
-2.059008864332707300e-01 -8.282418161031690484e-01 8.445025367214544776e-01 -1.170280302441016662e+00 -8.964625964742679587e-01 -4.913015636850259771e-01 1.757069398004869276e+00
1.872121951761051839e-01 -1.502100360707657178e-01 5.838444533207997056e-01 -1.074094726598127991e+00 -1.082816692110647461e+00 -5.093277720147990628e-01 1.116419833133340145e+00
6.189331376821521902e-01 5.049986162106078202e-01 2.349232358679800015e-01 -8.530396416628336365e-01 -1.163813607773814596e+00 -3.988696956757361023e-01 3.517995167040777194e-01
1.059385766597962686e+00 1.010845624955582167e+00 -6.669288819483962238e-02 -5.857734006848382968e-01 -1.165361036639373848e+00 -1.647946433327684146e-01 -3.925841768886701999e-01
1.476846417048545801e+00 1.296606536749102201e+00 -2.676108017543473716e-01 -3.159233568076844079e-01 -1.088962908691331055e+00 1.260109225138574818e-01 -1.011743644069701631e+00
1.829933182365601763e+00 1.371704887842097653e+00 -3.857410855804456751e-01 -7.245005378773737570e-02 -9.398893276606219427e-01 3.984686067547046906e-01 -1.460159636335375710e+00
2.101490884186348218e+00 1.289502691394213363e+00 -4.389673200299246680e-01 8.760466730485241826e-02 -7.704149925082075523e-01 6.272237020702909893e-01 -1.743470719979971717e+00
2.312648434066472358e+00 1.090094960671959656e+00 -4.279123353187126444e-01 8.680381865812315800e-02 -6.457535082061279796e-01 8.242471446600128093e-01 -1.887805081459974277e+00
2.482694992350840124e+00 7.918111687210621641e-01 -3.646705554530754734e-01 -9.972235875287881190e-02 -5.807023230667269775e-01 9.781704938571292862e-01 -1.907957761950499931e+00
2.588184681434717582e+00 4.254868054998464655e-01 -2.728786101914569828e-01 -3.851420779647048986e-01 -5.386251619456690065e-01 1.048788269958106367e+00 -1.806462803471504008e+00
2.581529747278253240e+00 4.377419850149823211e-02 -1.527027371107245179e-01 -6.306154497762199718e-01 -4.800905969088078429e-01 1.025241883172215651e+00 -1.594417431637442206e+00
2.441309553162209323e+00 -3.060041344998248869e-01 2.843364429895748821e-02 -7.463531150669608927e-01 -3.923657484287197406e-01 9.349892227908069842e-01 -1.293700668623485983e+00
2.179322002751171272e+00 -5.841406727965300361e-01 2.750272853450018151e-01 -6.950889706759584286e-01 -2.728439735288791246e-01 7.832628448341562022e-01 -9.339099017726251173e-01
1.821139833321798962e+00 -7.353524390192974769e-01 5.189963872576014436e-01 -4.670338734922869217e-01 -1.165019491199829477e-01 5.421258228779788357e-01 -5.760581979731955737e-01
1.397713961446313435e+00 -6.998661587003220941e-01 6.744498939732894716e-01 -1.044136809402813337e-01 5.699915120517212719e-02 2.122895280302000975e-01 -3.015244684502070838e-01
9.349620699216735220e-01 -4.609136859051417012e-01 7.131637900691202292e-01 3.008009547721616217e-01 1.920588087227794172e-01 -1.452076374914779422e-01 -1.465213359103883506e-01
4.610785380527139266e-01 -6.543792871749665174e-02 6.654906666669452298e-01 6.554436624565151970e-01 2.340983004132613787e-01 -4.544113663504313338e-01 -9.019726419484373758e-02
2.650757673517760080e-02 4.075948211463299442e-01 5.729654026583399506e-01 8.893196673244759820e-01 1.646752510844704531e-01 -6.836456510340289672e-01 -1.072947318366191949e-01
-3.161884087049406933e-01 8.777771106935979839e-01 4.715849891140446171e-01 9.482670529311109098e-01 -6.720785973502264377e-05 -8.333034586513191622e-01 -1.804218390951837225e-01
-5.558024665736481795e-01 1.267516233564813133e+00 3.999393219837701907e-01 8.016809796970031377e-01 -2.300097013636610566e-01 -8.897847256867542631e-01 -2.599548451744231881e-01
-7.208588209970636651e-01 1.516608952461216964e+00 3.741437273741373692e-01 4.636931078455834299e-01 -4.912971397685970687e-01 -8.477128472306163509e-01 -2.573432238512339820e-01
-8.248029644280014949e-01 1.606979310126010363e+00 3.590509234135154104e-01 3.015381436468580600e-03 -7.439229175603839783e-01 -7.445295146745363191e-01 -1.183240687938579977e-01
-8.493122373831524241e-01 1.550355257597065162e+00 3.022288418553270573e-01 -4.687932414248128787e-01 -9.392383194555430359e-01 -6.178591374307919049e-01 1.308655150039024495e-01
-8.033592332100705224e-01 1.353486678620954065e+00 1.924820732634327236e-01 -8.360961946798125544e-01 -1.027155794012895917e+00 -4.614866347228933630e-01 4.462152503565601780e-01
-7.417046938037376025e-01 1.032414831790268828e+00 5.447565451769472572e-02 -1.010687988784930047e+00 -9.834457671174311466e-01 -2.472507372570089956e-01 7.975065556442014758e-01
-7.084134732532550993e-01 6.570624930711228551e-01 -1.062954232824494111e-01 -9.313586277855003814e-01 -8.265932563059522620e-01 1.993227885817956332e-02 1.118494108332446446e+00
-7.034009479013173527e-01 3.458253005979467498e-01 -3.119415601053416309e-01 -5.825869984930128753e-01 -6.035138508336179708e-01 2.809906494694478507e-01 1.299475399032362199e+00
-6.896733632278436721e-01 2.119970102623732200e-01 -5.600388433439571489e-01 -3.679748114311442997e-02 -3.839216271988277196e-01 4.737311105068792716e-01 1.231261571147559186e+00
-6.087193337313984154e-01 3.134148623641598852e-01 -8.027606566998366500e-01 5.605898967158986501e-01 -2.559468159843082402e-01 5.727041627320303974e-01 8.524064018992042469e-01
-3.943921046483770398e-01 6.152420449118489731e-01 -9.643902457282138574e-01 1.055647201887886633e+00 -2.921132176950887449e-01 5.673161680440700350e-01 1.907668379880101406e-01
2.273500699927895503e-03 9.761888377474414735e-01 -9.417843604054839668e-01 1.322181120160572210e+00 -5.140263418859614131e-01 4.257862387036010499e-01 -5.980796674090237408e-01
5.521819061810129270e-01 1.195596268700489961e+00 -6.525541394354613667e-01 1.268710159687517880e+00 -8.579689135375679898e-01 5.357927711432156070e-02 -1.213980930954080550e+00
1.086303371089138547e+00 1.127821108554040830e+00 -1.684492560662117500e-01 8.647555702392514254e-01 -1.150847174231929060e+00 -6.279170931646208542e-01 -1.335406669923453027e+00
1.343872888804499510e+00 8.154753707794574202e-01 2.194781850622871400e-01 2.241600851997468669e-01 -1.193416444180184666e+00 -1.441095314645190362e+00 -8.960796070265256708e-01
1.187584557629717485e+00 4.711097462218613030e-01 1.998522642006944905e-01 -3.687901470718409902e-01 -9.272478275028767092e-01 -1.962404620883935635e+00 -1.948707389667825585e-01
7.464152491386609745e-01 2.469463217537524458e-01 -2.348027621665876863e-01 -6.456038193673910852e-01 -4.805773661432945487e-01 -1.879789982425961403e+00 3.673355626380647165e-01
2.606975586824060165e-01 1.020873178189675989e-01 -7.736280973385726289e-01 -5.523232378349667293e-01 -4.660230929972196401e-02 -1.188235734575862734e+00 6.016199076339383556e-01
-1.234048058050847552e-01 -6.777797813610114686e-02 -1.096469321823112963e+00 -2.054065380079260206e-01 2.390515402485144103e-01 -1.113044326733860223e-01 5.686790063138594808e-01
-3.618671961646411361e-01 -2.795491337162390733e-01 -1.090670940727108018e+00 2.644712862290395927e-01 3.331079838498699486e-01 1.010971808680064088e+00 4.179949660244980936e-01
-4.414937403081836131e-01 -4.556332102471363776e-01 -8.235476694815349052e-01 7.752265189639095944e-01 2.578970153206637805e-01 1.859066331929721372e+00 2.362297732269171557e-01
-3.720958999134371115e-01 -5.076520645381495944e-01 -4.225027104642292142e-01 1.256486874868687931e+00 5.874255248094785442e-02 2.273806283275538132e+00 3.357165328403277638e-02
-2.048920471381612818e-01 -4.163429449945929561e-01 8.992027752153802442e-03 1.614975877420801620e+00 -2.103244192651109457e-01 2.283087784488805116e+00 -1.825338883587366567e-01
-1.831531936810109262e-04 -2.349518241030179033e-01 4.042625693637529882e-01 1.768950030011781305e+00 -4.846581786143965842e-01 2.009425884296616172e+00 -3.880488732427138654e-01
2.093695081599585561e-01 -2.869876717842328659e-02 7.006634724398832503e-01 1.703222170479586461e+00 -6.995477847993111231e-01 1.554955856379249823e+00 -5.661957236160610751e-01
3.995423567065697346e-01 1.667540941812377109e-01 8.311003449508206353e-01 1.470704587967442523e+00 -8.032735238614218121e-01 9.761846406605905191e-01 -7.085506390296587576e-01
5.389699233100258002e-01 3.295821543494780181e-01 7.766015618190628134e-01 1.141347821587583855e+00 -7.726783524184617225e-01 3.346762710506024918e-01 -8.059032292941904485e-01
6.148187918804628449e-01 4.180064083252627016e-01 6.051618670820522183e-01 7.621838408869417991e-01 -6.195172082327702334e-01 -2.943401551891390855e-01 -8.425212108603808980e-01
6.413789589416932779e-01 3.918700749768201375e-01 4.051277712461695546e-01 3.761832363483946784e-01 -3.726095955993219411e-01 -8.605286129959104358e-01 -8.086109036837106911e-01
6.329905325138869276e-01 2.723956214408150833e-01 1.980052799265187013e-01 5.598472814852605700e-02 -6.582571293064497231e-02 -1.347469446270389559e+00 -7.200647113446047021e-01
5.903416867304931426e-01 1.284221495482272823e-01 -2.609289913994414581e-02 -1.186987786375328230e-01 2.601328744389406200e-01 -1.736993310637474197e+00 -6.099424939157179759e-01
5.158677169912635474e-01 5.186490673828558252e-03 -2.331351481575135720e-01 -1.172963966535154196e-01 5.668079335608955382e-01 -1.969148524731776595e+00 -5.174062771407537120e-01
4.219865718715868352e-01 -9.752989666398842461e-02 -3.709202518365359857e-01 3.338803173204409752e-02 8.371084582223882187e-01 -1.970838474691448905e+00 -4.762399274563055007e-01
3.273705593031447925e-01 -1.893602674666260144e-01 -4.372850313018623036e-01 2.921291475065156407e-01 1.077364261973249526e+00 -1.734742958169289695e+00 -5.015490679474488012e-01
2.615183863322478874e-01 -2.562601842096147720e-01 -4.794297704578120989e-01 6.125190181449190474e-01 1.290796536790982607e+00 -1.314469221278466549e+00 -6.165196776757640995e-01
2.460019193913411395e-01 -2.927133218599126674e-01 -5.182329496520167167e-01 9.117312056133805021e-01 1.466550820848029346e+00 -7.562176474616820743e-01 -8.387055195366173166e-01
2.645675570670024124e-01 -3.645542188330935240e-01 -4.894063228726874271e-01 1.084614333220889293e+00 1.605093631943225629e+00 -9.379611364366999271e-02 -1.106067165613243919e+00
2.911736661892402322e-01 -5.857147975602586820e-01 -2.917442949645122074e-01 1.063879073252560481e+00 1.727629774497435822e+00 6.303192885225834541e-01 -1.308252936601636884e+00
3.310009373291558643e-01 -1.022737325052669455e+00 1.111585661506342276e-01 8.611189109599602931e-01 1.858430320502576727e+00 1.372611112894464913e+00 -1.396121780999582951e+00
4.001056962682666973e-01 -1.640393394746719968e+00 6.577618580591132469e-01 5.607290815394898598e-01 2.008038145212755587e+00 2.081272474092031644e+00 -1.395878103818104066e+00
4.922213269435785632e-01 -2.322862001979162372e+00 1.236316834631895345e+00 2.607377354926103119e-01 2.154340710057972785e+00 2.688072002661315185e+00 -1.347111587221982543e+00
5.844367104964580673e-01 -2.937454412590716490e+00 1.736949919388269814e+00 9.035755895735473123e-03 2.244714889583308892e+00 3.127592870186810536e+00 -1.263531689640447375e+00
6.549260004803605373e-01 -3.381966032814234691e+00 2.062100835300245905e+00 -1.868160157068889105e-01 2.238558045212540648e+00 3.341130509088698464e+00 -1.134678276128594954e+00
6.910010216065880506e-01 -3.581731778157921209e+00 2.125470886683450633e+00 -3.031321061417831531e-01 2.134659124998744328e+00 3.268843496768387702e+00 -9.586694960852777392e-01
6.934167546136121851e-01 -3.480331347127386010e+00 1.884914680371341911e+00 -2.892021653919809587e-01 1.945882204146244909e+00 2.882865576309436850e+00 -7.725096392597989858e-01
6.771172754689799289e-01 -3.056087826803542296e+00 1.377513464362042361e+00 -1.151888228684023879e-01 1.666628033895015459e+00 2.235100665375977513e+00 -6.439038028059058671e-01
6.690045213799531432e-01 -2.343112198044857930e+00 7.039547466278492927e-01 1.897272504570249319e-01 1.283564047057195845e+00 1.454585799360397669e+00 -6.398231553210602662e-01
6.974682535748081280e-01 -1.439755489878580708e+00 -1.814413231641596666e-02 5.568738200982091824e-01 8.183536334098364673e-01 6.866862039073848845e-01 -7.928386862918961331e-01
7.566987740098340964e-01 -4.746268831226306273e-01 -7.014221747026729847e-01 9.191370669486164102e-01 3.475286190219809002e-01 1.947272739619960655e-02 -1.072165829145853122e+00
7.770909131472810705e-01 4.464311001130947809e-01 -1.295768617828713998e+00 1.221672472710478408e+00 -3.087306390711443832e-02 -5.268466130402218450e-01 -1.382875606329779128e+00
6.740469522591951979e-01 1.229205407461340771e+00 -1.727039676252221101e+00 1.419542233540631582e+00 -2.508036558180974929e-01 -9.374908360250042705e-01 -1.612575803567440458e+00
4.336084568194542022e-01 1.761275786914078711e+00 -1.868735574567087943e+00 1.497851037676384722e+00 -3.016686476192437238e-01 -1.166037369700610560e+00 -1.692958929386432443e+00
1.107234414820761625e-01 1.947032183194831623e+00 -1.615946507286981859e+00 1.479991887105787107e+00 -2.142897844737770841e-01 -1.171227319882600870e+00 -1.604012738926772208e+00
-2.335182825586630817e-01 1.742202563971516183e+00 -9.599603647362338066e-01 1.384771416603039373e+00 -3.325092924678413331e-02 -9.562696703552450161e-01 -1.335961109180698658e+00
-5.429968629334467334e-01 1.150930648188995375e+00 -7.900645364020903241e-03 1.201346342343459384e+00 2.090500581062949559e-01 -5.370485185329924027e-01 -9.187952496201092778e-01
-7.522724106728192472e-01 2.604323385668492197e-01 1.019679865698107424e+00 9.361851831042156125e-01 4.937198620735765431e-01 8.783954053713087518e-02 -4.781743946938210588e-01
-8.216784311892898485e-01 -7.255251574036326589e-01 1.857639046747822542e+00 6.338368233898481474e-01 7.783085753654842565e-01 8.380681155231096691e-01 -1.409990240473823486e-01
-7.692876091476086309e-01 -1.555497249491896383e+00 2.307769053862270159e+00 3.297197197262738966e-01 9.880304775626523872e-01 1.466212644053674241e+00 9.929440934032375543e-02
-6.409314878739477139e-01 -2.029939288576568579e+00 2.258518222381480367e+00 3.835033595030521575e-02 1.077449776244071344e+00 1.695026717688708162e+00 3.052613009545919742e-01
-4.825549918699143515e-01 -2.048249244582879935e+00 1.672441269637718886e+00 -2.208083334386679586e-01 1.072297232384776811e+00 1.414854259049705965e+00 4.632503025443711620e-01
-3.358800923100928593e-01 -1.648374133958030896e+00 6.682365391188451742e-01 -4.264731374256903740e-01 1.026450695876202301e+00 7.206557597495493184e-01 5.247542583697830665e-01
-2.063147957465141236e-01 -1.017288963651351130e+00 -4.454168272399948170e-01 -5.743723987153269706e-01 9.604087074648851585e-01 -1.562277596538635960e-01 4.772989398579290388e-01
-6.102163600983091796e-02 -4.044924794720551331e-01 -1.329988127660993946e+00 -6.899429651667522423e-01 8.598213395596105979e-01 -9.437649090400636043e-01 3.425387476310240986e-01
9.849161870923933693e-02 4.276322529994724259e-03 -1.811833922435415634e+00 -8.042158127906270382e-01 7.220901487409047137e-01 -1.451027590717376858e+00 1.857046973953115632e-01
2.135988367273510824e-01 1.453159070221564930e-01 -1.903545564263040113e+00 -9.018690557448904022e-01 5.779387364639326785e-01 -1.625820430802351391e+00 9.187386404036754217e-02
2.583166662205960140e-01 4.679720420740030723e-02 -1.682331539701067857e+00 -9.261479652375586014e-01 4.535212077238048867e-01 -1.481622329260939397e+00 6.961088273196933129e-02
2.942522206397704121e-01 -2.216367329074756531e-01 -1.211663663364901611e+00 -8.349747553707995706e-01 3.324912178923811190e-01 -1.028808524328779894e+00 3.107759046554179824e-02
3.985547460724359059e-01 -5.765294217225891416e-01 -5.746637994445032982e-01 -6.310114250516640766e-01 1.817076934954268141e-01 -3.209743639310965735e-01 -9.188205837654023211e-02
5.753245594654579076e-01 -9.298763706426723674e-01 8.092023105401187355e-02 -3.505673199246820415e-01 3.793540149341058376e-03 4.774962911396199439e-01 -2.598311606122753470e-01
7.495025888201106712e-01 -1.176373845983034405e+00 5.632939754738612859e-01 -3.087186778358474298e-02 -1.542413781312993171e-01 1.134238375223133088e+00 -3.869609050599567279e-01
8.227546733155628456e-01 -1.200546845058847234e+00 7.299062574722657848e-01 3.048179911624422367e-01 -2.440403049915212952e-01 1.483423419837201385e+00 -4.432244982240616249e-01
7.368761727800460237e-01 -9.384237621392059747e-01 5.842195709916639945e-01 6.156658354140318590e-01 -2.624874208593866998e-01 1.505394188418914592e+00 -4.516993067368899051e-01
5.000251686821718389e-01 -4.321334329343943792e-01 2.638464901331126211e-01 8.269990829675882837e-01 -2.446275149840131391e-01 1.294876777545791224e+00 -4.288611314453223966e-01
1.553903388371873640e-01 1.865224007843082898e-01 -7.322909382103012788e-02 8.849138675413458222e-01 -2.067005545128127730e-01 9.778822339089794369e-01 -3.667264227295707335e-01
-2.586537761625241627e-01 7.631342272739952692e-01 -3.335219523524995400e-01 7.996641095006647992e-01 -1.223102074747859508e-01 6.453340833024737710e-01 -2.570124790278855986e-01
-6.918989861537707675e-01 1.168492577628373441e+00 -4.643872925890662473e-01 6.113851620353593086e-01 2.903446633453177911e-02 3.582227390086674124e-01 -1.228963667424614187e-01
-1.065236939806615046e+00 1.317591222827910968e+00 -4.202256086267962543e-01 3.605243904757733930e-01 2.246254543575978146e-01 1.828004832633501053e-01 -1.468884066484971510e-02
-1.309517264086034416e+00 1.182455638024230815e+00 -1.965665170084645308e-01 1.031284173752910899e-01 4.284911608367963365e-01 1.733854303747255077e-01 3.491448032014402014e-02
-1.384155385180907416e+00 7.719780964062068485e-01 1.584529768244141990e-01 -7.512749812724715814e-02 6.291629844135416816e-01 3.203720065553463670e-01 3.376700259542812083e-02
-1.261607540137924532e+00 1.261141939758223807e-01 5.696660326029076016e-01 -7.097665741678431395e-02 8.335155061139114530e-01 5.518627883832416536e-01 -1.007974559904793559e-02
-9.479536539128360362e-01 -6.215722534599213978e-01 9.457066638496420818e-01 1.472248691307271318e-01 1.026699075060885979e+00 8.061361801888866641e-01 -1.339973255041050360e-01
-5.133394830550721544e-01 -1.243441528491501469e+00 1.209460040206558729e+00 4.539945530504452265e-01 1.156081867667674512e+00 1.046717013521836881e+00 -3.755834980967490133e-01
-5.586395627203791930e-02 -1.575663641025304207e+00 1.352543347186064615e+00 6.624277939166444140e-01 1.182952665776889178e+00 1.190356596964097458e+00 -6.850174923021298268e-01
3.504271869569464681e-01 -1.640968009764077529e+00 1.431170150920644035e+00 6.898996357790048162e-01 1.134549251587288143e+00 1.138567130343402178e+00 -9.363607495394397073e-01
6.318464072557680167e-01 -1.527240311266686357e+00 1.454860371814886033e+00 5.849448067246271199e-01 1.068753177147760303e+00 9.310884525030374004e-01 -1.048570453119039181e+00
7.097343410151510934e-01 -1.234663241803454659e+00 1.339007375028229196e+00 4.438792868631197819e-01 1.002498818845283468e+00 7.371890774161246052e-01 -1.054710060539032934e+00
5.641032703627358869e-01 -7.598388325788989484e-01 1.047991802441678111e+00 3.213811656430767827e-01 9.096812675800480807e-01 6.578249487562617404e-01 -1.008763978407972273e+00
2.463702893554028661e-01 -2.213599004323134611e-01 6.901169286909586420e-01 2.020523784093878616e-01 7.780738579613194483e-01 6.623231161126797994e-01 -8.908058507396952042e-01
-1.526449648437799567e-01 2.015786705658574041e-01 4.040261414486576164e-01 5.682649363231673939e-02 6.422832929139494773e-01 6.857342831738826305e-01 -6.645295837642605230e-01
-5.205799417521750350e-01 4.292429043041380288e-01 2.022074852416054225e-01 -9.843933326002045348e-02 5.593457826692659340e-01 6.787477671458173045e-01 -3.811973431557474368e-01
-7.559787950764740305e-01 5.432345984702425801e-01 -3.125765993158490658e-02 -2.293127843248007058e-01 5.600663008813286936e-01 6.207986592932179803e-01 -1.857559271359298103e-01
-8.020045432022232523e-01 6.575600054785997184e-01 -3.592949258470055640e-01 -3.410506015753639319e-01 6.234724596656692208e-01 5.417461040111182236e-01 -2.044709989370950831e-01
-6.605302938965511572e-01 7.665460312950153066e-01 -6.708221723711790263e-01 -4.829460366683150929e-01 6.994368326432323091e-01 4.965449400730100882e-01 -4.227604360057983790e-01
-3.994641840576353409e-01 7.815375655480887307e-01 -8.139686859993419121e-01 -7.144631085057989717e-01 7.537883348467233624e-01 5.007442608637598935e-01 -6.888919738252686775e-01
-1.247870096541127682e-01 6.728111904039915103e-01 -7.795133146616515241e-01 -1.052182508815165951e+00 7.847002491631511756e-01 5.094951832271283898e-01 -8.460300344953262108e-01
7.277275281424472331e-02 5.082357807830990559e-01 -6.920165548274497258e-01 -1.428697087676299438e+00 8.115695799665805232e-01 4.691130407187071305e-01 -8.449267263834334685e-01
1.474004305485768773e-01 3.709078493575433955e-01 -6.509252322353952236e-01 -1.737746490006591094e+00 8.451288576508596551e-01 3.708742277423708877e-01 -7.205900217287164455e-01
1.114817768497977507e-01 2.945239451087516280e-01 -6.403154003611191136e-01 -1.902272592795728912e+00 8.560390952740307702e-01 2.405471570738795528e-01 -5.185841366697807597e-01
2.307538308901867577e-02 2.785101877838569440e-01 -6.063305612988967308e-01 -1.877763060109168824e+00 7.942326247766049452e-01 9.164102152115412292e-02 -2.745472985402645505e-01
-5.109746700097664296e-02 3.018468056426371615e-01 -5.313618240962719730e-01 -1.649586180246452205e+00 6.422627387900239349e-01 -9.749919295916285866e-02 -1.231202821981812467e-02
-5.587008408142413174e-02 3.171776975208466243e-01 -4.143080441386703394e-01 -1.251666635142679951e+00 4.356757357228160377e-01 -3.697703833877769020e-01 2.520886147443174852e-01
3.150418294764789628e-02 2.831532595574772770e-01 -2.499140102316934064e-01 -7.699170806598738537e-01 2.264335538530454772e-01 -7.419517324121941426e-01 5.003543365071047022e-01
1.732637965283448100e-01 1.956232375016134784e-01 -2.890941524183810937e-02 -3.126511535885141413e-01 3.348845397278672753e-02 -1.174734451780198530e+00 7.396574254430997586e-01
2.946890955971847581e-01 8.665739856095690252e-02 2.353931315541744340e-01 4.464789968000990733e-02 -1.598751569087865643e-01 -1.609938023574402743e+00 1.004363226235794659e+00
3.484631569361177905e-01 1.922376164079696303e-02 4.670979339546907916e-01 2.915751147484299532e-01 -3.754177119973380883e-01 -2.008611408577989366e+00 1.281571430499857334e+00
3.345249892555527960e-01 6.452461571670732587e-02 5.612389372928479059e-01 4.756582859879041059e-01 -6.213360550306590291e-01 -2.343893038531411399e+00 1.485303368801321078e+00
2.669878960020951597e-01 2.647142704206930097e-01 4.719685176347022670e-01 6.616587033681781138e-01 -8.935997773114312537e-01 -2.582442968608388956e+00 1.526686686936027160e+00
1.511748212467867170e-01 6.037064024148257602e-01 2.426446610999845321e-01 8.600090351804208222e-01 -1.182555536726189516e+00 -2.675220682363942615e+00 1.379497375864838116e+00
-1.211259377332227043e-02 9.931767422876908169e-01 -4.544608467841920046e-02 1.006601709261955468e+00 -1.468345976588991242e+00 -2.577117599658734992e+00 1.104472014590915485e+00
-2.260413627970302985e-01 1.306145100393134362e+00 -3.593578354941454056e-01 1.035475502893180577e+00 -1.703337593151376117e+00 -2.286413691322668029e+00 8.321745759532748199e-01
-5.094761998023747962e-01 1.455564449275422279e+00 -7.541327488417582936e-01 9.396758058095397992e-01 -1.809042081348338105e+00 -1.861100939286389977e+00 6.902894619646148255e-01
-8.936618967485580045e-01 1.424381209461199393e+00 -1.265586179492308005e+00 7.446463987959712760e-01 -1.713146025800431183e+00 -1.403317640484808004e+00 7.448467519429063932e-01
-1.386341857345286144e+00 1.216130217829002325e+00 -1.769932938537795986e+00 4.537511454132685529e-01 -1.402991431498647135e+00 -1.007588082213721314e+00 1.005155294276798728e+00
-1.930697228628587725e+00 8.233104749764188490e-01 -2.034628312398643057e+00 5.598574461842695943e-02 -9.429023201549551203e-01 -7.074741751079084429e-01 1.436619775519680342e+00
-2.400547557282434408e+00 2.667548140313037996e-01 -1.904898836985662092e+00 -4.117842215772914982e-01 -4.350050599439247989e-01 -4.935683551865087115e-01 1.943070519283379705e+00
-2.652440466416086107e+00 -3.669155543647898976e-01 -1.400789918498935194e+00 -8.559838287525805001e-01 3.276632906897038872e-02 -3.561226751056779105e-01 2.370463722908579651e+00
-2.606133056247362578e+00 -9.768529077027883201e-01 -6.370500484209401515e-01 -1.200011947525533529e+00 4.018671187132891176e-01 -2.760286712499784301e-01 2.594113227231629182e+00
-2.284679631494745511e+00 -1.515957969948855677e+00 2.797251649335923962e-01 -1.419519977898938690e+00 6.381278587023484494e-01 -2.049327213804864323e-01 2.600198933687452918e+00
-1.790684490965917197e+00 -1.932974008994368775e+00 1.200137695131099580e+00 -1.508250498275896190e+00 7.205913527345392255e-01 -9.129185116939397826e-02 2.447289900601347323e+00
-1.241401464107844133e+00 -2.095019628595236938e+00 1.877940855290632260e+00 -1.472308439036999372e+00 6.207996334764004365e-01 7.437701646959100910e-02 2.181332689996676955e+00
-7.216541371677938077e-01 -1.893335026900584861e+00 2.117674542991369702e+00 -1.339080590284749128e+00 3.223700429014049185e-01 2.556776795057293938e-01 1.838343412568443469e+00
-3.056598095011725524e-01 -1.400052805643009046e+00 1.945313077525708589e+00 -1.137020655427298355e+00 -1.285294993788662354e-01 3.924758111269519012e-01 1.520962421218808647e+00
-6.695446071473970528e-02 -8.307446754262238775e-01 1.562806325721273204e+00 -8.940591524187025962e-01 -6.297687065162715925e-01 4.242291222271796780e-01 1.379829689279655325e+00
-2.136386224980487900e-02 -3.780153648565198199e-01 1.164862500992524863e+00 -6.274145049695492027e-01 -1.071802246582634899e+00 3.330921287262307851e-01 1.462177932160977578e+00
-1.101743401336161832e-01 -1.115415314756444953e-01 8.048796831062368096e-01 -2.996557395741414331e-01 -1.351568142169109032e+00 1.579867104246572285e-01 1.637707202321582400e+00
-2.688029147635855876e-01 9.810418846598502676e-03 4.108535504894207935e-01 1.460560455432858562e-01 -1.380129371795805193e+00 -5.803876726145664605e-02 1.717869734724481345e+00
-4.866783726352982842e-01 7.136693683999151272e-02 -6.427592976119377022e-02 6.620859949821769064e-01 -1.146450248109501135e+00 -3.213627019922077332e-01 1.640096921705675337e+00
-7.839817399637194484e-01 1.412552164843815239e-01 -5.385446734908675426e-01 1.064522945545037791e+00 -7.675435723763088802e-01 -6.677741041650311349e-01 1.514207323704136909e+00
-1.142655987829990671e+00 2.534519951388926051e-01 -8.799975148528682567e-01 1.166188129718722211e+00 -4.261079905601248830e-01 -1.074737010049620523e+00 1.473128094411929823e+00
-1.483191434931694141e+00 4.095788912574150897e-01 -1.027025607657005457e+00 9.242713045828419016e-01 -2.526190843233353522e-01 -1.432252227284710022e+00 1.539852731238250394e+00
-1.709874469968462707e+00 5.624455104124702620e-01 -1.007768142058858452e+00 4.548720262410768100e-01 -2.551171793703676527e-01 -1.633104706147429086e+00 1.661482302779896170e+00
-1.771889103252590747e+00 6.281107022141491081e-01 -9.045156520378141440e-01 -7.645426345474319596e-02 -3.301815739154645435e-01 -1.651744152134672294e+00 1.782053118781062206e+00
-1.672128094831397016e+00 5.442889956604729518e-01 -7.839893373365026674e-01 -5.519051943739187172e-01 -3.498591969340007490e-01 -1.534497070228600490e+00 1.850606588422543330e+00
-1.423552450382421064e+00 3.166620445104681436e-01 -6.479961390185475789e-01 -8.922917911372505451e-01 -2.490180492250430866e-01 -1.347072983848224270e+00 1.799810550349901117e+00
-1.034877206366818347e+00 2.769403311659611802e-02 -4.824171805854000628e-01 -1.032573151582769633e+00 -3.815412676197703357e-02 -1.130548423029124505e+00 1.555366556323307226e+00
-5.351507072475314430e-01 -1.947248125629363891e-01 -3.174162423392224985e-01 -9.610192738158691572e-01 2.344253045879779729e-01 -9.009233638440530267e-01 1.076644238667541664e+00
2.142961924162048101e-02 -2.424315653307103635e-01 -2.275504610650832260e-01 -7.327478581778482658e-01 5.299930797626631884e-01 -6.579594106747148619e-01 3.593860343781000166e-01
5.597579622578399139e-01 -8.513672494491844600e-02 -2.893183274607418753e-01 -4.288513544187804727e-01 8.436566990480437456e-01 -3.711169704069670616e-01 -5.685134555253121835e-01
9.854966646000320463e-01 2.018772776003880387e-01 -4.980872626716109086e-01 -1.525693291408226349e-01 1.173292901758775875e+00 9.717385195976336112e-03 -1.586542716893049265e+00
1.221317795805697992e+00 4.682359572551751392e-01 -7.438538333815052361e-01 -2.015269293954121549e-02 1.478245803076120080e+00 5.132232438861072943e-01 -2.476907692880672140e+00
1.251455065220124396e+00 5.794871562786862995e-01 -9.174615135921311282e-01 -7.117297099272966443e-02 1.702478148453160589e+00 1.111186135687099119e+00 -3.045917092128078707e+00
1.115468527998221493e+00 4.858196259558112962e-01 -9.995172926490645260e-01 -2.345061576442543649e-01 1.824231859187133598e+00 1.697952650194106683e+00 -3.208195177041269996e+00
8.643806328802730032e-01 2.216518903686780784e-01 -1.018611688437790042e+00 -4.304805506876830390e-01 1.841634763469740754e+00 2.114608926529802702e+00 -2.949549662916145287e+00
5.402303666054953935e-01 -1.269890289552345619e-01 -9.819922183189341292e-01 -6.332698895670658690e-01 1.729244306445580914e+00 2.232547927045901659e+00 -2.291877507769995326e+00
2.045241944627562147e-01 -4.389738414393438704e-01 -8.913892691143813218e-01 -8.015592146252156214e-01 1.445559026847718531e+00 2.041997399302381666e+00 -1.356611605413947430e+00
-4.654666149941240338e-02 -5.784541005341541364e-01 -7.829574385600261976e-01 -8.367720219712673213e-01 9.733506613707438859e-01 1.647296689072863307e+00 -3.906290950056749423e-01
-1.215861074331943958e-01 -4.594496953707112863e-01 -7.185379119461450248e-01 -6.497000657015815639e-01 3.631803635811332032e-01 1.157611322053627489e+00 3.444683190932805728e-01
2.795933976297202556e-02 -1.040962676727093528e-01 -7.419652837478748486e-01 -2.325619450838968261e-01 -2.500813232934692154e-01 6.205343016495212805e-01 6.737515889533957081e-01
3.880555982411607596e-01 3.433931766935232610e-01 -7.881082609380426485e-01 3.042418428494292337e-01 -7.193965245277192944e-01 4.856419082359925143e-02 5.883674887406291631e-01
8.539644603293673475e-01 6.787898863244888892e-01 -6.752437008342991875e-01 7.568027343830833198e-01 -9.901258437078666041e-01 -5.558889763304600828e-01 3.111423763695612132e-01
1.243382182166301142e+00 7.987241534170327339e-01 -3.159303203487708878e-01 9.789711754352176110e-01 -1.095492040764596942e+00 -1.167882528685082466e+00 1.373636212513745514e-01
1.385081506104638871e+00 7.739183777330479463e-01 1.420799572104837205e-01 9.990607744712455274e-01 -1.068049734289652442e+00 -1.703840441687184404e+00 1.774122377381097126e-01
1.201591907540280779e+00 7.133830601187461928e-01 4.836098860551303336e-01 9.250219069475363876e-01 -9.105721958982337938e-01 -2.058658652962636726e+00 3.629229570381239389e-01
7.184024455550739319e-01 6.329126295509707179e-01 6.200829264371295890e-01 8.176638564937163123e-01 -6.307663213617319409e-01 -2.144704996890101079e+00 6.001835806906354875e-01
2.596871992975426438e-02 4.878574276843739010e-01 5.591438090041314091e-01 7.023626945592427173e-01 -2.509124874341961964e-01 -1.890845014811548763e+00 8.112847569191897756e-01
-7.574015099812148044e-01 2.604135375438645372e-01 3.006113066292486757e-01 6.182465128971531554e-01 2.079926598603752119e-01 -1.318229639872419146e+00 9.370088749674504447e-01
-1.479289493171526138e+00 -2.606861997898165043e-02 -1.385018551035593348e-01 5.943792418312111581e-01 7.174828755942770364e-01 -6.009969970353287172e-01 9.432534599425244082e-01
-1.945758341110841227e+00 -3.606059263641868129e-01 -6.117676300936353284e-01 5.742650629473762258e-01 1.213042786541715046e+00 6.659996714903702875e-02 8.034140301958822006e-01
-2.007582982379121805e+00 -7.772008672092005632e-01 -8.519142980618630290e-01 4.227027338235214149e-01 1.593207860913585128e+00 6.086588822539181765e-01 5.624893649231259563e-01
-1.658625503052497230e+00 -1.266740652466442185e+00 -6.959786436789129338e-01 7.226771447858930386e-02 1.758062447135320339e+00 9.928560211254109369e-01 3.695414136105202862e-01
-1.022376968935966524e+00 -1.662811864754959457e+00 -2.787169184335440142e-01 -3.879991236366707730e-01 1.656784321143663918e+00 1.109193927211846731e+00 3.408826659498506717e-01
-2.808835167052735060e-01 -1.724884790798228318e+00 8.991104455533756312e-02 -8.124088535505062936e-01 1.313536289054341166e+00 8.502353847575648826e-01 4.620994012794489292e-01
3.994895290800974941e-01 -1.336667624637665641e+00 1.805844388453204663e-01 -1.116744923122766409e+00 8.100372856730694293e-01 3.274222564754868947e-01 5.985491639798364849e-01
9.399140871721030077e-01 -5.974251329440887215e-01 -5.010584883320781668e-02 -1.287083651392617378e+00 2.522170555192565500e-01 -1.253695918366295459e-01 5.553387077820315376e-01
1.339114199880627964e+00 2.210041664914498827e-01 -4.858597175945822966e-01 -1.343949675809215094e+00 -2.334911330982075983e-01 -2.664015606898261224e-01 2.514548699067424842e-01
1.573603097349227653e+00 8.184882481417646849e-01 -9.577279676212349102e-01 -1.331572312374828648e+00 -5.082711269304249768e-01 -1.364314904789430960e-01 -1.688801853250645191e-01
1.561072918721081448e+00 1.018238999892634666e+00 -1.360888723550743418e+00 -1.288386323592480176e+00 -4.714393180036128284e-01 1.252424384917252276e-01 -4.852944106137043745e-01
1.256478795593860109e+00 8.004866704177725500e-01 -1.644185142332720728e+00 -1.174369362945469231e+00 -1.132993475358923391e-01 4.459590167544602579e-01 -5.919766434372277786e-01
7.395062369595662988e-01 2.552101420576504132e-01 -1.730758495734654900e+00 -9.036038852622270134e-01 4.656896399043571333e-01 7.626260126532834471e-01 -5.171945464102052359e-01
1.724490862826354443e-01 -4.453902499387035196e-01 -1.544823181348372598e+00 -4.706256175587837376e-01 1.086034694047769644e+00 9.938487658791311796e-01 -3.609484135934966087e-01
-2.854395859618689690e-01 -1.085732860465966620e+00 -1.104939088946651715e+00 2.722503453330115189e-02 1.575472421373408149e+00 1.085383672427873369e+00 -2.407386535876554212e-01
-5.180652349113694655e-01 -1.497108382281882255e+00 -5.383947891431197785e-01 4.630069059686296451e-01 1.857735181400987923e+00 9.945253972027466860e-01 -2.339064432240348934e-01
-4.889634693109717878e-01 -1.614253101526745615e+00 -1.672793187700228820e-02 7.533922316031949062e-01 1.970078329499667324e+00 6.707186507051281499e-01 -3.451302618388015775e-01
-2.607899468433214074e-01 -1.454643626600239825e+00 3.319059385291586728e-01 8.899744978353957281e-01 1.994455463407575291e+00 1.263564704463867316e-01 -5.412158172550801671e-01
4.201736145800253480e-02 -1.089547988953375679e+00 4.779768321826468602e-01 9.052561063094555216e-01 1.983347992169819163e+00 -5.055628725615537444e-01 -7.832643208688307990e-01
2.838572397688994831e-01 -6.234986145791460155e-01 4.591375951814692380e-01 8.359859560871222284e-01 1.946390882548925338e+00 -1.036450580862537496e+00 -1.003841421606453732e+00
3.606562918997191503e-01 -1.386613651807069303e-01 2.902156516665411190e-01 7.316021272927009100e-01 1.865739453171842088e+00 -1.329586705050381124e+00 -1.120960837600140536e+00
2.449216513388741689e-01 3.489724580813476917e-01 -7.539330980542018057e-02 6.531847274974863504e-01 1.706558181985961875e+00 -1.346826671795721575e+00 -1.105683503202416595e+00
1.067367669241947245e-02 8.450619162478487656e-01 -6.549375646043068544e-01 6.295511687164699888e-01 1.425303630310235325e+00 -1.121564741949382826e+00 -1.005601518476181955e+00
-1.997966573988419758e-01 1.299820733612551127e+00 -1.332923560478184388e+00 6.390182561440810316e-01 9.969111480096810585e-01 -7.119821704810601615e-01 -8.973969848464780075e-01
-2.735323296415712035e-01 1.622316383654493821e+00 -1.920465983566208124e+00 6.464239812071679303e-01 4.479453356778079209e-01 -2.023172115180866537e-01 -8.060013626328526026e-01
-2.041762490137219721e-01 1.785998116382022438e+00 -2.321312514254070258e+00 6.269126362653789641e-01 -1.526670188782439930e-01 2.670150077183723880e-01 -6.820506952938147904e-01
-5.383071295743060980e-02 1.859680582187765108e+00 -2.576853944556147358e+00 5.595858102655818511e-01 -7.275056563580369895e-01 5.276683677447644438e-01 -4.882588373399825432e-01
1.371842808822583970e-01 1.886297020094587218e+00 -2.710493686555888626e+00 4.259225094748507745e-01 -1.211041724617379911e+00 4.877643549861837569e-01 -2.599131718710737671e-01
3.521201083696257617e-01 1.798242942551958601e+00 -2.622162593099337968e+00 2.248627850618803437e-01 -1.557860820754655373e+00 2.104944134672656064e-01 -4.975599988977576910e-02
5.321938505753956994e-01 1.501904115281065932e+00 -2.212744822434971503e+00 -1.171809031624549205e-02 -1.744833021951511132e+00 -1.279857019463421786e-01 1.433255381679918727e-01
5.859821740473957208e-01 9.916373943009417768e-01 -1.535221415937209954e+00 -2.160251319011809168e-01 -1.762379485528623668e+00 -3.659576121311817754e-01 3.584232061099801858e-01
4.823976362228326598e-01 3.592514763354942575e-01 -7.769693425951001986e-01 -2.898309411766695209e-01 -1.598686729493728143e+00 -4.484913580603343553e-01 5.896912166290598778e-01
2.879153869726078230e-01 -2.758509550531974552e-01 -1.077860518158045705e-01 -1.506755099264461273e-01 -1.258493647217868938e+00 -4.091810796392651439e-01 7.690446325160765761e-01
9.477321637140583011e-02 -8.218762744979026813e-01 4.306963153982391046e-01 2.027528676497578897e-01 -8.054093457554974966e-01 -2.883062310698753516e-01 8.434450123331175275e-01
-5.778421360363947268e-02 -1.205968497612379675e+00 8.664733893207863247e-01 6.948159065995848094e-01 -3.523791179908814519e-01 -1.003919138415847595e-01 8.233561208871014170e-01
-1.833002999362372820e-01 -1.350152359218464770e+00 1.190238209304871120e+00 1.229854051816659855e+00 -8.518607079721835992e-03 1.194480612373671619e-01 7.594883312022877586e-01
-2.895747409774028225e-01 -1.191979248619652099e+00 1.359384390326884517e+00 1.726975358695938212e+00 1.515848853317189326e-01 2.884917768796436688e-01 6.888700010130198725e-01
-3.477650860656597009e-01 -7.376205479562624179e-01 1.370777868107780684e+00 2.123964962780295007e+00 9.491143780073037217e-02 3.385420964224642448e-01 6.005328935562628256e-01
-3.397520049157711219e-01 -9.215207907962696954e-02 1.285074067380836516e+00 2.364803994505142004e+00 -1.567275243030363807e-01 2.771201571507930228e-01 4.830784344742655168e-01
-3.000571970534227084e-01 5.693835185919909891e-01 1.177589903409064664e+00 2.400680159990488782e+00 -5.269728958909809524e-01 1.522347426740386089e-01 3.958403209023604874e-01
-2.744882969788587368e-01 1.096938492018150635e+00 1.056644864655824634e+00 2.238997399508835695e+00 -9.197289559394351555e-01 -1.815545323667000152e-02 4.215245943849717514e-01
-2.677570120367620543e-01 1.442499159840400225e+00 8.473229085343337852e-01 1.961262404902175183e+00 -1.257997103499724600e+00 -2.566948011206590108e-01 5.630726801282199823e-01
-2.421073867715811678e-01 1.610867801345507777e+00 5.128946769591706811e-01 1.646935828713403938e+00 -1.501668345783335745e+00 -5.518929107541995505e-01 7.382708783866471780e-01
-1.423338112900233432e-01 1.578372363472434925e+00 1.428602962534963605e-01 1.322588326886796839e+00 -1.643691426222963159e+00 -7.771653884428117998e-01 8.314602832899162799e-01
5.605567261017977559e-02 1.318002047699704748e+00 -1.480873189472591556e-01 9.935623607017964876e-01 -1.688510910750527838e+00 -7.598676391914559458e-01 7.613584896745050346e-01
3.067137390251348239e-01 8.590828018133666033e-01 -3.326585647645044497e-01 6.674518860851152979e-01 -1.636054472611343513e+00 -4.595998093184655020e-01 5.658343407786748935e-01
5.215852072932919414e-01 2.872315907077260810e-01 -4.364636211056724946e-01 3.462583323939396052e-01 -1.495297483294405039e+00 -1.326297305337421385e-02 3.890176686657987881e-01
6.387773617215770638e-01 -2.892360019522866588e-01 -4.641289144105466558e-01 2.691015432518176903e-02 -1.304212748068181549e+00 4.025972742661554360e-01 3.512046152454359471e-01
6.553400146524994696e-01 -7.685228037166056403e-01 -3.997748977616219501e-01 -2.823000104958378609e-01 -1.118241651331063125e+00 6.962807824746658492e-01 4.574346740970811065e-01
6.016679913197007235e-01 -1.077831852616986330e+00 -2.459995103077868006e-01 -5.422261806944282947e-01 -9.804951244714734671e-01 8.417736354039807578e-01 6.464943040576345279e-01
4.998925164065383120e-01 -1.192007560443773873e+00 -3.264041398089319312e-02 -6.813324660236739216e-01 -9.046698151906821250e-01 8.085476890398550776e-01 8.851529263853028517e-01
3.599197821738066572e-01 -1.132455842173374139e+00 2.086584301855289036e-01 -6.285032401384739176e-01 -8.792653053531024332e-01 5.802835794820465631e-01 1.163663009902560219e+00
2.055604044093297944e-01 -9.423620689768157366e-01 4.666154987643356677e-01 -3.604325950052832961e-01 -8.843940685118605316e-01 2.246817760912875606e-01 1.423373588248303845e+00
7.885529650069940388e-02 -6.625014546103901170e-01 7.303223608340574380e-01 8.356469479587923244e-02 -8.967064132991449110e-01 -1.117169597079405441e-01 1.546242464040984421e+00
8.318683641264101609e-04 -3.200105025620393340e-01 9.384374963507954304e-01 6.225066183868489533e-01 -8.742710725931739368e-01 -3.067472759679979455e-01 1.439626325078241953e+00
-4.994066921183008129e-02 8.067597445104959797e-02 9.771820367197896484e-01 1.157562628313941078e+00 -7.636940065652967347e-01 -3.490178015412409018e-01 1.097942185494554801e+00
-9.603527368311177981e-02 5.535499622419884913e-01 7.729349052628070593e-01 1.598351329812387478e+00 -5.598976553715705462e-01 -2.918870867349662723e-01 5.609724420473493067e-01
-1.276587253726468030e-01 1.071432699507789854e+00 3.915546142643884786e-01 1.881563772002787127e+00 -3.374119284884605774e-01 -1.513463187393512543e-01 -1.118972739757022467e-01
-1.372757370127699883e-01 1.504691395682061339e+00 1.022263063885416913e-02 1.969165716351769735e+00 -1.835159028168674711e-01 9.242729594251621050e-02 -7.763066990296519920e-01
-1.568968305990038337e-01 1.681268108742819845e+00 -2.233417849681197387e-01 1.857226609628143787e+00 -1.221497378065623945e-01 4.032939397334140974e-01 -1.196934723989035998e+00
-2.273681907846705486e-01 1.519103506127493564e+00 -2.901798610012821800e-01 1.581101684149588404e+00 -1.140757104075981465e-01 6.622844640835234831e-01 -1.197845969053993986e+00
-3.551596703882385908e-01 1.073033493534825578e+00 -2.716816388554706974e-01 1.185484989009324197e+00 -1.012620084039206753e-01 7.680307294650756678e-01 -8.016977016676736234e-01
-5.250263765139840944e-01 4.848178505898799173e-01 -2.619292086265680997e-01 7.056943748713834230e-01 -4.785157272334246426e-02 7.240954312613580024e-01 -1.863318450881515931e-01
-7.177462811120769448e-01 -8.839633710895761221e-02 -3.129211018635872366e-01 1.823096482306294508e-01 4.424176074534677539e-02 5.974495375460311397e-01 4.539748956858813966e-01
-8.919681539596475695e-01 -5.339915339178414877e-01 -4.334942392219757190e-01 -3.247161736269407739e-01 1.588769655122100333e-01 4.381190967952783288e-01 9.742764155617823496e-01
-9.966362687102221507e-01 -7.915789036930296341e-01 -6.291979363093753719e-01 -7.365937095651730049e-01 3.020242812347385675e-01 2.569699644347350764e-01 1.268000371415148209e+00
-1.009909587361677685e+00 -8.264053385974153842e-01 -9.068567157979803284e-01 -9.878157698509736351e-01 4.916552663372004695e-01 5.342094789940086963e-02 1.263060701223973625e+00
-9.305083736791418536e-01 -6.444817229380391810e-01 -1.205919701923719112e+00 -1.072401851530173866e+00 7.061686520373930964e-01 -1.535227372836651394e-01 9.574498275406272407e-01
-7.498561010869679855e-01 -3.199683749496818885e-01 -1.376779337622203281e+00 -1.036229573364899181e+00 8.709209402157873647e-01 -3.300154911520925549e-01 4.472595532660685325e-01
-4.598859629432919260e-01 2.404350163750240688e-02 -1.263977742275002258e+00 -9.204862985967261491e-01 9.106468703970675982e-01 -4.476099815433584594e-01 -1.131898744641172960e-01
-8.154024767075876423e-02 2.724655787177325816e-01 -8.117513981599171480e-01 -7.269048921681146025e-01 8.052125304579837994e-01 -4.951525966299471504e-01 -5.948660066868297625e-01
3.284777992095449517e-01 3.703531558954400449e-01 -9.812554925208384626e-02 -4.345760792736946820e-01 5.965813467213917365e-01 -4.827370082859486766e-01 -9.470897286119664971e-01
6.996605838969137681e-01 3.162332244639337597e-01 7.480055655303879947e-01 -4.574030775583605435e-02 3.512866268657856561e-01 -4.271040588618650879e-01 -1.169365597991866013e+00
9.816286231817594743e-01 1.247272497415023995e-01 1.641840456860339303e+00 3.873669456725877258e-01 1.097460456607400880e-01 -3.258657537756634026e-01 -1.263500596503981610e+00
1.165609977494834526e+00 -1.572373910711783729e-01 2.504823834601034083e+00 7.862753536510075358e-01 -1.322523568140361316e-01 -1.639203378547555712e-01 -1.248913011325847533e+00
1.252917148397074465e+00 -4.153200303462949994e-01 3.170677690199096510e+00 1.097721214883310648e+00 -3.821368899843243794e-01 3.019085095422942636e-02 -1.165663452577505144e+00
1.217995947501665510e+00 -5.228538775036831732e-01 3.433008045116066942e+00 1.310720316176023026e+00 -5.992364481893649453e-01 1.735282716757822474e-01 -1.035125450952623982e+00
1.043567010913001525e+00 -4.454425240686873400e-01 3.214893306366575221e+00 1.425807171006113316e+00 -7.187250818409126607e-01 2.131249977107506355e-01 -8.630155093284306300e-01
7.654031750156837788e-01 -2.581535683890368027e-01 2.632773357014486226e+00 1.440892767664556651e+00 -7.148086235600485949e-01 1.823418818378416406e-01 -6.671125488516363999e-01
4.534759430127768276e-01 -6.545432530239327085e-02 1.880244660022961645e+00 1.361405599881835959e+00 -6.057580026426591102e-01 1.482044380664971350e-01 -4.766380490996641184e-01
1.749462423794826693e-01 8.257134274515434691e-02 1.091425032799658412e+00 1.197820139351024604e+00 -4.190906502547007140e-01 1.245194944959759076e-01 -3.275662352314949177e-01
-2.325547584419276545e-02 1.958823576210414474e-01 3.292375141522302373e-01 9.768984971339796930e-01 -1.726623980318085505e-01 7.445663659507803511e-02 -2.644979032079402548e-01
-1.287909389057175225e-01 2.780073239776015837e-01 -3.266656502538163864e-01 7.487437476273171022e-01 1.163867641606829706e-01 -2.220488255209626498e-03 -3.123834943603479575e-01
-1.642183855772925971e-01 2.992427030302614588e-01 -7.514642918136333893e-01 5.468019511700207280e-01 4.053404920835124159e-01 -4.871194505294142163e-02 -4.359352060750726343e-01
-1.485708030111392852e-01 2.535260908746069242e-01 -8.681838900789586866e-01 3.610806221717978159e-01 6.188981984272398096e-01 -2.912114997540416611e-02 -5.649304309347923381e-01
-5.817933935354906161e-02 1.806731236456353418e-01 -7.154317495506261615e-01 1.644505325015886144e-01 6.921922737953090099e-01 2.660667049678113252e-02 -6.639063111378996629e-01
1.398628183307161765e-01 9.319810056802008136e-02 -3.877415696952969948e-01 -6.439556970652993151e-02 6.375124533832129403e-01 6.414397146262461324e-02 -7.332788217307036893e-01
4.157561501015747396e-01 -6.246383346688842014e-02 4.326141288415954328e-02 -3.401080594010911229e-01 5.446674518875290749e-01 6.795554636514011815e-02 -7.584276307809865170e-01
6.824678806985878809e-01 -3.423000268787620981e-01 5.248489699029963429e-01 -6.600820459020821929e-01 4.993047734861650877e-01 7.820665168677223833e-02 -7.135861876171819551e-01
8.655493003109632211e-01 -7.419882520172328411e-01 9.841643300606511824e-01 -9.982843825532352611e-01 5.298225958231697064e-01 1.409745386742111417e-01 -5.974673926068742036e-01
9.312180220502404016e-01 -1.184627741365598119e+00 1.309481045609903083e+00 -1.313523070399376769e+00 6.301177534555789661e-01 2.472307303604657225e-01 -4.389153981642900937e-01
8.705909261020509105e-01 -1.548564359116852085e+00 1.383433264044065414e+00 -1.551866620776602312e+00 7.932554594888484578e-01 3.479848487059837292e-01 -2.953006681912311859e-01
6.831618428808460264e-01 -1.733852783995496250e+00 1.168451150308349451e+00 -1.660155686736012992e+00 1.009317419895386481e+00 4.199037152796933903e-01 -2.299541136350899684e-01
3.723520302827123540e-01 -1.704295951730893766e+00 7.441615149782219163e-01 -1.615936571563046265e+00 1.240353647335932452e+00 4.826726313873788143e-01 -2.662404698923105939e-01
-2.699599946446597926e-02 -1.472513840531755491e+00 2.466360691646245218e-01 -1.432280193658416412e+00 1.417103323339957255e+00 5.600196244250600364e-01 -3.946405363217512785e-01
-4.308611534515634500e-01 -1.081910264544757139e+00 -2.002549464510271493e-01 -1.128194295172691985e+00 1.476113721342456220e+00 6.313910458537864701e-01 -6.014365610394001305e-01
-7.483309971396657767e-01 -6.335143188910847822e-01 -4.729426097333662149e-01 -7.231607633158245729e-01 1.395132709598352561e+00 6.336878599138848767e-01 -8.256342301056668331e-01
-9.298158978869691671e-01 -3.105501809913559508e-01 -4.159596535221584679e-01 -2.760628806629968346e-01 1.192824407916395879e+00 5.312221704620914142e-01 -9.186742930994968859e-01
-9.685257437275444081e-01 -2.816078645175524309e-01 7.991175221220614411e-02 9.375800044097912234e-02 9.029722979921805948e-01 3.399429198119047757e-01 -7.219737893446083188e-01
-8.792238282717240727e-01 -5.371637950900846059e-01 9.293261417466126550e-01 2.352012509965299425e-01 5.546956020528368558e-01 1.004363899461959142e-01 -2.172259224605462835e-01
-6.859961559549980770e-01 -8.498479215353150762e-01 1.785617070989481636e+00 6.034366480008397648e-02 1.836836281273050708e-01 -9.042564927612763148e-02 3.795823446612601182e-01
-4.140305198474317216e-01 -9.223104652984092100e-01 2.191843467953947133e+00 -3.466444911706477172e-01 -1.599266310148980408e-01 -1.009499516704755739e-01 7.237210534701746800e-01
-7.656603358172306417e-02 -6.339831587366068222e-01 1.927990558045775682e+00 -7.858958616993017010e-01 -4.329393534557728351e-01 1.160113139819569789e-01 6.126050206482936966e-01
3.155171249208206241e-01 -1.339463228411041096e-01 1.162989228216531279e+00 -1.117745944184650231e+00 -6.079247285995457162e-01 4.841927539292060212e-01 1.230016005611801605e-01
7.349623917057216405e-01 3.473570558090358640e-01 2.140943406453206521e-01 -1.304836207125553038e+00 -6.753527753839491110e-01 8.561976544447043036e-01 -5.168491937776696910e-01
1.163097273204443338e+00 6.891607352036084322e-01 -6.814773345020601614e-01 -1.347145689534882562e+00 -6.632529943067047018e-01 1.079088604745558344e+00 -1.115076574464291204e+00
1.604382344817002481e+00 8.554404847048150407e-01 -1.341317218881074025e+00 -1.279942288942766959e+00 -6.217281980123656737e-01 1.064338957426838705e+00 -1.568649106522508330e+00
2.040168252777851965e+00 8.189655595361780005e-01 -1.605126695154973637e+00 -1.177763440877443779e+00 -5.739422105157738763e-01 8.435883326059021581e-01 -1.835236282114385498e+00
2.402796628825541791e+00 5.723273074094840096e-01 -1.413499886305342068e+00 -1.089651204289665998e+00 -5.088758833709324803e-01 5.799417087174210117e-01 -1.933231951690439709e+00
2.601456726553597942e+00 1.539902392951959798e-01 -8.526004786991725481e-01 -1.005751782550689866e+00 -4.161551770921568250e-01 4.747947359203207318e-01 -1.906513069512833392e+00
2.556778222733310457e+00 -3.475470766825615732e-01 -1.017571464728637132e-01 -8.945296779571444423e-01 -3.136980048597614035e-01 6.073653112445080993e-01 -1.753909077406139883e+00
2.239241096068509851e+00 -8.254267171868826525e-01 6.789628320092214731e-01 -7.236578543227133453e-01 -2.422061121537020800e-01 8.942768609676762237e-01 -1.439432696085690244e+00
1.693318996430571266e+00 -1.204612701303424460e+00 1.419171107950522481e+00 -4.615462024333037427e-01 -2.392826990604090265e-01 1.201360023033346769e+00 -9.643363851739409354e-01
1.022943980593414404e+00 -1.433090171496562037e+00 2.085214610157244852e+00 -1.103425914521329598e-01 -3.319358542043697180e-01 1.435331257775454006e+00 -4.030226946810968602e-01
3.528531125024952364e-01 -1.454502904513629291e+00 2.604211564228984699e+00 2.820788735882991394e-01 -5.320204104890772223e-01 1.546935972322418085e+00 1.222871914717729019e-01
-2.056409118090197219e-01 -1.227236895535733341e+00 2.860037945555375494e+00 6.761668212380995691e-01 -8.058898643178128429e-01 1.501362352481788731e+00 4.866709503456250752e-01
-5.706754838273471186e-01 -7.672771038798128496e-01 2.761724713485616434e+00 1.065506770816388338e+00 -1.068579196602576609e+00 1.277076339120830184e+00 6.005089943445165446e-01
-7.053563319799387443e-01 -1.650180877891015974e-01 2.327059683123950951e+00 1.417998258114544941e+00 -1.239555564376144892e+00 9.116182274713355849e-01 4.407001764951469225e-01
-6.300766900524326086e-01 4.562907255110768556e-01 1.669569636589063322e+00 1.644939034509463660e+00 -1.294662160463866840e+00 5.094205478171013324e-01 5.764541711464163387e-02
-4.121532708181433469e-01 9.913567002089292979e-01 9.125399977266136498e-01 1.666499239549866340e+00 -1.252034847588957334e+00 1.677168012782400408e-01 -4.389841034009267506e-01
-1.435654622341702713e-01 1.370622771994403744e+00 1.466438272990790437e-01 1.480055460363390640e+00 -1.132808346992274506e+00 -9.075278867345716594e-02 -9.030462975058952679e-01
8.949529014235368951e-02 1.563725782908342854e+00 -5.469555652672263291e-01 1.140053597572612043e+00 -9.554165215930687793e-01 -2.984809839919914110e-01 -1.202987788176172135e+00
2.294248949843261942e-01 1.577751187094908802e+00 -1.073158755878888426e+00 6.988376280049651834e-01 -7.478505017069559946e-01 -4.570481731572310080e-01 -1.284540215445280742e+00
2.464551152501336662e-01 1.447067997402636808e+00 -1.354121935426259249e+00 1.894031470865999434e-01 -5.396450226656871463e-01 -5.072881474478588837e-01 -1.178196157633827790e+00
1.467299048231143210e-01 1.206749183800484460e+00 -1.369231633402622883e+00 -3.707775924968007009e-01 -3.429040874474090228e-01 -4.162823847927534793e-01 -9.440154744237870821e-01
-2.806301194535383917e-02 8.824750384270452219e-01 -1.162007513856001983e+00 -9.748577210058381182e-01 -1.535890908125752963e-01 -2.425739416887902344e-01 -6.252316586288280131e-01
-2.446748839756821836e-01 5.218542781828913180e-01 -8.296074930092590671e-01 -1.602882897129582318e+00 2.736294137851397884e-02 -8.071230585976076066e-02 -2.466875944456761172e-01
-5.037725233393952617e-01 1.984695159066667547e-01 -4.864117403780521265e-01 -2.207036241898926665e+00 1.854195606414021091e-01 4.607827949508832774e-03 1.736063345551324966e-01
-8.085996038486488180e-01 -2.078770180797452974e-02 -2.323261348240268087e-01 -2.715402223764309841e+00 3.077437268930865444e-01 -2.508318639773986572e-02 6.058093684042862304e-01
-1.135808551693738844e+00 -8.112632280974514665e-02 -1.572522106424394384e-01 -3.029234944291849807e+00 3.977387975474864779e-01 -1.877701076209124242e-01 9.775664329828763766e-01
-1.455645374099673095e+00 5.199508915068416087e-02 -3.233420915124998740e-01 -3.037292637108753635e+00 4.789764040043940629e-01 -4.617572353678088826e-01 1.192759317238307748e+00
-1.757928941652710186e+00 3.497299334027464957e-01 -6.982771254972867103e-01 -2.682934003013615953e+00 5.852038676706271536e-01 -7.829092070505276890e-01 1.202670061190897588e+00
-2.031918808170875224e+00 7.142207291290140203e-01 -1.135601727034452946e+00 -2.027581146135565504e+00 7.314001652699558820e-01 -1.068958886684043152e+00 1.031142392789155204e+00
-2.251173869838897890e+00 1.043898621911184987e+00 -1.467612338217743506e+00 -1.223311075264149617e+00 8.975239108714474501e-01 -1.253695477396616020e+00 7.419189293681230923e-01
-2.391096386318686484e+00 1.281405440950384556e+00 -1.605644979540944872e+00 -4.300378465097129954e-01 1.049325036344033180e+00 -1.305994583007565213e+00 4.065813448239971040e-01
-2.436249768946225469e+00 1.402740495401404885e+00 -1.554609287004252272e+00 2.353179538727799003e-01 1.167356368910859477e+00 -1.226677687106076942e+00 8.334119790062716193e-02
-2.385780735161258548e+00 1.401761654850776084e+00 -1.375964301988555016e+00 7.025329329249232480e-01 1.247349986637265706e+00 -1.032293073821100915e+00 -1.848072617056740752e-01
-2.259411336589044250e+00 1.278876956869785531e+00 -1.132419721450690586e+00 9.295854790561892678e-01 1.278408154682700859e+00 -7.369319586221114715e-01 -3.519365769691497614e-01
-2.076423416084485662e+00 1.036958734489776379e+00 -8.502741576811763125e-01 9.008932577861425983e-01 1.231864046482157526e+00 -3.658957190867699327e-01 -3.732186014987138312e-01
-1.822232092437826578e+00 7.070859841935673851e-01 -5.433607611639985624e-01 6.548638968084251610e-01 1.073562026296791538e+00 1.107719933794903792e-02 -2.526939120892782165e-01
-1.449187139681710645e+00 3.563970752276651166e-01 -2.507180662604156507e-01 2.848823934548259662e-01 7.863877471445442913e-01 3.036952901026800378e-01 -7.055110246796761353e-02
-9.282293212833041540e-01 4.967312660952698244e-02 -2.091047565559445848e-02 -1.086595033038940394e-01 3.833738878564772468e-01 4.734249523235796731e-01 7.169079362779598452e-02
-2.964754361365578017e-01 -1.748795652264064082e-01 1.103620987123447583e-01 -4.461353462689975902e-01 -9.077152461282439466e-02 5.590832921871692340e-01 1.154974591197693162e-01
3.435913606556095234e-01 -2.890564016241476963e-01 1.015308772944019250e-01 -6.625563620100761719e-01 -5.668915740869697739e-01 6.246732882904035833e-01 5.340605731577859755e-02
8.741113366609060131e-01 -2.771495626384650746e-01 -8.183188646370667674e-02 -7.271536257229718192e-01 -9.746337627536669768e-01 7.045355679929014014e-01 -8.859339117995415624e-02
1.232203703309465714e+00 -1.737164212197332691e-01 -4.004264780002870228e-01 -6.592074880043659046e-01 -1.265108109098166400e+00 8.148967337386509024e-01 -2.793191440939719050e-01
1.419403309088850929e+00 -5.463807840301934671e-02 -7.316401429987269278e-01 -5.001272488545926986e-01 -1.420433126948984048e+00 9.695302966664463007e-01 -4.837875735834807900e-01
1.455810929778551976e+00 2.790581270121767279e-02 -9.406016771617886629e-01 -2.929326079352807533e-01 -1.462972411826839458e+00 1.138694328787670074e+00 -6.337324349372799315e-01
1.362029500217659894e+00 8.765932252739669361e-02 -9.602533265667410056e-01 -6.711335228575222855e-02 -1.444247045902796955e+00 1.226894470098624845e+00 -6.578281529030512997e-01
1.162096996628424472e+00 1.884868451640437093e-01 -8.279067197618209528e-01 1.751859111192800855e-01 -1.402479016526259503e+00 1.127545585680670204e+00 -5.511850208847038912e-01
8.880126637655779698e-01 3.720438574146770483e-01 -6.224553911469401513e-01 4.160607609750696101e-01 -1.339140315842278106e+00 8.153870170484974755e-01 -3.810595487447783203e-01
5.789905464067959251e-01 5.969155618069448277e-01 -3.703466257555064201e-01 5.876936354793860229e-01 -1.238137457604425951e+00 3.997951480492081822e-01 -2.336137661070552263e-01
2.557025642868831494e-01 7.632763029696564283e-01 -5.939929552942019297e-02 6.118257636332298244e-01 -1.088498869972949645e+00 6.380143405786789512e-02 -1.494638109302478812e-01
-7.905159736489034139e-02 7.774924324870016168e-01 2.887311799577265692e-01 4.397043248438903262e-01 -8.844443295420889584e-01 -8.030073970879712808e-02 -9.643556538901104647e-02
-3.998550039836090697e-01 5.969857257126920391e-01 6.134878643745981242e-01 7.382990884455749303e-02 -6.213864917064862992e-01 -5.344429036815885603e-02 -2.432912443367272678e-02
-6.590528425822516079e-01 2.441331264848450033e-01 8.729460195308315074e-01 -4.229379163373244710e-01 -3.061381551056109318e-01 7.820692338073416405e-02 7.126776132084162996e-02
-8.278808285882125473e-01 -2.104912836150703015e-01 1.070455438571249029e+00 -9.610840974139007731e-01 3.228166601276231951e-02 2.870098586624740267e-01 1.706663293831288397e-01
-9.010567065675063603e-01 -6.752934225767651677e-01 1.212080763907130043e+00 -1.450927689384715169e+00 3.469115577549134466e-01 5.589766285670292323e-01 2.754019432014078728e-01
-8.760413566300958577e-01 -1.062221743507314464e+00 1.243175567241417090e+00 -1.794889927418603648e+00 6.020957995516520445e-01 8.555833934794311313e-01 3.927815512244210994e-01
-7.681000189479040285e-01 -1.304669475360224817e+00 1.039390461295304879e+00 -1.908923863152433453e+00 8.122391381838768298e-01 1.121653800501582143e+00 4.998903743709432468e-01
-6.190410792513131311e-01 -1.371090095969947242e+00 5.280744090837909965e-01 -1.768664493453176112e+00 1.021108871011644048e+00 1.287001196440901163e+00 5.514121097034810903e-01
-4.618034421203059403e-01 -1.262085829307242779e+00 -1.855914503297985130e-01 -1.406367391244566001e+00 1.227852740069647952e+00 1.275097804038052285e+00 5.077485456931204455e-01
-3.052569483571222486e-01 -9.907451023431491643e-01 -8.815079913727507099e-01 -8.811749643401644017e-01 1.365071800336555619e+00 1.053647054725294518e+00 3.531743121337631020e-01
-1.466091021482309187e-01 -5.915307303760867219e-01 -1.354983367587057508e+00 -2.864770527237945896e-01 1.344174902709236008e+00 6.551288986252670199e-01 1.224945306433472270e-01
3.235675279851265435e-02 -1.210195920621735116e-01 -1.495282534318812528e+00 2.605635380097343634e-01 1.103137900035405350e+00 1.271987236547401923e-01 -1.098202730152773726e-01
2.586962723910671835e-01 3.864817465982938183e-01 -1.345095770149146830e+00 6.869011105791704708e-01 6.397962266204645365e-01 -5.058787997594457186e-01 -2.952243436770575769e-01
5.322076793235043235e-01 9.133173413080146741e-01 -1.053962919212909854e+00 9.991939503585736126e-01 3.026485071568939256e-02 -1.204680602428555458e+00 -4.348335806131426451e-01
8.112251324011623410e-01 1.398070283413311854e+00 -7.430503451505785506e-01 1.239824456594135427e+00 -5.917272838944669378e-01 -1.859361737229353162e+00 -5.458616854132061214e-01
1.034758858761890998e+00 1.729235672738605567e+00 -4.493201591894445679e-01 1.430942170229053234e+00 -1.089584713138767036e+00 -2.317329428570587435e+00 -6.198687545133210186e-01
1.145309944845186667e+00 1.806592283205853189e+00 -1.719642933982599431e-01 1.564386379840272179e+00 -1.367390114747428331e+00 -2.482379400722237506e+00 -6.008762766956431411e-01
1.116910995040798493e+00 1.611197433229635045e+00 5.880892807048169330e-02 1.631242146635464296e+00 -1.380819690675692213e+00 -2.384392048963281940e+00 -4.361884937682447005e-01
9.798613937691003084e-01 1.211343588736561339e+00 1.808336772216896926e-01 1.645298017581104943e+00 -1.135234920359169619e+00 -2.143340107958169316e+00 -1.464565134845064731e-01
7.973044072003336868e-01 7.003515574225296358e-01 1.695505203855385556e-01 1.628948468437299235e+00 -6.854959301948033712e-01 -1.870001024728049188e+00 1.964406093227584471e-01
