5.859777882056746989e-01 -1.622199688559795128e+00 1.168919590284069443e+00 -1.688580019258305143e+00 5.965170017944575881e-02 -1.505861937456751953e-01 1.570487458882454182e-02
2.716246619969495679e-01 -1.620461069224027995e+00 1.172469803138857625e+00 -1.607032917405951000e+00 1.007056326688382103e-01 -1.379480548934535200e-01 3.307328266946362727e-01
-8.913815437638529515e-02 -1.253241080238014282e+00 9.315454495306456639e-01 -1.324139989343428248e+00 6.812651631681169995e-02 -9.607891803478538217e-02 5.249286221696676247e-01
-4.570322227611514632e-01 -5.571165658731436210e-01 4.270104600803394379e-01 -7.782141882595594584e-01 -5.436979337690010794e-02 -2.857934207214148439e-02 5.789798188188856054e-01
-7.769219204972467319e-01 2.813146748888392668e-01 -2.382306259706550577e-01 2.527388982537444664e-02 -2.426574551687915859e-01 1.013646938962852045e-01 5.196282953766884205e-01
-9.878589596775957382e-01 1.011495662720021560e+00 -8.680401869213975052e-01 9.338656421056243939e-01 -4.364186672546593870e-01 3.208759013883444311e-01 4.074036206799623305e-01
-1.043361460890241288e+00 1.450140640478142506e+00 -1.284554566090085004e+00 1.689280378539484317e+00 -5.724023386808427816e-01 5.826401987137607152e-01 2.999675773712199844e-01
-9.197639292951977907e-01 1.536302473903391475e+00 -1.404160714985878800e+00 2.081153106187544122e+00 -6.223093835216036984e-01 7.932697274750156735e-01 2.168110769489565437e-01
-6.237863631336454384e-01 1.315900597742593048e+00 -1.247015062205596658e+00 2.061541981618017161e+00 -6.014320886850655912e-01 8.872851067419279536e-01 1.378646729152339934e-01
-2.115285249993159866e-01 9.172022547402866044e-01 -9.136080534828611155e-01 1.713330855164043598e+00 -5.427183243479641872e-01 8.346138141801862087e-01 3.919811589504957478e-02
2.315520535386477452e-01 5.033950011399626057e-01 -5.311480011312109673e-01 1.131973625183631427e+00 -4.812468168362623033e-01 5.860546832412285578e-01 -7.462325760882189407e-02
6.413562987728582687e-01 2.052911683941543719e-01 -1.993674522321873255e-01 4.051605160717536291e-01 -4.565350110041831444e-01 8.935898112193703391e-02 -1.909126640845558165e-01
9.806548548366720297e-01 7.170425832609887695e-02 3.585570710852367671e-02 -3.196849948643293304e-01 -4.834888113515147245e-01 -5.934315782845930309e-01 -3.246116297597302913e-01
1.210113387204033275e+00 5.532829445729829654e-02 1.910559705541491904e-01 -8.733069976682127367e-01 -5.134370254637916631e-01 -1.258795765256833121e+00 -4.930403969192021507e-01
1.293250414084657240e+00 6.572187957917569046e-02 3.159964251290467985e-01 -1.168111725042697335e+00 -4.701465148089051249e-01 -1.727948690466471149e+00 -6.688071179545399536e-01
1.229215087184381439e+00 4.587715896170128926e-02 4.393830494054403180e-01 -1.212486073250202967e+00 -3.292901479671823672e-01 -1.973286179993545941e+00 -7.925595871944663973e-01
1.053777577935967047e+00 -3.586178458998881546e-02 5.659784644733565351e-01 -1.080677362242815187e+00 -1.166116002453523731e-01 -2.013474052217185672e+00 -8.215712544526857508e-01
8.057923753361593278e-01 -2.335645371140919468e-01 7.116378995203007651e-01 -9.041097389222377823e-01 1.665050294401854702e-01 -1.787394764050609819e+00 -7.501336775831277670e-01
5.109721582396912209e-01 -5.838444632215986640e-01 8.893728060323360385e-01 -8.257099244013015316e-01 5.468812781065960360e-01 -1.237016955693351239e+00 -5.978351713572039872e-01
1.954213587896674043e-01 -1.031653284725058128e+00 1.068945300004151777e+00 -9.022749582730646978e-01 9.955812550317827414e-01 -4.390186194179243606e-01 -3.984045673506705909e-01
-1.068115984353412568e-01 -1.450148247450535388e+00 1.189658395766569399e+00 -1.060206215225426352e+00 1.405104161958677933e+00 4.396729330548136416e-01 -1.992303615043607701e-01
-3.643132117882615373e-01 -1.719180086214079806e+00 1.202635258172584098e+00 -1.173996243874739775e+00 1.667010938533098008e+00 1.250954112456712730e+00 -4.576508461961636964e-02
-5.569253362416072273e-01 -1.758977355197831827e+00 1.081862161992301674e+00 -1.164494206937697562e+00 1.722309834307272247e+00 1.866290936733570938e+00 5.124063762399416050e-02
-6.706352155750925359e-01 -1.530759222501183681e+00 8.208045826352441399e-01 -9.947058036977299844e-01 1.543105732727757085e+00 2.160439358236872831e+00 1.142833213486743743e-01
-6.923899167738163385e-01 -1.060254306935070057e+00 4.470352160359343796e-01 -6.360200840417088441e-01 1.133842777318384565e+00 2.076800444318350980e+00 1.652282134322213547e-01
-6.199081869353411101e-01 -4.557230105711593260e-01 3.429634400745672912e-02 -1.105415816145301627e-01 5.613608599787528464e-01 1.661193934528458316e+00 2.275748125636421482e-01
-4.602500651507243634e-01 1.305802621779705297e-01 -3.221823891348775670e-01 4.594398354107149807e-01 -5.763517167077060466e-02 9.919335358790248858e-01 3.341361564538041229e-01
-2.118055316633569163e-01 5.653041945479234665e-01 -5.501847603783578400e-01 8.966965459529798732e-01 -6.000107439078805616e-01 1.410706145717784132e-01 4.807648773200572934e-01
1.182747557840946040e-01 7.501251866281833935e-01 -6.064479576781816039e-01 1.066060170995457801e+00 -9.516957470332744196e-01 -7.597822845144543980e-01 6.154723146991731841e-01
4.745894462702416328e-01 6.194093815596120045e-01 -4.621695656575726119e-01 9.116569889989268871e-01 -1.012006970870379829e+00 -1.511178491727626083e+00 7.074913744417077321e-01
7.680223756987518691e-01 1.852720677707615227e-01 -1.298718431304526910e-01 4.419837798344591895e-01 -7.329142112073219195e-01 -1.973463542781593194e+00 7.734330032886842510e-01
9.353942879750506423e-01 -4.294748321977427397e-01 3.055509259959678925e-01 -2.477052612569865531e-01 -1.692475502329550963e-01 -2.147241259397873581e+00 8.210277331120242605e-01
9.625231950313134499e-01 -1.054143581576048705e+00 7.218517950474484524e-01 -9.638482135495247682e-01 5.375987269025536142e-01 -2.091542306726019707e+00 8.183996100735512202e-01
8.627142096677778982e-01 -1.574675710970622422e+00 1.034535300625529564e+00 -1.524733084630604640e+00 1.247708542781682306e+00 -1.829457819201719682e+00 7.332999392136841932e-01
6.686276582465939811e-01 -1.957573559720649170e+00 1.222232837956391371e+00 -1.878560933003353250e+00 1.869768397321991404e+00 -1.383657055329864383e+00 5.685195846164947664e-01
4.328509153600674231e-01 -2.197462394798706420e+00 1.293563810512344148e+00 -2.061366667540304842e+00 2.325160680086626019e+00 -8.270418528799913238e-01 3.515594884697028077e-01
1.980422083722866988e-01 -2.283554487296200364e+00 1.258480388028089481e+00 -2.087720597691903990e+00 2.530433589939378169e+00 -2.319006157501321830e-01 1.203217935996789278e-01
-3.780860585528309642e-02 -2.192987329519560102e+00 1.115751573736949664e+00 -1.929123893625280139e+00 2.436617130541880005e+00 3.694558129404303948e-01 -7.786458200182472256e-02
-3.026590206564871988e-01 -1.897069416892422700e+00 8.520911594773294961e-01 -1.560560638446010673e+00 2.047231644356235947e+00 9.382548975943502123e-01 -1.981702768929057279e-01
-5.974676874130413484e-01 -1.397100482596554505e+00 4.647133549265730634e-01 -9.865975725762810011e-01 1.396326062809054136e+00 1.405710886731796005e+00 -2.191515628787622794e-01
-8.915936230070076185e-01 -7.540042421822822361e-01 -1.502384531278150304e-02 -2.506336276403159924e-01 5.533132903169536432e-01 1.722117095256950670e+00 -1.478504550740550316e-01
-1.159254610939595587e+00 -6.665048309876329957e-02 -5.292041071257829188e-01 5.421987997119928071e-01 -3.596135596335053863e-01 1.874050973647403584e+00 -3.228900324414722342e-03
-1.389694862273047615e+00 5.808880881171413213e-01 -1.021943577136603887e+00 1.256993190602666566e+00 -1.209886393023438256e+00 1.842606572218862038e+00 1.986280862784040591e-01
-1.578284609001763483e+00 1.135592303806986614e+00 -1.447071182480760276e+00 1.807005474105455756e+00 -1.907196723004396910e+00 1.624124988974218198e+00 4.417440611241147397e-01
-1.725334101735756187e+00 1.535864181270942375e+00 -1.745998886866219957e+00 2.143839491175924206e+00 -2.380972550987964009e+00 1.302549745164435224e+00 7.042643836019472081e-01
-1.835092125618817960e+00 1.702578395176203685e+00 -1.853294503621902622e+00 2.206654551703216338e+00 -2.550595596575135016e+00 1.018232068494923759e+00 9.603540879242090655e-01
-1.913350685492821501e+00 1.614418515007931543e+00 -1.762011055568502904e+00 1.990370009170865151e+00 -2.383717287715387823e+00 8.542626438433125191e-01 1.182904009744436991e+00
-1.966539505449710123e+00 1.363611251575999050e+00 -1.562647269565294872e+00 1.638198517780030894e+00 -1.961583180683553529e+00 7.985439928097083362e-01 1.344536479826517361e+00
-1.998668589184095845e+00 1.104003412580752075e+00 -1.388759696648201647e+00 1.368602104744643055e+00 -1.439708922053887896e+00 7.918103854357093629e-01 1.418711461667049978e+00
-2.001815846852923908e+00 9.641248668691850821e-01 -1.343380849781251163e+00 1.323970027567516805e+00 -9.670956648405527600e-01 7.638337897034561674e-01 1.380889830720774647e+00
-1.949453280513248288e+00 9.932395009085563942e-01 -1.465919806613227960e+00 1.519413265049812001e+00 -6.440258143486203846e-01 6.618286935458689291e-01 1.217737232040881912e+00
-1.815213021151425021e+00 1.140309738504608150e+00 -1.721265356368911759e+00 1.874643538383380825e+00 -4.956520693489037677e-01 4.975697218354515061e-01 9.457781615897650207e-01
-1.597912288358900756e+00 1.281724965160483398e+00 -2.014898541941590349e+00 2.240509411414234542e+00 -4.675815609347298563e-01 3.428958667957726081e-01 6.184790172176920509e-01
-1.313593196317584866e+00 1.287329261647230716e+00 -2.237564076290765591e+00 2.433452723736020840e+00 -4.669288113569289855e-01 2.737321058169797094e-01 3.010464771250787597e-01
-9.787573577533567049e-01 1.077374316120883968e+00 -2.307533749091149833e+00 2.322742437217645062e+00 -4.096291222982998415e-01 3.451107562736902556e-01 3.038739918936880433e-02
-6.212351756491194532e-01 6.454240256280295851e-01 -2.192215910372376619e+00 1.897632460527686193e+00 -2.346480147612934886e-01 5.892537316020861615e-01 -1.902660727810378538e-01
-2.902233870368227109e-01 5.304900940354884825e-02 -1.911389165307691318e+00 1.243564168557407035e+00 8.920467471875258292e-02 9.895004084422044377e-01 -3.610997330029051544e-01
-3.422545505291468837e-02 -5.959538685495580079e-01 -1.519254697925948028e+00 4.938372089195602332e-01 5.366344653290376909e-01 1.456712790323627438e+00 -4.728677736148494404e-01
1.212096916230399196e-01 -1.187568769897368037e+00 -1.082259273290233859e+00 -2.027519405673433028e-01 1.019776512220440523e+00 1.854035537666741007e+00 -5.145047894761423102e-01
1.637104205975160320e-01 -1.623988477812893905e+00 -6.642155655362587119e-01 -7.376835509195571738e-01 1.425974549190068386e+00 2.053750649154310715e+00 -4.603386505622201752e-01
8.228610327333658880e-02 -1.844848476674749493e+00 -3.125671157050405879e-01 -1.081664557272296934e+00 1.659033137658588730e+00 1.980882955156840985e+00 -2.650348306090803407e-01
-1.149099225383854034e-01 -1.829004570761534110e+00 -5.995376541795829906e-02 -1.222736753116520969e+00 1.660555091339011025e+00 1.632939742995515919e+00 8.094667174173851565e-02
-3.892759337335844894e-01 -1.594487637262055779e+00 8.035588842122275144e-02 -1.103067917527376984e+00 1.429653086566512021e+00 1.092619575913725605e+00 5.114991184400675683e-01
-6.992374527526787897e-01 -1.209834163583893840e+00 1.348395221393534626e-01 -6.947498021777522847e-01 1.038911697872435314e+00 5.148629059397181740e-01 9.407494365127998526e-01
-1.014516503173534145e+00 -7.711559252927623342e-01 1.515535783200601672e-01 -8.424865440809749251e-02 6.052204088135559878e-01 5.612451644287206470e-02 1.316658923668512227e+00
-1.289460440435691524e+00 -3.464594062256103335e-01 1.515058729813507366e-01 6.002876330408251082e-01 2.202359940906520597e-01 -2.123656615558022487e-01 1.594502942686602864e+00
-1.466770951518806099e+00 4.974156824000585536e-02 1.177123852108416524e-01 1.295992691083792892e+00 -8.095417178166827710e-02 -3.235571946810153476e-01 1.720960353986471070e+00
-1.519284691540598420e+00 4.189495046773025755e-01 3.584555274784342882e-02 1.959762288589874890e+00 -2.831601839514688579e-01 -3.556495447739102533e-01 1.676547515165633273e+00
-1.443667373332325310e+00 7.266322047643648530e-01 -7.383658297067420551e-02 2.459232288879538597e+00 -3.574793012897303224e-01 -3.760683738123395958e-01 1.490164903489511694e+00
-1.216983403591859414e+00 8.976680216930001954e-01 -1.711630541538127770e-01 2.605611958965355690e+00 -2.695560963582319114e-01 -4.230504123664021732e-01 1.193691180892737735e+00
-8.034107413589814950e-01 8.574659196311660292e-01 -2.209792660693524202e-01 2.302405888618716201e+00 9.897960082597360293e-04 -5.028452580375681880e-01 7.934507160649252322e-01
-2.077398681929891744e-01 5.942716989465296473e-01 -2.101918618700843733e-01 1.616139537542053972e+00 4.337644957205196716e-01 -6.168996971392031181e-01 2.997913012669941035e-01
5.019838512303990141e-01 1.898603217718542457e-01 -1.543777812433932695e-01 7.125486153074244156e-01 9.379337246768404412e-01 -7.960318664898311525e-01 -2.373070866889947783e-01
1.221070022288062384e+00 -2.265388861241513230e-01 -7.254774846788840381e-02 -2.143248625286879872e-01 1.366830359553465435e+00 -1.071883660884100253e+00 -7.402141261398323957e-01
1.834518037909897314e+00 -5.560340348161356694e-01 4.549196141802483440e-02 -9.754925362449052839e-01 1.592730166251451251e+00 -1.404473282398229328e+00 -1.136788423897154177e+00
2.236126332920534310e+00 -7.686948234774433342e-01 2.348089054435173184e-01 -1.451836608923062544e+00 1.573406849111092853e+00 -1.675580261954214834e+00 -1.370866101854406160e+00
2.362946627931441501e+00 -8.811492274610432940e-01 5.165453966789635976e-01 -1.638260996012395276e+00 1.345108375043649440e+00 -1.769745758388856061e+00 -1.411863174403485743e+00
2.218882794309908313e+00 -9.173685192941886113e-01 8.692252103012569897e-01 -1.601069340565372645e+00 9.840710412301911791e-01 -1.635704546314443286e+00 -1.279002345573587052e+00
1.854806957459145034e+00 -9.058103255232773376e-01 1.246446144903399000e+00 -1.431643439315300359e+00 5.937340999824274324e-01 -1.281640994499486430e+00 -1.025798556099634107e+00
1.332980961433811951e+00 -8.671843633051057321e-01 1.597094693051050118e+00 -1.216630725104655975e+00 2.759603784406529092e-01 -7.793681492184740822e-01 -6.888908290700475057e-01
7.299989181198781596e-01 -7.751529701795702998e-01 1.850297813706142325e+00 -9.756626844849223268e-01 7.101637050443446175e-02 -2.836379561993035425e-01 -2.929033873955255718e-01
1.519031477519973139e-01 -5.925869090377394732e-01 1.933301273136242893e+00 -6.653779990471132555e-01 -3.868108264767052690e-02 4.386835028187182489e-02 1.132583756636369177e-01
-2.984672689707455473e-01 -3.539174402020240917e-01 1.831096261920136525e+00 -2.953833280871029920e-01 -5.735458065485504048e-02 1.522315419936220993e-01 4.823023440673571693e-01
-5.554851188844097676e-01 -1.460957739691196577e-01 1.594305679654030916e+00 3.229199075319241774e-02 3.416815282506042301e-02 8.537345761011698453e-02 7.942435964965868234e-01
-5.856853714998272453e-01 -1.824537249455024726e-02 1.290313200615285538e+00 2.404574655848376874e-01 2.204228702015670061e-01 -1.010824460900123095e-01 1.018555863114874560e+00
-3.990524158066653393e-01 4.457110962129795517e-02 9.724119947415550413e-01 3.519879959712898798e-01 4.433695693019986672e-01 -3.434667653847248703e-01 1.108861004710789633e+00
-6.715900069867922206e-02 8.375981256951564591e-02 6.789812783993848244e-01 4.250376467344261777e-01 6.487808010693278948e-01 -5.650685006673007438e-01 1.050124109626948909e+00
3.172222296039939882e-01 1.436001654458099464e-01 4.298728103717948112e-01 4.942176154330391036e-01 8.008098511735568525e-01 -7.274209750060863788e-01 8.530521533111045107e-01
6.957934939557601783e-01 2.646537217103697159e-01 2.232614479680677944e-01 5.894627510495954459e-01 8.626011990511656125e-01 -8.539173006002307442e-01 5.192893989954031619e-01
1.041099175900575879e+00 4.690568093305664266e-01 4.431651606157557127e-02 7.337662248846134050e-01 7.931067101542618181e-01 -1.004900364500365573e+00 7.225658614200762553e-02
1.339900351712660864e+00 7.469031848437797105e-01 -1.253763754464584101e-01 8.931096726682278275e-01 5.672590157596223426e-01 -1.250077325758961466e+00 -4.167795485663629007e-01
1.597759683470760583e+00 1.052509692588531776e+00 -2.939022520546736295e-01 9.929035462988442529e-01 1.966961483499341523e-01 -1.613358709480231079e+00 -8.791712626662694374e-01
1.809044916026544714e+00 1.300343009331213828e+00 -4.318825181492025322e-01 9.792082794944407809e-01 -2.540556587900647534e-01 -1.999292737440731660e+00 -1.269464689546402569e+00
1.927268726383553288e+00 1.379109832727330121e+00 -4.732903865645761154e-01 8.098665692196046484e-01 -6.742478260024761250e-01 -2.218866971920947062e+00 -1.523279246584581692e+00
1.898016469454204769e+00 1.224205099748644665e+00 -3.784931284965205589e-01 4.663730316333824510e-01 -9.740816492957562467e-01 -2.134575643626575481e+00 -1.565187975578008928e+00
1.698055163407780510e+00 8.694977370386941518e-01 -1.750400016397312963e-01 1.315592102664803024e-02 -1.143106026684474807e+00 -1.742625779711776124e+00 -1.365287250068373259e+00
1.334954619337906934e+00 3.902541960487433959e-01 9.148728880696793686e-02 -4.567112913122057249e-01 -1.211260259930158734e+00 -1.102038016929730802e+00 -9.493307864246588457e-01
8.372074051223084012e-01 -1.369472213288790985e-01 3.878008110784314511e-01 -9.041471855536755697e-01 -1.205196757662533313e+00 -2.829426332473481409e-01 -3.779990309237895030e-01
2.546167403256814898e-01 -5.890794685928647523e-01 6.529522557620500711e-01 -1.282792180415482708e+00 -1.175093513454161576e+00 5.869093635214083227e-01 2.496782972185765392e-01
-3.503336942979594637e-01 -8.223922773172741563e-01 8.128238512239014391e-01 -1.489011626217630058e+00 -1.185026671128261100e+00 1.344451820811385367e+00 8.091606333349237179e-01
-9.172773019233324554e-01 -7.761417636436130918e-01 8.509540473625578638e-01 -1.456449495609805522e+00 -1.250115275565815365e+00 1.884576464123056239e+00 1.205216981416679989e+00
-1.380493321023628983e+00 -4.941930262012991237e-01 8.087307012689454178e-01 -1.220838201289688341e+00 -1.343208561124673128e+00 2.157954747084734670e+00 1.405779460372766465e+00
-1.667350363769118493e+00 -7.398639543778424976e-02 7.295549980045421545e-01 -8.492452250939636071e-01 -1.446578228732599447e+00 2.134522037802871974e+00 1.422424781756324697e+00
-1.736265182683012220e+00 3.649510249365253700e-01 6.280820230002874816e-01 -3.782667030350949089e-01 -1.544003903452469961e+00 1.836478950948100763e+00 1.287200072640335424e+00
-1.609902655423761653e+00 7.048762047168123379e-01 4.907295389719752432e-01 1.397175465109157522e-01 -1.590285568339348865e+00 1.356509145290527352e+00 1.056904742935370622e+00
-1.355767415200165527e+00 8.713725432968367768e-01 2.895051460575179814e-01 5.900533292186260770e-01 -1.535982887268664054e+00 8.057718713510702013e-01 8.039561430849692103e-01
-1.036682947455517700e+00 8.585929980552652330e-01 -2.830178526009703710e-03 8.536368086998148419e-01 -1.377054188802610879e+00 2.579927120082363690e-01 5.731623618579573254e-01
-6.931968237423190571e-01 6.919757742625460839e-01 -3.831571880061185320e-01 8.823489127495077744e-01 -1.144148192817905807e+00 -2.194601684349821724e-01 3.601559395770215222e-01
-3.715839822612582721e-01 3.815296079510742677e-01 -7.894147436513468952e-01 6.922009719193177313e-01 -8.524277692694134378e-01 -5.093505705025702657e-01 1.470400070778580814e-01
-1.298710769471019266e-01 -4.569474810615968552e-02 -1.135271560302266058e+00 3.282160665240224096e-01 -5.102787675817830326e-01 -5.154086943823426026e-01 -6.529709998116446645e-02
2.964249769430794650e-03 -5.020036348402631132e-01 -1.374388771705939316e+00 -1.300041068689594126e-01 -1.671828475725881946e-01 -2.664584014066794238e-01 -2.775989895152779496e-01
4.015111768760627059e-02 -8.805010137427725647e-01 -1.502943546678702225e+00 -5.478829684075443573e-01 9.126940422192467151e-02 1.252885590157667706e-01 -5.063501321269663347e-01
-1.629545050849278819e-03 -1.129455327936665476e+00 -1.516180250973560018e+00 -7.950585252087262189e-01 2.045275554786262495e-01 5.697161201207472381e-01 -7.415809768936187929e-01
-1.248449378044237945e-01 -1.265042618991014223e+00 -1.400073558948382368e+00 -8.618122078792249674e-01 1.812356851040449190e-01 1.019357602715341482e+00 -9.157000003820003897e-01
-3.172550093162871399e-01 -1.324001964854556013e+00 -1.163843595853144341e+00 -8.465061501828397006e-01 7.416518847450710716e-02 1.420319677076849141e+00 -9.521767790010760013e-01
-5.213383223784022746e-01 -1.336956672026190951e+00 -8.415264022599302507e-01 -8.226518115167107403e-01 -6.438430229375043112e-02 1.701304422165568875e+00 -8.287018499554614781e-01
-6.752258891761879767e-01 -1.321610151462801364e+00 -4.656877894829187792e-01 -7.806835428223736217e-01 -1.854384188719474524e-01 1.817841256076525580e+00 -5.735694700498630283e-01
-7.561237882297424662e-01 -1.250123109961900569e+00 -7.876738757416001935e-02 -6.681507809364837236e-01 -2.431223362927188436e-01 1.751468044338921448e+00 -2.470289935673030957e-01
-7.592559126986261342e-01 -1.060047445069670635e+00 2.560213425976792800e-01 -4.458521334068931141e-01 -2.090925107243962466e-01 1.480711695954009643e+00 6.054115217211685634e-02
-6.833584151283524921e-01 -7.338414122244226734e-01 4.996172916324571611e-01 -1.356306283525505474e-01 -7.014193803138749073e-02 1.007450564280807370e+00 2.839997433444238495e-01
-5.422663543033149347e-01 -3.272102120802206082e-01 6.683485588670196043e-01 1.706995054359120301e-01 1.698677970555712569e-01 3.766540887161924367e-01 4.423463071673562896e-01
-3.487137890946496732e-01 8.744515241461087163e-02 7.970639416973386293e-01 3.774911263547478524e-01 4.751472737950949710e-01 -3.503019181375867652e-01 5.816008330412180127e-01
-1.005391187195251168e-01 4.601846165216787465e-01 9.056534956360694499e-01 4.699949333641660343e-01 7.861679874168118198e-01 -1.102452262876365108e+00 6.891850411674299570e-01
1.948390195553006687e-01 7.457092784335623836e-01 1.018007963681986983e+00 4.947556942448961270e-01 1.051565406689043192e+00 -1.778937853432448923e+00 7.179710665265496283e-01
5.052805482959225047e-01 8.860201106127655324e-01 1.180454005387350014e+00 4.578404435949113838e-01 1.249992511484936397e+00 -2.251797882304819698e+00 6.506504160723308727e-01
7.913385711627777264e-01 8.423343638087833485e-01 1.428857635225068368e+00 3.245445801665067243e-01 1.375557385723880088e+00 -2.421539278788823690e+00 4.996828758262066850e-01
1.018133731920039420e+00 6.359396955047951216e-01 1.745019791232907291e+00 1.067249234132826990e-01 1.412085841863156999e+00 -2.283278387912231366e+00 2.859944911458848216e-01
1.153272803165342975e+00 3.245338134863853807e-01 2.073323261084800251e+00 -1.495669614690424976e-01 1.343401841961178622e+00 -1.913087415749721965e+00 5.018860450283651325e-02
1.172116215707815767e+00 -3.353800381748048287e-02 2.354324658592334973e+00 -4.116782459806738181e-01 1.171296770021369893e+00 -1.402153392710938196e+00 -1.461562701073179649e-01
1.070370321251099988e+00 -3.656000291065615304e-01 2.517236328831645942e+00 -6.188927808151140075e-01 9.041618603973703427e-01 -8.422395588704811864e-01 -2.537675550141458292e-01
8.679445908178747837e-01 -5.912650923768607569e-01 2.488354467883556076e+00 -6.968792403786319145e-01 5.588776213218727973e-01 -3.334696779567710156e-01 -2.566207432221881968e-01
5.995011521963964363e-01 -6.585191693222872678e-01 2.227735654265140308e+00 -6.400644529591761334e-01 1.767184713629747772e-01 4.242047595902144475e-02 -1.679166499220875464e-01
3.050704390510284303e-01 -5.520242140988123047e-01 1.742918350051659626e+00 -4.788878899669791744e-01 -1.962035838985561609e-01 2.429447611689897757e-01 -2.538140296013252639e-02
1.761951157168714296e-02 -2.996216640232577388e-01 1.094453009595454329e+00 -2.282262242353741699e-01 -5.218475428794819848e-01 2.820253507802407134e-01 1.258690516197855935e-01
-2.510625203360992153e-01 2.751325040617346937e-02 3.899307389418942282e-01 6.725032770780947633e-02 -7.525171383048857576e-01 2.412189154699753701e-01 2.545759367712665533e-01
-4.974772161938725290e-01 3.644039506206512291e-01 -2.700967242641817423e-01 3.423121857170701721e-01 -8.515989952788255435e-01 2.121106837287594915e-01 3.337588537222668239e-01
-6.999020311522001769e-01 6.858988577735513070e-01 -8.324554289166463672e-01 5.835993496103973888e-01 -8.309767786890401853e-01 2.272362795535621260e-01 3.291711704592356069e-01
-8.192341049727862590e-01 9.563826228004600472e-01 -1.251544358157806514e+00 7.959641258204461778e-01 -7.288207308579262023e-01 2.751768956418179646e-01 2.327782373843408359e-01
-8.277436373491110500e-01 1.099391770601394702e+00 -1.460665474525351781e+00 9.129878615361330940e-01 -5.738662468077546652e-01 3.399317376563610882e-01 9.834845274751696786e-02
-7.283839927144973858e-01 1.072514620423898002e+00 -1.428509191794146815e+00 8.433106346874659209e-01 -3.999795329884065498e-01 3.878782083408653936e-01 4.106797662680765001e-03
-5.357653340284125321e-01 9.064085316931264069e-01 -1.187106530927503512e+00 5.919321319158898920e-01 -2.581232537049388265e-01 3.664945420424617351e-01 -1.755179953479902091e-02
-2.632620355310974491e-01 6.379401828881293701e-01 -7.808755192307518245e-01 2.520783700755622192e-01 -1.738152316156527932e-01 2.680196700489370643e-01 1.319682827919783225e-02
5.333177667711019171e-02 2.892471746601182891e-01 -2.537648821558484702e-01 -9.968491657760973623e-02 -1.125354399909083425e-01 1.476638558141744051e-01 6.327295481371425501e-02
3.596606403259233753e-01 -7.106503783941769958e-02 3.077073039687486244e-01 -4.420484064353977782e-01 -2.588634522491988291e-02 2.415418452562476462e-02 1.021487441709172661e-01
6.273759231015166860e-01 -3.190048173612714533e-01 7.709673469586989514e-01 -7.620654014282020050e-01 7.998890421051901845e-02 -1.846191558754473605e-01 8.935392437174566327e-02
8.653557121365190730e-01 -3.578886267528820775e-01 1.010316526399419157e+00 -9.947300598236763491e-01 1.566556774140506481e-01 -5.598212231216432855e-01 -2.932995359590304107e-02
1.076362363020778146e+00 -1.903526587358806144e-01 9.598200739941598059e-01 -1.021157461947691525e+00 1.771236528326997905e-01 -1.045083515381810768e+00 -2.873754755144986017e-01
1.223181031233991689e+00 8.639786051992132121e-02 6.418547137966890137e-01 -7.664427755715840229e-01 1.598948073880036291e-01 -1.449823906044288346e+00 -6.470289058756771849e-01
1.258249866342522116e+00 3.342239459926676926e-01 1.719371288945089615e-01 -3.087894676674044492e-01 1.432496543992049232e-01 -1.580349562828986976e+00 -1.003208855781934083e+00
1.176527751609822703e+00 4.471385854617836997e-01 -2.809576574776766478e-01 1.503925455885089801e-01 1.408959490887851107e-01 -1.379553633347348596e+00 -1.242387975061551408e+00
1.006125197155334883e+00 4.106693934763001597e-01 -5.669925440853810228e-01 4.452995552075068586e-01 1.180564912803554189e-01 -9.405730283345883347e-01 -1.276890737168734802e+00
7.535367029010552331e-01 3.074066939118553221e-01 -6.206040036246528446e-01 5.473053212451997052e-01 3.040713467068804216e-02 -3.989610157337111773e-01 -1.062904210311925279e+00
4.079033207198758948e-01 2.706124869141643408e-01 -4.945284947688465271e-01 4.976122673729508894e-01 -1.148054698863394257e-01 1.192040019198390144e-01 -6.496324165137438156e-01
1.494976994784633605e-02 3.841346167760222308e-01 -3.049141261978398632e-01 3.022521802253780310e-01 -2.750100789601240825e-01 4.751803281174851734e-01 -1.810591391257979355e-01
-2.998640658839110684e-01 5.519873879561353336e-01 -9.775757065976183047e-02 -7.142324883276933434e-02 -4.308262929149265785e-01 5.603307957764290803e-01 2.040346164399639561e-01
-4.409090056087409115e-01 5.341219542759371164e-01 1.577701416478750895e-01 -5.980861627191884633e-01 -5.590915192854392091e-01 3.892112533376766437e-01 4.591266482392155068e-01
-4.563910495416718671e-01 2.119526870211035918e-01 4.106512879567648100e-01 -1.055756673253705147e+00 -5.797516935282818196e-01 1.426600769337187380e-01 6.050120339231591648e-01
-4.684930468922732238e-01 -2.883996815214778242e-01 5.116397677365558394e-01 -1.107338078528735004e+00 -4.114547278697799348e-01 7.775429396748986810e-02 6.687536051992767350e-01
-5.164717435875092466e-01 -7.559669024290285311e-01 3.857632674071526657e-01 -6.537048375542646728e-01 -7.401245384551488615e-02 3.011819171520493943e-01 6.731588931721841362e-01
-5.333971632773149008e-01 -1.027681224107359181e+00 1.042459948814669773e-01 3.262150860972141964e-02 2.984614585322730718e-01 6.412153698716487327e-01 6.366980805500506158e-01
-4.243835379250051054e-01 -1.016661611967365930e+00 -1.800774567605463172e-01 5.557456115144600028e-01 5.491224224607260673e-01 7.840875430278748670e-01 5.526498829190856776e-01
-1.239300364072764699e-01 -7.295175545033089071e-01 -3.085767428774821020e-01 6.690845795497923909e-01 5.934672156986595670e-01 4.926938213268504674e-01 3.874038600799095677e-01
3.771522283867163594e-01 -2.427832871055399522e-01 -1.991540600849980858e-01 3.789924876792969965e-01 4.284796191021610912e-01 -2.839486289961923871e-01 1.117766160746287707e-01
1.020454095702183261e+00 3.449047951497500875e-01 9.206174919002434176e-02 -1.129013024371508106e-01 8.704025139366414199e-02 -1.409050319213352109e+00 -2.699696643845098665e-01
1.673299706145353838e+00 9.320645841976163970e-01 3.935093803047847172e-01 -5.681750211700771214e-01 -3.727838603294367226e-01 -2.601861907922622397e+00 -7.131247867375486438e-01
2.139634498513375060e+00 1.390231615274021726e+00 5.346165874382071692e-01 -8.413336425003132835e-01 -8.280019942453219484e-01 -3.475157739224897124e+00 -1.131768182682036716e+00
2.232340268293339314e+00 1.541100263747737342e+00 4.828320234883725082e-01 -8.995555536695477583e-01 -1.085254499009433271e+00 -3.606432712849215072e+00 -1.409903652205870772e+00
1.879171331865790329e+00 1.249217506663832022e+00 3.486121626683347241e-01 -7.694934225371250491e-01 -9.862034228618239418e-01 -2.754600239409354501e+00 -1.449033242147132139e+00
1.167472610054964832e+00 5.818382713705988474e-01 2.480902265530221806e-01 -4.945919812732907928e-01 -5.487118741852566872e-01 -1.116026490687650252e+00 -1.218862413806143907e+00
3.052982135145503872e-01 -1.958111875769401877e-01 2.145406931212272827e-01 -1.617051208124306583e-01 2.561184246348590168e-02 6.979178504810340522e-01 -7.649215029963452039e-01
-4.577824072603393080e-01 -8.094959631743067208e-01 2.278529361637149919e-01 6.678891730220354317e-02 4.965323798183077786e-01 2.023102622294708830e+00 -1.909325714055679635e-01
-9.214847486652198993e-01 -1.123655688449132217e+00 2.587779753207196110e-01 5.883275124283310342e-02 7.230889957289634573e-01 2.510301807957485920e+00 3.612179300362070022e-01
-1.006165877435513112e+00 -1.142110312436887876e+00 2.694942091826106334e-01 -1.394669535664966598e-01 6.988334641195178554e-01 2.203458092691128023e+00 7.440793521557078627e-01
-7.831818659078142453e-01 -9.381971855278021799e-01 2.057283953521365782e-01 -3.441839597518698279e-01 5.172054169978986815e-01 1.389995434608301217e+00 8.657029112286969141e-01
-4.312504831631426838e-01 -5.982804914366101068e-01 3.138720766982439764e-02 -4.033749582236328957e-01 2.985173989204755185e-01 4.169694584361444134e-01 7.447466169794241253e-01
-1.101367186737611248e-01 -2.129554640102585550e-01 -2.208385164975892045e-01 -3.061817769459052041e-01 1.225369192989638895e-01 -4.400553332719612243e-01 4.881784590405139346e-01
1.256036830385632019e-01 1.197094516386612573e-01 -4.558792426346669480e-01 -1.699957616593422705e-01 1.821605526994511323e-02 -1.023790376316700446e+00 2.114763075194042719e-01
2.988170252919481462e-01 3.332279480005510552e-01 -5.838747230399231603e-01 -1.174373180359093299e-01 -2.338203153706003637e-02 -1.287198259556471269e+00 -1.911175353200115015e-02
4.551677581698888031e-01 4.277045592217673109e-01 -5.758979319041185319e-01 -1.573922622235224833e-01 -4.649785263825503140e-02 -1.274944281079116060e+00 -1.982107208218787664e-01
6.234209527769818404e-01 4.284350891208463241e-01 -4.475111497469921318e-01 -2.177278648407816597e-01 -9.234798883973338590e-02 -1.053525999509657529e+00 -3.513454447628682198e-01
7.851124088175632787e-01 3.326563361461918333e-01 -2.147126841374491779e-01 -2.681608892723455484e-01 -1.455995155880611402e-01 -6.429517298561225891e-01 -4.836942965202339906e-01
8.996611165818165778e-01 1.533568575925856603e-01 9.045935289706871774e-02 -3.415766683229657930e-01 -1.665074535984544524e-01 -9.434913480064335833e-02 -5.680350597846067773e-01
9.655360484280731681e-01 -1.359342936054074025e-02 3.790488940207411561e-01 -4.516534569985599656e-01 -1.681503749987167118e-01 4.002584316938311293e-01 -5.951584174871495936e-01
1.022984209833470270e+00 -4.252260354374613055e-02 5.347013371131251747e-01 -5.498079622078363426e-01 -2.062429511063739451e-01 6.016214458968579537e-01 -6.082862086107184707e-01
1.087339949745377732e+00 1.063325828558674691e-01 4.955951405356818773e-01 -5.596355192210109575e-01 -3.036090826615044924e-01 4.307548358455202675e-01 -6.538615388219394253e-01
1.105997383104005305e+00 3.544903956811239487e-01 3.001893666567176933e-01 -4.381681400395018855e-01 -4.214795104378972757e-01 2.677912715177592842e-02 -7.095323085068669933e-01
1.007514845914224022e+00 5.674908657353097130e-01 5.883167676121818512e-02 -2.152285298046270612e-01 -5.010903524263806696e-01 -3.958151091303808711e-01 -6.907452337275705734e-01
7.756169702730657534e-01 6.377860446621714807e-01 -1.195840983803123092e-01 2.144980176193453728e-02 -5.160346788187503142e-01 -7.122570315263551111e-01 -5.244994369835855874e-01
4.389906110247205895e-01 5.382815419291782089e-01 -1.891899426317668054e-01 1.953720831788792189e-01 -4.873435306759261731e-01 -9.056297173212711771e-01 -1.953786917460447470e-01
1.046347327025733479e-02 3.132459987183686123e-01 -1.685970912906404606e-01 2.952295369953854554e-01 -4.613589294518631312e-01 -9.717456608222224679e-01 2.722504489960214658e-01
-5.275246000838318405e-01 1.760032724193315301e-02 -8.830035829046745111e-02 3.332982896886004798e-01 -4.704173812967565871e-01 -8.590436228458048218e-01 8.536931223696595517e-01
-1.177864390887196411e+00 -3.113191483616793986e-01 4.389611841381513280e-02 2.785184568896976187e-01 -5.169169722544250112e-01 -5.230824873071973080e-01 1.531480189301486217e+00
-1.873968432409964135e+00 -6.274011988206693591e-01 2.260149328542819802e-01 7.348693714544690669e-02 -5.952596431589824988e-01 -2.680600218383221225e-02 2.262575306184984036e+00
-2.485986955875829629e+00 -8.572318041002890965e-01 4.299375816413055773e-01 -2.880229816123723863e-01 -7.119012925646760470e-01 4.616703263046660344e-01 2.954108113428925542e+00
-2.896891976281260828e+00 -9.196533123123663556e-01 5.935702035792526088e-01 -7.044929708948179936e-01 -8.772227660471048072e-01 7.913587499731404851e-01 3.487771353924878248e+00
-3.062962486750671509e+00 -7.743372985632670513e-01 6.587787030835596802e-01 -1.011338817006054436e+00 -1.078513520219377630e+00 9.207058435310302436e-01 3.779572741709670503e+00
-2.997217215292535375e+00 -4.504495230363502745e-01 6.192753581305957544e-01 -1.098943154964673985e+00 -1.272600694095208818e+00 8.740735589074104528e-01 3.814483505682127351e+00
-2.712367500570436629e+00 -1.420625694630303637e-02 5.106678261554090659e-01 -9.595343464976819892e-01 -1.424085513865076313e+00 6.444228221873422591e-01 3.612408420724784630e+00
-2.203622373168022452e+00 4.714893351381604369e-01 3.539423902560829838e-01 -6.344844043009537637e-01 -1.534981495169827737e+00 2.072252634058381060e-01 3.173097847086898682e+00
-1.504324015069669729e+00 9.389432855500151609e-01 1.380159307167341254e-01 -1.641717058079665281e-01 -1.607774127037431500e+00 -3.480867991188934529e-01 2.486278874355874358e+00
-7.420146407083428874e-01 1.316656063368385920e+00 -1.431128389148271507e-01 4.129643683653110853e-01 -1.605946706017316039e+00 -7.874239753811300702e-01 1.601930578375604375e+00
-7.968173402292796914e-02 1.576364123359678793e+00 -4.739196891553886237e-01 1.027854291850483159e+00 -1.484776429667806097e+00 -9.197637471853831181e-01 6.405952209675918052e-01
4.114765459471604880e-01 1.743149093956742224e+00 -8.330748086445568523e-01 1.544142767538420058e+00 -1.236560206752747026e+00 -7.832023968777337419e-01 -2.840103592649960706e-01
7.777542302398170460e-01 1.840616284557944127e+00 -1.190786288759261735e+00 1.792834406823482052e+00 -8.950837175877378593e-01 -5.942930376958914795e-01 -1.107820944436952892e+00
1.097168734525065137e+00 1.837182400417997297e+00 -1.491851793105531954e+00 1.680784546558446557e+00 -5.075917259371101053e-01 -5.222324928429532553e-01 -1.795433872747411286e+00
1.391909097960903674e+00 1.646361191701609439e+00 -1.664410715940050522e+00 1.241161242396108477e+00 -9.165573455239142686e-02 -5.274165137710886686e-01 -2.314616444407262108e+00
1.600616972453698938e+00 1.201412841694792233e+00 -1.657406659191483111e+00 5.947708225317052122e-01 3.711648849740994405e-01 -4.222865822495879273e-01 -2.623121437615473450e+00
1.635880592288752045e+00 5.478068848737730479e-01 -1.473432785581773041e+00 -8.764136871510691540e-02 8.825442844890312166e-01 -7.959168207900065017e-02 -2.689902750601120829e+00
1.476763512111963772e+00 -1.523116738862977104e-01 -1.170769452262537813e+00 -6.207505075752016710e-01 1.382862217765184587e+00 4.345990820986928571e-01 -2.543821527936091620e+00
1.197827177652492692e+00 -7.256908654111213774e-01 -8.342511337408460292e-01 -8.718665828992009370e-01 1.777967573744265728e+00 9.355824903993087416e-01 -2.284183261302097367e+00
9.214894584653366971e-01 -1.098200597640248466e+00 -5.398774748305231741e-01 -8.171034436128463696e-01 2.010622828681103869e+00 1.284831588013630954e+00 -2.035104564582794318e+00
7.582296391935297031e-01 -1.302727022752166119e+00 -3.313470006984765570e-01 -5.449656146575782012e-01 2.096667535189925768e+00 1.437285441121435303e+00 -1.893837120198064827e+00
7.800983746613638914e-01 -1.403341596170902816e+00 -2.140221926753869408e-01 -2.039238856841592284e-01 2.087792641677105099e+00 1.363305726207268309e+00 -1.907122581956455676e+00
1.012306912166970108e+00 -1.427765222408724943e+00 -1.803886348257289496e-01 9.022814867133795158e-02 2.009290158775014934e+00 1.012744943548254728e+00 -2.071311042420832305e+00
1.416305489611292767e+00 -1.380505529491019567e+00 -2.325877147474021134e-01 3.031855230108637111e-01 1.862654620577527620e+00 4.101949753602343596e-01 -2.345620612396406734e+00
1.877554842082493680e+00 -1.305621740554987253e+00 -3.548499193169823429e-01 4.269691980749664717e-01 1.685374234537658999e+00 -2.519487434857239916e-01 -2.657350571494167646e+00
2.236285082671943591e+00 -1.273985214678965416e+00 -4.918589496380080250e-01 4.338157078552175583e-01 1.550959670978877547e+00 -7.042072238531670303e-01 -2.905657796218480637e+00
2.370267539653128086e+00 -1.295669945991276606e+00 -5.903173471790623683e-01 3.195079230395915793e-01 1.498216576351645735e+00 -8.046961755196917476e-01 -3.005707657497513452e+00
2.254109484978769729e+00 -1.298641584892835432e+00 -6.444334605737742638e-01 1.359186439197762886e-01 1.496579087052477774e+00 -6.099219223308596227e-01 -2.934714059547300913e+00
1.933481604837199885e+00 -1.200597904213608569e+00 -6.824718083725425100e-01 -3.161086227998727294e-02 1.474234553451476248e+00 -2.614144088288600232e-01 -2.714271674751572938e+00
1.470108618607472994e+00 -9.689614577278000684e-01 -7.228391483399314588e-01 -1.113207638657543325e-01 1.366412245288196825e+00 1.291834238678958857e-01 -2.370652910973719329e+00
9.273554726540015336e-01 -6.161846536138717578e-01 -7.622613159788496073e-01 -1.022425452997320072e-01 1.145786604851541268e+00 4.826541019454553272e-01 -1.929709963272624451e+00
3.821544712271159883e-01 -1.737798324048500098e-01 -8.041284594074102898e-01 -6.431722106836956776e-02 8.101226431454143784e-01 7.145791860046060151e-01 -1.429272899241752715e+00
-9.333378918352136511e-02 3.159784086364627598e-01 -8.739732201741836626e-01 -2.697828853726530127e-02 3.634076724992986729e-01 7.734540397911214837e-01 -9.162294937717737620e-01
-4.756492683556380330e-01 8.009140084950872041e-01 -9.938790419949810051e-01 4.322015980921607714e-02 -1.657645046309005610e-01 7.118407913340382143e-01 -4.235700908598485359e-01
-7.881540235712681808e-01 1.227848197903523175e+00 -1.152324313081615870e+00 1.773613003781982778e-01 -7.088548609025666636e-01 6.412257239262659780e-01 4.343927404622956179e-02
-1.047364643286584629e+00 1.562500225685886868e+00 -1.311748299710470356e+00 3.729740406038652978e-01 -1.186378315194112298e+00 6.088696961621354875e-01 4.796107409917242936e-01
-1.234460111583501218e+00 1.800601439522236946e+00 -1.444487205347808834e+00 6.346447651801557788e-01 -1.540564897251099685e+00 5.795342104416457696e-01 8.425701258312071618e-01
-1.317692654538394459e+00 1.950011468632297795e+00 -1.548810975529688383e+00 9.904460411355840987e-01 -1.739963591175304858e+00 5.139529888180790484e-01 1.069419199862342573e+00
-1.282623034026424635e+00 2.016283869487990987e+00 -1.630121202999354590e+00 1.436565711605099382e+00 -1.774630697450278793e+00 4.014771600916933192e-01 1.127658879436157280e+00
-1.137888751501489049e+00 2.029013815766711470e+00 -1.694251534629282352e+00 1.893538667261624564e+00 -1.653205525477353666e+00 2.342463246689071577e-01 1.017232449631879421e+00
-8.987329418056914099e-01 2.057580739345606702e+00 -1.764784784030301923e+00 2.263769047612415264e+00 -1.408589419492780381e+00 -5.606816085782309785e-03 7.333426581209445683e-01
-5.754534500840013944e-01 2.142973122672978459e+00 -1.862675360979804129e+00 2.506931863923165249e+00 -1.101639310881907363e+00 -3.229802473311587652e-01 2.809874461338290885e-01
-1.851233861227784272e-01 2.216093872671234699e+00 -1.952280536228619745e+00 2.608398774757475724e+00 -7.888225639941964795e-01 -6.742580374334130600e-01 -2.757325678462867469e-01
2.327116142224367468e-01 2.142240526056534478e+00 -1.947252351684185090e+00 2.526496842670138854e+00 -4.942117595061838453e-01 -9.757452344763940522e-01 -8.186942626887828700e-01
6.229395236598935792e-01 1.859048702597160041e+00 -1.792676751013161596e+00 2.248337736138221299e+00 -2.478081217086495480e-01 -1.176090883459110170e+00 -1.232631392716961649e+00
9.326117774585188647e-01 1.422299272200855391e+00 -1.514622671096803153e+00 1.841215632099602040e+00 -1.089251237457772858e-01 -1.285381321880046945e+00 -1.448728605842127370e+00
1.112278856033393826e+00 9.151639989757025528e-01 -1.169992744081388425e+00 1.384501085892995809e+00 -1.072776181500332410e-01 -1.313838596793420743e+00 -1.437471167017206231e+00
1.118204588114861009e+00 4.037719983535158486e-01 -7.964768181401798985e-01 9.158833394597003519e-01 -2.129049843969671452e-01 -1.260349687008753383e+00 -1.192471171887965031e+00
9.466752068205885884e-01 -1.434840832885384693e-02 -4.372181814755189411e-01 4.619508397860673243e-01 -3.867868512765800237e-01 -1.177620859442335410e+00 -7.554082167964570882e-01
6.562731687794965962e-01 -2.391299079401809080e-01 -1.514158112467516026e-01 6.035802690593074921e-02 -6.082016009306415727e-01 -1.154754854287946886e+00 -2.246840487961988819e-01
3.222063468683897258e-01 -2.567281533895476309e-01 2.661893778034185587e-02 -2.404081742100642460e-01 -8.478168686958509337e-01 -1.210662648827455667e+00 2.983844003051454030e-01
-1.728822058670614545e-02 -1.348500722017622055e-01 1.067567367432000480e-01 -4.070099742352740191e-01 -1.048867038191440892e+00 -1.264779674713256918e+00 7.543800594584419983e-01
-3.469706398112763490e-01 5.362039344958061116e-02 1.141953995614303496e-01 -4.579543402914295069e-01 -1.149371950814346732e+00 -1.229015281504551860e+00 1.107812461637028401e+00
-6.432248025001037206e-01 2.696219133917101551e-01 5.987538154458121181e-02 -4.356573262788308587e-01 -1.128361338584014550e+00 -1.077467831805688725e+00 1.324749951512070645e+00
-8.861672439326457873e-01 4.866100224566974886e-01 -4.872794880246075766e-02 -3.626228879227915147e-01 -1.021254294069677382e+00 -8.172650642290409939e-01 1.397561881795683414e+00
-1.074334509847486130e+00 6.738457291143793437e-01 -1.876264850675189999e-01 -2.578062064976686663e-01 -8.872477759653101259e-01 -4.679192323987005353e-01 1.359374657496458916e+00
-1.205422761492092265e+00 8.164518460518417342e-01 -3.321553030514076688e-01 -1.624980333617934147e-01 -7.800279853943840047e-01 -9.832516040758393361e-02 1.244617115832122201e+00
-1.262791070164764440e+00 9.205139823194030679e-01 -4.783921141301268887e-01 -1.164869097796649156e-01 -7.465788865655953455e-01 1.817615526654761671e-01 1.057717423218084374e+00
-1.242775761888577746e+00 9.767472081657008198e-01 -6.191310293035983126e-01 -1.298956971968065754e-01 -8.112560540817443933e-01 3.202685984276250619e-01 8.034830285852085918e-01
-1.180856546154134934e+00 9.493701645154114521e-01 -7.165524368497587782e-01 -2.005203019252446983e-01 -9.448885621524756306e-01 3.746404920849389364e-01 5.258081612435471230e-01
-1.118408499760051189e+00 8.345808760174655561e-01 -7.454019705533508899e-01 -3.209495884721219605e-01 -1.085075209220766279e+00 4.160095333704592613e-01 2.747811459343985074e-01
-1.049664814328239659e+00 6.997825835703341824e-01 -7.490672659962233082e-01 -4.538205959879793583e-01 -1.190969317951519502e+00 4.379908957605867514e-01 4.309098827549096011e-02
-9.354631020084045456e-01 6.237948537007785843e-01 -7.996772713852654535e-01 -5.413262265483710367e-01 -1.249726169984587409e+00 4.086673807947460157e-01 -2.162270452184074376e-01
-7.609787887363813619e-01 6.132072191246311643e-01 -9.038631928455630460e-01 -5.581662535716053197e-01 -1.240068251753600137e+00 3.474912770450626631e-01 -5.110238810175000701e-01
-5.472830226520515318e-01 6.165129557903581414e-01 -1.000831215515133987e+00 -5.194198042077411426e-01 -1.127816716832760857e+00 2.981330429435506968e-01 -8.026787514966748915e-01
-3.243994434661087722e-01 6.055569537957037340e-01 -1.054231509275693535e+00 -4.152218857221542936e-01 -8.979144114674945110e-01 2.721052965799461432e-01 -1.070186240139284983e+00
-1.233397195379327960e-01 5.858278309659123995e-01 -1.082634658209660206e+00 -2.019000564901275996e-01 -5.573296749875437106e-01 2.645957240526129461e-01 -1.319221858902677624e+00
3.091784000572738930e-02 5.393741351752782132e-01 -1.101557429244096165e+00 1.043591409195257919e-01 -1.135052400179888676e-01 2.839689699281228163e-01 -1.530356830886181907e+00
1.415629965589863259e-01 4.119279774514713610e-01 -1.090785728356373552e+00 3.890793405048528775e-01 4.153327823214485459e-01 3.296503015809110759e-01 -1.650159527569614148e+00
2.312502971820848685e-01 1.578875535324333335e-01 -1.014769918887956868e+00 5.358695622071492082e-01 9.795967850466098525e-01 3.788399744662666047e-01 -1.638639657847413167e+00
3.009608260732996587e-01 -2.235445241243956271e-01 -8.428502973658769104e-01 5.169926989903081971e-01 1.514176357843593612e+00 4.163000153027356376e-01 -1.488942454052671449e+00
3.218913327667582980e-01 -6.855888375529489709e-01 -5.592211983058049674e-01 3.731787199623602391e-01 1.956996954643542175e+00 4.386878620623586578e-01 -1.202705092604312798e+00
2.709370529891547696e-01 -1.139537246324942243e+00 -1.812236139206986896e-01 1.636376126759545302e-01 2.239238572622904488e+00 4.249139604913848567e-01 -7.919603963064595353e-01
1.495992124011873425e-01 -1.484512200020813744e+00 2.399727398303839743e-01 -5.811722258638243876e-02 2.297749558061989106e+00 3.559576154179269758e-01 -3.031063622401405366e-01
-2.181821823271431690e-02 -1.677857572457285951e+00 6.642086474173144461e-01 -2.809107499583590739e-01 2.128988007432472962e+00 2.627469308134660064e-01 1.965253975068342041e-01
-2.051795754589719190e-01 -1.756820772679085874e+00 1.089597294820789486e+00 -5.475116314376697879e-01 1.805139240783883547e+00 1.992645039869668788e-01 6.480718800335061314e-01
-3.530961554153562165e-01 -1.755699810351960322e+00 1.499912565163672218e+00 -8.724488858332478669e-01 1.406936871256805111e+00 1.638624008333749715e-01 1.000822417241254314e+00
-4.336756417563999988e-01 -1.651907243428501371e+00 1.823416175632195158e+00 -1.168669637051331200e+00 9.691496390383763648e-01 9.819514373355059389e-02 1.209124351605109560e+00
-4.528963748814241463e-01 -1.425550657129239784e+00 1.986666734536094214e+00 -1.316177615564362746e+00 5.174044966712463278e-01 -2.095378979013867715e-02 1.262112061844763655e+00
-4.460884793557645112e-01 -1.108128525820137877e+00 1.972073105094435563e+00 -1.270595095644442507e+00 1.020373814270519736e-01 -1.507821971878710865e-01 1.202577230737582159e+00
-4.331047693429961876e-01 -7.535679811025196573e-01 1.805547895246759849e+00 -1.068933442447157711e+00 -2.445643299342895871e-01 -2.656255944414717685e-01 1.089340903918559533e+00
-3.978326610359934623e-01 -4.073734099653645302e-01 1.524963314886076615e+00 -7.814097284057888171e-01 -5.362679368156628712e-01 -4.006507129964007041e-01 9.570110034139036603e-01
-3.296120102940189867e-01 -1.067727301898836884e-01 1.177527703887301103e+00 -4.902692543059427588e-01 -7.934111282454332503e-01 -5.835059210689630405e-01 8.336975114149461907e-01
-2.516524849901835559e-01 1.227622581683609770e-01 8.208517676975375377e-01 -2.790395247744902330e-01 -1.015492235606803906e+00 -7.884749436749952656e-01 7.589564616865029922e-01
-1.845421134023766674e-01 2.801155906928449180e-01 4.950119253945211018e-01 -2.032708982641019402e-01 -1.201763302665043831e+00 -9.799720023258606805e-01 7.426993554495933125e-01
-1.224218037594628772e-01 3.720821517524300903e-01 2.120233153639813628e-01 -2.664179158209080689e-01 -1.351004407015268249e+00 -1.128981764943884913e+00 7.434522711689506291e-01
-6.353635534353292702e-02 3.838973912204936556e-01 -1.470184393814098420e-02 -4.365956368179066405e-01 -1.431602122412041878e+00 -1.181365592552662269e+00 7.236403708100171972e-01
-2.210781173694933988e-02 3.004141025441735557e-01 -1.726377923785579749e-01 -6.770733323731590314e-01 -1.396587478285304718e+00 -1.086769038539416865e+00 6.872157340520285151e-01
-1.738955438466916349e-03 1.489836631245305965e-01 -2.872256560601685882e-01 -9.356355122388648748e-01 -1.236219269844417212e+00 -8.610105961648101269e-01 6.400235576628160450e-01
4.363879266329451743e-03 -1.675751455516609478e-02 -4.111136577510512424e-01 -1.132249507809776734e+00 -9.778720953733390786e-01 -5.641404445724320649e-01 5.625997663952361227e-01
-1.440293263534504591e-02 -1.707960304343026925e-01 -5.700178227907917172e-01 -1.209015470631749301e+00 -6.317388259469395306e-01 -2.252772188381945428e-01 4.459337690960312184e-01
-7.673268926040729965e-02 -3.197445627992140382e-01 -7.510471306706770767e-01 -1.164602826919244549e+00 -1.865513326636834002e-01 1.489326482663353157e-01 3.123875087578764642e-01
-1.750357918968877546e-01 -4.528936217998181246e-01 -9.461505271336471123e-01 -9.924084614440145113e-01 3.244833322030597489e-01 4.979716250269443090e-01 1.870804932531225095e-01
-2.848629593158292783e-01 -5.281001431670354629e-01 -1.167411169449278585e+00 -6.482535263501127965e-01 8.089106931012365331e-01 7.272280541876342541e-01 8.628221872199418052e-02
-3.943760446294849453e-01 -5.305997302299505503e-01 -1.400619348798518571e+00 -1.462898405074193053e-01 1.190408978632411241e+00 8.178701599254264432e-01 3.459703903132802655e-02
-4.885813758728517198e-01 -4.994977133396264479e-01 -1.585089876841717649e+00 3.924871514225016789e-01 1.443594393457844793e+00 8.353903909555978613e-01 4.691361319940408336e-02
-5.321381123762884968e-01 -4.650098062979012292e-01 -1.665482658074337596e+00 8.570657684739529936e-01 1.542139167491471285e+00 8.323220124501585770e-01 9.604617208582462429e-02
-5.021834209087161494e-01 -4.157524712481990292e-01 -1.626162948283270904e+00 1.232194802649583032e+00 1.448873649710717304e+00 8.286320067767974917e-01 1.362184968310641009e-01
-4.097286278172355134e-01 -3.445166106369700332e-01 -1.470953297388511771e+00 1.531982149832889162e+00 1.175830987347303180e+00 8.620060242013745100e-01 1.433194804449318127e-01
-2.719833213368511582e-01 -2.560067655000150544e-01 -1.221864396605646164e+00 1.753374855961781664e+00 7.824831337521057639e-01 9.551864427548395486e-01 1.045975050414897078e-01
-8.975955884387819272e-02 -1.340950543185862043e-01 -9.356811934921925866e-01 1.908519462241351494e+00 3.179021128820973541e-01 1.054197321792702757e+00 -1.887152304620296232e-03
1.343485501206438670e-01 2.767848499818073224e-02 -6.717422404036585970e-01 1.990220799361735571e+00 -1.677154460492852328e-01 1.085285060815482705e+00 -1.750957167770850198e-01
3.773309356996606967e-01 1.921830025097831518e-01 -4.499966097120436936e-01 1.926058772599610558e+00 -5.949878795730841885e-01 1.029173536105455478e+00 -3.647520566529343089e-01
6.157341823907742651e-01 3.239900085273880737e-01 -2.680712674047855959e-01 1.655737200246036878e+00 -9.063467322239162627e-01 8.747287461497744721e-01 -5.189853325218107827e-01
8.376261075550042179e-01 4.193419547460422447e-01 -1.284642360677765716e-01 1.202158949077802630e+00 -1.098937929060595842e+00 5.857906034139513940e-01 -6.214649955006098514e-01
1.020089747216756937e+00 4.736383034246585688e-01 -2.490321760942064075e-02 6.308096541159234905e-01 -1.176566159942188605e+00 1.686729625960100287e-01 -6.587348620929706078e-01
1.135846393882382177e+00 4.682674682995703885e-01 6.693120115344097787e-02 9.609565725121959473e-03 -1.123582947936732745e+00 -3.075758225953394431e-01 -6.073104779528557540e-01
1.191900481770456821e+00 3.924706337132584100e-01 1.671783126633865080e-01 -5.748694087627965743e-01 -9.422950403707027744e-01 -7.743193772275757114e-01 -4.711045663999197108e-01
1.222487354550848782e+00 2.527639003918359384e-01 2.809348141785579234e-01 -1.018097548872583191e+00 -6.683764597892950521e-01 -1.177860508398663297e+00 -2.847309896007106933e-01
1.247767752979414890e+00 6.295493873557923836e-02 4.133084842442035223e-01 -1.257448452650818949e+00 -3.306400213448319469e-01 -1.445083523441318851e+00 -8.020034523581179298e-02
1.276419627187001415e+00 -1.575913620461028841e-01 5.675119638581715975e-01 -1.314604754240033868e+00 6.275766775176962187e-02 -1.510472055110834377e+00 1.109510722798450477e-01
1.325999845054839144e+00 -3.657650734171274398e-01 7.216622116142467069e-01 -1.240643452230234312e+00 4.811225467037578696e-01 -1.377723880759558650e+00 2.427272430172987827e-01
1.403938119291132214e+00 -4.997359452942463087e-01 8.394555338497854402e-01 -1.060954909171800464e+00 8.660474875008128404e-01 -1.108400586003327026e+00 2.776273058738998878e-01
1.499720943210048008e+00 -5.219360555372544175e-01 9.049643343843212229e-01 -8.054920046442985981e-01 1.177285657963597076e+00 -7.788698675154422935e-01 2.073895661588565087e-01
1.610935059884508247e+00 -4.314860833439037036e-01 9.122516904335168375e-01 -5.149717757825252873e-01 1.387997970495778777e+00 -4.899626152732752815e-01 4.354416739477393050e-02
1.734619215413520710e+00 -2.480891062358140664e-01 8.476161445783589876e-01 -2.018131227263309235e-01 1.458256626934011591e+00 -3.500658412185329582e-01 -1.825441454957396070e-01
1.826380881072920070e+00 -3.403242228437952654e-02 7.314073094052937485e-01 1.184399225388252375e-01 1.383047839794063316e+00 -3.755807679719265768e-01 -4.003705747343073162e-01
1.811429898353988488e+00 1.019602448439893422e-01 6.411397296356176057e-01 3.812629816860209631e-01 1.228579195845399097e+00 -4.639223287947613072e-01 -5.128923572766262984e-01
1.646546851583633231e+00 8.723622358456790959e-02 6.450646824530064105e-01 5.310380806527632558e-01 1.060354317820422887e+00 -5.153113693282820318e-01 -4.619280221207174852e-01
1.338656753529233301e+00 -5.779702323136512443e-02 7.428673618465609918e-01 5.810371011268132824e-01 8.881336698536774765e-01 -5.043140667595938931e-01 -2.686060949675620479e-01
9.183004204716259666e-01 -2.768530277701007902e-01 8.959000118506293964e-01 5.641810858715368138e-01 7.168700221688771856e-01 -4.159631981784628896e-01 1.539572818295075265e-03
4.410236250724803853e-01 -5.380434814421903855e-01 1.074991891714862202e+00 4.809262997575637910e-01 5.797432853598037950e-01 -2.204535248799330271e-01 2.768635351679846202e-01
-1.044442463896571097e-02 -8.186427936067149913e-01 1.262780677167926191e+00 3.285819288141663130e-01 4.956727886273781802e-01 7.195144283139326413e-02 4.876208375176793730e-01
-3.728559914855001933e-01 -1.084370341716230923e+00 1.444898579947756279e+00 1.233584958993374364e-01 4.564918896663187620e-01 4.105313224740811395e-01 5.956200738645185400e-01
-6.347731783385344162e-01 -1.298291576530035352e+00 1.611750961255718151e+00 -1.205170118192634005e-01 4.612951396891016298e-01 7.525526201182930475e-01 6.201578162259335780e-01
-8.027670664032455772e-01 -1.414117514233720785e+00 1.744037407297574616e+00 -3.708971374117684405e-01 5.020243891390592239e-01 1.042479944735287267e+00 5.977651681974347486e-01
-8.735490707943656119e-01 -1.361386219426507838e+00 1.790156104759039080e+00 -5.360941849108527002e-01 5.217168670688314691e-01 1.173079720203653364e+00 5.316598059416028921e-01
-8.587201213667271515e-01 -1.098451594486635541e+00 1.703219890359920052e+00 -5.332013453665579439e-01 4.568615206914811711e-01 1.064313957232378760e+00 4.163730096636849010e-01
-8.010016953209060375e-01 -6.897156098284981107e-01 1.514946951715733903e+00 -4.041326666031689330e-01 3.175753062383684378e-01 7.707684987333704996e-01 2.914695333861344606e-01
-7.477627868860061700e-01 -2.621124662588789067e-01 1.322768521018566679e+00 -2.737691151088534891e-01 1.631020198724382475e-01 4.314255113343905546e-01 2.281787823020907935e-01
-7.170072911048029907e-01 1.097078431733363446e-01 1.197589039418573975e+00 -2.106309644611913390e-01 1.311593291398152963e-02 1.305266022949911064e-01 2.582326809198136619e-01
-7.040545843115570968e-01 4.247357634086780243e-01 1.138846093296209228e+00 -1.916739591642554197e-01 -1.543022086407260518e-01 -1.158051861731431154e-01 3.406922090842500195e-01
-7.239438630997692137e-01 6.877052439593964728e-01 1.117558434035436976e+00 -1.802944074354788651e-01 -3.247368713919045469e-01 -2.537424856383331262e-01 4.152347804982166601e-01
-8.100029925616906157e-01 8.833514247362925786e-01 1.121151995074548546e+00 -1.729695655984626046e-01 -4.364678247582973181e-01 -1.927644369824359771e-01 4.566616164814484846e-01
-9.642481935952330607e-01 1.032384306635065752e+00 1.126868461026916179e+00 -1.321717666866586427e-01 -4.711015269788996762e-01 5.536753316888418791e-02 4.554814690797348575e-01
-1.144211173580132357e+00 1.196214008816475882e+00 1.078406151205235641e+00 4.424218575035534368e-02 -4.863035925883515409e-01 3.533963963934041996e-01 3.938368941643258236e-01
-1.297901155545355900e+00 1.385750790775200469e+00 9.396817933445883453e-01 4.003412617545434871e-01 -5.255367303445345195e-01 5.885450034063358649e-01 2.775377901410786552e-01
-1.392020582872752099e+00 1.527951758794542370e+00 7.407276306001505661e-01 8.242046017243919165e-01 -5.571130402253694491e-01 7.584506800269052995e-01 1.560515912052325427e-01
-1.408086405295794652e+00 1.543745509599637744e+00 5.391927138622366611e-01 1.132217344804461234e+00 -5.291523167634815117e-01 8.966084512258326589e-01 7.703410090106740937e-02
-1.341407503860518657e+00 1.421844965283632467e+00 3.559281413311185527e-01 1.218531665977969913e+00 -4.353726209748635667e-01 9.978785130630167810e-01 4.916489146660010107e-02
-1.219389698491921914e+00 1.201249667411430355e+00 1.712214225931490141e-01 1.091068846541851656e+00 -2.935255696173709739e-01 1.052550337878086051e+00 6.878204791368199011e-02
-1.094374920981279642e+00 9.027236845394508435e-01 -2.149971801850780045e-02 8.022076971511339361e-01 -9.755089761696511541e-02 1.094135438205861233e+00 1.567043443449125939e-01
-1.001883105960804432e+00 5.309839355738138478e-01 -1.992071640365554452e-01 4.103114750246228404e-01 1.567976924444623166e-01 1.157162131342029943e+00 3.385551423891184353e-01
-9.344978599291606791e-01 1.422080438643285871e-01 -3.555670729461838375e-01 2.929295584360715795e-03 4.134231255654124415e-01 1.206673028274958481e+00 5.879721298095744730e-01
-8.669977589483187641e-01 -1.711391543524687919e-01 -5.076295815262106270e-01 -3.214678405833925057e-01 5.762546641685892812e-01 1.173342642811386671e+00 8.306236941024142117e-01
-7.981116992817454125e-01 -3.632283083913992461e-01 -6.466069558899444347e-01 -5.202500990279492754e-01 5.894829833555039755e-01 1.051942999930398193e+00 1.012127460786766742e+00
-7.439656494689352861e-01 -4.376079925269492632e-01 -7.304265849451775372e-01 -6.074436192595183970e-01 4.518490669919622005e-01 8.903894591710540540e-01 1.123976930951250619e+00
-7.005001958207550672e-01 -3.990048888112711079e-01 -7.224064619133977461e-01 -5.995138051315651584e-01 1.666202795335601505e-01 7.063416857352925460e-01 1.173325673071461406e+00
-6.400622200398020656e-01 -2.631528591702252950e-01 -6.063340790576817740e-01 -5.110737336082397109e-01 -2.554256715889951512e-01 4.938975275043979707e-01 1.160123549109149055e+00
-5.379045939439954793e-01 -8.273639153894050968e-02 -3.795851103263338522e-01 -3.853182748986703765e-01 -7.503536807292390254e-01 2.771495740053633861e-01 1.080408428072341609e+00
-3.878212494917713804e-01 8.954714360442757315e-02 -6.578086551112376223e-02 -2.711003626159765312e-01 -1.222478224687523429e+00 8.781094347977003167e-02 9.358574283523345416e-01
-2.026079339304521776e-01 2.435737867121791633e-01 2.788804814769160201e-01 -1.699869977344451999e-01 -1.609847884851031807e+00 -8.202340942074395902e-02 7.366687763276996703e-01
-8.630471549920774518e-03 3.664763004466488061e-01 6.119030982262049223e-01 -7.979582774812124524e-02 -1.876259710305527406e+00 -2.420537779999008821e-01 5.098477582305172007e-01
1.732071350334536131e-01 3.878170627053599828e-01 9.392495754175648193e-01 -8.029715367002868143e-02 -1.964150765296193812e+00 -3.527504319676509348e-01 2.967918453545819180e-01
3.430757672315630225e-01 2.388480980291599887e-01 1.267514224602248163e+00 -2.691876068069524175e-01 -1.828260895323619017e+00 -3.759700611876021781e-01 1.199131451485510036e-01
5.003152659509184641e-01 -6.082899144962066601e-02 1.551291677972724159e+00 -6.324605143621672143e-01 -1.492340134300280452e+00 -3.290188902435352558e-01 -3.120664283855853829e-02
6.190973113579597564e-01 -4.293891147465607183e-01 1.723149927151819805e+00 -1.073031219169772843e+00 -1.015750936402141091e+00 -2.379390447056077273e-01 -1.703608611122371663e-01
6.698885958404632301e-01 -8.056846424384104255e-01 1.758569433694803674e+00 -1.525190275683574237e+00 -4.423734759982287934e-01 -9.170440300458862493e-02 -2.950536412456311042e-01
6.496941380253908882e-01 -1.162251205825131750e+00 1.684634251947147998e+00 -1.956672226314099206e+00 1.746174163571364846e-01 1.150234909524880944e-01 -3.970260850042486300e-01
5.731889187889606108e-01 -1.480390734007040798e+00 1.544594316375075715e+00 -2.316734525201248562e+00 7.572857599279435581e-01 3.572159501211303878e-01 -4.683186555758735437e-01
4.479542682398129361e-01 -1.764497941975115669e+00 1.389929076678320108e+00 -2.561136947938045694e+00 1.256712032066000129e+00 6.418436098632667175e-01 -4.938537279590581863e-01
2.778507485439566937e-01 -2.028539964992620792e+00 1.274482172865784468e+00 -2.670422541223820723e+00 1.659570324235521976e+00 1.005635514523267604e+00 -4.587498168952164890e-01
7.293626809251207987e-02 -2.227689261036765789e+00 1.211845148175968889e+00 -2.594650901206512206e+00 1.920652035981791350e+00 1.409006525128741805e+00 -3.622507428725910139e-01
-1.690176232881649143e-01 -2.260131767765719335e+00 1.165703992193112493e+00 -2.254046255285653277e+00 1.964721231056726136e+00 1.727112240525298770e+00 -2.054449577293753215e-01
-4.623378073066196081e-01 -2.059003260242542765e+00 1.100469248267152311e+00 -1.634017186682100720e+00 1.766558041809360269e+00 1.856827921168176632e+00 2.184978289300991069e-02
-7.872577097312514205e-01 -1.646756970645414819e+00 1.012765446137795511e+00 -8.289269324503435454e-01 1.376226097505140356e+00 1.761066584669606749e+00 3.155827233088795980e-01
-1.071456974333339085e+00 -1.112229478929149584e+00 9.147576435705915276e-01 1.231257308270489528e-02 8.842560953350817599e-01 1.450716011305180020e+00 6.256133214747866544e-01
-1.242021933494372732e+00 -5.668717720523540615e-01 8.173864704603742704e-01 7.531095961694492802e-01 4.054490011627941981e-01 9.952998789970828319e-01 8.747952634173082886e-01
-1.268851773254626947e+00 -1.079374606796944108e-01 7.321397979240671372e-01 1.298049546735089210e+00 5.973403088109493358e-02 5.058980066567556610e-01 1.009467208922817161e+00
-1.136144005543993973e+00 2.133492090692576670e-01 6.590994371588633216e-01 1.601523613306645721e+00 -8.495876881282510285e-02 5.500315678603929365e-02 1.000833927110311272e+00
-8.182576459931819590e-01 4.017186730368106362e-01 5.666774174134973086e-01 1.677399730697637370e+00 -4.857919332723020095e-02 -3.572467953047825939e-01 8.119772795634490059e-01
-3.264936376310391686e-01 4.753571427535966398e-01 4.265656092274535127e-01 1.573580748992500666e+00 1.000255901283039345e-01 -7.291744793113951184e-01 4.280244132822178527e-01
2.474416801789041664e-01 4.223886357137355829e-01 2.726343235304248269e-01 1.320817649774789659e+00 3.128391862347967844e-01 -9.841110211687592590e-01 -8.659847005376429541e-02
7.715573254135665859e-01 2.363698929074976862e-01 1.795053470162480402e-01 9.353483619928086856e-01 5.695084477384537713e-01 -1.030864995038347720e+00 -6.118920735407267220e-01
1.154495720461616859e+00 -2.619650936749935710e-02 1.871534626353416608e-01 4.633381080078835534e-01 8.207642574834825844e-01 -8.855990261186492685e-01 -1.048565848239734644e+00
1.376700139572245574e+00 -2.637558511563383723e-01 2.721896825209887960e-01 -4.981403553328165972e-03 9.754503146516696477e-01 -6.700530204433402526e-01 -1.358425705299348696e+00
1.456020725484149514e+00 -4.010674313367361132e-01 3.793858741569618442e-01 -3.776296518597848095e-01 9.671846125381385884e-01 -4.910037369758240011e-01 -1.543752247491386731e+00
1.409008809916680205e+00 -4.298608611219036924e-01 4.612415860985730753e-01 -6.272530236497638745e-01 8.144221057328471236e-01 -3.540841080756199633e-01 -1.608951309342544933e+00
1.260359439174778329e+00 -3.879021690674629430e-01 4.913164046324599021e-01 -7.961854263602736737e-01 5.990447807781612566e-01 -1.961569159996358613e-01 -1.568395254924470850e+00
1.066535879765445172e+00 -3.195649733830244754e-01 4.612153842813219717e-01 -9.231838713325420942e-01 3.977330541549282672e-01 2.608838397194635991e-02 -1.473482199657070169e+00
8.884447640780548383e-01 -2.595173896641095324e-01 3.807893950016157936e-01 -1.003806916354829770e+00 2.559054356504193994e-01 3.160066616808056561e-01 -1.383565488384385089e+00
7.548304288776394033e-01 -2.174630962412180957e-01 2.671493462060616220e-01 -1.019883238617941501e+00 1.957950084265280832e-01 6.511388570818249510e-01 -1.323745783063982273e+00
6.883099526197359319e-01 -1.481156013313343345e-01 1.103632447592531735e-01 -9.358402523059995426e-01 1.864954510444701286e-01 9.321692445406879468e-01 -1.306242513729187538e+00
7.273953325061223163e-01 3.111469128047369623e-02 -1.306541639579508751e-01 -6.827829351570479099e-01 1.334219474398335437e-01 9.886489750573678181e-01 -1.357023804648411103e+00
8.733916854206521529e-01 3.502134749370361400e-01 -4.677114505403128786e-01 -2.377445552423423092e-01 -3.221720236812268545e-02 7.375980187987476455e-01 -1.472500751787946038e+00
1.055233147395661542e+00 7.368638211620800460e-01 -8.450381160730283669e-01 2.998572187433585778e-01 -2.777413296574348101e-01 2.852062252779591911e-01 -1.581821091101913046e+00
1.185858345082381637e+00 1.099454830581435782e+00 -1.200261259969922278e+00 7.931725392969981581e-01 -5.299589113210306790e-01 -1.931215062985546793e-01 -1.608302625423801979e+00
1.221269094494149998e+00 1.427946904503951231e+00 -1.533041310139644064e+00 1.201961086952416657e+00 -7.675532690665696212e-01 -6.123472360344395238e-01 -1.543986031671715775e+00
1.156493410240251540e+00 1.751383695601838264e+00 -1.862597883527678411e+00 1.551473025258238270e+00 -1.000842565200760426e+00 -9.589858818605330182e-01 -1.425415114178900433e+00
1.004070383124265664e+00 2.045676921879255428e+00 -2.152475287173522212e+00 1.818239642742026874e+00 -1.210668689208425519e+00 -1.198379620043929394e+00 -1.276758969310537672e+00
7.892455047505926302e-01 2.257696644417102494e+00 -2.336981572253671313e+00 1.938784487996100259e+00 -1.367450916081471401e+00 -1.287808198149575700e+00 -1.111730103873298070e+00
5.452917350672620289e-01 2.363612726276242082e+00 -2.387290789703525817e+00 1.883603204226491412e+00 -1.466346884156164210e+00 -1.220298951043791824e+00 -9.523122870268436735e-01
2.963835602478556153e-01 2.348631104250775703e+00 -2.303752098593015329e+00 1.654802595457738112e+00 -1.499144565966150866e+00 -9.969594162353182520e-01 -8.096287571594940058e-01
5.122401412946308435e-02 2.195843485170839493e+00 -2.094461638749442134e+00 1.271387790854080713e+00 -1.438605338857728233e+00 -6.188689695719489237e-01 -6.739477049322482038e-01
-1.866306585387504657e-01 1.938840233417105097e+00 -1.808992668359350908e+00 8.178548368354324749e-01 -1.283399296362668363e+00 -1.497733766908119213e-01 -5.422688106464766955e-01
-4.227724306160540180e-01 1.662831927720844982e+00 -1.540660445101779574e+00 4.273863568474874364e-01 -1.069405254785704029e+00 2.880385424539968486e-01 -4.172601241914771775e-01
-6.688381949285178152e-01 1.421346465219278210e+00 -1.354449300353894436e+00 1.608272808532208720e-01 -8.159819987919629813e-01 6.171563497349472627e-01 -2.791874652573601567e-01
-9.101229957568817142e-01 1.204278080933073980e+00 -1.244059433247483248e+00 -1.513543355514675517e-02 -5.142031748295435856e-01 8.305648843023137884e-01 -1.062234012477859396e-01
-1.102089704026098405e+00 9.919232384190055374e-01 -1.163764452299642205e+00 -1.258477824598103756e-01 -1.766281809026099825e-01 9.180628316879043682e-01 9.018304362470246083e-02
-1.204458798085415783e+00 7.685545925747261364e-01 -1.054786191438347398e+00 -1.750338121998039342e-01 1.570489607608491767e-01 8.634001447942338814e-01 2.850438002294023443e-01
-1.200516224063958415e+00 5.011799042251419145e-01 -8.523543342699564374e-01 -2.095605273158448745e-01 4.620699996242824681e-01 7.090291011455404080e-01 4.665582567774538836e-01
-1.102057928306782397e+00 1.974885716043493222e-01 -5.356102103079606325e-01 -2.776382086489020962e-01 7.207853779200941169e-01 5.397558021048736165e-01 6.169541032902342570e-01
-9.446608147708571712e-01 -5.185769936575565509e-02 -1.568949780204232924e-01 -3.489411577363455974e-01 8.872347116913922305e-01 4.057867596615263306e-01 7.024310613921829205e-01
-7.623427213270040914e-01 -1.673437710234167430e-01 2.237111564184117440e-01 -3.694059025556199471e-01 9.179339136770976459e-01 3.154318979635674092e-01 7.057246062091604433e-01
-5.713398906993302218e-01 -1.565241952158674121e-01 5.902398257289566130e-01 -3.393317607723286833e-01 8.105328397203942492e-01 2.641510803121334683e-01 6.486241622510856564e-01
-3.799635066162241892e-01 -5.077728167589164177e-02 9.280228236634842087e-01 -2.646479495969848994e-01 5.667222939114263669e-01 2.108210873144469033e-01 5.730681765461332899e-01
-1.985737592818857811e-01 1.440951044394625236e-01 1.186154410506932155e+00 -1.222187875054474709e-01 1.798196854922186894e-01 8.454277367943979771e-02 5.066732744369764063e-01
-4.016025511523723529e-02 3.983223838591148924e-01 1.315236326913244547e+00 6.940034753947460500e-02 -3.043912491952197041e-01 -1.324102054896215130e-01 4.539775360492829259e-01
8.348975271030610601e-02 6.391447807432302231e-01 1.302783258533618094e+00 2.343932351020471261e-01 -7.828224634821913108e-01 -3.808647339650458874e-01 4.110470335701630895e-01
1.633792208196180595e-01 8.054264734739310372e-01 1.159052386491140396e+00 3.283332338701754893e-01 -1.166627995887666636e+00 -5.909226417118120800e-01 3.711214844528316625e-01
1.842640952842516389e-01 8.674081169262024549e-01 9.159280838851527884e-01 3.766061858913121174e-01 -1.407553719413664917e+00 -7.112575560748916059e-01 3.321995012579717077e-01
1.332945820989091257e-01 7.959703778796196616e-01 6.382208583454208606e-01 4.079751474221078866e-01 -1.463779785414684342e+00 -6.935064501226874123e-01 3.003691473216510976e-01
3.481691661084942296e-02 5.738461592672099432e-01 3.873610979221606132e-01 4.140739186337171751e-01 -1.309897217381436052e+00 -5.283910023138154166e-01 2.665972972262717344e-01
-5.635886151219834939e-02 2.306075494991662866e-01 1.855600490247522050e-01 3.846422557778138573e-01 -9.805555150063486325e-01 -2.768053003425704484e-01 2.082676553047776158e-01
-1.120337673904209796e-01 -1.830952984330863620e-01 3.967640124099573729e-02 3.110209278437151559e-01 -5.379559420720616547e-01 -2.059999507786248237e-03 1.293891953191091404e-01
-1.456801786018546985e-01 -6.372303423408079981e-01 -2.599301085622611820e-02 1.578953086167433906e-01 -2.127289993036530352e-02 2.781023389990698869e-01 6.683202094563403528e-02
-1.677708473105233855e-01 -1.113429335298803613e+00 2.134570285237732609e-02 -1.102286697325284559e-01 5.276026913098371685e-01 5.413845580600080698e-01 5.218815949763452866e-02
-1.636491002198540434e-01 -1.591208924969394589e+00 1.969198443744743787e-01 -4.872556752805807800e-01 1.049194916094720043e+00 7.456987598860818078e-01 9.148887196844079917e-02
-1.133746477243194883e-01 -2.043257532749847005e+00 4.786174654421906927e-01 -9.171266594058519184e-01 1.495749735621489940e+00 8.678880481416916259e-01 1.719223182015555684e-01
2.069880345702030874e-03 -2.409641181812185451e+00 7.893539396207098768e-01 -1.297970464174809990e+00 1.820128290490420575e+00 8.805896798966934558e-01 2.563834605327850458e-01
1.983926241972501781e-01 -2.603758912373363099e+00 1.009817496016674587e+00 -1.515398898200578826e+00 1.954339924400529060e+00 7.165726031500121440e-01 2.903279984373835498e-01
4.519094470802501595e-01 -2.567947360756379638e+00 1.033320372423290445e+00 -1.505873339859073567e+00 1.852472377686077643e+00 3.316579481560275044e-01 2.516947262565087384e-01
6.906040519918879017e-01 -2.311549772111762824e+00 8.206661756143421860e-01 -1.290942187891869430e+00 1.542856742900152955e+00 -2.148456325383908128e-01 1.774958675685529841e-01
8.508191505466711213e-01 -1.902093896958200414e+00 4.152517268818441409e-01 -9.492398054079066450e-01 1.110089997768341608e+00 -7.962056826743516558e-01 1.214365005336413561e-01
