1.105191038060941572e-01 5.456164139332698726e-01 -3.903393749386875333e-01 1.143451825266825095e+00 -5.562955958575035442e-01 -8.198449464905315232e-01 3.868928926831355364e-01
4.419673598103258105e-01 2.091313045939563464e-01 1.513130659097248476e-01 6.411025625112577453e-01 -3.628376252702971705e-01 -7.159876758855199252e-01 2.466686317474810763e-01
6.993826436345996767e-01 -1.209949496410928221e-01 6.647908550095922298e-01 6.161948153885270923e-02 -1.573798803569947946e-01 -5.388917511516027048e-01 9.083487997371345046e-02
8.561285067620124645e-01 -3.500491918631220001e-01 1.046941716260602950e+00 -5.023766299843849259e-01 4.506952088843448750e-02 -3.044825971548061339e-01 -1.316686805638328794e-01
8.724579230283721065e-01 -3.887465916908557917e-01 1.172782246156346186e+00 -9.203276735364505079e-01 1.963466462533771106e-01 -3.390830966927072671e-02 -4.230954369461543685e-01
7.011464814405098389e-01 -1.962145645905703228e-01 9.464259412289918183e-01 -1.083580587753171010e+00 2.368387516676856153e-01 2.685537015511391679e-01 -7.012697743724520816e-01
3.616927080429973573e-01 1.745417269754598877e-01 3.958289461289319355e-01 -9.668634474256775357e-01 1.560523373850728202e-01 5.840312203221245113e-01 -8.599944490120190466e-01
-2.018983043004567851e-02 5.633033523228431205e-01 -2.821366678329575994e-01 -6.409730488279556937e-01 2.137546305291363608e-02 8.536750986294832089e-01 -8.412739844407722822e-01
-2.926175850246022780e-01 7.826741414910516337e-01 -8.195260294044909299e-01 -2.273488159232442685e-01 -7.333785726183203457e-02 1.009018595038279731e+00 -6.503703165826811849e-01
-3.993374016989763575e-01 7.472231223018239721e-01 -1.051608872839719044e+00 1.658662659699725872e-01 -9.117730523529377074e-02 1.010192762057589455e+00 -3.341061237323071920e-01
-3.954206839906047599e-01 5.155333178051789700e-01 -9.842251471158280918e-01 4.697908679507391549e-01 -5.039488090190613612e-02 8.627816011779629868e-01 2.894222795206561130e-02
-3.478190963921615753e-01 1.878866970340979659e-01 -6.965223866338321468e-01 6.408153570004863075e-01 5.170982997294681222e-02 6.110459562020663649e-01 3.448997308926928795e-01
-2.753520880528051440e-01 -1.948324375598533831e-01 -2.476988257437512941e-01 6.616926340593216604e-01 2.384886025857370084e-01 3.060940111223542370e-01 5.598290418240795541e-01
-1.946026723735772290e-01 -6.098140874497051112e-01 2.915824860222284154e-01 5.609036608648677591e-01 4.769921311277064979e-01 -1.401196304784160795e-02 6.864424118115064477e-01
-1.549871932146659192e-01 -9.805682694088142526e-01 8.001435036719939387e-01 3.991738603631627136e-01 6.775190854837559451e-01 -3.124339211592764842e-01 7.544572054182413501e-01
-1.995038530399191046e-01 -1.213486348051383779e+00 1.158042821909998743e+00 2.361040427434235867e-01 7.684077770156845233e-01 -5.522788113512423491e-01 7.662176170253067742e-01
-3.304896660510920903e-01 -1.260905593340424735e+00 1.295771906063190482e+00 1.225150422776348919e-01 7.216546460880007841e-01 -7.221619139248026675e-01 7.181690079635489887e-01
-5.126275762265926073e-01 -1.119131423302196948e+00 1.188117231767748194e+00 8.961738624728224356e-02 5.419295924793114949e-01 -8.411770393825972469e-01 6.229773303994050604e-01
-6.689878427140125705e-01 -8.231735637970070130e-01 8.667439075787505276e-01 1.128675714408114011e-01 2.907593841278176550e-01 -9.215717364690422242e-01 4.884706041818917543e-01
-6.888623873584461821e-01 -4.552685128086327859e-01 4.310511433974607010e-01 1.269747352559993381e-01 8.032671119237830282e-02 -9.556007582962133817e-01 3.058588475550477193e-01
-4.884036223111750119e-01 -9.919738518242757208e-02 -1.497562461518996482e-02 1.041287018101988426e-01 -1.058149693257400860e-02 -9.460996531709070512e-01 7.214987916603937679e-02
-6.677923843254539304e-02 2.129628181762078798e-01 -4.163209409804686789e-01 7.314492927754046026e-02 1.133845073817045003e-02 -9.078750873879678496e-01 -1.923961045030772865e-01
5.057795102333779713e-01 4.724115376686950363e-01 -7.263366403554643025e-01 5.719192417507774906e-02 9.366500604480386405e-02 -8.427744144856748054e-01 -4.548085387684304703e-01
1.115612772195209601e+00 6.456159928966492823e-01 -8.697353269867879044e-01 4.309762366411194756e-02 1.796964633365481234e-01 -7.373796540617596484e-01 -6.786608192335423784e-01
1.607099432368230385e+00 7.070031745121045930e-01 -8.044695572905977698e-01 1.425330699640601356e-02 1.944399796617460319e-01 -5.867103465111962457e-01 -8.149279736336507707e-01
1.824683706536900374e+00 6.994916841061530333e-01 -5.985497024073311856e-01 -2.295615469460120586e-02 5.233075763246188006e-02 -4.176709368672039679e-01 -8.139178262626304283e-01
1.707818821095894668e+00 7.017935634429803837e-01 -3.861598959731531444e-01 -5.924933257374976475e-02 -2.621034625910463878e-01 -2.660214526782305744e-01 -6.661141532592680381e-01
1.330898720069326746e+00 7.343131068266824935e-01 -2.441419973473071547e-01 -1.015380623385526426e-01 -6.504242653669985996e-01 -1.401539893870465125e-01 -4.185596486566338092e-01
8.296217383229428366e-01 7.522915015210057676e-01 -1.645857752217478043e-01 -1.470424465292933247e-01 -9.810083700436614818e-01 -3.142757495725503891e-02 -1.408656184637214481e-01
3.003910442802187331e-01 7.254788912387417632e-01 -1.301684620032399764e-01 -1.688350674582217992e-01 -1.191863594047985808e+00 6.848363045151649453e-02 1.206230236449288978e-01
-2.092694475059413695e-01 6.661168138903567071e-01 -1.438680317334653236e-01 -1.485197113381407918e-01 -1.289680688165379285e+00 1.615688285316072004e-01 3.417831516469890252e-01
-6.483002118387302115e-01 5.844207059161156126e-01 -1.993618570680804614e-01 -9.559554029041711365e-02 -1.276825605478028258e+00 2.430475223500599691e-01 4.859721089897960367e-01
-9.583797998235125126e-01 4.658847149287634881e-01 -2.716327245440569027e-01 -2.786684662405508606e-02 -1.126737226537457337e+00 3.242186933221176681e-01 5.101421764978537610e-01
-1.106090154173843931e+00 3.005502500081317918e-01 -3.297513355312181038e-01 4.338600418439280543e-02 -8.326037475848165892e-01 4.350639711069554383e-01 4.052237319518265934e-01
-1.074697667813176105e+00 1.093039736170048487e-01 -3.422313563741393172e-01 1.034266534056252490e-01 -4.370781800266959616e-01 5.806808328762481652e-01 1.966054289110751307e-01
-8.402954308499848146e-01 -6.732866600087696052e-02 -2.825770703213575930e-01 1.325284542591784742e-01 -6.230070827436927881e-03 7.125670174312253025e-01 -8.910272704089007567e-02
-4.031056234746681621e-01 -1.903735879486709304e-01 -1.541489792100796674e-01 1.332931261573140347e-01 3.913563682525593168e-01 7.578650454246255164e-01 -4.250945727298845456e-01
1.585346097984629277e-01 -2.273526781498866889e-01 -8.801776560590302348e-03 1.454397653092780185e-01 6.787521543243120181e-01 6.740706934166428299e-01 -7.571053173191015784e-01
7.041896724718064160e-01 -1.580792069384246989e-01 8.497225937097219184e-02 2.121983460883461459e-01 7.852294994102355652e-01 4.752692105308984338e-01 -1.010442890619861256e+00
1.103107612715871211e+00 1.101950579277118786e-02 9.244724796651283827e-02 3.430702690321872361e-01 6.830965982696670658e-01 2.147215864748701630e-01 -1.133347617700948717e+00
1.280500291879685504e+00 2.401905959978886951e-01 2.534445686564546982e-02 5.176493816150712357e-01 4.027750802356723225e-01 -4.587115121831437936e-02 -1.119340933274237004e+00
1.223229557678590318e+00 4.589483458054813836e-01 -6.960635210770199643e-02 7.036591209376540368e-01 2.385284536143432790e-02 -2.526388375069025249e-01 -9.934833664178378543e-01
9.635840191451197079e-01 5.896959941632231583e-01 -1.319355236051072411e-01 8.648542514292242300e-01 -3.485257313851304883e-01 -3.667169896788652350e-01 -7.939968339832864652e-01
5.629751628002049868e-01 5.948041444678143774e-01 -1.217270850535518700e-01 9.659694068954485235e-01 -6.148535390507241516e-01 -3.664858432326399962e-01 -5.718829730374300757e-01
1.129714363199212923e-01 4.994047809815937988e-01 -3.980467664890816742e-02 9.811140691874442599e-01 -7.025899597205308433e-01 -2.499526446490036857e-01 -3.920754926548515318e-01
-2.730704763365709442e-01 3.611962428421457427e-01 8.005907692763156169e-02 9.032403431264127702e-01 -5.844352943843690307e-01 -4.584579253561622825e-02 -3.068648704530433369e-01
-5.023203023626440222e-01 2.264700384175149794e-01 1.872674682515683697e-01 7.467948693136190474e-01 -2.884452832450366544e-01 2.004739629838471482e-01 -3.242783948042481379e-01
-5.530376042849279861e-01 1.188084955578663504e-01 2.249729767204266817e-01 5.402376962319044296e-01 1.165376714010607634e-01 4.786206000903949764e-01 -4.087892593064688107e-01
-4.761834753270147713e-01 4.078137350734430122e-02 1.627690870397672518e-01 3.040864836122971759e-01 5.516299950368417360e-01 8.218951687296115471e-01 -5.077181462368652864e-01
-3.221686260426078197e-01 -4.341069760965756558e-02 6.797161520083506991e-02 3.530254694656585757e-02 9.534879047297079024e-01 1.209161021101652800e+00 -5.897012173122372358e-01
-8.701404286483747919e-02 -1.753924328133699972e-01 8.363640433497099291e-02 -2.561114728652675865e-01 1.246413639365139492e+00 1.469191007331520193e+00 -6.631484956910768114e-01
2.277874182109747847e-01 -2.997500322308439547e-01 2.329352632772174747e-01 -4.984246083851955333e-01 1.296489138674831398e+00 1.385457545243327093e+00 -7.334004770558544273e-01
5.532166496702690672e-01 -2.679370853877572900e-01 3.325988174146159992e-01 -5.967604658257902317e-01 9.889366413170851411e-01 9.253351362487197695e-01 -7.605257019283854225e-01
7.943047972667734991e-01 -2.784636126295034382e-03 2.069458780963381872e-01 -5.199030907588328976e-01 3.638572862125317164e-01 2.767143199314641144e-01 -6.891736992847700138e-01
8.756799691707826128e-01 4.012478090813061948e-01 -1.132841500937447760e-01 -3.108013655583923840e-01 -4.063949508374928854e-01 -3.363251863382262785e-01 -4.887842092872123345e-01
7.428173331093456122e-01 7.633864430072850871e-01 -4.566200463458296999e-01 -3.591123267309284661e-02 -1.137716832028573988e+00 -7.759197565467104152e-01 -1.665776163623905182e-01
4.038535780811469134e-01 9.410225402893814817e-01 -6.504925329165851533e-01 2.340658099875272680e-01 -1.651323231374360434e+00 -9.621912490975944587e-01 2.043763988529624376e-01
1.064596424570200513e-03 8.540275686478168149e-01 -5.612478486193988036e-01 4.186910931282906145e-01 -1.744876176520098854e+00 -8.642404283475825233e-01 4.716215073923801793e-01
-2.287623401932303846e-01 4.789398758739765172e-01 -1.424056770076636558e-01 4.601204416770971473e-01 -1.282285777087332379e+00 -5.461075924076463917e-01 4.735213678564856310e-01
-1.336326460345428069e-01 -1.040567759238094775e-01 4.740153673715796212e-01 3.761804023539721542e-01 -3.275547186916508147e-01 -1.317536911604357819e-01 1.548449653523503722e-01
2.393666913475910041e-01 -7.230440892648987150e-01 1.029384188276748935e+00 2.492880372952013535e-01 8.749843744229147680e-01 2.901844992366158227e-01 -4.019675689758024362e-01
7.101139648372423174e-01 -1.228302223282368599e+00 1.327851298481735220e+00 1.585817318881227456e-01 2.033064833697968421e+00 6.827220117519493536e-01 -1.043398781207914627e+00
1.066769924618278464e+00 -1.529565246546480184e+00 1.305611104211172879e+00 1.495278050589526064e-01 2.872541223340347116e+00 1.015293650082203403e+00 -1.600977611515011834e+00
1.130761297350113548e+00 -1.532249866204363764e+00 9.527246959719053443e-01 2.440433614798875328e-01 3.163973070290211353e+00 1.241073225656934564e+00 -1.926862532907304137e+00
8.376391193053012163e-01 -1.180753126052010327e+00 3.092507082906579829e-01 4.269167939952812074e-01 2.810283744431186559e+00 1.307384423666362983e+00 -1.935147303304273425e+00
2.815369403690997085e-01 -5.838556328083047697e-01 -4.595876808588384432e-01 6.294998642335398742e-01 1.914998130090815653e+00 1.191878639681505092e+00 -1.615763632942730066e+00
-3.497807848410930398e-01 3.102273145247205766e-02 -1.114378354594218079e+00 7.656845565490064676e-01 7.140608122189849860e-01 9.222115027983962543e-01 -1.022341240165478116e+00
-8.904616099680228158e-01 5.005150151015352877e-01 -1.497499703922848147e+00 7.720690412190690521e-01 -5.512213272430743771e-01 5.502504356642039518e-01 -2.562211768613117946e-01
-1.242976957189043663e+00 7.739768386321904670e-01 -1.567475418197888937e+00 5.950779952258595795e-01 -1.665950883229662782e+00 1.337285053151073266e-01 5.472170711151046474e-01
-1.349853497017970083e+00 8.243568068631872414e-01 -1.315206945997331678e+00 1.936935676241232362e-01 -2.429655004842173671e+00 -2.607345951457022970e-01 1.240698237572382068e+00
-1.188468619528604941e+00 6.364635379676186755e-01 -7.600982528966935270e-01 -4.022427598923269398e-01 -2.724607120293385698e+00 -5.774512728365246428e-01 1.709404617298767581e+00
-7.990315378388537226e-01 2.730223549834095431e-01 -1.185028127566442775e-02 -1.077190576828885193e+00 -2.577135742550936026e+00 -7.982942935158617859e-01 1.907317074652371769e+00
-2.729263268236626905e-01 -1.473756602864970400e-01 7.662796700881091549e-01 -1.706559903749617746e+00 -2.094031357367766688e+00 -9.300125342444847121e-01 1.849600931277795235e+00
2.867067583358036131e-01 -5.430757839117573704e-01 1.456752322216529505e+00 -2.220212495591874280e+00 -1.373369042299083853e+00 -9.709425024420004213e-01 1.585278985833297183e+00
7.722833490621119346e-01 -8.811390506363170338e-01 1.995757375929889221e+00 -2.576141138840158717e+00 -5.181544244500747576e-01 -9.110589664713737434e-01 1.184337595057314729e+00
1.080329815218860956e+00 -1.123591226761073258e+00 2.333491987939588341e+00 -2.729958625562751706e+00 3.272182335236302753e-01 -7.573890702586205670e-01 7.259688833207059711e-01
1.154605394818036812e+00 -1.230605673912689157e+00 2.454521414398135981e+00 -2.668248511674768064e+00 1.024223576250524070e+00 -5.317207855482943835e-01 2.801880393519106671e-01
1.012551151254998949e+00 -1.204586205059824389e+00 2.400549474963422192e+00 -2.432711172192129734e+00 1.504907295592823102e+00 -2.521606892301227476e-01 -1.022707482895319347e-01
7.303644128270369018e-01 -1.100844058597083786e+00 2.248992089508879300e+00 -2.090767843830801720e+00 1.773646299587466890e+00 6.116075318061403587e-02 -3.916946481229349741e-01
3.956737958988217341e-01 -9.924764131534519196e-01 2.074197988537312742e+00 -1.697867805279187126e+00 1.863165225244534762e+00 3.821096872069406070e-01 -5.729595414838397627e-01
5.681290673822524118e-02 -9.179784180782410985e-01 1.906554041974856117e+00 -1.295515850373029298e+00 1.801517424256889655e+00 6.949828792085230855e-01 -6.384838780297160676e-01
-2.665285302600295947e-01 -8.831632266908749918e-01 1.745823034952128872e+00 -9.384620772730828397e-01 1.629871524591756327e+00 9.979785965518881419e-01 -5.954978268251024387e-01
-5.319914178795864812e-01 -9.114153217785864181e-01 1.622275479514300400e+00 -6.944340997884971278e-01 1.423703473699521771e+00 1.284797190449162851e+00 -4.716296747792357302e-01
-6.823309607507007657e-01 -1.029618801275329343e+00 1.583658333499161852e+00 -6.003133411332315372e-01 1.249007160502145775e+00 1.530736073207820347e+00 -2.992277544391453992e-01
-7.018118482243785872e-01 -1.203869330914918878e+00 1.615440279075530228e+00 -6.383966424929852224e-01 1.109764792753795248e+00 1.700265034423453558e+00 -9.665450748683954152e-02
-6.188248763528862995e-01 -1.356229714269778786e+00 1.641830193506391922e+00 -7.634874981260260096e-01 9.721918148727600739e-01 1.761610681669472100e+00 1.274997385179026388e-01
-4.631368677895917885e-01 -1.447957980776200193e+00 1.605937458453948974e+00 -9.300816251172603355e-01 8.204445026749952463e-01 1.697552618689021742e+00 3.608008681052093380e-01
-2.611766031810453526e-01 -1.496941409058583750e+00 1.497415861403152526e+00 -1.090483325431833572e+00 6.637267613147497247e-01 1.524183800072080208e+00 5.873443580472910153e-01
-4.889908496059570953e-02 -1.526869989907449154e+00 1.328293197386157143e+00 -1.205603396695259955e+00 5.174339175766751175e-01 1.298076033620128689e+00 7.880295010267257538e-01
1.535718655542092359e-01 -1.552387955700031297e+00 1.134998126046946387e+00 -1.272059116460586337e+00 4.060037046323105581e-01 1.079191390710687815e+00 9.326895479386276833e-01
3.581026020550531208e-01 -1.591139295542365328e+00 9.655918153642966129e-01 -1.302134993440200894e+00 3.534919712520883661e-01 8.838100414423107898e-01 9.900665862673406759e-01
5.679100358019032457e-01 -1.636048714169390239e+00 8.251563548759450750e-01 -1.280532884166157404e+00 3.432279637853321019e-01 6.909944803901854060e-01 9.536026552045083760e-01
7.512554286959602923e-01 -1.635720883994124852e+00 6.716499399175483997e-01 -1.180426470789660565e+00 3.161038143488673069e-01 4.832495670575947533e-01 8.433749660194723718e-01
8.790618859823432496e-01 -1.538348543482140895e+00 4.755138231450315445e-01 -1.005911930676746335e+00 2.267011449430023640e-01 2.601491544341931750e-01 6.817835627303077128e-01
9.516927883114499886e-01 -1.338477441135915269e+00 2.478635502482107178e-01 -7.882295614207593948e-01 8.090019758749515677e-02 3.581029579975378296e-02 4.806645283793287704e-01
9.748347332493848549e-01 -1.060313936480554275e+00 1.276387013219331366e-02 -5.565694484496687133e-01 -8.486685402447959048e-02 -1.557284579653536172e-01 2.482403371965832273e-01
9.488587621809446704e-01 -7.158361337433845062e-01 -2.164321110652590308e-01 -3.350911216561989758e-01 -2.362885413802702506e-01 -2.757178768851208384e-01 -8.398792535488284333e-03
8.918140730438383068e-01 -3.048071667595068646e-01 -4.328075980915696563e-01 -1.541901073526355248e-01 -3.440550799957432515e-01 -3.174152688220242546e-01 -2.887411405340473691e-01
8.380484994578535352e-01 1.551852591513489532e-01 -6.318454137820602723e-01 -3.747785749916168058e-02 -3.795267080800173165e-01 -3.105339737525503185e-01 -5.896842899029968166e-01
8.061976136896026324e-01 6.216210523268366206e-01 -8.099152752341838291e-01 1.625081288721226189e-02 -3.289941381235213513e-01 -2.818932802547504113e-01 -8.882160016794061752e-01
7.926091788520831516e-01 1.049733976058183860e+00 -9.547514686891084290e-01 2.139015395090415952e-02 -2.062611200552139923e-01 -2.375085266474685763e-01 -1.149804229042963755e+00
7.941313579213954421e-01 1.408249731647642777e+00 -1.044999670337743991e+00 -9.215835557352882942e-03 -4.410625068999411008e-02 -1.947928807140910656e-01 -1.350673468679620681e+00
8.103859675484419434e-01 1.676173700711987458e+00 -1.067983572488000910e+00 -5.296701321502335358e-02 1.137713460816171529e-01 -2.028965983419125652e-01 -1.472289345684825612e+00
8.276290901575472647e-01 1.842550285134712862e+00 -1.033297311080883851e+00 -7.532597883631589331e-02 2.152081296593532644e-01 -3.102438844704124565e-01 -1.486133260207153084e+00
8.309575805217399580e-01 1.909689324324889581e+00 -9.598136339369698344e-01 -5.697625882214599896e-02 2.256358366994563047e-01 -5.294044589825631641e-01 -1.376788790857508271e+00
8.306072821457368693e-01 1.891510497460478168e+00 -8.615483690260716809e-01 -1.587471796608866783e-03 1.579837299275460016e-01 -8.395847956743420770e-01 -1.179745177442768522e+00
8.525065287953200732e-01 1.809764445246669240e+00 -7.584310898324625461e-01 9.288152787074552275e-02 6.312606238286914973e-02 -1.193023431433236192e+00 -9.679530573317390862e-01
9.062272472906576226e-01 1.681422299151727362e+00 -6.792751807543659925e-01 2.479182797024006846e-01 -7.599695433175603955e-03 -1.518868743082018469e+00 -7.929560597487758100e-01
9.773445330298796696e-01 1.507863051354364270e+00 -6.412052405805972466e-01 4.775617451131355939e-01 -3.041354875349004325e-02 -1.749118219002191221e+00 -6.592519564043575198e-01
1.049242172522141470e+00 1.282623004982764270e+00 -6.340019665387190972e-01 7.562177269376065825e-01 -2.876502845906015338e-03 -1.837835428300937268e+00 -5.597522317123344582e-01
1.122986847564960922e+00 1.003325016117709412e+00 -6.216224780146295537e-01 1.025948662250648402e+00 8.513989796212852179e-02 -1.760561781253907609e+00 -5.140349578817421383e-01
1.208731819367816041e+00 6.918202124482558668e-01 -5.706982041971632169e-01 1.246712904579045933e+00 2.544511666512622727e-01 -1.519834586296152201e+00 -5.667325668442168007e-01
1.291555054921394108e+00 4.283083957137890918e-01 -5.062483750697382989e-01 1.436575866691559122e+00 4.952243052864953587e-01 -1.143373564923434005e+00 -7.538947209485393763e-01
1.320173957153071509e+00 3.320372755469175319e-01 -5.183947623469337129e-01 1.647901760987278363e+00 7.403096012905654444e-01 -6.716756986224254877e-01 -1.069722760159210972e+00
1.254728789228369168e+00 4.678112013708741190e-01 -6.710138357450582403e-01 1.908637682188192297e+00 9.097058594247434682e-01 -1.661233357161379376e-01 -1.471431293137774210e+00
1.115256276800218771e+00 7.970534825077046914e-01 -9.322092785609686905e-01 2.205553944540837641e+00 9.664729987732890715e-01 2.802694998010706318e-01 -1.902558522630327653e+00
9.551198745365389042e-01 1.237032624834998540e+00 -1.233989605958113245e+00 2.512404884632274182e+00 8.999326104332125986e-01 5.663855000530690909e-01 -2.291586541182923487e+00
7.992269526642172828e-01 1.719826392746945709e+00 -1.543774772929136452e+00 2.794414990160195789e+00 6.977691120836847505e-01 6.277415543699909062e-01 -2.556595220883317143e+00
6.482795955387431475e-01 2.163970394992809965e+00 -1.818879219433760630e+00 2.982464043680018495e+00 3.904603923895533235e-01 4.690666200960192933e-01 -2.646416178417775988e+00
5.297308522508210604e-01 2.448883349919344532e+00 -1.958763784514057527e+00 2.991596916239006809e+00 7.614212696981451090e-02 1.575870573748358594e-01 -2.564123713545295224e+00
4.799915600848932984e-01 2.482422047338132209e+00 -1.879735549478816159e+00 2.780509304680077509e+00 -1.572637935048019631e-01 -2.107188173590656688e-01 -2.335434080365551779e+00
4.776826901420414551e-01 2.267537133222703449e+00 -1.594568852176600160e+00 2.361945632630377823e+00 -2.900679674125226648e-01 -5.300134395672333465e-01 -1.981977551873393306e+00
4.495871351494596380e-01 1.870318372470794133e+00 -1.175786902750236340e+00 1.771795515769462703e+00 -3.246925012515834430e-01 -7.019702569876611342e-01 -1.543021936384554982e+00
3.310253359806100137e-01 1.371480497053402248e+00 -6.974218587083640397e-01 1.075949713346991965e+00 -2.587495440654456469e-01 -6.735143406725031534e-01 -1.086360778900389956e+00
8.631339085733936989e-02 8.740215295457302025e-01 -2.441004212930092954e-01 3.859272317456391432e-01 -1.359854301755103190e-01 -4.557403749183208119e-01 -6.709275893632044019e-01
-2.939833197663153652e-01 4.887118052103797683e-01 9.021522524561462197e-02 -1.814074269828242492e-01 -4.769460892208547687e-02 -1.048896211940602702e-01 -3.211224891780443680e-01
-7.735597149930044658e-01 2.693360658529186380e-01 2.482267821476189240e-01 -5.517075641049287160e-01 -5.255468531007466415e-02 2.967934790516933985e-01 -4.498953072470100734e-02
-1.266357250584202454e+00 1.867937153217785196e-01 2.306911573385170000e-01 -6.968349658343567787e-01 -1.438811676945828399e-01 6.567318352342548238e-01 1.571103748296857894e-01
-1.684893150751220148e+00 1.729534216171352279e-01 7.440750250274391631e-02 -6.287414975449420185e-01 -2.990254036605662913e-01 9.103826437231358204e-01 3.104335477667816146e-01
-1.989484527414908888e+00 1.693592287138705466e-01 -1.752821807755406691e-01 -4.027650465091620058e-01 -5.083014707444573066e-01 1.048758286653959537e+00 4.569029885752526332e-01
-2.174807201439944215e+00 1.321409562839598595e-01 -4.673888167213291478e-01 -1.008268741095754151e-01 -7.420084389741364861e-01 1.096622157210158433e+00 6.137218172242545622e-01
-2.234216600137127529e+00 3.433626322207564835e-02 -7.495466650253010954e-01 2.146554308552269807e-01 -9.433261573166636937e-01 1.073449617881993667e+00 7.568518803576593790e-01
-2.176174613237855215e+00 -1.023279490500442757e-01 -1.006507392976039972e+00 5.261409468867696004e-01 -1.083462539547945358e+00 9.939201993147231962e-01 8.511675999820431660e-01
-2.054048254881541524e+00 -2.081685373072521550e-01 -1.276740721294244318e+00 8.311453120266192318e-01 -1.184989651509802178e+00 8.981540140756519852e-01 8.882400606906486473e-01
-1.936206538839182256e+00 -2.256463061732678077e-01 -1.600273491940221282e+00 1.104851454680007894e+00 -1.278542337372255755e+00 8.393950383845565355e-01 8.940626581041206666e-01
-1.849483408544462026e+00 -1.625744705547091107e-01 -1.959772077115509159e+00 1.300253526795088099e+00 -1.364907309842613437e+00 8.312505840767607790e-01 9.088614404745375408e-01
-1.771474430884134366e+00 -8.355329137448563870e-02 -2.287628646116629749e+00 1.374719924987938269e+00 -1.420096814858834433e+00 8.392038464315422219e-01 9.651906378373910078e-01
-1.677979023391094060e+00 -5.611505008369580688e-02 -2.519447076616195602e+00 1.308900564850528303e+00 -1.421512609645996239e+00 8.333643205906288154e-01 1.085395244177452145e+00
-1.577388713843556722e+00 -1.146196746662099947e-01 -2.620965205983234458e+00 1.098607381119840687e+00 -1.362233120970198774e+00 8.208385521235131987e-01 1.286426038180302100e+00
-1.491193055816393276e+00 -2.702812596253577615e-01 -2.573356320895064275e+00 7.465824877944369220e-01 -1.243021397695119656e+00 8.146956196636837566e-01 1.570492218647017824e+00
-1.423382165892621343e+00 -5.306954669285124382e-01 -2.357450316234409815e+00 2.773313940075065598e-01 -1.062109080077160872e+00 8.042121259931492849e-01 1.911745759497065267e+00
-1.360447372078198214e+00 -8.905647902086212264e-01 -1.958088427670569898e+00 -2.530954597731530087e-01 -8.241563992297591401e-01 7.683126278181703350e-01 2.261317828167203725e+00
-1.286474644387108013e+00 -1.306207350427518676e+00 -1.386018406492832700e+00 -7.730552905644092476e-01 -5.572006574583554528e-01 6.849730852965163486e-01 2.565353534795771218e+00
-1.182022026807800108e+00 -1.704555737899698942e+00 -6.879207082936152906e-01 -1.217583536401903643e+00 -2.991108710624693634e-01 5.226891481483776358e-01 2.772875132893298122e+00
-1.019180385507465036e+00 -2.026589445770479170e+00 7.385350412444489920e-02 -1.539412849759983493e+00 -6.708735970326777653e-02 2.548044262857356301e-01 2.838931318961355643e+00
-7.855960127428972539e-01 -2.235178349356259808e+00 8.298040883141861723e-01 -1.711648324546696909e+00 1.354338682131310811e-01 -1.071825680745480680e-01 2.739079100184953042e+00
-5.115756135549459627e-01 -2.286607446841947944e+00 1.493555365650325095e+00 -1.733997777665973850e+00 2.960985821292425602e-01 -5.045978801109046730e-01 2.479423470106206562e+00
-2.528544327786903523e-01 -2.144734137735690549e+00 1.985883050586579657e+00 -1.638150577154940279e+00 4.052553861148168179e-01 -8.620684036675558826e-01 2.091552903313165235e+00
-5.043686371371006866e-02 -1.827242598636306337e+00 2.275233394172439638e+00 -1.469886317761071259e+00 4.723116644810659848e-01 -1.129237542078665113e+00 1.627752326289948703e+00
7.896820287615215206e-02 -1.392578239682902064e+00 2.366860247893278757e+00 -1.259247128696537210e+00 5.069285458817072154e-01 -1.297463004970035749e+00 1.154320406425694889e+00
1.301081469853865580e-01 -8.839590012280584830e-01 2.265600069702990549e+00 -1.020245090615405026e+00 5.038762016020328360e-01 -1.381701018267083469e+00 7.268485738863529333e-01
1.204137420374439826e-01 -3.338561250720124551e-01 1.993771540040231827e+00 -7.746861632649137963e-01 4.721816398227386968e-01 -1.394653219810314981e+00 3.651826525504368592e-01
1.034290315258597909e-01 1.929044134229801477e-01 1.621538027320519992e+00 -5.509721758620438337e-01 4.537788316948860312e-01 -1.351004632901022351e+00 6.398170488909657450e-02
1.329889415842702427e-01 6.170174528303898898e-01 1.224176027117117149e+00 -3.587838224057106618e-01 4.802170691279961656e-01 -1.285551620189996358e+00 -1.711750132332332530e-01
2.130014669612482203e-01 9.010976594353996560e-01 8.270275262862888388e-01 -1.885758984408086036e-01 5.313502195122691285e-01 -1.235172126838807172e+00 -3.132204933750610820e-01
2.960237100960342316e-01 1.057028846288566859e+00 4.200838648754838811e-01 -3.495191830262323052e-02 5.579608677237298808e-01 -1.202167353871812505e+00 -3.354221484336733505e-01
3.178448263531406526e-01 1.104370141937702332e+00 6.391403233004649791e-03 9.301211315881309505e-02 5.225601335034839590e-01 -1.152076085299367225e+00 -2.247250069540928374e-01
2.269642870827527081e-01 1.038553194291752302e+00 -3.689980146021314411e-01 1.686220098816980095e-01 4.135737118948777380e-01 -1.034736512373624517e+00 1.677200267400073483e-02
1.123852060436995523e-02 8.292640117485619022e-01 -6.170537731756934319e-01 1.476100827986416841e-01 2.476598527354567647e-01 -8.114497844764210210e-01 3.625980634903482325e-01
-2.866042088677029920e-01 4.548319133596091524e-01 -6.464732259496122069e-01 1.986433810662601839e-03 5.159003333282869558e-02 -4.955146574476931853e-01 7.557064902004262397e-01
-5.955192445355057540e-01 -3.129839480082308167e-02 -4.450998839585029732e-01 -2.386179444236753433e-01 -1.768530887617057457e-01 -1.653138876327194806e-01 1.118470652027769185e+00
-8.504017639145110552e-01 -4.723005238290816088e-01 -1.226813142801932849e-01 -4.984610677979174898e-01 -4.671876144743968284e-01 7.244382306876233357e-02 1.368634708641303765e+00
-9.869436868743620694e-01 -6.838641813651145096e-01 1.531834317457871353e-01 -7.054103965351605776e-01 -8.103756187602340066e-01 1.333925942854351787e-01 1.435080248437468287e+00
-9.448297732097528101e-01 -5.856020188852691932e-01 2.747766515104450580e-01 -8.175840647584726728e-01 -1.117166450921119214e+00 -3.842078102711666068e-03 1.289620746742681678e+00
-7.232740461753570660e-01 -2.531472439656246021e-01 2.411827077802055075e-01 -8.063336351360983478e-01 -1.284905446659574846e+00 -2.917895737659545463e-01 9.793234406306280393e-01
-4.049033200038330005e-01 1.636223606319052726e-01 1.072809031758162196e-01 -6.456528032299171382e-01 -1.289694668258003052e+00 -6.513798136256385707e-01 6.063774242921265989e-01
-8.055940678845319169e-02 5.473895870113066886e-01 -7.473899477989996709e-02 -3.431616262178257548e-01 -1.173677504581521092e+00 -1.004556260074588980e+00 2.634806846649639933e-01
2.249417381587266451e-01 8.373334948814353806e-01 -2.601217843774423777e-01 3.834759290998632220e-02 -9.691836435946928896e-01 -1.280993321484703795e+00 -1.162516100491783368e-02
5.320252211419780330e-01 9.978987496118189027e-01 -3.996526242333954260e-01 4.094603372015994114e-01 -6.732833373391103882e-01 -1.431464328400247066e+00 -2.297759183730618548e-01
8.425532454112356628e-01 1.002406172116314220e+00 -4.583583555949972133e-01 6.984566828898179924e-01 -2.861702404866916516e-01 -1.445481928219078727e+00 -4.049633557516063020e-01
1.107357434803064367e+00 8.492755822436603985e-01 -4.424595639476139874e-01 8.689302793209682241e-01 1.523988734728130845e-01 -1.336866119569016575e+00 -5.252758752131256870e-01
1.250689634080731194e+00 5.802465726502882282e-01 -3.916202712007831876e-01 9.084546481361271963e-01 5.809460581822145642e-01 -1.106691693559350487e+00 -5.790179119363620952e-01
1.233145748001831521e+00 2.594183590804775563e-01 -3.387319118199527135e-01 8.151779752743301133e-01 9.603728561475440850e-01 -7.441552222441755182e-01 -5.839854038663740976e-01
1.077967776257705124e+00 -6.638884283342304238e-02 -2.868499575739398844e-01 6.058105583192187060e-01 1.276348804644118262e+00 -2.743691035167307168e-01 -5.649012497830222523e-01
8.209302665416573497e-01 -3.616319238180419338e-01 -2.402039731616350537e-01 3.300548501902265675e-01 1.502162284771953349e+00 2.277700060230869739e-01 -5.196449014240360764e-01
4.618902290442979952e-01 -5.668778805148469990e-01 -2.394105184564719047e-01 5.646581523180027595e-02 1.589327946290859161e+00 6.860426398536277892e-01 -4.304021769431106148e-01
-2.538027153931461753e-03 -6.111092393624356633e-01 -3.318958037468318634e-01 -1.601540077020831843e-01 1.508919672657525357e+00 1.054406661963960934e+00 -3.026204000802963368e-01
-5.231037583195774499e-01 -4.635037666114307786e-01 -5.187148292704846231e-01 -2.880956034328127080e-01 1.286363363847156993e+00 1.294638449659232693e+00 -1.759477144673430304e-01
-1.013636619712992237e+00 -1.502899083999863772e-01 -7.576642200425993678e-01 -3.072633137406486914e-01 9.817468083211423613e-01 1.368383155813611030e+00 -8.547899834761411852e-02
-1.408527378517224760e+00 2.735592585730415860e-01 -1.001915444750420603e+00 -2.137294173224306981e-01 6.519016098728369624e-01 1.277663865975983137e+00 -2.612897534556890555e-02
-1.680852869779079661e+00 7.311243076393972862e-01 -1.200636772606078928e+00 -4.458352056040649353e-02 3.486171316018299438e-01 1.088425669910312754e+00 3.383329626250265731e-02
-1.825215090075453794e+00 1.086994241862305977e+00 -1.258205611970053539e+00 1.145488695731960993e-01 1.388758002842233052e-01 8.993621928818262834e-01 1.284111940848862710e-01
-1.841536301266356812e+00 1.167353902993821801e+00 -1.039287923282773418e+00 1.796606376039976694e-01 9.589124923587862004e-02 7.804013669227367611e-01 2.693839976073225673e-01
-1.731942428733601824e+00 8.922764406840417717e-01 -4.765062865272221559e-01 1.489838531212571149e-01 2.427136372782239815e-01 7.132660521355903560e-01 4.130699476902923717e-01
-1.521087286459394505e+00 3.728213700268817599e-01 3.156507083478559128e-01 1.064130216644851301e-01 5.032516313493169413e-01 6.084994686802769337e-01 4.895143336747111995e-01
-1.256265151185288031e+00 -1.726826346723449312e-01 1.078646201790206316e+00 1.241384765265315104e-01 7.541611681442840220e-01 4.171734250970682290e-01 4.728167439765195712e-01
-9.605856196101831834e-01 -5.907154427652884232e-01 1.590569109073982412e+00 1.970824660247787741e-01 9.375160430776895426e-01 1.874305838277057212e-01 3.801920319863614783e-01
-6.280918013425045299e-01 -8.495356321479111683e-01 1.777401055292803456e+00 2.887708819962251927e-01 1.071981234179159692e+00 -9.739715095566732830e-03 2.338227160702304464e-01
-2.922316753711278192e-01 -9.505687448401810569e-01 1.649108727855600920e+00 3.994572949774072845e-01 1.174034845816374739e+00 -1.305261934386986733e-01 5.652058322442768401e-02
-5.277474476028626293e-02 -8.585386553757645700e-01 1.225423075787279048e+00 5.590463145759981822e-01 1.240480425005848764e+00 -1.192325243390393308e-01 -1.357071100516601403e-01
9.111217297966668280e-03 -5.462376324999898003e-01 5.703041515693276775e-01 7.740402502380888672e-01 1.286061453708775781e+00 6.832642606712358013e-02 -3.530749330501409267e-01
-8.019385161114378491e-02 -5.848436751947178047e-02 -1.767531588960671585e-01 1.012969948972878509e+00 1.330372419245320348e+00 3.723109262168684541e-01 -6.142007304440521009e-01
-2.312330777666642689e-01 5.101297664832165069e-01 -8.706224530305081144e-01 1.237901601034551380e+00 1.343572384971191358e+00 6.525340678833211339e-01 -8.969977791598344741e-01
-3.909498279425075440e-01 1.063940678523210170e+00 -1.423756007144539204e+00 1.413686454980517260e+00 1.251720359150773509e+00 8.129970352929597466e-01 -1.123840918437299274e+00
-5.306898884357599266e-01 1.492642020678022430e+00 -1.758831786406998887e+00 1.483564353372836653e+00 1.014686333977086630e+00 8.301002370431954658e-01 -1.209595701292392134e+00
-5.884033760525236856e-01 1.668068831093372673e+00 -1.776993698217882889e+00 1.380766498169177181e+00 6.585673994227895234e-01 6.867084345242479015e-01 -1.114156240172416767e+00
-5.097782539429894788e-01 1.520388260529709434e+00 -1.442637024676298951e+00 1.082153483977977615e+00 2.218543991144380778e-01 3.704974166785550138e-01 -8.435252626728401149e-01
-3.148283258587309952e-01 1.095655076267612049e+00 -8.472462808046681282e-01 6.285868837424075650e-01 -2.713426077005962611e-01 -6.656066015533200486e-02 -4.335060364330386995e-01
-6.662860263347088197e-02 5.026526796687080800e-01 -1.425954251725466415e-01 9.010941803690926399e-02 -7.726609352586800705e-01 -5.149608234860464373e-01 5.343844467286522348e-02
1.925169235741327756e-01 -1.727976273619966363e-01 5.495106293762532790e-01 -4.679598791995902007e-01 -1.203616615670994427e+00 -8.787185187186057345e-01 5.491593557955881666e-01
4.279942158898739080e-01 -8.609160713444486968e-01 1.133386743191418633e+00 -9.831631132872509227e-01 -1.505541813276038310e+00 -1.106538369579174397e+00 1.002772268379261700e+00
5.785166905047618435e-01 -1.457790029547183952e+00 1.512007780995770601e+00 -1.393156198321811923e+00 -1.652444165109506757e+00 -1.169493812709196057e+00 1.362449111600009033e+00
5.953430114611840684e-01 -1.859948016210103416e+00 1.626535912263465944e+00 -1.650842550010659604e+00 -1.614788144861107222e+00 -1.051184267131004546e+00 1.557328541562368107e+00
4.941615189683576936e-01 -2.033289623157906956e+00 1.492648004536604178e+00 -1.723791258415261707e+00 -1.370662482936183313e+00 -7.673955249069018825e-01 1.533954081146753579e+00
3.351181956787769867e-01 -2.005281244725610090e+00 1.178296755928161410e+00 -1.592448959699270361e+00 -9.598557002405845306e-01 -3.707071560179673320e-01 1.304781821614842130e+00
1.782225089569245691e-01 -1.819483511054792224e+00 7.741973892783062805e-01 -1.277656144834875995e+00 -4.774326663757337275e-01 7.388175723076427504e-02 9.385821297592407131e-01
7.519270666640448519e-02 -1.527112823062027447e+00 3.755544477968522643e-01 -8.502502613526076169e-01 -1.758194045468001315e-02 5.020631015232670524e-01 5.117091417161214739e-01
8.011461345332178408e-02 -1.200723963511190595e+00 6.960119090328509284e-02 -3.884827813297063170e-01 3.450942318868765457e-01 8.418413652611634879e-01 8.130293625406125047e-02
2.349338599099550784e-01 -9.086130393524822768e-01 -8.358333289700624336e-02 6.765235474946286465e-02 5.409260563921460818e-01 1.021485957813202727e+00 -3.172070315947325692e-01
5.282257717803308106e-01 -6.533743308904534919e-01 -9.569064559778357737e-02 5.132345894087972926e-01 5.164478950114528288e-01 1.005551340243428626e+00 -6.726148881743522212e-01
8.886013937866162893e-01 -3.788839713628089911e-01 -4.896064178485828866e-02 9.376932242987033872e-01 2.801829059503532782e-01 8.278243194800644078e-01 -9.944771291742460217e-01
1.235867532493267973e+00 -5.827189245008818075e-02 -1.628758482155215348e-02 1.302758200639167363e+00 -8.089135994933771556e-02 5.796766190073744385e-01 -1.293228039474386026e+00
1.524824590946330494e+00 2.692481217404890104e-01 -1.310562772666679955e-02 1.569313629113587849e+00 -4.642042168461626983e-01 3.460487767103969658e-01 -1.554175561479479883e+00
1.736067516959197699e+00 5.506284555843125039e-01 -2.451177586473092529e-02 1.726601642985968743e+00 -8.236349016066192297e-01 1.593367770626046565e-01 -1.732334115384768003e+00
1.848450648482395042e+00 7.661674651404432046e-01 -3.372234265692802130e-02 1.776956745572355389e+00 -1.154355714139105871e+00 2.191266478694491038e-02 -1.790118753056280543e+00
1.840857586894211639e+00 9.242040005926617230e-01 -2.691976207636473384e-02 1.717788263045621822e+00 -1.434333044186196782e+00 -6.434943687796251810e-02 -1.740473349755126575e+00
1.707212403634203346e+00 1.046712009851539005e+00 -9.076269946895183446e-03 1.564322905875707992e+00 -1.624906646217578521e+00 -1.059159315391554335e-01 -1.634965568115535284e+00
1.454887268217810448e+00 1.173432379786356838e+00 -1.636768634559656113e-02 1.364256040919874735e+00 -1.714426602993556203e+00 -1.245440576808225092e-01 -1.518383666592820092e+00
1.103347058963324967e+00 1.349516813460223785e+00 -8.846012327554235444e-02 1.163395241381690592e+00 -1.721980523200786983e+00 -1.442923991208709122e-01 -1.407566505415312808e+00
6.937707949437887933e-01 1.583916009897045285e+00 -2.309194681765075752e-01 9.754709275206827623e-01 -1.660156000647895480e+00 -1.830245576835733412e-01 -1.301252773287032705e+00
2.889927860173532870e-01 1.825081965806165218e+00 -4.088570734695013975e-01 8.007814565907730442e-01 -1.520419786822570618e+00 -2.588910550567665170e-01 -1.196587903612918558e+00
-5.620022195534440240e-02 1.995332001251287402e+00 -5.767831906835970690e-01 6.558173603739256841e-01 -1.300947317934067593e+00 -3.811460368292026724e-01 -1.091499701915671361e+00
-3.254662972216413874e-01 2.045233493187275542e+00 -7.100957956569963203e-01 5.621769977771046145e-01 -1.021488042797511264e+00 -5.195514143699588860e-01 -9.814142309750477633e-01
-5.190545480850775606e-01 1.949065085161770350e+00 -7.841771203082540387e-01 5.146635352421315979e-01 -6.948617127778736746e-01 -6.136538163428109094e-01 -8.657385423579219141e-01
-6.200296902343771510e-01 1.676306728376538491e+00 -7.499089214156160477e-01 4.939522422068134966e-01 -3.235641058965488259e-01 -6.307951011046041279e-01 -7.476835922785645128e-01
-6.181554527989013836e-01 1.229629447599303260e+00 -5.843713207701750623e-01 5.072505253753116783e-01 5.847938630768793195e-02 -5.811631770636888072e-01 -6.289112731720526428e-01
-5.398899933743304125e-01 6.946566645819723940e-01 -3.390367303356163209e-01 5.797220890171697061e-01 3.910064703372434503e-01 -4.654993975071278767e-01 -5.237348816518916372e-01
-4.242291454350844981e-01 1.959849956380967095e-01 -8.877483464899220411e-02 7.094591569839244771e-01 6.433152964631265736e-01 -2.541804972161926801e-01 -4.660943591276191511e-01
-2.982111970498906306e-01 -1.912576665913647556e-01 1.404903803324775435e-01 8.574738127566512436e-01 8.242843603572889144e-01 6.111125420181068996e-02 -4.782531719630418454e-01
-1.937870434550185705e-01 -4.603000041434057721e-01 3.577113485700783579e-01 9.758979784862482632e-01 9.394655106662292976e-01 4.322046069655279266e-01 -5.344138008590080258e-01
-1.591671332929938676e-01 -6.313963552711722160e-01 5.549076780758999128e-01 1.025505072639780080e+00 9.684104542800047177e-01 7.968883181913095637e-01 -5.601121947224745323e-01
-2.299024725622215715e-01 -7.246663202513804469e-01 7.013037023081477583e-01 9.723800523545378383e-01 8.822832658640479275e-01 1.119437017982102933e+00 -4.716617022362805112e-01
-3.941605500589970279e-01 -7.602322432012253994e-01 7.675375491234464054e-01 7.893698418920725990e-01 6.663783110707208746e-01 1.367542775115724751e+00 -2.209679299583992562e-01
-5.889642908486767414e-01 -7.703412857061850971e-01 7.527820060678364067e-01 4.646319561404161913e-01 3.352696779779685832e-01 1.500756578561317500e+00 1.926506579137300668e-01
-7.269551465509964672e-01 -8.001371605708024193e-01 6.929221605147029006e-01 9.663091642977766904e-03 -6.721518008228322127e-02 1.496069321222891491e+00 7.356277092018509434e-01
-7.365663154748827157e-01 -8.778505944704199093e-01 6.291689646927057789e-01 -5.380428628075587527e-01 -4.905489017143147557e-01 1.353698180395935813e+00 1.349257360654461779e+00
-5.834778565066867095e-01 -1.002863482054665578e+00 5.957489698294198277e-01 -1.124085371917251663e+00 -8.842455470731689360e-01 1.085533621336904675e+00 1.950160329184099650e+00
-2.698119699196173116e-01 -1.163791657238104404e+00 6.374001297540602406e-01 -1.676236936910622921e+00 -1.193562826202036131e+00 6.971271596676978932e-01 2.434548108559445367e+00
1.528508837812564969e-01 -1.314637874580911525e+00 7.663795149764848214e-01 -2.095055022163510028e+00 -1.390660703447207158e+00 1.816091205017680565e-01 2.697588474836227324e+00
5.729369661986728479e-01 -1.348113097584118236e+00 8.996968289682111264e-01 -2.287793338495454964e+00 -1.497614014554486062e+00 -4.326263051409549587e-01 2.672864118324169258e+00
8.670389963109921272e-01 -1.162065131854361111e+00 9.099030235742076034e-01 -2.227206966563862078e+00 -1.548452867684619205e+00 -1.047662726081770135e+00 2.362620073886135152e+00
9.833600170014729080e-01 -7.605371506090559119e-01 7.531281611796534214e-01 -1.963979050785615632e+00 -1.540190459896003006e+00 -1.557888027167819267e+00 1.827620859474837989e+00
9.805874529719386112e-01 -2.824814218471776717e-01 5.205158725167433609e-01 -1.594356895731140256e+00 -1.428811590553027422e+00 -1.933100415845395936e+00 1.166263644392860899e+00
9.827758479055797025e-01 7.711786797472576505e-02 3.419601028763619710e-01 -1.207115797469280105e+00 -1.171066030161618254e+00 -2.208691108762415478e+00 5.058317456024487013e-01
9.827758479055797025e-01 7.711786797472576505e-02 3.419601028763619710e-01 -1.207115797469280105e+00 -1.171066030161618254e+00 -2.208691108762415478e+00 5.058317456024487013e-01
1.183156521991028276e+00 1.901155245760833001e-01 9.452230779255756110e-02 -4.609972309581903405e-01 -3.487442213451260042e-01 -2.377648697832207336e+00 -3.482139318012952289e-01
1.222937536510666279e+00 7.126062132303394303e-02 -9.841002305390174343e-02 -1.201322212754879631e-01 7.162389724411502567e-02 -2.058310268361602358e+00 -4.722061633394065150e-01
1.128969184030789386e+00 -9.880327472489836005e-02 -2.558599803155037211e-01 1.358180403449988083e-01 4.344207556763198252e-01 -1.444430737634448736e+00 -4.723930474266012092e-01
9.096688280541496141e-01 -2.509553089061000719e-01 -3.338295892542850751e-01 2.938156403561619223e-01 6.588535997619433537e-01 -6.938825378389780196e-01 -4.190504317173868731e-01
6.059972541975047200e-01 -2.957678887419995517e-01 -3.911446924248210832e-01 3.705023551596336451e-01 6.593701894694364851e-01 4.322197425620794009e-02 -3.241270053682334673e-01
2.969300941037986141e-01 -2.311401475115701099e-01 -4.566678809012863494e-01 3.513098280754218816e-01 4.384850162038536059e-01 6.809359101666636604e-01 -1.651468694314169317e-01
7.986482048117969634e-02 -1.516304131344007600e-01 -4.639403294451067139e-01 2.065387127860983940e-01 7.578216833814115094e-02 1.120701740701660620e+00 6.081809908495165035e-02
-2.481907334985724699e-03 -1.322010040848507761e-01 -3.518466204457838531e-01 -4.096532993614189488e-02 -3.544724935120578402e-01 1.262772700198311560e+00 3.253486430153602060e-01
3.075631755275662002e-03 -1.551306615830128077e-01 -1.526027270028606497e-01 -3.104938940506897227e-01 -8.012474884285667454e-01 1.112989471580070777e+00 5.843973701477352956e-01
2.064383531921646503e-02 -1.645657757247487585e-01 5.329547098979575681e-02 -5.235071717553563264e-01 -1.193100864503231717e+00 7.893093894658782528e-01 7.795049883794527013e-01
1.555569619951404671e-02 -1.354583243767196465e-01 2.029301577041041360e-01 -6.382589401751596059e-01 -1.446640276577244588e+00 4.178425717278151375e-01 8.536833100674866559e-01
-2.093031228721128206e-02 -6.311902662020919819e-02 2.482090716662458396e-01 -6.421621654065950979e-01 -1.528308434455764475e+00 7.983780561292876110e-02 7.940604264720165784e-01
-1.110441765652997737e-01 5.619258937831536627e-02 1.589554715046746780e-01 -5.543357784676498090e-01 -1.455439864722638310e+00 -1.611204101728031246e-01 6.375719194327174044e-01
-2.579229119136366988e-01 1.870992558680747986e-01 -2.840537754119194791e-02 -4.358145062023570104e-01 -1.232341335512352920e+00 -2.495883742029641472e-01 4.314368021314269330e-01
-4.057411306884818325e-01 2.505369292689473837e-01 -2.131218758692685622e-01 -3.558621732133351312e-01 -8.482054707469763866e-01 -1.768727248375154548e-01 2.107744934455647035e-01
-4.879799580054298702e-01 2.140511546080397787e-01 -3.234648207358469252e-01 -3.337382083478579453e-01 -3.491667050405705131e-01 2.031678443340104515e-04 7.515741862581910675e-03
-4.934684022327268660e-01 1.439944514367242634e-01 -3.726745111673901989e-01 -3.339883826938139788e-01 1.542006109704979755e-01 2.011113668920425368e-01 -1.462886918918921975e-01
-4.493256800051124711e-01 1.300217184584557817e-01 -4.038725348936228476e-01 -3.117821050368315694e-01 5.684516344787251541e-01 3.628186972448630976e-01 -2.333161540669432543e-01
-3.683380103052948384e-01 1.936406278644730306e-01 -4.257218140889011959e-01 -2.425871493647743238e-01 8.665253562309380708e-01 4.455497099712636966e-01 -2.574739332656021951e-01
-2.545458647343429304e-01 3.031639554074372356e-01 -4.302673341645662508e-01 -1.188130467993058215e-01 1.060823327838502639e+00 4.445881964249965290e-01 -2.313360542827230248e-01
-1.373552495345993496e-01 4.492048644946753377e-01 -4.388403595808769153e-01 5.552380955871057122e-02 1.172666309664683215e+00 3.972971088455952149e-01 -1.705888297321300484e-01
-5.081434711204234345e-02 6.472651322016848008e-01 -4.834410202409039070e-01 2.584109689439417767e-01 1.235639385248591626e+00 3.454385397768359733e-01 -1.011993510576187222e-01
4.162833312017349789e-03 8.739538860097636475e-01 -5.598831381151027076e-01 4.622216065948925312e-01 1.284686005049910484e+00 2.966646358436654252e-01 -5.058180712409141716e-02
3.507838845547274487e-02 1.069505157000332884e+00 -6.474965362823101866e-01 6.623279037956301130e-01 1.321301970586455043e+00 2.449424796137006366e-01 -2.857479813532380966e-02
1.797339141063495141e-02 1.209258513173885774e+00 -7.596423226301567411e-01 8.684342390281655222e-01 1.321844530667950046e+00 2.157219311058696520e-01 -3.819002417898104823e-02
-7.549258542502425284e-02 1.309352289486403365e+00 -9.217829718315880827e-01 1.067934559816122286e+00 1.295338725238736277e+00 2.705927417896362153e-01 -1.029154949261154028e-01
-2.239522809024194205e-01 1.364132352758150368e+00 -1.116168224508413243e+00 1.232294244950648432e+00 1.297803544204752191e+00 4.629494066698878196e-01 -2.579400125234785901e-01
-3.632254279976919742e-01 1.345939378046851820e+00 -1.302976863340268521e+00 1.360714560948808050e+00 1.365434167959904466e+00 7.872917041749614153e-01 -5.110178807402722123e-01
-4.360308119980100816e-01 1.259768934830125531e+00 -1.468977487762560097e+00 1.471912566589490323e+00 1.467250330293381699e+00 1.176624013574049554e+00 -8.269966908226566993e-01
-4.085976725844029933e-01 1.137557370523465172e+00 -1.604067158615263500e+00 1.545330946950016271e+00 1.547302129168575568e+00 1.537967173567911683e+00 -1.146586708163016111e+00
-2.595203968849554288e-01 9.894046335427282290e-01 -1.667859924694492735e+00 1.517440117518999321e+00 1.574424834495461667e+00 1.771300615134635104e+00 -1.407344648243873175e+00
1.180772798166334139e-02 8.071605129604839668e-01 -1.625396253169870464e+00 1.346613104454803755e+00 1.529604600165412664e+00 1.781215690041855648e+00 -1.556367347677753976e+00
3.646329234621403792e-01 6.118464356065510534e-01 -1.494697010962084294e+00 1.054093122867174159e+00 1.381706123888522875e+00 1.515468012469119996e+00 -1.560949034736871743e+00
7.255000761993654068e-01 4.615254201648510968e-01 -1.332659411174856867e+00 7.004966543010713309e-01 1.106877250192042306e+00 9.967396560109448300e-01 -1.420481943684223536e+00
1.028980550501277680e+00 3.978298300692363898e-01 -1.178317449975468056e+00 3.477261506905549582e-01 7.241611477261379326e-01 3.026535990534504061e-01 -1.170920027565637511e+00
1.236085912676098131e+00 4.149562867734390981e-01 -1.035844900072569130e+00 5.177225255010288463e-02 2.868551768616445230e-01 -4.720875992212867911e-01 -8.650399015778339473e-01
1.312280834496426740e+00 4.987231513683680340e-01 -9.145918179016706562e-01 -1.410108342049399277e-01 -1.578869177786237643e-01 -1.217845401350064583e+00 -5.483427621692962273e-01
1.221628306419753729e+00 6.489560939783631799e-01 -8.380517000987433018e-01 -2.209758755869295210e-01 -5.765341651784406940e-01 -1.806154089469853119e+00 -2.571985420556143764e-01
9.559539122079661055e-01 8.403794911797233258e-01 -8.018083164944361796e-01 -2.227908797626929893e-01 -9.313238476616884087e-01 -2.129487560224330167e+00 -2.314186940066663770e-02
5.451295824520029365e-01 1.003897688685149614e+00 -7.650709285044501318e-01 -1.879588105031389234e-01 -1.189103920085446298e+00 -2.148198229010821247e+00 1.391872043072945320e-01
2.984946584114669607e-02 1.066360442080869442e+00 -6.900265762864155050e-01 -1.349277533132934304e-01 -1.343114061184697894e+00 -1.886468981082449758e+00 2.473532824577202305e-01
-5.456557450403369813e-01 9.914198026793495933e-01 -5.603367623532511388e-01 -7.809024680653166295e-02 -1.395538180019913366e+00 -1.395150922183444830e+00 3.320945799016774003e-01
-1.106097300237468550e+00 7.778715399372341244e-01 -3.685790857090903150e-01 -4.733837066412357325e-02 -1.321107001377259671e+00 -7.403538150308589527e-01 4.000345094627663634e-01
-1.560682963315908722e+00 4.483009754433934235e-01 -1.368166391865402454e-01 -5.869301391384753458e-02 -1.088107743253430515e+00 -2.392024612723912119e-02 4.407021212927837439e-01
-1.879183324186151305e+00 6.747550968766925783e-02 3.467607254350189155e-02 -9.326887754633667038e-02 -7.194388721708098178e-01 6.361832512776117721e-01 4.660370262579960898e-01
-2.110189724571911452e+00 -2.644418879415947332e-01 5.881218380943888970e-03 -1.380041571469536876e-01 -2.892211402430345246e-01 1.183361016977955593e+00 5.098275936322935742e-01
-2.288642058411979985e+00 -4.962717382641505526e-01 -2.562834045280267259e-01 -2.242232045652871320e-01 1.481997536576920294e-01 1.641351235266300890e+00 5.896919740793052922e-01
-2.363899972721643650e+00 -6.915022495934928237e-01 -5.999372796181461354e-01 -3.981836337452928087e-01 5.839727739800585349e-01 2.026308610422872025e+00 6.940299948261493546e-01
-2.240057353899335801e+00 -9.520089080214901855e-01 -8.043874210253457724e-01 -6.510750752796126140e-01 1.000697776759609248e+00 2.276736708993726488e+00 7.879725789724827401e-01
-1.860869173660267606e+00 -1.270958246405659464e+00 -7.656588392255913034e-01 -8.875457094131524727e-01 1.330155013255926777e+00 2.299768310953915318e+00 8.142355097709919054e-01
-1.252546490889519193e+00 -1.500315028436892018e+00 -5.583191737956822998e-01 -9.753340285492119177e-01 1.480674725230784139e+00 2.066316669713521126e+00 7.163661238798016972e-01
-4.990315301767759837e-01 -1.469704410840663167e+00 -3.363303369173075152e-01 -8.277916426792804039e-01 1.397100721954428693e+00 1.624380253120006001e+00 4.720557544307166231e-01
3.086563259373597545e-01 -1.121714570120306176e+00 -1.895144679378108765e-01 -4.512316121421358628e-01 1.101807756272013883e+00 1.031476552738750163e+00 9.391767168021274148e-02
3.086563259373597545e-01 -1.121714570120306176e+00 -1.895144679378108765e-01 -4.512316121421358628e-01 1.101807756272013883e+00 1.031476552738750163e+00 9.391767168021274148e-02
1.781764812280661525e+00 2.490164645566515789e-01 -1.153787055289643426e-01 6.589948997537725672e-01 2.055724285542460672e-01 -4.615860330802290523e-01 -9.476848134540992730e-01
2.303829995738452929e+00 1.122382805657494265e+00 -2.284518197201138023e-01 1.243968647142803308e+00 -2.685283424771466310e-01 -1.239931583997206488e+00 -1.527753736901674708e+00
2.587181158447811491e+00 1.990913640810902496e+00 -4.602925797748564918e-01 1.763001104449149814e+00 -6.851117038527906322e-01 -1.899956752946386329e+00 -2.058574981986792007e+00
2.587181158447811491e+00 1.990913640810902496e+00 -4.602925797748564918e-01 1.763001104449149814e+00 -6.851117038527906322e-01 -1.899956752946386329e+00 -2.058574981986792007e+00
2.250297443016325172e+00 3.125426563796037005e+00 -1.031030576186360737e+00 2.314973748764392880e+00 -1.087502326273648956e+00 -2.433856987109585646e+00 -2.636857809469968394e+00
1.689643895140266139e+00 3.257445632005507186e+00 -1.286066810818566442e+00 2.328767740488360882e+00 -1.110507208387020661e+00 -2.279781517356047615e+00 -2.567218333669952113e+00
1.006582272655931032e+00 3.135793853975656909e+00 -1.522392016227605449e+00 2.237417229542796093e+00 -1.119137304045196624e+00 -1.988182584055197433e+00 -2.252657964013278669e+00
3.000855030100596510e-01 2.819277060587394246e+00 -1.747478862821817192e+00 2.097693556691377914e+00 -1.155383284700112201e+00 -1.688320212524263786e+00 -1.739142816235659694e+00
-3.460338625786825162e-01 2.370653435910218043e+00 -1.950276662596092114e+00 1.936973239568319682e+00 -1.220498958854478788e+00 -1.445850650360484657e+00 -1.095936390545106720e+00
-8.175119385281407469e-01 1.848284192939439574e+00 -2.085310538996952179e+00 1.738727857291794132e+00 -1.292969690262121274e+00 -1.281621200958163120e+00 -4.112543273572706881e-01
-1.005598295740675718e+00 1.289064793609753679e+00 -2.082603009282617545e+00 1.469512207340403220e+00 -1.341583810850834446e+00 -1.208056604111164889e+00 2.177742039908906191e-01
-9.049193218820673623e-01 7.162058286489670911e-01 -1.902348033100803804e+00 1.132672423272158335e+00 -1.346192355076258229e+00 -1.214753380542832106e+00 7.140016310876783345e-01
-6.311744972232291584e-01 1.714674971721347196e-01 -1.579371763920018878e+00 7.778736975915547802e-01 -1.311423104602126077e+00 -1.239498046192945901e+00 1.044970812072497202e+00
-3.297044881538182537e-01 -2.857747862839947195e-01 -1.184312708908103584e+00 4.487610192431326639e-01 -1.250525948581515889e+00 -1.182572717648044280e+00 1.211995063457521837e+00
-8.420850401573867772e-02 -6.229996813224354391e-01 -7.465054406450533087e-01 1.435037246854996840e-01 -1.157506212510172272e+00 -9.627850535563579060e-01 1.224531721262552164e+00
8.121547472788831490e-02 -8.538608220968002538e-01 -2.494171279587675261e-01 -1.496546456428518856e-01 -1.013427658403451392e+00 -5.706548396584499860e-01 1.101366239557955096e+00
1.413228059940264680e-01 -9.951786100856440109e-01 2.987984792449859817e-01 -4.020874476382572671e-01 -8.259186514171108495e-01 -7.447997657377194991e-02 8.841708064191960981e-01
4.983203379085232587e-02 -1.019712358940748631e+00 8.152817705164273621e-01 -5.651035950796430285e-01 -6.433151573678630442e-01 4.286323209174109361e-01 6.281176189123462983e-01
-2.226276608153654191e-01 -8.763546695070659753e-01 1.173613011777430160e+00 -6.203223801667988591e-01 -5.120530079923227840e-01 8.733891550036617657e-01 3.771811963552266778e-01
-6.652359799331378776e-01 -5.474067217858851198e-01 1.274282537848516972e+00 -5.769311943214721072e-01 -4.288587564407652097e-01 1.251884578492455047e+00 1.533517835178047350e-01
-1.244682358149932000e+00 -6.436702640366243067e-02 1.079587902101726504e+00 -4.408925604798740738e-01 -3.527234093078354116e-01 1.602567696787930984e+00 -3.583729329311469841e-02
-1.908434613122361290e+00 5.036329007027636750e-01 6.214467819676691152e-01 -2.273244346991560028e-01 -2.528535695560883978e-01 1.969282906225475749e+00 -1.839192553508408601e-01
-2.561415534963070062e+00 1.042789861938604901e+00 1.158159175596792413e-02 7.194699195431991483e-03 -1.243422097702808066e-01 2.345292423717459940e+00 -2.731651952098874681e-01
-3.076838428433716466e+00 1.407439791444496935e+00 -5.867822700375719958e-01 1.858958658139690523e-01 2.303758805492153380e-02 2.657987841759228420e+00 -2.734698790240034927e-01
-3.076838428433716466e+00 1.407439791444496935e+00 -5.867822700375719958e-01 1.858958658139690523e-01 2.303758805492153380e-02 2.657987841759228420e+00 -2.734698790240034927e-01
-3.375119884329540909e+00 1.316471689072109319e+00 -1.314267703221435823e+00 2.706949329299953577e-01 2.502742325141089075e-01 2.814927679472515543e+00 4.740093399737473762e-02
-3.161634291465771351e+00 9.830038127861598918e-01 -1.440052701887240438e+00 2.305975186396284071e-01 2.481474762327756933e-01 2.642115153992423693e+00 3.113584686683077973e-01
-2.750003211872141584e+00 6.022314047100832957e-01 -1.444552431256540315e+00 1.793298300296516934e-01 1.601503954157570686e-01 2.317786983971347414e+00 5.687818333978411633e-01
-2.182020175711589349e+00 2.365331567322727646e-01 -1.332359941052790653e+00 1.510505601366640416e-01 2.987551892860311475e-02 1.842110666285416976e+00 7.641290019663160571e-01
-1.549055144436124021e+00 -5.946474311724436052e-02 -1.148456389589353366e+00 2.038199720265745640e-01 -9.988688708984216902e-02 1.241180260027757054e+00 8.590260482817178023e-01
-9.684103196327247254e-01 -2.239910773338499583e-01 -9.728508030927724981e-01 3.817667574145642839e-01 -2.011461853968983526e-01 5.980860836556881610e-01 8.308384901305224668e-01
-5.024928530233210289e-01 -2.392375237850302983e-01 -8.286304323257037696e-01 6.638691951296682436e-01 -2.345535349837143679e-01 2.319962921278292262e-02 6.638788427396262737e-01
-1.543675895389346742e-01 -1.477438021287369174e-01 -6.677832772102805237e-01 9.886160660464095029e-01 -1.512595588680967218e-01 -4.145153496830958906e-01 3.518571489757983950e-01
6.234715277481808066e-02 2.045167002589361096e-03 -4.617247774027439799e-01 1.307333952320913761e+00 7.147677503556480738e-02 -6.990832634938394241e-01 -8.966639455791877711e-02
1.150182999947995388e-01 1.875627756651095102e-01 -2.382851580873212860e-01 1.578339596783121523e+00 4.194076229820929425e-01 -8.130697936204519527e-01 -6.131934292842762257e-01
2.268138167827245255e-02 3.856006596046155921e-01 -2.588517849127472056e-02 1.742147761870695755e+00 8.575544964425536598e-01 -7.361763908506702148e-01 -1.143596727262091717e+00
-1.163813319695327503e-01 5.490463190352946610e-01 1.822019007222921427e-01 1.742913740039179871e+00 1.338962653948144066e+00 -5.088121000076377687e-01 -1.598253650445853102e+00
-1.948812380062803495e-01 6.267112329058051046e-01 3.953619804483856637e-01 1.566152341600311360e+00 1.805603256989722682e+00 -2.306221241499362140e-01 -1.909588035997042077e+00
-1.728377022123863960e-01 5.998977793651457668e-01 5.881988426506195022e-01 1.241932253908297978e+00 2.192307674044815524e+00 2.060115090125092668e-02 -2.038166075502145791e+00
-6.705631568880890403e-02 4.845818710749810188e-01 7.194327738279451268e-01 8.161611216417062886e-01 2.433323381311163658e+00 2.297393493041007262e-01 -1.972738819056072401e+00
1.130150598632126829e-01 2.920896652986497699e-01 7.909810961727919976e-01 3.296612875201057058e-01 2.479787880839911640e+00 3.950751819666051823e-01 -1.726885097122659918e+00
3.873771350068851427e-01 4.586115937464886952e-03 8.706225115524169889e-01 -1.702217876247808515e-01 2.320944005826998779e+00 4.653177186729111070e-01 -1.340974778191445393e+00
7.563557114418049121e-01 -3.794231744822867403e-01 1.019549498490795125e+00 -6.083383552688473861e-01 1.978364094071293655e+00 3.640699473241998385e-01 -8.814688274155104697e-01
1.154272052096315671e+00 -7.780438508455044255e-01 1.193968460264104747e+00 -8.956914231256889458e-01 1.488952600279694005e+00 9.513913209348417999e-02 -4.314975760584561781e-01
1.480671205384261224e+00 -1.057933416140033334e+00 1.272668440035458426e+00 -9.771839483862299058e-01 9.118101027326378505e-01 -2.234683386222351964e-01 -7.034899855872502050e-02
1.657157624693334830e+00 -1.149008122882194449e+00 1.196018519328027052e+00 -8.581311250838816740e-01 3.266557857616048666e-01 -4.752685614686509852e-01 1.626304192959583672e-01
1.633145931238404236e+00 -1.080768255177209536e+00 1.015425289760481853e+00 -5.854692696485734871e-01 -2.043388951723786318e-01 -6.478959533196007037e-01 2.931977143507820127e-01
1.384071371410781737e+00 -9.113543841315152605e-01 8.011875292779452318e-01 -2.254760440258793130e-01 -6.587223713939969194e-01 -7.860208902021467159e-01 3.881528885482773417e-01
9.362933249391577339e-01 -6.871664200079268259e-01 5.815890063782200858e-01 1.369629419364883360e-01 -1.022231137970533776e+00 -9.004135125262688888e-01 5.045626462076704399e-01
3.682221843351670687e-01 -4.779802082560739573e-01 3.900556757461220991e-01 4.097098752180732828e-01 -1.244488833510346115e+00 -9.482169017174016945e-01 6.603778699504950778e-01
-2.172182929037304311e-01 -3.843726041853953723e-01 2.987289337261366251e-01 5.290659107360905500e-01 -1.239831846669601445e+00 -8.588796598472779875e-01 8.316192852022631365e-01
-2.172182929037304311e-01 -3.843726041853953723e-01 2.987289337261366251e-01 5.290659107360905500e-01 -1.239831846669601445e+00 -8.588796598472779875e-01 8.316192852022631365e-01
-1.089501881583344822e+00 -6.114832468517648056e-01 5.128515789196761432e-01 2.998963926345378783e-01 -4.263188647196897718e-01 -9.099779790461780260e-02 1.020711183237444475e+00
-1.259411565031517410e+00 -7.478946460660905737e-01 7.219143641804692813e-01 6.819027306306496951e-04 2.177452806415151876e-01 4.959698209080983800e-01 9.565337539378140352e-01
-1.180298129307636668e+00 -8.259649782570426257e-01 9.727931274968452113e-01 -3.960827701718616645e-01 8.506850144212678710e-01 1.024085699514961423e+00 7.603780141935260195e-01
-8.304210146863085784e-01 -8.838792502713159749e-01 1.271304507751030544e+00 -8.471115866104778069e-01 1.365677992274491048e+00 1.330862581935440936e+00 4.413840878568556225e-01
-8.304210146863085784e-01 -8.838792502713159749e-01 1.271304507751030544e+00 -8.471115866104778069e-01 1.365677992274491048e+00 1.330862581935440936e+00 4.413840878568556225e-01
4.027584697481579878e-01 -1.032756700071415734e+00 1.788083807820577631e+00 -1.566783896253323816e+00 1.651563958434074886e+00 1.037823704229093869e+00 -3.197450097094441390e-01
1.036254950250885765e+00 -1.122130404157886119e+00 1.914038605166860085e+00 -1.746632408617156740e+00 1.353672138912989542e+00 5.433706656126041645e-01 -5.462188777567112963e-01
1.555485388830383675e+00 -1.268684642993615164e+00 2.030153326608302056e+00 -1.849275007766728152e+00 8.626249866162147839e-01 -7.902149381672844697e-02 -5.444274781670408458e-01
1.913440249782228042e+00 -1.495245711263755606e+00 2.202973659604213097e+00 -1.898156703558568914e+00 2.967040591689062423e-01 -7.789534140967515619e-01 -3.054437754096910318e-01
2.061695965502777117e+00 -1.736461998849021526e+00 2.369334008109049261e+00 -1.876821755582230189e+00 -2.444458251050127817e-01 -1.449577335019421209e+00 1.142508385677482446e-01
1.957704074655520765e+00 -1.879035767216438613e+00 2.377941735912358912e+00 -1.768306899945152777e+00 -6.754832412833163824e-01 -1.908024909106034173e+00 6.272061628726240956e-01
1.608850705736015962e+00 -1.849394263442235786e+00 2.130466634974380824e+00 -1.579199994032626453e+00 -9.262411654378491788e-01 -2.018146219028236210e+00 1.121680461879788426e+00
1.078804275174029215e+00 -1.640690141171081917e+00 1.642806557917301680e+00 -1.326583381184967658e+00 -9.654251889111798990e-01 -1.775382922264191032e+00 1.479579472815329089e+00
4.406934889155345036e-01 -1.283453945573072907e+00 9.864280884794026649e-01 -1.018560156536652439e+00 -8.228631632863507850e-01 -1.250678508364766239e+00 1.632193847222908056e+00
-2.344177567163840126e-01 -8.342349332886538349e-01 2.475048991199274850e-01 -6.614665144046300016e-01 -5.645350359449485822e-01 -5.401183451769592248e-01 1.574900431118958277e+00
-8.359918914096362563e-01 -3.831140641145407422e-01 -4.471630649932432089e-01 -2.823515117238922234e-01 -2.366630063573607334e-01 2.169398614126664127e-01 1.321964394037999257e+00
-1.220198205367477584e+00 -3.039481134618356867e-02 -9.401427786084727289e-01 7.122211885480901616e-02 1.397997463349070768e-01 8.545079525979073498e-01 8.979151794710270584e-01
-1.291414433663072181e+00 1.575359749129206510e-01 -1.122990049643994404e+00 3.523280012669432470e-01 5.277920561616971096e-01 1.258434365764875995e+00 3.799550408454585582e-01
-1.052220492778167982e+00 1.606588004478864684e-01 -9.838913118172434302e-01 5.274529874301286947e-01 8.729802585623658295e-01 1.405156278591896291e+00 -1.119641599632402451e-01
-5.664891883743096157e-01 -2.042233572420821056e-02 -5.650877935938283247e-01 5.724763318534177303e-01 1.139699256590164911e+00 1.311857075264648120e+00 -4.839995048097637254e-01
7.045350562334223854e-02 -3.626372921456280096e-01 6.550612490548357592e-02 4.728969179231771180e-01 1.300768181587441452e+00 9.978286764115066321e-01 -6.892159977624847667e-01
7.168665068414837860e-01 -7.785424251134678286e-01 7.822456067409031544e-01 2.380467263337181227e-01 1.307167033856263316e+00 5.162561883547273078e-01 -7.052156696888945975e-01
1.221935657216548066e+00 -1.137027904303604009e+00 1.435447846042906761e+00 -9.475319146320214381e-02 1.126662639738027938e+00 -3.389557494027997664e-02 -5.507237827822866194e-01
1.502032887240959624e+00 -1.352096956536576799e+00 1.937015268232797460e+00 -4.655681718850948059e-01 7.922487593897020730e-01 -5.565088302941408882e-01 -3.031064005484906954e-01
1.534641598247293182e+00 -1.401183883292309806e+00 2.243925819184571235e+00 -7.909992103861155366e-01 3.584431047583548913e-01 -9.895461370826227343e-01 -4.791565004681724166e-02
1.307944017969158379e+00 -1.262448494115230746e+00 2.293719348349989140e+00 -9.824713499292903052e-01 -1.606037160973835531e-01 -1.302380723281979513e+00 1.810502592443810066e-01
8.442995580015171253e-01 -9.122003407206883407e-01 2.040127077534037880e+00 -9.937277529523130815e-01 -7.551014382404176439e-01 -1.501083266401399996e+00 3.916408243175418802e-01
2.661257426766152068e-01 -4.030501913298826788e-01 1.540744223767127830e+00 -8.541730916645529081e-01 -1.343679818641587476e+00 -1.628050059440341979e+00 5.881680405377359699e-01
-2.140188150262780920e-01 1.169762922151133533e-01 9.624139497873110960e-01 -6.496296905687489742e-01 -1.791008869317571639e+00 -1.741072591810161274e+00 7.602870857717740627e-01
-4.232439430621533494e-01 5.035304519019324632e-01 4.725385901040804471e-01 -4.665267787973553792e-01 -2.006173559622582037e+00 -1.872103172090339607e+00 9.036029076108845759e-01
-3.548311915169300446e-01 7.110336388344400405e-01 1.287881974635579352e-01 -3.572155498128091744e-01 -1.981440017846073598e+00 -1.979449839046652393e+00 1.021771066781904880e+00
-1.383342867495499506e-01 7.679703034626591540e-01 -1.017395652126253797e-01 -3.475498845472795306e-01 -1.738945328613426655e+00 -1.958725514215437613e+00 1.100977945910738054e+00
8.272541792058324406e-02 7.000428844169738207e-01 -2.487226088191707707e-01 -4.491894485671659165e-01 -1.306067746486781367e+00 -1.728752508273333044e+00 1.112466180012274153e+00
2.139158181990850616e-01 5.241542015256475118e-01 -3.071521400297662074e-01 -6.573322419628999658e-01 -7.542537302019811651e-01 -1.302354861426827659e+00 1.050809729499408096e+00
2.064348101913829059e-01 2.848351347995020100e-01 -2.756101308348491985e-01 -9.453034765257534167e-01 -2.012326687901973832e-01 -7.761296632438631216e-01 9.429734836004833864e-01
5.553203902167540285e-02 3.372386115113643057e-02 -1.782538162342295618e-01 -1.268299471686426649e+00 2.537599917003748318e-01 -2.702507675693618383e-01 8.239898545654406048e-01
-1.810608793342517453e-01 -2.278276223220607466e-01 -3.142352323058232588e-02 -1.577892786634513600e+00 5.836473990079449337e-01 1.242071576788856546e-01 7.239977527346974639e-01
-3.976235351260425932e-01 -5.292254680878197837e-01 1.627044507480500946e-01 -1.824850744781193690e+00 8.082831955169846871e-01 3.599656835353786666e-01 6.622576900783220255e-01
-5.156206355068384539e-01 -8.455941242224788157e-01 3.643384702588995383e-01 -1.962995299377640723e+00 9.264756955942810013e-01 4.289827873551847470e-01 6.441014378403802088e-01
-5.341569581383900367e-01 -1.090995758975965568e+00 4.979597308093893782e-01 -1.978682039110052804e+00 9.067571668987587374e-01 3.638586324596359001e-01 6.705079434876988209e-01
-4.925507798615587074e-01 -1.206191795672868050e+00 5.247895216184856881e-01 -1.900525140954819392e+00 7.401325800523300691e-01 2.260159712131628029e-01 7.409250177301155427e-01
-4.114802678883930920e-01 -1.219129503263003400e+00 4.827553694741053003e-01 -1.764452252615360539e+00 4.656907767854955860e-01 7.588138160668081444e-02 8.494402281018034184e-01
-2.904845150815540400e-01 -1.204105811967755235e+00 4.424766345057125627e-01 -1.581776135549168849e+00 1.417080398789507256e-01 -4.635943688664084100e-02 9.831305420778621018e-01
-1.419274085507553629e-01 -1.193924739407747238e+00 4.333670062848623550e-01 -1.348219500052152631e+00 -1.837616310828736332e-01 -1.159187187019947302e-01 1.111720266916877753e+00
9.741002246607038950e-03 -1.169732899577813345e+00 4.421725942417552013e-01 -1.075229988741180032e+00 -4.691855754345019003e-01 -1.238996478668161344e-01 1.188369432930252545e+00
1.609510209345003939e-01 -1.126901531788166322e+00 4.677064501729284451e-01 -7.899245034261525023e-01 -6.702531012917503084e-01 -9.894818005529837368e-02 1.175428138881147833e+00
3.276066236805984522e-01 -1.092280028037210249e+00 5.252258358324033427e-01 -5.026582782452737597e-01 -7.491461099225280584e-01 -9.233058153677457802e-02 1.064129944136428252e+00
5.122663779678038320e-01 -1.074377299494968740e+00 6.071194197012022009e-01 -2.055148636618131797e-01 -6.882698123678843150e-01 -1.160302801777856052e-01 8.681217010372990206e-01
6.998759213890134445e-01 -1.039272448827992523e+00 6.762691982960833403e-01 9.485227873728603598e-02 -4.915679006509847682e-01 -1.296676682680848181e-01 6.028765636291544272e-01
8.761778671004876173e-01 -9.445893532744249477e-01 6.932597193434720806e-01 3.695794977446864027e-01 -1.812898964571865168e-01 -9.859656806303128407e-02 2.808390021770494904e-01
1.027317928421300097e+00 -7.812592223322973872e-01 6.418661528811147043e-01 5.920837399506583276e-01 1.986553493445630814e-01 -2.823683150065559033e-02 -7.206830658476701124e-02
1.131433228448760930e+00 -5.759078660911176595e-01 5.383463248002707813e-01 7.474064741432511205e-01 5.823551838626567223e-01 6.092820626466446954e-02 -4.110733582738104741e-01
1.158594618131870035e+00 -3.516161459826075975e-01 4.086768518644053327e-01 8.164273403509993976e-01 8.922563685648959853e-01 1.600712294756575227e-01 -6.891054345530353009e-01
1.075620838526315515e+00 -1.047982501607792188e-01 2.589888856319020327e-01 7.729980638572198082e-01 1.060588909205753883e+00 2.691198252743458585e-01 -8.737104242169236867e-01
8.616047740932699650e-01 1.544035145059863556e-01 9.648970692743372157e-02 6.051032897365028473e-01 1.053953929581508575e+00 3.809425631620527719e-01 -9.445711169816861652e-01
5.238126053302196716e-01 3.717742035898529140e-01 -4.108493037917240048e-02 3.339086273931467508e-01 8.735671864937579745e-01 4.682623364430613111e-01 -8.786251157393670796e-01
9.676270941225879885e-02 4.995275217714316707e-01 -1.216539336264324117e-01 8.309162109242079070e-03 5.318037270260985716e-01 4.851665725193098910e-01 -6.555129056630504270e-01
-3.682829528322066892e-01 5.355545784299280410e-01 -1.537984317902369447e-01 -3.209398808324516739e-01 5.237783446569410639e-02 3.985195239843466464e-01 -2.841441798402111751e-01
-8.069959193592287638e-01 4.797278031305670654e-01 -1.404086210971577375e-01 -6.219240938541469310e-01 -4.951553403142331944e-01 2.277328935498557638e-01 1.812886857477999103e-01
-1.141135763506035961e+00 3.121768427592030437e-01 -4.648404316294326571e-02 -8.721410501786928116e-01 -9.913382537683204099e-01 2.936786968116670421e-02 6.415617406161245873e-01
-1.301723689745744483e+00 5.025427520395504138e-02 1.368067568700389591e-01 -1.030955333734973500e+00 -1.322457217952571096e+00 -1.505155873572843750e-01 9.755165077680013619e-01
-1.273755663694448037e+00 -2.140422395625774798e-01 3.291691024531261944e-01 -1.039170587135897161e+00 -1.440754987174307944e+00 -2.775254096427909878e-01 1.096948858924038595e+00
-1.104389489445553707e+00 -3.557572317760065994e-01 3.933196954674234025e-01 -8.520572944737885290e-01 -1.379196288303293327e+00 -3.223247555632871575e-01 9.980755938968178809e-01
-8.603208960949740858e-01 -2.996614751124610510e-01 2.383191656169615091e-01 -4.753734679992744905e-01 -1.211681368191700026e+00 -2.829118134935024176e-01 7.334160109899957591e-01
