-9.850573567265636932e-01 1.820876831508462246e+00 8.076822273248392137e-02 6.643588164175486810e-01 -9.512324877343439899e-01 -1.553412185501970022e+00 1.988571801751801926e+00
-8.639880998378282051e-01 1.595593913845015033e+00 2.396679034516044637e-01 6.228152809556706249e-01 -1.108625236023957461e+00 -1.563590285696283555e+00 1.707971459872377640e+00
-5.632093444626422585e-01 1.048946551523616044e+00 4.217033188820407674e-01 4.355381031985489648e-01 -9.651130009299396795e-01 -1.228931815136267369e+00 1.142892602886743436e+00
-1.641635796404075642e-01 3.086379880500845219e-01 5.174064967064071485e-01 1.165492266683495481e-01 -5.907706480770602564e-01 -6.366423132796240614e-01 4.169370717579407026e-01
2.344505668005429644e-01 -4.481297941679173724e-01 4.529191865304612596e-01 -2.879899094652083047e-01 -1.076029752480526236e-01 5.955478283467469797e-02 -3.106310905588410276e-01
5.787495444224840524e-01 -1.092972784286888377e+00 2.493437873048857112e-01 -7.266589179762907857e-01 3.769809500896392773e-01 7.069201394708077846e-01 -9.122990460162747617e-01
8.440816384077879375e-01 -1.534373257015096081e+00 -3.249431552653059968e-02 -1.135356244870762588e+00 7.754343123880155231e-01 1.181426622802570714e+00 -1.310084693278974255e+00
1.005458478637288877e+00 -1.689575765929530959e+00 -3.457999965944497101e-01 -1.428711953994998618e+00 1.020156421415819414e+00 1.409058544089027976e+00 -1.483083812858666528e+00
1.052828346641658808e+00 -1.533559044057998255e+00 -6.311005882716489435e-01 -1.547641651869327672e+00 1.084070272947011304e+00 1.369813471009115657e+00 -1.456482103248024851e+00
1.018731980294000250e+00 -1.147207261794291222e+00 -7.963383595485914457e-01 -1.505373600786910959e+00 9.961568984683396577e-01 1.080133028160224384e+00 -1.278933358652619479e+00
9.723587849728784205e-01 -6.776531070804652224e-01 -7.616713491545091808e-01 -1.359366100245648967e+00 8.336245180672984256e-01 5.963045688707176994e-01 -1.014304217216792869e+00
9.665279836331828189e-01 -2.398191807291349120e-01 -5.133953052774937742e-01 -1.143029361046957071e+00 6.814090768008072008e-01 3.365202249374868448e-02 -7.341120696032082948e-01
9.838154733220771941e-01 1.378074822426169355e-01 -1.112644641556776587e-01 -8.382689374615392985e-01 5.822906709918904689e-01 -4.654063248373780937e-01 -4.823887535227435741e-01
9.473547007119911267e-01 4.826670390094084384e-01 3.406983429550049514e-01 -4.084821291746813521e-01 5.227810706877048519e-01 -8.051656106364977195e-01 -2.447137212154816832e-01
7.814661328721180800e-01 8.165577443262522772e-01 7.449689513241465333e-01 1.492913772404291517e-01 4.612334732255238823e-01 -9.616876695942626618e-01 2.975984550254773611e-02
4.604717568155042851e-01 1.109621759031200083e+00 1.071971529969188319e+00 7.683864174901556821e-01 3.656233234878287774e-01 -9.520052591693377586e-01 3.846688550673288964e-01
1.527043410691834337e-02 1.289309621105597881e+00 1.357639537124201601e+00 1.326432331097262551e+00 2.297271934302076157e-01 -8.168819202296850879e-01 8.322073520041758377e-01
-4.994798249955336167e-01 1.314077210576280574e+00 1.618414995087999353e+00 1.718072715632060321e+00 6.061457302226086474e-02 -6.163260144848597966e-01 1.340579117759394201e+00
-1.033675375059993184e+00 1.218207174834940787e+00 1.811885639903474399e+00 1.911530122485756156e+00 -1.389642660519930240e-01 -4.029794144865883054e-01 1.835624927303001197e+00
-1.527498417298028155e+00 1.059499399457624058e+00 1.894399296370020025e+00 1.923996205666902437e+00 -3.666408843714391019e-01 -2.124864950946483699e-01 2.226633515133248586e+00
-1.901979995128468603e+00 8.622676127846730099e-01 1.849580403013186380e+00 1.775223073695507692e+00 -6.076960774202179172e-01 -8.425373371139216472e-02 2.440519712920594664e+00
-2.097643029407352699e+00 6.400886645857145618e-01 1.647562108403602066e+00 1.494124752212215412e+00 -8.428671600217183535e-01 -5.343296697296487374e-02 2.442853054364584331e+00
-2.104823145307794796e+00 4.301038165043838957e-01 1.251074952562379883e+00 1.140759237636804979e+00 -1.063466131849342133e+00 -1.151748848545773168e-01 2.236877964456994494e+00
-1.942038060037800440e+00 2.685132294763850069e-01 6.787931555030652930e-01 7.866044922975901077e-01 -1.264412034726494660e+00 -2.218407401657331857e-01 1.849469003738560602e+00
-1.634467558912949592e+00 1.628648386140863213e-01 3.440753376477439021e-03 4.869447274837074846e-01 -1.432309121271797769e+00 -3.280781635638319038e-01 1.321079819937073241e+00
-1.228263440753017965e+00 1.093716166410000357e-01 -7.112957197391711617e-01 2.800682067740665193e-01 -1.550526519584410012e+00 -4.232062782158935721e-01 7.061127687100129391e-01
-7.922179037708964033e-01 9.567145171191070163e-02 -1.409654074620152020e+00 1.785923414538969911e-01 -1.602183930833329217e+00 -5.046435553631353210e-01 7.668062259832100769e-02
-3.907457251515429331e-01 9.053488636442874604e-02 -2.009674117353245748e+00 1.576225553090771225e-01 -1.571314368254493887e+00 -5.480229804243615943e-01 -4.883472816681278528e-01
-7.108828367967286177e-02 7.901497426698575466e-02 -2.449036124026919836e+00 1.769071161517556390e-01 -1.457947785279233299e+00 -5.288424176709229929e-01 -9.301025215426980131e-01
1.366116460715202652e-01 8.380855905599497724e-02 -2.731352796400392080e+00 2.092359359474585401e-01 -1.281864586313739673e+00 -4.510119686567704567e-01 -1.223683705075574224e+00
2.295733058699144513e-01 1.193662826128103205e-01 -2.862219037996888815e+00 2.367180815477198386e-01 -1.064600738220828680e+00 -3.409192855292672575e-01 -1.359132593740912665e+00
2.304810003077038816e-01 1.634880068190297797e-01 -2.784185785613347175e+00 2.416700438671415541e-01 -8.241325620427887300e-01 -2.301946875508192880e-01 -1.317876653448039725e+00
1.539175693893195529e-01 2.104075556636963995e-01 -2.444720977861870814e+00 2.354933242611422783e-01 -5.935587948474981834e-01 -1.458927227608748378e-01 -1.090602268577318013e+00
-5.285140735571548787e-03 3.035260263154725413e-01 -1.887204567321305149e+00 2.718722385279709330e-01 -4.239231147017204493e-01 -1.023588581850785051e-01 -7.155506226360393018e-01
-2.274885910746964890e-01 4.648141298343705929e-01 -1.211060276085675458e+00 3.838266942878881816e-01 -3.497129392018868410e-01 -9.317332236050179795e-02 -2.784248271747499781e-01
-4.459323832974981250e-01 6.396260432148963559e-01 -5.012523876320793548e-01 5.369302569285514526e-01 -3.653873623025222783e-01 -9.913339452802442942e-02 1.247648941273712953e-01
-5.909259259661232555e-01 7.498944699146244952e-01 1.299416270222140957e-01 6.730020610071648646e-01 -4.450307104637917788e-01 -1.115123751418009290e-01 4.085886875559041065e-01
-6.331530044764170917e-01 7.609775341198291576e-01 4.803164559982743276e-01 7.583565099519813391e-01 -5.702777607087340384e-01 -1.384200030970241801e-01 4.900469418690766576e-01
-5.559255829562161910e-01 6.482692762772953587e-01 3.694881781327963299e-01 7.539335967852610620e-01 -7.081496978618240234e-01 -2.014074787573267578e-01 3.404107278843941931e-01
-2.910259057852617737e-01 3.254662880649116796e-01 -1.056716826551394733e-01 5.853503648792200975e-01 -7.593789929730927479e-01 -3.342532461973412028e-01 9.549107034980400255e-02
1.634778643039803969e-01 -2.328773402795088765e-01 -5.811566295716475983e-01 2.194222285644507608e-01 -6.506645854908685855e-01 -5.028488699018511809e-01 -2.877169750725503891e-02
1.634778643039803969e-01 -2.328773402795088765e-01 -5.811566295716475983e-01 2.194222285644507608e-01 -6.506645854908685855e-01 -5.028488699018511809e-01 -2.877169750725503891e-02
3.277937007116130119e-01 -8.656893909614585825e-01 -8.944143686771668378e-01 -7.352443464721647448e-01 -5.197468050923321758e-01 -2.622000618550620055e-01 -8.140020735224816339e-03
-1.462080831034149597e-01 -5.400650839058853681e-01 -8.432455012710620146e-01 -9.449900532630873817e-01 -5.913039929890966384e-01 1.171968244364336026e-02 -7.468758498404735879e-02
-3.539368992235120692e-01 -1.394687400573875469e-01 -5.979407128975946506e-01 -7.297975694212410769e-01 -4.779138606981358506e-01 -2.866277096873099187e-02 -9.203339981735096653e-02
-1.325468666951211683e-01 1.045075775909765914e-01 -2.155212155993289913e-01 -1.595000048370881218e-01 -1.813683363392896986e-01 -3.180850543309767797e-01 -2.571832404004513462e-02
1.660243963095721087e-01 2.809779047811780672e-01 3.846679817547284108e-02 5.118689332657281321e-01 2.848516449749498303e-02 -5.251626933762990612e-01 -9.694181333405463893e-04
2.039725301041908356e-01 5.443116675458028464e-01 -5.499669187042904167e-02 1.061672613789701458e+00 -5.719480750842105554e-02 -4.492518285209368134e-01 -1.246534058877813295e-01
-4.771248870845468115e-02 8.915171465463260780e-01 -4.579183778685014250e-01 1.394161253901057718e+00 -3.976221443762075203e-01 -1.328802151225043082e-01 -3.464758415119278401e-01
-4.137469880800197508e-01 1.183483223947029650e+00 -9.406428260776577011e-01 1.496038099461237003e+00 -7.896741848298347577e-01 2.531977433638782360e-01 -5.089589834695507076e-01
-7.128849670299084451e-01 1.278799939576128253e+00 -1.270785191198759101e+00 1.376017680929511489e+00 -1.040933890994922839e+00 5.464609303304738264e-01 -4.882842224696795075e-01
-8.465417046037168047e-01 1.128496140745726795e+00 -1.312223520021653655e+00 1.055366550574094342e+00 -1.067994660689200348e+00 6.472450573413107699e-01 -2.791686335833715726e-01
-7.921953819430868071e-01 7.721757124263285421e-01 -1.024678816780308255e+00 5.699762599471153157e-01 -8.998871839227776670e-01 5.149230987462685150e-01 3.227566087402664735e-02
-5.604223978284496033e-01 2.768220583544084845e-01 -4.509019447441759421e-01 -2.406509675963004399e-02 -6.213151288166133268e-01 1.517591414505616021e-01 3.529194222521389590e-01
-1.674899784526444890e-01 -2.957395266072128104e-01 2.951059390660661919e-01 -6.404129901539327152e-01 -3.159411818448749076e-01 -4.006967636026360080e-01 6.318432788496893826e-01
3.396282123979172396e-01 -8.772829825882439980e-01 1.063776844092290563e+00 -1.190585940159915923e+00 -5.555982530299390793e-02 -1.046591389481869694e+00 8.530943105408345106e-01
8.581609676336006132e-01 -1.372326505621890513e+00 1.695110985368025514e+00 -1.614581782285555489e+00 9.146596715431744296e-02 -1.658245814933309248e+00 1.003415086812439405e+00
1.249131968194606701e+00 -1.654285682428401794e+00 2.014916063689152548e+00 -1.871101594152873915e+00 6.769667387705857742e-02 -2.132413611439695877e+00 1.043570638194985412e+00
1.394871853509343174e+00 -1.623870146897831379e+00 1.886508074464294138e+00 -1.936031111705159846e+00 -1.409162905243935282e-01 -2.396800747768186746e+00 9.202567135574242219e-01
1.270152947671271182e+00 -1.301680003469168678e+00 1.320491393724626317e+00 -1.821937506063401102e+00 -4.658264580053579351e-01 -2.386703987751877865e+00 6.122586347802361217e-01
9.547220225475797628e-01 -8.315647829879576625e-01 4.925162797204328813e-01 -1.575929776224266998e+00 -7.689133888730436128e-01 -2.066248057862851706e+00 1.554903213771392512e-01
5.657323645825147462e-01 -3.800234278160328216e-01 -3.643385406191811393e-01 -1.251902134842923342e+00 -9.135433529116376850e-01 -1.463099301169985322e+00 -3.732651208878454141e-01
1.983595842663689046e-01 -4.888920994692021876e-02 -1.056416342871200786e+00 -8.831203046495593734e-01 -8.238163027106185643e-01 -6.714365668578673452e-01 -8.904627079804046108e-01
-9.499281032573336780e-02 1.410061959810297583e-01 -1.457362867931278005e+00 -4.849994045380192076e-01 -5.068925059034335989e-01 1.767024453019862551e-01 -1.322849491292535706e+00
-3.247324726887322321e-01 2.341624812020724755e-01 -1.528652014053144770e+00 -7.596693400360572668e-02 -5.136448074803263986e-02 9.647439816600750229e-01 -1.602421360548761609e+00
-5.516577589416068461e-01 3.126926150939296489e-01 -1.344954243101223579e+00 3.237875658714964300e-01 4.087422379712910003e-01 1.620133752544619554e+00 -1.676835385216006946e+00
-8.231272081686791253e-01 4.418902044139042529e-01 -1.057681783970269684e+00 6.954255048929408600e-01 7.502309819645127664e-01 2.093450764729912539e+00 -1.541257648971654737e+00
-1.128498104840276905e+00 6.211878833323331017e-01 -7.972436381915987136e-01 1.008644304530406544e+00 8.953140072944727468e-01 2.344999098578704366e+00 -1.248744015955808528e+00
-1.421977692337821342e+00 8.069188498400310383e-01 -6.299682421810131050e-01 1.234265431439199867e+00 8.106251989401960234e-01 2.355304280354233892e+00 -8.841090431347921053e-01
-1.668342314163569151e+00 9.777891179042713654e-01 -6.004885877836281249e-01 1.374673081954595366e+00 4.987276768420389472e-01 2.125831725872664002e+00 -5.304063950935581362e-01
-1.843621301675344437e+00 1.136808131531084731e+00 -7.344319803276664338e-01 1.458585404943183228e+00 7.818105799284977286e-03 1.683939275955605552e+00 -2.453667417757257885e-01
-1.915033669396855043e+00 1.270249492467318664e+00 -9.861848872130026811e-01 1.516621022713416922e+00 -5.656221948536783728e-01 1.101516703804896524e+00 -4.957814799391228183e-02
-1.863297626470654222e+00 1.364347212798228792e+00 -1.260217196352263924e+00 1.580041189280193770e+00 -1.109588387704766532e+00 4.893838332450432538e-01 6.060309679382446663e-02
-1.712837778588027549e+00 1.444602338933658858e+00 -1.495732722506269541e+00 1.683302691557840847e+00 -1.538888032080831580e+00 -4.811192945882149935e-02 9.005731358208714232e-02
-1.514487883416221647e+00 1.554751314965653330e+00 -1.683706509345438640e+00 1.848273089803267766e+00 -1.805131013421556130e+00 -4.525296323368971918e-01 4.618281329449694383e-02
-1.304851817094559108e+00 1.699860545148134561e+00 -1.805725382913960342e+00 2.062888865562297003e+00 -1.879140834397501125e+00 -7.089279516893768340e-01 -4.536381893619574612e-02
-1.088463776995183929e+00 1.821955762782438093e+00 -1.804769041542250818e+00 2.265771379729258683e+00 -1.746547040898622560e+00 -8.268772794957889305e-01 -1.397035699550319143e-01
-8.524074279544409105e-01 1.835979991998152316e+00 -1.639862355105328851e+00 2.358487566501634269e+00 -1.423454301694218493e+00 -8.240009131908194728e-01 -1.928664991699440556e-01
-5.876255239603228597e-01 1.686959982527119761e+00 -1.339677302236156775e+00 2.256052912859295212e+00 -9.627953985998001230e-01 -7.161926872427383239e-01 -1.816565189858058149e-01
-3.001194354781744900e-01 1.370565930096097507e+00 -9.703017794112442918e-01 1.933031388997130895e+00 -4.427989225453348165e-01 -5.211228796757488846e-01 -9.819889369029338733e-02
-1.422621901949234352e-02 9.195610494347026265e-01 -5.734007508288518906e-01 1.423425243283216846e+00 4.672693700170439668e-02 -2.649010729152948551e-01 6.324088373363231930e-02
2.393498730743646719e-01 3.860061996762541581e-01 -1.633794330813322926e-01 7.889610426193817139e-01 4.176267850677386484e-01 8.322285268601108815e-03 3.015353723812080333e-01
4.453533559018056920e-01 -1.698468249535491081e-01 2.405479940381325399e-01 1.014170928263024296e-01 6.046794144530890369e-01 2.261328867533934084e-01 5.992454209926827424e-01
6.126391664820700633e-01 -6.864734160407369723e-01 6.177052785442032068e-01 -5.532899607372415707e-01 5.849257821675387659e-01 3.043125134755219618e-01 9.257889347883407893e-01
7.642153974116639992e-01 -1.114200515713417605e+00 9.704701734307281669e-01 -1.090619592802719140e+00 3.775009663215822542e-01 1.935930647636217028e-01 1.245724582084768439e+00
9.163471094864933386e-01 -1.419026352581914674e+00 1.300230234863070766e+00 -1.460773943309359835e+00 3.170636207299928899e-02 -9.078988311210914319e-02 1.517983162496298277e+00
1.064291801098137702e+00 -1.576670504948689322e+00 1.569872548585281136e+00 -1.657999635333417876e+00 -3.769152505970644329e-01 -4.925447665007254838e-01 1.703128225305873045e+00
1.196504896519833050e+00 -1.591193492061530712e+00 1.740352345773177323e+00 -1.714079888900454707e+00 -7.502492969009671997e-01 -9.502356426065456940e-01 1.784439715500781398e+00
1.312176777358220026e+00 -1.511526124032197105e+00 1.823575287359567199e+00 -1.695913279064851453e+00 -9.920531788605034818e-01 -1.397378359976208850e+00 1.768034721228463946e+00
1.414335884588785675e+00 -1.409778469711008286e+00 1.856466266539204657e+00 -1.692318884474343754e+00 -1.040473230139731697e+00 -1.754463317367144892e+00 1.661616172040699668e+00
1.511063648933213877e+00 -1.350344348745850853e+00 1.846116472588289703e+00 -1.777244353385142306e+00 -8.786274508627420765e-01 -1.945795820462030257e+00 1.455946566076533166e+00
1.627027696085471486e+00 -1.374439175160855564e+00 1.778772929181566154e+00 -1.969447142896062708e+00 -5.267385352744351490e-01 -1.924278269752851100e+00 1.129499976607952982e+00
1.785362343152483211e+00 -1.494183597284978182e+00 1.666737760335835095e+00 -2.230190446671505899e+00 -3.851024969007746379e-02 -1.688515424285566446e+00 6.824228111542788300e-01
1.973270463073225622e+00 -1.678717519812231718e+00 1.534999567849325119e+00 -2.496694794957593722e+00 5.007880245623922422e-01 -1.289907346750616579e+00 1.525515744893867487e-01
2.144001957890183441e+00 -1.854223118073291765e+00 1.372496500824366139e+00 -2.712174546724846369e+00 9.962736713913954434e-01 -8.160404214763606889e-01 -4.055152347839488525e-01
2.260992356926479374e+00 -1.957438349101494168e+00 1.159408015471154574e+00 -2.841288675686868714e+00 1.381612391833313414e+00 -3.404126730054149452e-01 -9.335634535719904425e-01
2.319864551911092310e+00 -1.980844332830248522e+00 9.265212520368704130e-01 -2.868525721874319423e+00 1.634372456187515033e+00 1.195160125879088237e-01 -1.371632829729819036e+00
2.320190801640744649e+00 -1.942485669514181446e+00 7.277746735269482459e-01 -2.776145122815994792e+00 1.756975722421928010e+00 5.742823585447048851e-01 -1.677384092179052821e+00
2.245583959870000701e+00 -1.840084808167981034e+00 5.729008931650934056e-01 -2.527285988817174811e+00 1.760309777127583963e+00 1.004046166962039965e+00 -1.847350018281474826e+00
2.081206175785936363e+00 -1.662266941149671329e+00 4.395371677864944870e-01 -2.087067946910205141e+00 1.667710290088262770e+00 1.366353924583102231e+00 -1.907682270299171368e+00
1.828638933425225321e+00 -1.427273166777982105e+00 3.330199029276932343e-01 -1.468063825791790844e+00 1.514634662230217810e+00 1.643082144652763477e+00 -1.885307294381137533e+00
1.500527426310522383e+00 -1.173313965625308875e+00 2.743670929649780765e-01 -7.423903816895310870e-01 1.332495417565619400e+00 1.838389173971093360e+00 -1.802003682393512385e+00
1.117974226605684684e+00 -9.144978677427475500e-01 2.427882538628555742e-01 -3.588506458878657282e-03 1.140735946084904251e+00 1.953155875105885730e+00 -1.689875840623163539e+00
7.173916613071763537e-01 -6.453653553239399043e-01 1.938740047848246939e-01 6.657938591946847007e-01 9.573182654316022555e-01 1.988882200903149711e+00 -1.584401465504093220e+00
3.492979043558758212e-01 -3.879533300453598121e-01 1.267673949602393380e-01 1.183784327828116600e+00 8.020170342762156235e-01 1.955356771088321288e+00 -1.495595921007618845e+00
5.687495689170522090e-02 -1.955737709304337657e-01 8.064733769940433949e-02 1.465850638815859863e+00 6.832789962495151581e-01 1.861711496154702550e+00 -1.402933699091195585e+00
-1.424444681913664690e-01 -1.072220439102918726e-01 7.800678831089462306e-02 1.471317552869420231e+00 5.952033181372243797e-01 1.712623556114822643e+00 -1.285466857586777811e+00
-2.448943613724092194e-01 -1.284832029869546477e-01 1.211991025057468641e-01 1.240149446293417945e+00 5.313704768744152984e-01 1.519469621859678821e+00 -1.144398642332177030e+00
-2.451278318353034835e-01 -2.497829580937090954e-01 2.302213355141055906e-01 8.661547806887417433e-01 4.890029847249973138e-01 1.307421950430520896e+00 -9.947876760443914446e-01
-1.452788508005013746e-01 -4.469656211677023872e-01 4.281068709070824929e-01 4.538523539059164391e-01 4.582127070429628524e-01 1.102110006431395339e+00 -8.581562234370612163e-01
3.975432008107394888e-02 -6.668707104546036657e-01 6.887518705575563782e-01 1.060174629114086775e-01 4.232504595966077310e-01 9.131755457345208660e-01 -7.719162138189092914e-01
2.967230832395459927e-01 -8.533878659731929384e-01 9.506625905392813713e-01 -9.742441465156580216e-02 3.815544349667590041e-01 7.385380638478757920e-01 -7.770684852490253869e-01
6.184867734175946152e-01 -9.943421572367152628e-01 1.192430717905585302e+00 -1.403115341393442739e-01 3.495971563960881823e-01 5.698403954579828179e-01 -8.740682708779460297e-01
9.824106309330721265e-01 -1.100603069888645091e+00 1.436474967185798812e+00 -6.322243390991287570e-02 3.423380760985385574e-01 3.861807630386023260e-01 -1.014847135936561839e+00
1.324838965045170402e+00 -1.127146187112368247e+00 1.654365223184805833e+00 9.626676227606303926e-02 3.520517479361097712e-01 1.640469673549829477e-01 -1.156007981315580357e+00
1.553608371974553037e+00 -9.720760309509794972e-01 1.748382204059688583e+00 3.309993906211932679e-01 3.560778561209115289e-01 -1.064781998199271079e-01 -1.284613533277955355e+00
1.603390022450643881e+00 -5.919290502198291115e-01 1.672666373355853775e+00 6.169459742387732870e-01 3.464726825794958720e-01 -4.175279288772091313e-01 -1.372936334421855475e+00
1.466757819137588292e+00 -5.859383503979534447e-02 1.486158370255241667e+00 8.796683884872545933e-01 3.339218059510906111e-01 -7.419880300185043298e-01 -1.358610957988884538e+00
1.174428766944816349e+00 5.248169926474547387e-01 1.253352982421948258e+00 1.049524064980113858e+00 3.243274740083691432e-01 -1.043979423051043964e+00 -1.203896503215701186e+00
7.774265561032691618e-01 1.082374856016331099e+00 9.913643917121681692e-01 1.107404027126536405e+00 3.207383738326787803e-01 -1.290283424147617986e+00 -9.300701717075307018e-01
3.452421343300378642e-01 1.527831778447578115e+00 7.340886981521643762e-01 1.048694374366116788e+00 3.399811633610502204e-01 -1.451517718929537626e+00 -5.697286273170844018e-01
-5.065362675489801930e-02 1.760456517623310679e+00 5.472402479983566881e-01 8.578111829445623782e-01 3.998480460590873031e-01 -1.507607025305684800e+00 -1.369905973581596603e-01
-3.680920260428249824e-01 1.730313204505230518e+00 4.508998854129673828e-01 5.453622325195196519e-01 4.951296247967871267e-01 -1.450830072793644510e+00 3.421026003205253629e-01
-6.058844992444443189e-01 1.459543477595290906e+00 4.055378110680671333e-01 1.674072604173076073e-01 5.985812172808195886e-01 -1.277386139615430682e+00 8.237603997045931381e-01
-7.879279511139667402e-01 1.003157090102248850e+00 3.781028903753737569e-01 -2.126981302939403573e-01 6.740457511100703680e-01 -9.850416770084706730e-01 1.273605580707579454e+00
-9.463192218601107486e-01 4.497274043964330503e-01 3.416612892982936467e-01 -5.457931596231291316e-01 6.782604179793630950e-01 -6.019547196193998362e-01 1.658901095502535616e+00
-1.103556451705393515e+00 -7.145814284774579250e-02 2.423671739970373606e-01 -7.856283531641277129e-01 5.741739432657362308e-01 -2.103731098389751974e-01 1.935105819484455703e+00
-1.249003304563011341e+00 -4.514534966256475990e-01 4.823981481287872852e-02 -9.019448998406246476e-01 3.624256027375643563e-01 9.565041848043198680e-02 2.070628503060604864e+00
-1.334768087437449235e+00 -6.469369083279672417e-01 -2.041840101272018315e-01 -8.993068430814209480e-01 8.590926205946244898e-02 2.731774695691276955e-01 2.054715003298404064e+00
-1.303555583817325836e+00 -6.535698991886691456e-01 -4.568176524617139633e-01 -8.040945621692934253e-01 -1.972164981863599176e-01 3.372837305247041728e-01 1.868471582661191288e+00
-1.120423339850955768e+00 -4.800996436172099147e-01 -6.846221246812425054e-01 -6.400579420387662033e-01 -4.318998706656132502e-01 3.274353395365154906e-01 1.477921049396764719e+00
-7.810431798498200795e-01 -1.729350826871894897e-01 -8.603626345048905888e-01 -4.244962871330942300e-01 -5.704380682293913596e-01 2.718493447434826571e-01 8.831009227066918266e-01
-3.151920149788958736e-01 1.644181156558219281e-01 -9.082211798852242168e-01 -1.865439683528488934e-01 -5.807719879100720073e-01 1.741040415232059102e-01 1.697290728087940404e-01
2.010864451172801048e-01 4.121514402741068839e-01 -7.531711809332001240e-01 1.814609922731895419e-02 -4.521125638741841923e-01 4.763871586759262783e-02 -5.096220248446399204e-01
6.561905636151595944e-01 4.748956758181392401e-01 -3.735331997447503549e-01 1.051076130100983691e-01 -1.838550000435951459e-01 -4.284743016746749705e-02 -9.951380421274609311e-01
9.325838452732090333e-01 3.180566588305621667e-01 1.818558318244211935e-01 -1.322571357730723332e-03 2.080648024133232021e-01 -3.356124700643728365e-02 -1.173504085973161803e+00
9.322406225758351761e-01 2.921823454813127566e-02 7.551591804859268953e-01 -2.846044592746437840e-01 6.565544840626111878e-01 3.228414077533799109e-02 -1.013457574454199150e+00
6.339968385136800499e-01 -2.307736888246580964e-01 1.159652621678642692e+00 -6.237343269038708726e-01 1.053529623670607096e+00 4.542281052320511908e-02 -5.637071823250567881e-01
1.398895489005665405e-01 -3.644044032693751767e-01 1.340274929403372006e+00 -8.938982572288236561e-01 1.300456151846860697e+00 -2.435521586047364670e-02 6.148222576799150518e-02
-3.832835094203768667e-01 -3.579295044184095942e-01 1.356920754236101923e+00 -1.032814486818471877e+00 1.337389986732322456e+00 -1.287998326795667114e-01 7.057502944085234375e-01
-7.952145098044969274e-01 -2.260610170521976936e-01 1.277578144556223538e+00 -1.019315411163388641e+00 1.161632023532917168e+00 -2.392611306045094033e-01 1.231864081348143625e+00
-1.012405742040805912e+00 -2.621376396254694336e-03 1.162208919681802177e+00 -8.683930048275564362e-01 8.268113649832496970e-01 -3.625661362132088783e-01 1.573862088603115827e+00
-1.007404030912796067e+00 2.558476842433343723e-01 1.066375229865483165e+00 -6.459134192796031071e-01 4.097249858310452186e-01 -5.105336791631285287e-01 1.728638671898363954e+00
-8.082165508143850374e-01 4.915372511751351925e-01 1.013436205475295671e+00 -4.320662898778293570e-01 -1.492395787380280947e-02 -6.865640007550127821e-01 1.717928684002240747e+00
-4.855071032685336907e-01 6.650921362376946977e-01 9.944849980421687219e-01 -2.762638295707398606e-01 -3.780540625066264870e-01 -8.713466560055647125e-01 1.566742733779052932e+00
-1.252451077820330716e-01 7.528515272426876681e-01 9.958868299382594991e-01 -2.015232387956262805e-01 -6.193462985847820734e-01 -1.019327846236612656e+00 1.301932648269837012e+00
1.959756516661250447e-01 7.454042970385718059e-01 9.960483939840181211e-01 -2.182760209961267794e-01 -6.995154561687627615e-01 -1.084388509582991489e+00 9.508740282625121054e-01
4.276146855322583429e-01 6.515262774548749025e-01 9.590587542377984054e-01 -3.149472553228793714e-01 -6.080401623478890460e-01 -1.043642212707035499e+00 5.437076414175570083e-01
5.510231008319689261e-01 4.799492176312888936e-01 8.774110522663375322e-01 -4.585830811260379059e-01 -3.628318861420405939e-01 -8.940567695211915078e-01 1.422357011400116611e-01
5.717102134688996085e-01 2.296442363431367428e-01 7.893418913869829634e-01 -6.098087565508178987e-01 -1.599376838000457837e-02 -6.548711699914521178e-01 -1.507018739959796461e-01
5.092547777121778640e-01 -7.794607239268215582e-02 7.212428403422526113e-01 -7.202748884761953629e-01 3.458458712047930428e-01 -3.867136584277522382e-01 -2.475109688222356386e-01
3.873871666837012118e-01 -3.803281827901831558e-01 6.547121449364053936e-01 -7.328003935220744891e-01 6.277780781510562402e-01 -1.635541966234854705e-01 -1.285393616955056995e-01
2.267517719377990237e-01 -6.058770418191975482e-01 5.623537407399317178e-01 -6.096252806199038421e-01 7.600783869937428605e-01 -9.728617838223095268e-03 1.605401051881436558e-01
4.747648199702612232e-02 -7.087306940812501121e-01 4.292093274122558699e-01 -3.575562145994393703e-01 7.120489875240658684e-01 9.861386017898078615e-02 5.316349302704604929e-01
-1.280395614676024529e-01 -6.751690204906255488e-01 2.334153560565965235e-01 -2.218425490584463936e-02 4.956107988357616456e-01 1.829818031132784129e-01 8.754304295429375937e-01
-2.766959609444655244e-01 -5.267053374940687815e-01 -4.524970387222519708e-02 3.325295494673425334e-01 1.703734036555488718e-01 2.514104760532564486e-01 1.090965384830427709e+00
-3.751220404441944489e-01 -3.237305110354797288e-01 -3.813685898106516370e-01 6.366582074241684541e-01 -1.648212372024673300e-01 3.218096468094497342e-01 1.115777947201658016e+00
-4.014134427687480189e-01 -1.463770507167974355e-01 -7.030728324603212620e-01 8.217424528929597738e-01 -4.024352340224850999e-01 4.240289611102215916e-01 9.314656157258089930e-01
-3.468766136025052127e-01 -5.758158110042338462e-02 -9.502947320568482237e-01 8.423660717478660409e-01 -4.629505310830632769e-01 5.699945708519899013e-01 5.508607367693806323e-01
-2.304761599955999218e-01 -6.953969548282594448e-02 -1.117085577841257171e+00 7.079906751342888160e-01 -3.204043391139857477e-01 7.314953443075410400e-01 1.010720631441452966e-02
-8.429359714253760461e-02 -1.485169046082717714e-01 -1.227436349888880285e+00 4.783461830023371109e-01 -4.700919913991155781e-03 8.615872617249351606e-01 -6.325854382909865681e-01
7.298208802673322726e-02 -2.546734345749849249e-01 -1.293606537652943311e+00 2.161416398712592835e-01 4.144856702233593038e-01 9.319787930178171642e-01 -1.295159723649416561e+00
2.267703466048233141e-01 -3.559198466056779364e-01 -1.324119966166420692e+00 -4.007144100363264905e-02 8.431079431608181629e-01 9.353421881292737217e-01 -1.876412843615471671e+00
3.501642985372084294e-01 -4.154851900076840798e-01 -1.344059816966771459e+00 -2.628759088715728054e-01 1.182415240237975507e+00 8.680516981091178641e-01 -2.282615235656204611e+00
4.215292471223393012e-01 -3.998716410586456438e-01 -1.368299671279614715e+00 -4.264493537241659804e-01 1.361261170469197923e+00 7.349246466761152341e-01 -2.460887467518988903e+00
4.461507391294018410e-01 -3.018691372414975538e-01 -1.371153355612626523e+00 -5.232260456855678532e-01 1.357628586367674028e+00 5.626894867299592207e-01 -2.410045935358993141e+00
4.497128188057478715e-01 -1.465894387952916544e-01 -1.314550240813115778e+00 -5.786303908049651445e-01 1.195542779137713563e+00 3.938180900950339347e-01 -2.175003628999123695e+00
4.606347301129567473e-01 2.288228553091866888e-02 -1.189377499944265226e+00 -6.335840965113261891e-01 9.321820398184645917e-01 2.668369508092788833e-01 -1.834171866118681660e+00
4.995788772972491465e-01 1.581954974921098989e-01 -9.946412493191775228e-01 -7.155073899815179717e-01 6.425469633110189038e-01 2.014090004025650693e-01 -1.462855108477670640e+00
5.698998726333709408e-01 2.165013661138273093e-01 -7.077763538581954839e-01 -8.308205383457365478e-01 3.974475944467699140e-01 2.015919753495325206e-01 -1.100715752837744255e+00
6.512864968241363073e-01 1.883436314644543752e-01 -3.293011374195742302e-01 -9.649201981256961824e-01 2.404332019993146163e-01 2.655817117269145822e-01 -7.715550471131188415e-01
7.086334712741355624e-01 1.159959740779274301e-01 7.207912930615750779e-02 -1.076639904484999910e+00 1.794007412858147910e-01 3.747347125223701725e-01 -5.103515821158429722e-01
7.120073942801781186e-01 6.436679417073015719e-02 4.034551172843199307e-01 -1.116221187952262328e+00 1.971556715549666605e-01 4.917115455942987490e-01 -3.435805066648980333e-01
6.513273983513735432e-01 7.220432417978885076e-02 6.128469921892838457e-01 -1.066285880845909695e+00 2.662463907434107213e-01 5.965829093514440906e-01 -2.647026819348107796e-01
5.370918679731453427e-01 1.324804846537450120e-01 6.887634091006634707e-01 -9.479148197241523688e-01 3.596507915214157691e-01 7.006115813875202214e-01 -2.491490057692916094e-01
3.842570687445874267e-01 2.142877538504779911e-01 6.285829845437687080e-01 -7.759715313815906956e-01 4.597302228350902409e-01 8.154459139738223783e-01 -2.786917079973862954e-01
1.952607892452027094e-01 2.884461321944991052e-01 4.473864366946814219e-01 -5.412256014019609651e-01 5.602709699912921115e-01 9.423570138990180478e-01 -3.322283506388094554e-01
-3.295978797683915551e-02 3.268733753179497437e-01 1.940950290084225704e-01 -2.545521579935014489e-01 6.534683857764014281e-01 1.081467275464687239e+00 -3.685926153616503331e-01
-3.038009713505363529e-01 3.206359344421590429e-01 -9.633204461650234085e-02 3.659172101927662263e-02 7.099770468295929504e-01 1.216216906702142886e+00 -3.437296123069831233e-01
-6.268386272342061361e-01 3.007356809599123215e-01 -4.391963553433895218e-01 2.852771939535873602e-01 6.844734917334241997e-01 1.301085707221779852e+00 -2.320729150413701203e-01
-9.965950950346884607e-01 2.974906549916640497e-01 -8.393932987153889247e-01 4.623814847084918855e-01 5.505890941340387812e-01 1.281954023991250358e+00 -2.196012930158505738e-02
-1.377148291305149819e+00 3.112261513044158878e-01 -1.244200488682533079e+00 5.555008543645839625e-01 3.140672886927075025e-01 1.123594028431568415e+00 2.863218997732644988e-01
-1.725933817318773489e+00 3.439290237549971208e-01 -1.597321227612400030e+00 5.734783180858100682e-01 -7.621057723922147580e-03 8.230689433563564972e-01 6.657438255872553112e-01
-2.004632446365850473e+00 4.110790828994269619e-01 -1.888584702243964575e+00 5.439941369024153817e-01 -3.915161209622513017e-01 4.136639629706445054e-01 1.050211759691048741e+00
-2.167334034309492896e+00 5.141491752442660657e-01 -2.114224896846811586e+00 5.058359757957839875e-01 -7.977320814864080623e-01 -4.670105111721985919e-02 1.353477183936356854e+00
-2.174225765148268152e+00 6.369020346131195609e-01 -2.235052279921561080e+00 4.946047001826753831e-01 -1.181589312553870563e+00 -5.097776723577790436e-01 1.513924671709844016e+00
-2.031840342708523206e+00 7.862647595698903924e-01 -2.231474669426162460e+00 5.314477510415657191e-01 -1.523687834389494844e+00 -9.480692375073591638e-01 1.508760862211040665e+00
-1.811127548676591648e+00 1.012324121052933235e+00 -2.160543893567314910e+00 6.302148167673026213e-01 -1.832829129827216130e+00 -1.331080494409298653e+00 1.345650601343443720e+00
-1.606251876767622822e+00 1.341252967162487320e+00 -2.086688043196909703e+00 7.903042673544217189e-01 -2.116294008863142118e+00 -1.621987166024984051e+00 1.083973528443141987e+00
-1.472843912736116812e+00 1.705817950194785659e+00 -1.999995264406576823e+00 9.696797223515299935e-01 -2.360059589483866738e+00 -1.794921906107969534e+00 8.357409414947383208e-01
-1.415175074685276702e+00 1.993579986352416844e+00 -1.868671981649828950e+00 1.101192086224518363e+00 -2.541716189152229077e+00 -1.841914818501795503e+00 6.953163240983792903e-01
-1.412661595875785991e+00 2.136923408723710338e+00 -1.715500785092173963e+00 1.145759045110251728e+00 -2.649212431158799674e+00 -1.772759564376582331e+00 6.823917898080057443e-01
-1.437547581413932241e+00 2.125067081539287361e+00 -1.582697797542853779e+00 1.107216468436224233e+00 -2.682698804167740203e+00 -1.618041386922100200e+00 7.689518766654002135e-01
-1.459235339160567690e+00 1.968376952524295120e+00 -1.466724126748561563e+00 9.993614044894923998e-01 -2.649627137566883395e+00 -1.425076959723436953e+00 9.291482939756852133e-01
-1.453439702444582649e+00 1.688493409630386299e+00 -1.336843889182239398e+00 8.248332835531747564e-01 -2.562380824859739725e+00 -1.230686293090625494e+00 1.140029656004716951e+00
-1.413473495324991891e+00 1.337969623351302095e+00 -1.190952733998487334e+00 6.012273482834581406e-01 -2.433844932338383948e+00 -1.039130757339105315e+00 1.352923781823536231e+00
-1.347117160015713244e+00 9.995472671571756784e-01 -1.048269248798970432e+00 3.872933407184690480e-01 -2.271012003334875740e+00 -8.452123150177718314e-01 1.500041236681290080e+00
-1.263274968883848492e+00 7.443570228709325276e-01 -9.019810306871729466e-01 2.512694240828255987e-01 -2.073181068913934944e+00 -6.675314146643083202e-01 1.536326720451973493e+00
-1.169852171664528040e+00 5.989429903653181730e-01 -7.241154666020590547e-01 2.215713999897203357e-01 -1.834726082859356566e+00 -5.337173938127518502e-01 1.453939716435882712e+00
-1.077187828800293179e+00 5.568277339016221017e-01 -5.074633200114114784e-01 2.912557891241420172e-01 -1.548440106992871490e+00 -4.438526358685510598e-01 1.256580370917204315e+00
-9.908141539739497849e-01 6.008458983284978849e-01 -2.606550402111061926e-01 4.487906220205121754e-01 -1.212942086220520688e+00 -3.687022070032978105e-01 9.496801393133669222e-01
-9.127774335080721668e-01 7.076647091701401271e-01 2.477341312582651001e-02 6.773199303863848275e-01 -8.450662316665905616e-01 -2.741593216353787610e-01 5.655142551254317418e-01
-8.569088943387537238e-01 8.564434581872385488e-01 3.528760493975225954e-01 9.450068830813650456e-01 -4.843211042590326310e-01 -1.415649755399299436e-01 1.647860657714215749e-01
-8.449274353915848801e-01 1.042039180069817439e+00 6.806868540334019002e-01 1.215836868884367261e+00 -1.770687085962854845e-01 2.647068911210307199e-02 -2.002911169881081976e-01
-8.791312234790739089e-01 1.256735535309036811e+00 9.451851097712273830e-01 1.457431400472497307e+00 5.013822244086894864e-02 2.189739593216107616e-01 -5.028886044472659078e-01
-9.315275288352254934e-01 1.464002123181546988e+00 1.115802191813075606e+00 1.636756762725118275e+00 2.009539328787705859e-01 4.312609980237281926e-01 -7.296873344646496173e-01
-9.675615483041093423e-01 1.608906378153905692e+00 1.185637172490205060e+00 1.721008018945998419e+00 3.004665051420179478e-01 6.663992125453438442e-01 -8.739253458042580691e-01
-9.710721468809138113e-01 1.647321776662300952e+00 1.136986258139238037e+00 1.694963051507304863e+00 3.863980107551887588e-01 9.266404867251444299e-01 -9.369385817857931453e-01
-9.420590991627256772e-01 1.560941853464513196e+00 9.514456951410166230e-01 1.580357665990307581e+00 4.989876314735673946e-01 1.201311045980906433e+00 -9.280042826194770944e-01
-8.864254983306947278e-01 1.346483261175507540e+00 6.467827927923022191e-01 1.419997858461728990e+00 6.650216240225603759e-01 1.471838022426444459e+00 -8.563786154262376105e-01
-8.192094338118962593e-01 1.007040828592030479e+00 2.734568223314846613e-01 1.249665406406273993e+00 8.854908785365730450e-01 1.727348767751554659e+00 -7.280480313924779789e-01
-7.616305483586113256e-01 5.676433697384090094e-01 -1.241828904649659449e-01 1.103531617159823730e+00 1.135809856338593882e+00 1.959258860234351918e+00 -5.568645711017324862e-01
-7.186995537031009018e-01 7.326521402501133540e-02 -5.104903391729386231e-01 1.010985423178601517e+00 1.380576190054938479e+00 2.145582017943181707e+00 -3.620982434708084896e-01
-6.726641569090928696e-01 -4.371335749188781650e-01 -8.309179082078718137e-01 9.666847674623375575e-01 1.589041979599708165e+00 2.254620649725191495e+00 -1.503888628156594132e-01
-6.137544061602221435e-01 -9.272416496367444916e-01 -1.036368674238911769e+00 9.307048204370743649e-01 1.740936234539953942e+00 2.276030935293444912e+00 7.443564760849773199e-02
-5.563052092427260842e-01 -1.352946358487335798e+00 -1.128681445931152938e+00 8.571402210373222363e-01 1.835572064182768193e+00 2.240718681935660594e+00 2.861581764363322344e-01
-5.082447482900126490e-01 -1.692526652731291215e+00 -1.121303059521030709e+00 7.160013484068959988e-01 1.899562712972069356e+00 2.184666082908599538e+00 4.523650677293312161e-01
-4.587751715040037093e-01 -1.950253873911767410e+00 -9.924230766583969077e-01 5.111967148063458755e-01 1.962640156336445507e+00 2.108888902994006997e+00 5.638757300314984899e-01
-4.029344034726798918e-01 -2.107088939226120949e+00 -7.433674586846225063e-01 2.809359246787829223e-01 2.023570263940045244e+00 1.989104883404299251e+00 6.168798921283953351e-01
-3.420336094047524145e-01 -2.116346900553929711e+00 -4.499535077535685157e-01 7.288473840230086376e-02 2.059605750154694270e+00 1.794547605189889428e+00 5.870316783337224953e-01
-2.665668554298306070e-01 -1.958004324152806452e+00 -1.979201442953110457e-01 -7.794697084481806704e-02 2.059461461561461260e+00 1.503183692437023433e+00 4.518872874424046948e-01
-1.574252291358863576e-01 -1.674021164284834828e+00 5.802809807867305956e-03 -1.648695436322785701e-01 2.030233371983160229e+00 1.127508437657657625e+00 2.252261241448048901e-01
3.430303445605512123e-03 -1.348289493791184679e+00 2.184303696362211999e-01 -2.127050879283139684e-01 1.980355174754596659e+00 7.199453557070003562e-01 -5.502793464243024846e-02
2.180162167925587813e-01 -1.048892484643798362e+00 4.642604080548860535e-01 -2.458261871409264665e-01 1.902949557260561031e+00 3.478298995635174529e-01 -3.636967995743817794e-01
4.650996361715172278e-01 -8.019879773133389289e-01 7.052057918863841035e-01 -2.605347890453051374e-01 1.775040250163845812e+00 6.211002218548340031e-02 -6.802930786403026397e-01
7.199876774039681848e-01 -6.320080203489946147e-01 9.162531623123185698e-01 -2.496916041836030054e-01 1.573706452609025641e+00 -1.198242040087554722e-01 -9.487734182183217291e-01
9.715927024555396363e-01 -5.782733366658318053e-01 1.108865423674291417e+00 -2.242211201361222206e-01 1.289507895996424125e+00 -2.058589087764980674e-01 -1.095687918497473490e+00
1.211469197288664645e+00 -6.414877602218163055e-01 1.258072533399089865e+00 -1.865534864925804392e-01 9.261936659783238657e-01 -2.151520666373443469e-01 -1.095319130550363784e+00
1.421323582640237726e+00 -7.586876616214599522e-01 1.291817346938569866e+00 -1.142390493803986662e-01 5.003722233750956816e-01 -1.844757751219945341e-01 -9.744248827045065564e-01
1.574466390686099837e+00 -8.569944354659929653e-01 1.177951305929026082e+00 9.817469992547723373e-03 4.651026976159063075e-02 -1.725305472108469573e-01 -7.567971223115717017e-01
1.650749956137100183e+00 -9.146898218359814647e-01 9.591233629447361020e-01 1.528090522568672782e-01 -3.828346889945438702e-01 -2.286828264230939267e-01 -4.477745042220726557e-01
1.657562301281726214e+00 -9.619872744954272026e-01 6.942162001704370589e-01 2.329164635346402112e-01 -7.263272360854839960e-01 -3.487370784403971968e-01 -7.828662832323196596e-02
1.638135703967150913e+00 -1.046033109781682402e+00 4.270780976805500506e-01 1.783894159341450625e-01 -9.295248240115445704e-01 -4.678737580030657983e-01 2.697921768764504624e-01
1.658514827892175747e+00 -1.205929236008795424e+00 2.065543042363100767e-01 -2.746007015656030947e-02 -9.698375883942722542e-01 -5.135791790588464245e-01 4.940954152795331566e-01
1.762678865156120489e+00 -1.435606712685096653e+00 6.442656235457336344e-02 -3.429329171249615449e-01 -8.838384939246350935e-01 -4.743145233968661945e-01 5.174594915798736983e-01
1.931081105186951197e+00 -1.659723241671837046e+00 -2.003139864481717075e-02 -6.841817794460232083e-01 -7.576154306327208543e-01 -4.002569190934228138e-01 3.168826627341220781e-01
2.106012231564688530e+00 -1.788529621942684278e+00 -7.803691455512723474e-02 -9.719423061139657039e-01 -6.751462889267363376e-01 -3.436771337821714067e-01 -6.780531031942385600e-02
2.242211989230470603e+00 -1.781443878078956100e+00 -1.004965269248397630e-01 -1.173097335185794732e+00 -6.845674267931894930e-01 -3.231275818666456967e-01 -5.543353111167749203e-01
2.311924793917238041e+00 -1.627722229932877962e+00 -8.042208501829614664e-02 -1.281392010165085082e+00 -8.052423304682287952e-01 -3.398246578542097329e-01 -1.064734747592742448e+00
2.295298527975659919e+00 -1.311464044949636865e+00 -6.275092126877709897e-02 -1.286496076975412350e+00 -1.034779519932886194e+00 -4.069332432195796323e-01 -1.549394823269535593e+00
2.198094544148801344e+00 -8.415368937078682166e-01 -8.971427340610638179e-02 -1.197514885218983194e+00 -1.338593386884888492e+00 -5.442996767306531591e-01 -1.961080029396729429e+00
2.063915762488845562e+00 -2.935547114040661931e-01 -1.307703717874700577e-01 -1.075456928684815905e+00 -1.645090567677769400e+00 -7.458903456437140367e-01 -2.234631518105572923e+00
1.945100036464252558e+00 2.120152608560250396e-01 -1.173771996290892128e-01 -1.007016930036629399e+00 -1.866083321409899298e+00 -9.701667534389543102e-01 -2.308126597915407530e+00
1.867938471047865923e+00 5.691933304558809414e-01 -1.647807333498226001e-02 -1.045746299623905751e+00 -1.933287630418090153e+00 -1.156770499539804264e+00 -2.152504224296409419e+00
1.839331828548837811e+00 7.058114141715637890e-01 1.732686275536444998e-01 -1.194705707193996824e+00 -1.818450136100714820e+00 -1.250720559223489348e+00 -1.779186121050039260e+00
1.863396497326043955e+00 5.860978052124038440e-01 4.483188141397964066e-01 -1.433194619978728213e+00 -1.536478486381434472e+00 -1.237971617500137178e+00 -1.230531701380047638e+00
1.929455154963073182e+00 2.433977745635294843e-01 7.758290044368892913e-01 -1.723929654652162080e+00 -1.142859276579004435e+00 -1.156879661016353644e+00 -5.711177692788544924e-01
2.009719710682595917e+00 -2.332311268036052765e-01 1.101332630222503273e+00 -2.011572643619352618e+00 -7.042756279221850102e-01 -1.058749369462361534e+00 1.244394609725315015e-01
2.079921095371250139e+00 -7.582484609315379709e-01 1.396881729126875804e+00 -2.251257489980006188e+00 -2.677502428385336586e-01 -9.683501486701363570e-01 7.868142836821703234e-01
2.120409038431312787e+00 -1.252297535867103795e+00 1.647385454251292680e+00 -2.417525718220882691e+00 1.312209775600931272e-01 -8.843519163581436970e-01 1.348639227944775865e+00
2.105501221875832663e+00 -1.619255261135466695e+00 1.805224095720725508e+00 -2.478486588143642422e+00 4.576749667444742209e-01 -8.012572082205985380e-01 1.734491518306971791e+00
2.012530940460739437e+00 -1.774231862852475139e+00 1.809848926788276247e+00 -2.396439152235234182e+00 6.914799171712332493e-01 -7.233265385716901585e-01 1.883029191267553193e+00
1.835256223351297011e+00 -1.687000283647098531e+00 1.648650841147660140e+00 -2.157591469142952079e+00 8.369494059967442778e-01 -6.591376545733825809e-01 1.786407045566223095e+00
1.583882570317148408e+00 -1.380814938834995731e+00 1.357376918671882038e+00 -1.786267567203811746e+00 9.109572975964800312e-01 -6.100779353063700006e-01 1.488356402277391410e+00
1.284201035742757124e+00 -9.021629206026812176e-01 9.613096393283692143e-01 -1.335435145253943245e+00 9.305645494220662339e-01 -5.673429065109860669e-01 1.043665757325535681e+00
9.809621003399274786e-01 -3.108241979014294554e-01 4.669075938056397868e-01 -8.658055939016633396e-01 9.169208639337359523e-01 -5.159508887930726040e-01 4.985475679604790544e-01
7.286087600209989468e-01 3.079912849487641546e-01 -8.070027095731319156e-02 -4.302164410683824713e-01 9.001865195230492889e-01 -4.458629393282484421e-01 -8.924058806592757853e-02
5.592958127701606053e-01 8.617518839614269899e-01 -5.933104532826127819e-01 -6.441506172685235176e-02 9.055984462610499053e-01 -3.616364281297510530e-01 -6.381094100882013231e-01
4.565921634712390431e-01 1.306735337975325928e+00 -1.015928269973595865e+00 2.314016734907855533e-01 9.362485946957056493e-01 -2.784571644088044140e-01 -1.075636045842651711e+00
3.780770427633264319e-01 1.648934595772463041e+00 -1.343172848705874056e+00 4.855552687903617048e-01 9.828571866678895708e-01 -2.118846677247294141e-01 -1.370233297933439287e+00
3.019406222906153570e-01 1.875839417373387219e+00 -1.549296184576532065e+00 7.073233635901363670e-01 1.043550552424949984e+00 -1.679611286937809089e-01 -1.519831041979787356e+00
2.275562970362731419e-01 1.947132786862048714e+00 -1.585379340605561849e+00 8.783711902997720644e-01 1.117209317079543629e+00 -1.378811549235171019e-01 -1.535911076047651536e+00
1.424121222468727188e-01 1.856267850440575851e+00 -1.452158983647285462e+00 9.944769305971251638e-01 1.189591195643859400e+00 -1.014396995131636586e-01 -1.446060354639452150e+00
1.990584504508756403e-02 1.647175520316904951e+00 -1.204595167319824078e+00 1.072845073961249174e+00 1.239563637809446561e+00 -3.655779192792629056e-02 -1.287824009513766077e+00
-1.563739688216508328e-01 1.370250498634726588e+00 -8.843400787698616483e-01 1.119415231069375238e+00 1.251000823085616220e+00 7.082185888342880375e-02 -1.086996996787688463e+00
-3.821464090036831851e-01 1.056544192482382183e+00 -5.118685571633572184e-01 1.112352444520437578e+00 1.216805830293765878e+00 2.295676274096946357e-01 -8.589469284605016908e-01
-6.401983925588976554e-01 7.421407929569930895e-01 -1.513963808063403527e-01 1.018824020571606148e+00 1.136105211379284441e+00 4.458644878223366748e-01 -6.414114471101020065e-01
-9.051951286592596624e-01 4.772006651308826064e-01 9.752553355666269963e-02 8.213203853402835097e-01 1.012153332330973265e+00 7.006064915172659502e-01 -4.932989133573951746e-01
-1.138656417678174604e+00 2.844507449141059907e-01 1.983571427521017838e-01 5.236843213056874280e-01 8.564926385679689780e-01 9.437477716963476038e-01 -4.465307558616918304e-01
-1.295809751099756602e+00 1.425647304103844215e-01 2.001525923262863771e-01 1.464659402799932397e-01 6.910274127501280228e-01 1.135890324437552001e+00 -4.898834620957905894e-01
-1.352255653172358185e+00 2.833087493165382248e-02 1.568542716239275658e-01 -2.631359085999721015e-01 5.414619056008891373e-01 1.273806202463738213e+00 -5.973885205244284791e-01
-1.318095826886847233e+00 -6.001592412437930374e-02 9.130809709311064892e-02 -6.293525568494899858e-01 4.326399718401447991e-01 1.372132455677138596e+00 -7.380397978306667550e-01
-1.215285763941553521e+00 -1.381464235979862620e-01 4.085023335249515081e-02 -8.857584491001879723e-01 3.914321105472822748e-01 1.442402678120147330e+00 -8.643960406629118687e-01
-1.056235696197626917e+00 -2.416556612933121184e-01 5.829200810883485018e-02 -1.008449084332387669e+00 4.348850460288327113e-01 1.481737002290772320e+00 -9.270091792109210749e-01
-8.582139096825014413e-01 -3.678793691667571752e-01 1.399820555991891646e-01 -9.972924045316700070e-01 5.457019619025986756e-01 1.478354328716764421e+00 -9.078705156823316802e-01
-6.504114823716535820e-01 -4.702960406180715647e-01 2.212983723367704381e-01 -8.535300349471763859e-01 6.793589959724906091e-01 1.435419134593088453e+00 -8.212343088371051314e-01
-4.498255844573266216e-01 -5.273284092234697962e-01 2.652540170190001989e-01 -5.930084899739087589e-01 7.977611856141983981e-01 1.370450341674755323e+00 -6.792892968575914292e-01
-2.591373476929447195e-01 -5.583796983211628540e-01 2.901169914254763116e-01 -2.542107296314990439e-01 8.783392332723292117e-01 1.287989888454095677e+00 -4.750525507760671728e-01
-1.008848423780807635e-01 -5.655429100124710340e-01 3.029818315656385153e-01 1.284744260799291216e-01 8.996909828256566266e-01 1.169015979804903127e+00 -1.970825052684397061e-01
-2.687614349110249365e-02 -5.067874316213260011e-01 2.785394832165069556e-01 5.478382846639580084e-01 8.409227638420727624e-01 9.792596317723284427e-01 1.610264590409517527e-01
-8.162742139411238718e-02 -3.334590055287400823e-01 2.080066120058262913e-01 1.001839370473451618e+00 6.936179113601033119e-01 6.857127813622391210e-01 5.991788557768720214e-01
-2.721287172613150451e-01 -2.464450619277321411e-02 1.000011519668369125e-01 1.460769015173686070e+00 4.643490339502259756e-01 2.777621323753941551e-01 1.089256698862750783e+00
-5.704718111359666777e-01 4.101821959568521248e-01 -6.492953588152707012e-02 1.874719789497024669e+00 1.713534423632617765e-01 -2.241796655278129324e-01 1.555771555848492138e+00
-9.191652861768562222e-01 9.203549156752985905e-01 -3.120777861871530945e-01 2.194008256997047379e+00 -1.525573899238664988e-01 -7.704404821504180489e-01 1.899297551482306279e+00
-1.232530246470443069e+00 1.395750258738994720e+00 -6.032333918788159721e-01 2.365779296279277411e+00 -4.598429884647816657e-01 -1.285024146616116303e+00 2.044022047541186105e+00
-1.419888610139341312e+00 1.701593005367490141e+00 -8.491468701159269328e-01 2.342196749813662215e+00 -7.050613669639615999e-01 -1.688366191167751662e+00 1.958475119402635078e+00
-1.422128272159382867e+00 1.758698206397250718e+00 -9.984560292199963216e-01 2.118236825288915881e+00 -8.658027689911910185e-01 -1.932508871482704782e+00 1.640003910752514837e+00
-1.230986988619039435e+00 1.578565287250035976e+00 -1.061477655841645218e+00 1.751897358084773648e+00 -9.442792149254566336e-01 -2.011870289248144150e+00 1.112669157489727834e+00
-8.871093810198014129e-01 1.233999696746738373e+00 -1.043030856130718886e+00 1.342038704557304118e+00 -9.605180232354147973e-01 -1.959847826277136829e+00 4.618130575977921759e-01
-4.709345743143347196e-01 8.287976721797406521e-01 -9.210460522283747675e-01 9.843975618599599686e-01 -9.514307940414460374e-01 -1.842804914998350085e+00 -1.622113786565760052e-01
-8.512174577439933498e-02 4.854042093767301225e-01 -7.126393698857509396e-01 7.395861887033576831e-01 -9.595486388316420978e-01 -1.735021889792371708e+00 -6.152004532566570649e-01
1.808165337930513761e-01 3.185442226484671568e-01 -5.000480450688331580e-01 6.325811504046208178e-01 -1.010003769237935556e+00 -1.689996115943857236e+00 -8.322931008817733289e-01
2.853234307855644358e-01 3.881351873169970323e-01 -3.564932755353461546e-01 6.597825598204892783e-01 -1.098443531287064845e+00 -1.728356351766956900e+00 -8.245522788094025168e-01
2.424735041449046224e-01 6.665738950343104152e-01 -2.771844631385014801e-01 7.816978866042910701e-01 -1.199466631482850598e+00 -1.837405583592225611e+00 -6.289071158809191875e-01
1.029345693070142648e-01 1.054393415931057731e+00 -2.087835243301789101e-01 9.251185420994467723e-01 -1.284435877238202517e+00 -1.972318027796670759e+00 -2.917093736391864756e-01
-7.650123504366700133e-02 1.435876054610470742e+00 -1.285270925864701874e-01 1.013562379110178879e+00 -1.336577713429033087e+00 -2.065459942371311808e+00 1.114380821373162495e-01
-2.473793744850957543e-01 1.713603521494095450e+00 -5.257139715929241841e-02 9.946411948665728753e-01 -1.355529728535845635e+00 -2.057340303435141848e+00 4.854919268402532184e-01
-3.588710883092656179e-01 1.795092122835612258e+00 2.785014660684860879e-02 8.361658061045215140e-01 -1.347493775017956086e+00 -1.923205262493446144e+00 7.576928121891144396e-01
-3.671328734472992239e-01 1.616266089239308368e+00 1.397790677435760409e-01 5.316215916362801996e-01 -1.321260966513321922e+00 -1.667831642309819395e+00 8.846533639327611720e-01
-2.740894310040721260e-01 1.217921450058443877e+00 2.484027046965040786e-01 1.362817109072375910e-01 -1.300235801069157260e+00 -1.319251439961752315e+00 8.332882270650544543e-01
-1.300714799676231381e-01 7.363849934473706282e-01 2.731396350583996102e-01 -2.445139518075330476e-01 -1.316109582452511528e+00 -9.314229945627201523e-01 6.049530284078171727e-01
7.805658950620549333e-03 2.957101333195286674e-01 1.884285589878174905e-01 -5.353239876251894014e-01 -1.377810310423453366e+00 -5.576960935735147951e-01 2.696088450276385995e-01
1.038564736489334117e-01 -5.206069653862055446e-02 3.819075146491467815e-02 -7.332150838193902675e-01 -1.457219775995412636e+00 -2.163942248190710849e-01 -6.790768376593588063e-02
1.472776674569849231e-01 -3.073667458144623832e-01 -1.329626252242596396e-01 -8.703404604758319119e-01 -1.501890471841724528e+00 9.998105548092343919e-02 -3.332200508580268061e-01
1.508992499470213910e-01 -4.936658797138762655e-01 -3.067016586125998479e-01 -9.703026664010558910e-01 -1.457255122130738378e+00 3.976392974867243302e-01 -5.060977134536843725e-01
1.415062200934064929e-01 -6.384505227479425615e-01 -4.616640316561537727e-01 -1.044312254664753858e+00 -1.294235535571620854e+00 6.736305898937484660e-01 -5.996555925193661762e-01
1.358467841466249881e-01 -7.555928321825696736e-01 -5.645240608394092030e-01 -1.095057084601722686e+00 -1.031097190120773721e+00 9.130379159484499629e-01 -6.319533541959486689e-01
1.276091067912117905e-01 -8.345864562223117566e-01 -6.007850214258522170e-01 -1.108104876109868409e+00 -7.290156428264112920e-01 1.088917492970789214e+00 -6.175335515317689206e-01
1.029815841125724524e-01 -8.518324666652181687e-01 -5.797509899626986929e-01 -1.057902072470523480e+00 -4.607305993663478594e-01 1.176259903729441003e+00 -5.690420815008041533e-01
6.214890604307773264e-02 -8.010751310170550754e-01 -4.962686862172233093e-01 -9.375952907436030381e-01 -2.759058579370060604e-01 1.167114883044273244e+00 -4.901757310666865486e-01
2.139417456280890903e-02 -7.032621126949722967e-01 -3.281807387776883300e-01 -7.740399254082931391e-01 -1.882464965872508167e-01 1.068941773760219371e+00 -3.726238708674606825e-01
-4.449470354703405177e-03 -5.746766524240308760e-01 -9.573448268187972898e-02 -6.023393769718545787e-01 -1.847203461981744288e-01 8.938553999470104650e-01 -2.172804548803260183e-01
-1.342674465854544474e-02 -4.121338874330569557e-01 1.238300034043720022e-01 -4.411880967855011382e-01 -2.338048742898096721e-01 6.603062000325531367e-01 -5.115540373614286401e-02
-8.937638450305240498e-03 -2.316124698867418619e-01 2.793794340255642550e-01 -3.044661311693557249e-01 -2.867986419606219917e-01 3.979015603606235740e-01 1.057015882329177814e-01
7.459648115064508415e-03 -8.461777307207066223e-02 3.936680235118573123e-01 -2.157532894282255809e-01 -2.935055008171615909e-01 1.404769605329548310e-01 2.742961763661848629e-01
3.144496288326932565e-02 -6.443076853640802848e-03 4.947573996841023725e-01 -1.904005003972472077e-01 -2.294001967036349288e-01 -7.884052829443866095e-02 4.802853401803741096e-01
5.309946021796551480e-02 2.324045360073974387e-02 5.575302449303723984e-01 -2.109373289341003599e-01 -1.013553937598329624e-01 -2.305052755650354168e-01 7.016261485865674663e-01
7.219467365722996577e-02 4.095036088992745626e-02 5.499418990705234878e-01 -2.447500180699655192e-01 7.247129813850786140e-02 -3.012317582236007096e-01 8.820287506060051630e-01
1.085138632867817948e-01 5.116867303809263107e-02 4.853295984241168259e-01 -2.793518169563566356e-01 2.741198889449643072e-01 -3.103980159830542207e-01 9.791506808059570188e-01
1.803646937289516139e-01 4.729569250014338533e-02 3.873343931932231587e-01 -3.163765417873373731e-01 4.771880489552479676e-01 -3.105494506414108180e-01 9.760860219278681971e-01
2.820533271752154181e-01 4.064657493998622556e-02 2.537028761513072661e-01 -3.524071662932254378e-01 6.495961523570695784e-01 -3.515284220211706279e-01 8.693772626618108124e-01
3.869697133565987990e-01 4.167079435812573451e-02 9.519479405468916910e-02 -3.873559713755466150e-01 7.726493384103023665e-01 -4.299458870318823567e-01 6.811229466522615850e-01
4.587216943910898403e-01 4.612436989030552215e-02 -3.822848210103528543e-02 -4.274788021354306022e-01 8.446198605124173309e-01 -4.832985969931791193e-01 4.614244556639836015e-01
4.633011212161450842e-01 4.371085516177231067e-02 -1.011983111275910757e-01 -4.672587374069296362e-01 8.709643693731897729e-01 -4.444987044436182200e-01 2.472884267712744666e-01
3.859758755633581062e-01 2.089537627605135908e-02 -9.154433620457845533e-02 -4.788919157485959643e-01 8.639604127359239438e-01 -2.963839704622992510e-01 3.813435151549938312e-02
2.344384556474725656e-01 -3.521671744141154081e-02 -2.575151531317586978e-02 -4.279271313186359671e-01 8.437806611020463032e-01 -6.258121306596464706e-02 -1.708063980108903146e-01
2.865640433823632080e-02 -1.363389535347736825e-01 1.048183983732480645e-01 -3.088832747864036499e-01 8.298867943331241781e-01 2.305563866140834528e-01 -3.527731276573118913e-01
-1.982876381757611994e-01 -3.015596981057698245e-01 3.229823267036356360e-01 -1.605183281080534707e-01 8.327028441395049052e-01 5.499176696307679357e-01 -4.652680928419309359e-01
-4.009861005512766474e-01 -5.422601160784320529e-01 6.130652540479197832e-01 -3.541299886990973561e-02 8.509536839862423818e-01 8.377397197626150760e-01 -4.844121674658315446e-01
-5.367186244325893307e-01 -8.303690140155688404e-01 9.157827502555521137e-01 3.609088386344532634e-02 8.709733309161065140e-01 1.025972192937757876e+00 -4.060391702739873931e-01
-5.749294688812163212e-01 -1.100582694864315814e+00 1.172117847955447045e+00 4.722282454802884805e-02 8.680160869513564581e-01 1.059902913666661561e+00 -2.318395985746807830e-01
-5.108337068470064635e-01 -1.272207656289344291e+00 1.324555460633280557e+00 3.877456703370328606e-03 8.090893667342053952e-01 9.106030304158710953e-01 2.409923723761794867e-02
-3.782507465963014237e-01 -1.256887580055219056e+00 1.292221067291885905e+00 -7.491249058005299000e-02 6.587842693837726582e-01 5.662820709107642125e-01 3.250489366464699992e-01
-2.252160103349128140e-01 -9.745048688980549878e-01 1.005075683712832291e+00 -1.636268116694951091e-01 3.898929014691057127e-01 7.065948417146679025e-03 6.205664583614401986e-01
-8.536436135105063272e-02 -4.148393532228007996e-01 4.827157897938528230e-01 -2.449408346037487694e-01 1.155552757342859400e-02 -7.457191236652255251e-01 8.570608940454709224e-01
1.862163731374412087e-02 2.552369619834416459e-01 -1.010967230428166386e-01 -3.118169239512442181e-01 -3.796811240977872037e-01 -1.468036574939526107e+00 9.776256343673456195e-01
1.862163731374412087e-02 2.552369619834416459e-01 -1.010967230428166386e-01 -3.118169239512442181e-01 -3.796811240977872037e-01 -1.468036574939526107e+00 9.776256343673456195e-01
4.395685264332022113e-02 7.772660975244013448e-01 -5.317629123681540948e-01 -3.164321646206087468e-01 -6.122773304118234172e-01 -1.309063153782698663e+00 7.638870926866978550e-01
-2.283006814212260038e-02 5.172884226166204469e-01 -3.460394629720702775e-01 -1.956789412187735777e-01 -3.978344986825160801e-01 -4.023241015862119019e-01 4.997835711756744570e-01
-9.574328137884600964e-02 1.561719915839471784e-01 -1.115996779398499422e-01 -2.845176440270693122e-02 -8.691096181239457708e-02 5.151205800079184938e-01 1.833541813172550883e-01
-1.628637220470180447e-01 -1.486182099383718536e-01 4.061348710325653200e-02 1.058677037755258454e-01 2.155407052037438820e-01 1.118480576194514020e+00 -1.872158833588526694e-01
-2.476932303144701308e-01 -3.287884994205648170e-01 6.531696512373753871e-02 1.589381052438544328e-01 4.350915375264123308e-01 1.318875101622813739e+00 -5.627898350556257423e-01
-3.781047032149376652e-01 -3.949523872573492134e-01 1.256049321793399794e-02 1.304145693492859415e-01 5.451232980437927811e-01 1.172528305787739811e+00 -7.891920290092550028e-01
-5.515882827723460613e-01 -4.214535897255393682e-01 -8.836374644869224998e-03 4.133187571290501683e-02 5.623214675845924493e-01 8.160344153086815933e-01 -7.124398305137483733e-01
-7.282022269808120507e-01 -4.680584083944241414e-01 6.047977448157090818e-02 -7.452411295811690872e-02 5.135016126162199601e-01 4.104562099979732204e-01 -3.336257386744808096e-01
-8.563787352718037482e-01 -5.130462467973871954e-01 1.685241931812420380e-01 -1.694103090093494191e-01 4.158575163644243622e-01 7.833378629750425981e-02 1.870520910971576467e-01
-9.022245214996427176e-01 -4.865804368493303333e-01 2.166505397281957290e-01 -1.996716130123825927e-01 2.842576287649509759e-01 -1.322693569619527165e-01 6.753905561269371027e-01
-8.636844285376846786e-01 -3.516114934917231039e-01 1.583202687718815727e-01 -1.474548620599037130e-01 1.381849587014046810e-01 -2.411038790500370232e-01 1.049347167513743573e+00
-7.632836328680614457e-01 -1.416902211861409966e-01 2.092548285703047309e-02 -2.397609627955247721e-02 -2.044303605476218127e-03 -2.908444252980539879e-01 1.285150192804998648e+00
-6.220213321757211977e-01 5.500573493704986883e-02 -1.277787553820371458e-01 1.324314529869786983e-01 -1.149094285182970798e-01 -3.034717988667484101e-01 1.357426936290216712e+00
-4.427473161945842950e-01 1.466204528975825483e-01 -2.125058036916556703e-01 2.640919229635441123e-01 -1.742465496785246815e-01 -2.787161726534161388e-01 1.258633334028957274e+00
-2.249319848013832113e-01 9.663904367855846722e-02 -1.810319461879004166e-01 3.300907431019293181e-01 -1.607395200694259063e-01 -2.158622366578291651e-01 1.027511032810883407e+00
7.218432355345513751e-03 -5.677472639628355217e-02 -3.586297467009980089e-02 3.357674094670002884e-01 -8.371215108292931473e-02 -1.160785820854789013e-01 7.165467146789403774e-01
1.991294136621510613e-01 -2.224943887293784894e-01 1.543437654292644512e-01 3.164153485520156961e-01 1.305340621755651451e-02 1.838751704211253821e-02 3.587300909368135171e-01
2.980494892293984455e-01 -3.013790020432657313e-01 2.954542629572061707e-01 3.007532539081812506e-01 7.850384816967966028e-02 1.690928995667033974e-01 -1.308943844353396488e-02
2.893081456622184633e-01 -2.494134860467726311e-01 3.381049159407917837e-01 2.863996577421363821e-01 9.625314093103198854e-02 3.120679347607648313e-01 -3.479151983906059176e-01
1.967593769786097901e-01 -1.092545820295119791e-01 2.965623895011069155e-01 2.381133780332332917e-01 9.477306528814825881e-02 4.404647525242515460e-01 -6.036432940655821477e-01
6.260329384959011090e-02 2.993617711947913276e-02 2.135773518904033608e-01 1.137865051942107547e-01 1.155514121057620580e-01 5.443499520940036085e-01 -7.682002558769469580e-01
-6.233578885257898966e-02 9.091911632775249996e-02 1.509174589240639963e-01 -1.044840718868445678e-01 1.845293603757958700e-01 5.920340139969011428e-01 -8.292928046226621941e-01
-1.209089299269179990e-01 3.233158438099688337e-02 1.915474873870911254e-01 -4.014018559594345059e-01 3.066745518427561046e-01 5.548061469652195710e-01 -7.591903188484718790e-01
-6.186500303426526598e-02 -1.500655641588154732e-01 3.917473127642877584e-01 -7.351874408778548142e-01 4.635428573521311879e-01 4.350764261558256463e-01 -5.681392026060652078e-01
1.404316922554719460e-01 -4.348308161314379250e-01 7.328619759147845247e-01 -1.058823592195803576e+00 6.194654625163604766e-01 2.706191752300813325e-01 -3.324939824642234587e-01
4.750752709499790893e-01 -7.847324084796579724e-01 1.138578841711784584e+00 -1.345830341181041945e+00 7.396444848583697551e-01 1.024679517003931062e-01 -1.292644886850284336e-01
8.986647627366036728e-01 -1.148877161049886242e+00 1.538685977117277615e+00 -1.582570276108332896e+00 7.987091969884830833e-01 -6.378866352399882589e-02 3.263381592802860887e-02
1.346229134979092024e+00 -1.468211093164067060e+00 1.899369574126807070e+00 -1.735894449820013730e+00 7.782608505780964636e-01 -2.343764066311256056e-01 1.808315373249045899e-01
1.739299783156295742e+00 -1.671948370680725438e+00 2.174325436103388132e+00 -1.756425096671896169e+00 6.589578460278475713e-01 -3.875824772331483703e-01 3.024884020391430117e-01
1.993344485915066189e+00 -1.676582780652797755e+00 2.273094622533371911e+00 -1.617006491470067919e+00 4.161285239688638504e-01 -5.081700947385139333e-01 3.623134524452629734e-01
2.037840496387747891e+00 -1.419787317516108205e+00 2.122486220972559234e+00 -1.325333201339071509e+00 3.757791893755414725e-02 -6.293767416105428003e-01 3.776500826429553537e-01
1.842174615718561226e+00 -9.054798940840588228e-01 1.723985897131855127e+00 -9.080594002621398264e-01 -4.510206135289076546e-01 -7.881440943664507204e-01 4.020348009627877084e-01
1.422066266213454222e+00 -2.027391979209742234e-01 1.127656031766764100e+00 -4.025741694814278238e-01 -9.862117315665702710e-01 -9.701057754616773110e-01 4.490584257091907450e-01
8.344089614331353655e-01 5.799763836748113022e-01 3.982203816519691575e-01 1.330386775044497816e-01 -1.477696676568073908e+00 -1.128661410736843340e+00 4.887109543318958194e-01
1.766959463836571820e-01 1.277903390357813196e+00 -3.543344801132361499e-01 6.040482643243463290e-01 -1.804606730349916255e+00 -1.209919394423446537e+00 5.078452866137115329e-01
-4.382232251733972905e-01 1.683099552052461645e+00 -9.727161848510114117e-01 9.014368746988494774e-01 -1.842496259864624397e+00 -1.153400965060720873e+00 5.199979224006843204e-01
-9.328241228241557215e-01 1.658563542694596604e+00 -1.342370893530514309e+00 9.625272923267584879e-01 -1.538789828102494095e+00 -9.308103400186257259e-01 5.285083649240298609e-01
-1.270439281365972617e+00 1.207156413390496397e+00 -1.430524211732116635e+00 7.939523450950506378e-01 -9.450575618652876653e-01 -5.849863343888289657e-01 5.402321988630288674e-01
-1.423243720884964869e+00 4.242154073505291501e-01 -1.230796405336956889e+00 4.487804671294881587e-01 -1.757450801712684418e-01 -1.898141737521107097e-01 5.910069761092440199e-01
-1.385452510349859390e+00 -5.327222722526837595e-01 -7.700291955845491865e-01 1.488191385484747414e-02 6.265058745039530086e-01 2.086737633972152450e-01 7.036569095967407650e-01
-1.202780902817446540e+00 -1.449199828210589125e+00 -1.670432099325560305e-01 -3.967391489182574005e-01 1.308259790739913608e+00 5.812121556755648344e-01 8.463643173463644143e-01
-9.528073374223831049e-01 -2.128038704009283855e+00 4.145313579290909045e-01 -6.939891073823671874e-01 1.753901545240079907e+00 8.891181985561916745e-01 9.689876067658328429e-01
-7.129936102473284354e-01 -2.461805103685331897e+00 8.662064380460217095e-01 -8.336438345294219232e-01 1.924464534740560673e+00 1.106697803570527272e+00 1.049756607547138509e+00
-5.545532428901711608e-01 -2.413977892375364753e+00 1.129654397182661141e+00 -8.045135941080162612e-01 1.833493506444092036e+00 1.238772595307894298e+00 1.069759065314818347e+00
-5.292282120524708366e-01 -1.991082825685552837e+00 1.144013740795471801e+00 -6.124891808957805273e-01 1.513709397408296464e+00 1.299173369399261757e+00 9.800825261905766750e-01
-6.321647127800430477e-01 -1.273507639192926089e+00 8.804452312975219463e-01 -3.012130147659535240e-01 1.023089918424469946e+00 1.284338539211720365e+00 7.503868127431715385e-01
-7.935757467566505463e-01 -4.261859232634336303e-01 4.077900588761082523e-01 4.704510033300962624e-02 4.515343173202323590e-01 1.175087368289237544e+00 4.290982430451469876e-01
-9.302557621827246548e-01 3.720482130792228670e-01 -1.462038223119434543e-01 3.593469987753589723e-01 -1.041690582104922991e-01 9.713668083939250852e-01 1.024851048174296314e-01
-9.947935507624225959e-01 1.004537546867566800e+00 -6.910376011109391481e-01 6.029887478551168023e-01 -5.683570104828278291e-01 7.071074173427964737e-01 -1.841241686223567264e-01
-9.680708039139488408e-01 1.409630088070634724e+00 -1.168674862623344746e+00 7.640840452537941418e-01 -8.871375793922354758e-01 4.140385957591009025e-01 -4.102686149303410579e-01
-8.347223836643891115e-01 1.540198276299612257e+00 -1.484392085827061170e+00 8.284930123639867583e-01 -1.020682446445504432e+00 1.033065403043725017e-01 -5.252303247272764875e-01
-5.906266783890783412e-01 1.385221572880620533e+00 -1.542440817349641780e+00 8.014727577077679355e-01 -9.551943813879136824e-01 -2.030299968244460018e-01 -4.868908019452800606e-01
-2.667090994318636055e-01 1.015508573866676700e+00 -1.348208814665241562e+00 7.239376300462512237e-01 -7.187163909376138582e-01 -4.556345883822116027e-01 -3.310281724950368543e-01
7.562759012960348914e-02 5.506924956705365748e-01 -9.964590618909616726e-01 6.445963461363319880e-01 -3.678578931096751492e-01 -5.982739866696478170e-01 -1.413044290102480893e-01
3.818758933405481670e-01 7.365679861908228099e-02 -5.645937887803361699e-01 5.825927080786814649e-01 4.520035482400810295e-02 -5.882252201053844720e-01 2.699597479107664066e-02
6.221798177512207761e-01 -3.887621230955163876e-01 -8.160122159425900468e-02 5.335228422455315922e-01 4.829124531692385869e-01 -4.067364256506090792e-01 1.580509733890615720e-01
7.748411239252956939e-01 -8.151981041506080050e-01 4.181909956465712508e-01 4.991897205292687434e-01 9.072651989853846022e-01 -6.820430173905620008e-02 2.416706876334945298e-01
8.224998461954747819e-01 -1.167731253037835426e+00 8.804466924271644457e-01 4.873739136618116530e-01 1.277353665897950075e+00 3.726302725696489238e-01 2.750886319645309830e-01
7.670957389492513157e-01 -1.412969431470327830e+00 1.264302027191749112e+00 4.929937241485670141e-01 1.561158290898002843e+00 8.277606063573675899e-01 2.916079596748837321e-01
6.231133437019207300e-01 -1.519490585254780424e+00 1.534457336993020560e+00 5.065788481558493039e-01 1.726626052192828054e+00 1.200985489730749922e+00 3.412804949789122744e-01
3.896473518746218501e-01 -1.428161515199719789e+00 1.615853433594717004e+00 5.374659437090490988e-01 1.720257572514896749e+00 1.409918090239852262e+00 4.346974865425440315e-01
5.388433594502826246e-02 -1.075966246294542294e+00 1.417985491360993278e+00 5.999506959503562165e-01 1.485165419591936375e+00 1.396874611563826418e+00 5.421844474497277133e-01
-3.697164059529017277e-01 -4.728204339692853586e-01 9.329100413235619227e-01 6.799097130154698743e-01 1.011419822684823444e+00 1.141668204888259597e+00 6.470488754308816315e-01
-8.202119646616009563e-01 2.732487958122314375e-01 2.696989238459507887e-01 7.479916378472662997e-01 3.556458863914759294e-01 6.734632813391924211e-01 7.485790652965644831e-01
-1.204436136711253269e+00 1.003143858927459275e+00 -4.194642300544433322e-01 7.912919348644730233e-01 -3.799385615096457225e-01 7.234459817206555232e-02 8.084509082458912754e-01
-1.427414648574665046e+00 1.567966029201633527e+00 -1.013891922971215553e+00 8.051789034479708285e-01 -1.073931536910160744e+00 -5.401920362775455287e-01 7.519132432490003293e-01
-1.431143081763722291e+00 1.874251827637884782e+00 -1.433647076351195926e+00 7.800096313323172659e-01 -1.607773847062333950e+00 -1.027364281781431021e+00 5.363792223303182061e-01
-1.224042235890954622e+00 1.902860722417881068e+00 -1.634778925045519804e+00 7.123843238670523048e-01 -1.895655873107198408e+00 -1.276633467769841657e+00 1.832133040813201663e-01
-8.800449813626568529e-01 1.701865776978467082e+00 -1.623633718673076265e+00 6.112039381537265337e-01 -1.910936429049106433e+00 -1.235809674126464586e+00 -2.442381379115124151e-01
-4.946225376743871860e-01 1.357501293595779535e+00 -1.444980592442340006e+00 4.893911125943993246e-01 -1.681803999394496874e+00 -9.293785004297457908e-01 -6.599145113126804185e-01
-1.299096044966096819e-01 9.592001400635389308e-01 -1.152386769486473339e+00 3.594856256576466347e-01 -1.268556300561573424e+00 -4.341485299834738076e-01 -9.908066560534569689e-01
1.889469975809761615e-01 5.869498629683540525e-01 -8.160357096543523481e-01 2.377550781398763691e-01 -7.478249939606494978e-01 1.649597526068731779e-01 -1.231462690360535239e+00
4.505400678217099664e-01 2.907155038178899087e-01 -5.091368470277990443e-01 1.376064200905580681e-01 -1.894878261363134864e-01 7.857629750998141871e-01 -1.429262830367681536e+00
6.671014041547685958e-01 4.834030606219778814e-02 -2.357262452140866105e-01 5.070594895088397641e-02 3.697996691862245333e-01 1.340157878155341376e+00 -1.600530542040783599e+00
8.712743095585939734e-01 -1.983150822775699429e-01 6.002309830461462214e-02 -4.098213885698097358e-02 9.086125404187304078e-01 1.749057336309444377e+00 -1.705347244242350513e+00
1.071919708474950106e+00 -4.449347558141775183e-01 3.743174489803601235e-01 -1.347022618216002499e-01 1.377228016861538062e+00 1.974063043974833676e+00 -1.720056001279920421e+00
1.240580368723432469e+00 -6.245046554922892845e-01 6.111161796422757142e-01 -2.160047154191274410e-01 1.707935720726875717e+00 2.031979022203066254e+00 -1.682333456450589626e+00
1.344989893394602065e+00 -6.916608883542459951e-01 6.890140420252314213e-01 -2.804744961029997374e-01 1.867641390268102164e+00 1.972232799822634330e+00 -1.641879569348536627e+00
