5.296741746326308897e-01 3.171896833474902033e-01 -2.103384415079207481e-01 5.914009740465566711e-01 -1.077483111229700086e+00 -6.184601247166856552e-01 -5.160203876930654632e-01
6.076735347794288700e-01 3.551598773846068591e-01 -2.968432624305590850e-01 6.214192022342593935e-01 -7.986963577248268331e-01 -5.256604029197016192e-01 -6.162027220218703194e-01
4.947644433817686149e-01 3.929304023618417907e-01 -3.121484656269555291e-01 4.357607503438247210e-01 -4.427175569528558619e-01 -3.250098756647529785e-01 -5.934102119281525756e-01
2.357367391301423420e-01 3.789951029126307214e-01 -2.464152465147694260e-01 9.900082433005283344e-02 -4.147819223821053169e-02 -5.437479404642682479e-02 -4.492501872388574014e-01
-6.302716762628561564e-02 2.587512014420277340e-01 -1.176199526536575446e-01 -2.493280924676727628e-01 3.449217447918579427e-01 2.130319471336989401e-01 -2.181544042376829251e-01
-3.020148043929795079e-01 1.236767486842572407e-02 3.104932963060355600e-02 -4.881454837650269218e-01 6.286190806184273061e-01 4.155259138165139365e-01 6.924475150486744668e-02
-4.263971829605798791e-01 -3.223179889601145431e-01 1.464963234974009099e-01 -5.744047588309325603e-01 7.139867607615745237e-01 5.205203505048802137e-01 3.994810625744807386e-01
-4.171576508432069397e-01 -6.430032975247060856e-01 1.888473121514586128e-01 -5.205349476976552925e-01 5.541656391172653517e-01 4.917994084273067945e-01 7.340418932951849884e-01
-2.825689812173465265e-01 -8.150979324849274565e-01 1.533982194601940519e-01 -3.344914930846736856e-01 2.132594158290482267e-01 2.842114501488814393e-01 9.709700034175543504e-01
-6.291001318175641621e-02 -7.515864385524420044e-01 7.411913014975639313e-02 -4.747761609806293651e-03 -1.539265219622543424e-01 -9.558802467083769849e-02 9.917895282418549563e-01
1.734073704433126972e-01 -4.694738379168217901e-01 2.400840105292929329e-03 4.488063972924349332e-01 -4.087025533754297668e-01 -5.538807577399030846e-01 7.559048428161538880e-01
3.488870500601379265e-01 -7.041461291960396385e-02 -1.737204392815492118e-02 9.417052313971363553e-01 -5.016853032453808536e-01 -9.558896759240748109e-01 3.330239389507443359e-01
4.044196044626082731e-01 3.125233044785042935e-01 3.972223467046559486e-02 1.357737569023836910e+00 -4.594083583943883720e-01 -1.187177586423114439e+00 -1.374062528497247415e-01
3.219946704493764078e-01 5.603799372439081106e-01 1.694511255503540481e-01 1.592683776155473074e+00 -3.483005666052827465e-01 -1.183834009322459968e+00 -5.004016204310023364e-01
1.304693869609997448e-01 5.986432329293496224e-01 3.345502977142998380e-01 1.572603166575880174e+00 -2.559171300972377106e-01 -9.378039850146059342e-01 -6.306805823415465584e-01
-1.012317187172826344e-01 4.141692120235419550e-01 4.766970598770103318e-01 1.268676160673889441e+00 -2.685191275265785271e-01 -4.928146482845750520e-01 -4.736277856893737481e-01
-2.874651887871294553e-01 7.598310397002119854e-02 5.346535260912281817e-01 7.202718162951053937e-01 -4.166660954473938028e-01 4.787105558482606521e-02 -8.550976827434270122e-02
-3.717357762172822100e-01 -2.717815060194487264e-01 4.677541193455397317e-01 4.280461489020913335e-02 -6.264100699554063789e-01 5.365138876895318987e-01 3.639737066830955325e-01
-3.596308481561428794e-01 -4.996801087532793395e-01 2.903944086978513806e-01 -6.143441638079002454e-01 -7.678037611823685937e-01 8.594568938356065280e-01 6.880852174227020113e-01
-2.998464281619510619e-01 -5.860328788625907004e-01 7.920123218826667644e-02 -1.141752564864473518e+00 -7.689407615599237467e-01 1.002031928831556451e+00 8.064522530027562475e-01
-2.328210970874809438e-01 -5.979244721519139105e-01 -7.665772398535927734e-02 -1.506806863332380786e+00 -6.600536609619276351e-01 1.019978826890555634e+00 7.539503567832227526e-01
-1.610576931112160104e-01 -5.978725475837453063e-01 -1.385001030287614232e-01 -1.734256128157655175e+00 -5.274099757468300176e-01 9.584422355402866245e-01 6.060333418441330444e-01
-5.918740230992308726e-02 -5.739345226397891686e-01 -1.399788535893146391e-01 -1.855090873524512407e+00 -4.365629879725120843e-01 7.948452954583300478e-01 4.124744444713007163e-01
9.927842601775553610e-02 -4.619249738764703017e-01 -1.429835557218598896e-01 -1.851500033303516313e+00 -3.680799852944222073e-01 4.647211466293417192e-01 1.573578032419272743e-01
3.148520643902734117e-01 -2.472392815097668728e-01 -1.657859386552318903e-01 -1.668583227902270316e+00 -2.366424925676885171e-01 -3.409791936588062872e-02 -2.025962259960634726e-01
5.529860361075336073e-01 -9.072983356698158600e-03 -1.766306734361051123e-01 -1.301749722778938745e+00 7.892071553763788799e-03 -5.842132386804620436e-01 -6.407537455353763400e-01
7.677734550529988766e-01 1.488338015161218275e-01 -1.524072724785134891e-01 -8.406734199473224756e-01 3.160999059582544901e-01 -1.021035166497335833e+00 -1.040268639196515021e+00
9.352798328105709214e-01 1.856095981387217708e-01 -1.196126434951633039e-01 -4.201844810797971119e-01 5.724962650020125610e-01 -1.248216322227144515e+00 -1.271733750740588809e+00
1.064786683556618874e+00 1.584043950986471216e-01 -1.455405713941861079e-01 -1.348940916762906284e-01 6.937891285571442523e-01 -1.289028114510056833e+00 -1.290059980034400811e+00
1.175834550231505737e+00 1.747897094948968055e-01 -2.845883798981625468e-01 1.829914777968466924e-02 7.010966941990716128e-01 -1.237015164244730014e+00 -1.172236219743754138e+00
1.264396324951129413e+00 2.877644293519738827e-01 -5.169793703548077879e-01 9.858873149765373656e-02 6.732406903549881250e-01 -1.153188735229729867e+00 -1.033033312113098345e+00
1.302262641210284899e+00 4.543788748651116927e-01 -7.542965905750677047e-01 1.268424202516247323e-01 6.384348886142883206e-01 -1.034435136097959340e+00 -9.065615735802375896e-01
1.267871793713012840e+00 6.060490329459888859e-01 -9.213481623386352570e-01 7.105328040132793954e-02 5.345423431971381145e-01 -8.691443435868682066e-01 -7.410141034463401111e-01
1.172320448054483988e+00 7.329442810778421524e-01 -1.019532200902689700e+00 -9.462505235548270000e-02 2.733434503658548342e-01 -6.880447445355047931e-01 -4.958388808070761100e-01
1.058771918466543838e+00 8.814834344315806147e-01 -1.093978019222131337e+00 -3.304210645539590319e-01 -1.493582394874620467e-01 -5.720320491535533236e-01 -2.222001822411282523e-01
9.669269779039170176e-01 1.063585330557612174e+00 -1.153774320143666099e+00 -5.128807318701440465e-01 -6.228835512507341354e-01 -5.874002097524073651e-01 -2.299694205892276189e-02
8.896709489081058297e-01 1.203481354054849461e+00 -1.152998381096323355e+00 -5.030039940106475482e-01 -1.005051595176301493e+00 -6.926542429507577259e-01 5.669582777806086299e-02
7.694247226711349308e-01 1.198485023038430519e+00 -1.038240375083521183e+00 -2.390699838688572221e-01 -1.190367079699266251e+00 -7.430346564979278812e-01 5.293738334525762562e-02
5.382395380799877005e-01 9.774845427786733598e-01 -7.828586150199603466e-01 2.565329689931842294e-01 -1.100717386910467388e+00 -5.646446095433799162e-01 2.041711129592164303e-02
1.760663003081927025e-01 5.226112369551076942e-01 -4.127621872172825279e-01 9.012123829623457372e-01 -7.002045807883821027e-01 -3.436660671083522495e-02 -1.283886494318300410e-02
-2.478361110440535087e-01 -5.665553652955347685e-02 -5.173752994956805351e-02 1.539199703235692773e+00 -6.615531119251415182e-02 8.006603147626313310e-01 -6.274601878485668027e-02
-5.982794888142972667e-01 -5.168850674285553337e-01 1.150841134483082812e-01 1.990612979177252884e+00 6.401379503739365040e-01 1.687853402168510986e+00 -1.982010055395020121e-01
-7.602555429267567888e-01 -6.505998621685217254e-01 -2.533180225782659389e-02 2.166668646483070670e+00 1.297845818966459897e+00 2.341529435226193279e+00 -5.003875570218928592e-01
-7.085911754373883653e-01 -4.216885458223131322e-01 -4.516849248931477656e-01 2.086833468506955835e+00 1.840402745827433462e+00 2.630616756174486426e+00 -9.796025479914400869e-01
-5.015427096832557607e-01 7.380523830052324041e-02 -1.057326029243950583e+00 1.797451407722107763e+00 2.191415643003201907e+00 2.589167320886618384e+00 -1.545932680414675353e+00
-2.301601568578059975e-01 7.010693303348899397e-01 -1.709185586876946106e+00 1.342501528576989012e+00 2.277833170697685539e+00 2.312539051976772786e+00 -2.063461423044339771e+00
1.711135894227151441e-02 1.330307548537235984e+00 -2.274835036503676911e+00 8.032544153672344089e-01 2.094761060623593352e+00 1.884029595606838914e+00 -2.422294501745562822e+00
1.676941668690552223e-01 1.832963284960569705e+00 -2.631766623277215000e+00 3.026133529325725768e-01 1.717790233809188605e+00 1.386772253278256484e+00 -2.558685414703593786e+00
1.773166646865861618e-01 2.084565560227457315e+00 -2.686026216550787105e+00 -5.531114836551522668e-02 1.241466834139114850e+00 9.264672965060050114e-01 -2.429812935930721896e+00
4.087712419484636206e-02 1.997870621805423186e+00 -2.399105142253834533e+00 -2.294200731407045613e-01 7.280426004093535353e-01 5.989714571778218533e-01 -2.010397066128265742e+00
-2.031251118429528157e-01 1.552041218524537136e+00 -1.801489049571151524e+00 -2.376531048662048062e-01 2.131105168374292369e-01 4.487856271750539916e-01 -1.319685914031269780e+00
-4.771550477619785346e-01 8.050996617509689202e-01 -9.906133676632224994e-01 -1.437582010554857848e-01 -2.643966940779730601e-01 4.622474379863074634e-01 -4.444158074820217519e-01
-6.923150993736213454e-01 -1.045327623779080117e-01 -1.076133353254162262e-01 -2.445788030621785444e-02 -6.276825740618525717e-01 5.720536588747375806e-01 4.519438064083736717e-01
-7.905028144335568552e-01 -9.934275814184856390e-01 7.089256005763149293e-01 7.367925449861424669e-02 -7.701129731727299754e-01 6.761412098735621878e-01 1.167323809214282582e+00
-7.666264966111718815e-01 -1.706368226423383483e+00 1.363869448345434998e+00 1.264861842624407096e-01 -6.334460276991803473e-01 6.915704102560131794e-01 1.559944307715016576e+00
-6.579366459744333540e-01 -2.165923490289793474e+00 1.818440885315199873e+00 1.046564337707886067e-01 -2.597753070067606029e-01 5.953683383923179528e-01 1.612752272291582578e+00
-5.171419206320932993e-01 -2.369593925993233707e+00 2.084337459545288596e+00 -1.122644292113086743e-02 2.380438489756484532e-01 4.093677360595697201e-01 1.403708858694375117e+00
-3.904981702083503703e-01 -2.358937752114280695e+00 2.202522110291341484e+00 -2.091948200924128309e-01 7.178513383380048518e-01 1.659724113423188263e-01 1.052622169747183811e+00
-3.059741331382818119e-01 -2.179727368200739424e+00 2.206119609285178473e+00 -4.573362140134037412e-01 1.028355458025942193e+00 -1.015640075222337263e-01 6.887702432690544496e-01
-2.569992688708730988e-01 -1.854405125477717853e+00 2.099288340546523024e+00 -7.244143766627766379e-01 1.047128127853690360e+00 -3.694354175627305725e-01 4.085745546200875711e-01
-1.901823621560295996e-01 -1.383085068028075959e+00 1.874247383394920474e+00 -9.823163631335918300e-01 7.491231983104681413e-01 -6.611236669308832026e-01 2.340019752417954457e-01
-3.156674004220196006e-02 -7.764463583455206708e-01 1.539916986109817643e+00 -1.197727951260078694e+00 2.340639427934350092e-01 -1.039542722831191757e+00 1.248872153257649942e-01
2.591632511076060186e-01 -1.055281273666837522e-01 1.136377246975197153e+00 -1.336423975810123954e+00 -3.345250571700448261e-01 -1.520160658572025092e+00 3.498059460112014352e-02
6.603995527237381813e-01 4.909081483395399959e-01 7.314091481283571117e-01 -1.377671713687081967e+00 -8.083596973580028378e-01 -2.023124481714527523e+00 -5.445498282540157248e-02
1.108352892592610495e+00 8.714321088534423554e-01 3.940247803146532113e-01 -1.323481345384125207e+00 -1.100202302822156364e+00 -2.422691927541780643e+00 -1.402349813916185794e-01
1.527457956090491731e+00 9.679724623537209194e-01 1.613324997153288420e-01 -1.202880870328375318e+00 -1.212142622419531302e+00 -2.616302302485857822e+00 -1.993882100733673224e-01
1.840402928827651774e+00 8.082985160987272710e-01 2.957204489362161640e-02 -1.067718012505777470e+00 -1.236583563409877184e+00 -2.555813678487176777e+00 -1.779428920124226376e-01
1.980410874926052944e+00 4.885035272631619296e-01 -2.908510156604619118e-02 -9.667158436996887705e-01 -1.298682700584443017e+00 -2.251787562924080444e+00 -8.787237864757888386e-03
1.919437577390289418e+00 1.302872979880559112e-01 -4.007417941430341940e-02 -8.993560690157207382e-01 -1.446336008521577288e+00 -1.781831934461775013e+00 3.256390521089055357e-01
1.686999143101455045e+00 -1.594075638677826534e-01 -1.176537446990911714e-02 -7.915988362354517971e-01 -1.581106148183388127e+00 -1.278920441249211004e+00 7.408410316502531678e-01
1.353158441922519994e+00 -3.261652269719075847e-01 5.552358245274079118e-02 -5.368676550731114050e-01 -1.522803657329789617e+00 -8.565690416840535670e-01 1.084580298957400268e+00
9.881408697871476576e-01 -3.846315179463975498e-01 1.533260599497671961e-01 -7.414121297236339614e-02 -1.139425487286423788e+00 -5.318545279311091001e-01 1.230626144441869352e+00
6.398892928567737615e-01 -3.889062436780461041e-01 2.550350700220508360e-01 5.584731209224933490e-01 -4.185593674977241552e-01 -2.332718676499142552e-01 1.130927452552126233e+00
3.316797342384836811e-01 -3.799723615679721500e-01 3.135811547999443616e-01 1.219110932658920676e+00 5.228983523598025318e-01 1.250668228505778801e-01 8.217739477916463642e-01
6.783953320733440706e-02 -3.579414437321256082e-01 2.743554463021010137e-01 1.708251865293191729e+00 1.465285785687026721e+00 5.730807265036669262e-01 4.121219119389537555e-01
-1.445548125852301191e-01 -2.894488292570722709e-01 1.050697054995881341e-01 1.859441587126280604e+00 2.180162436921076363e+00 1.048012632569996772e+00 2.410957366923729972e-02
-2.791060126049412227e-01 -1.378420163881603488e-01 -1.751828226883087036e-01 1.629703547759516979e+00 2.559553559002893053e+00 1.406595575484968386e+00 -2.854878566237115112e-01
-3.041757502238608413e-01 8.857516497365351682e-02 -4.926901388249454450e-01 1.118381259051388410e+00 2.659100989141820914e+00 1.514238265352947366e+00 -5.351351317298962407e-01
-2.126883935318873153e-01 3.081376882239914572e-01 -7.494959108562618821e-01 4.964227420317690043e-01 2.620209054487772082e+00 1.349287477212349984e+00 -7.610728127435520962e-01
-3.720952280461391204e-02 4.025720184802850099e-01 -8.676109604680313225e-01 -8.839063289253042133e-02 2.562922198110748173e+00 1.006208826246030030e+00 -9.708813772336949421e-01
1.556566395085551002e-01 2.879361649677342205e-01 -8.199636458034436082e-01 -5.550216366757042552e-01 2.521205467688505841e+00 6.165837975250777481e-01 -1.130409705562485323e+00
2.806173771023283137e-01 -3.990452279350814591e-02 -6.393883368399697620e-01 -8.813357397852700226e-01 2.426940541679174501e+00 2.894238948505218900e-01 -1.162843752509591377e+00
2.663728011610590474e-01 -5.092291079077977400e-01 -4.006093329273870407e-01 -1.078624687536399396e+00 2.145082382999503601e+00 9.041834120312330914e-02 -9.753985012425890888e-01
9.866758923012730609e-02 -1.011864606357670837e+00 -1.758783041131690983e-01 -1.147554668993961080e+00 1.572724620843302779e+00 1.613685969260053241e-02 -5.279597514907400369e-01
-1.663740319420844160e-01 -1.445021928050397308e+00 1.457610714925663617e-03 -1.043026405781526611e+00 7.494037943790181622e-01 -2.286389512456429157e-02 1.088031926524147958e-01
-4.357716212731400640e-01 -1.748335219260120921e+00 1.374098713806669037e-01 -7.049581606997431527e-01 -1.360870143147640265e-01 -1.385145311232090504e-01 7.768833346560557462e-01
-6.283483466954318253e-01 -1.925299360791266956e+00 2.554871544760635715e-01 -1.292184508468802173e-01 -8.531161596303505901e-01 -3.607254484572109399e-01 1.315050074756441978e+00
-6.987590503348880544e-01 -2.020315920645492369e+00 3.720418280924914223e-01 6.004751926896516601e-01 -1.249505127051886655e+00 -6.219936231668854454e-01 1.624728052453323635e+00
-6.339016136045406702e-01 -2.071846521538049934e+00 4.789219310658310857e-01 1.338394271656212942e+00 -1.317794752159273886e+00 -8.313468496186566803e-01 1.690254374195109044e+00
-4.359093841914292167e-01 -2.086744276862697589e+00 5.437686352275427071e-01 1.922216930927235667e+00 -1.190599556503165957e+00 -9.329601882913410860e-01 1.562996318308494947e+00
-1.097863063445148196e-01 -2.036532379383024782e+00 5.230282069491744013e-01 2.207869692863469346e+00 -1.079876483461058578e+00 -9.239941838160311560e-01 1.328304866788702743e+00
3.325807492313183067e-01 -1.857271837219658162e+00 3.720278186628838135e-01 2.105420760296315308e+00 -1.175525477509900441e+00 -8.728799372823280445e-01 1.065227319976104647e+00
8.726528160210218488e-01 -1.475930669897198566e+00 6.196455594407971473e-02 1.628821200666257241e+00 -1.526968725025152240e+00 -9.152851054220819682e-01 8.045458495646570229e-01
1.491395777966009861e+00 -8.892448415480507240e-01 -3.844700932726015097e-01 9.126667937277462839e-01 -2.011597623067891583e+00 -1.165183087805433448e+00 5.318369602692399889e-01
2.160791076821455103e+00 -2.157799984453679099e-01 -8.838448660644353527e-01 1.481770090903826720e-01 -2.433860468048600012e+00 -1.602530000137914579e+00 2.342910855527197966e-01
2.827525361711062057e+00 3.693692694260903853e-01 -1.339092834539895360e+00 -5.184127252159449473e-01 -2.652230138076739685e+00 -2.079979222098606861e+00 -7.132534152871193578e-02
3.401364852928005167e+00 7.348028112403737211e-01 -1.679828952263572539e+00 -1.023172523588241178e+00 -2.634727746576817076e+00 -2.424657143686383520e+00 -3.412263736330833352e-01
3.765205363334153787e+00 8.177725629116863182e-01 -1.858771425450257198e+00 -1.340311171365432541e+00 -2.431147194406321432e+00 -2.498698274637882299e+00 -5.237254263800023013e-01
3.816081328296782704e+00 6.284756429384318333e-01 -1.857438656654060605e+00 -1.454962645946098032e+00 -2.134893833211063185e+00 -2.224777306311034764e+00 -5.785934856547884086e-01
3.505965397163738562e+00 2.801444479681386435e-01 -1.707651832964715233e+00 -1.376524655197598257e+00 -1.852805259495418300e+00 -1.636118769720408705e+00 -4.950419263806765668e-01
2.857055300374662821e+00 -4.683509966398367863e-02 -1.466993188893328970e+00 -1.120064514108382037e+00 -1.632372440521534296e+00 -8.859076431040132649e-01 -3.182609361579100682e-01
1.952786972505490715e+00 -2.255395325035229048e-01 -1.167359158205668157e+00 -6.808262921620007457e-01 -1.423009450780599039e+00 -1.558657994864397212e-01 -1.329383244271206410e-01
9.066736536430110016e-01 -2.499189529443523183e-01 -8.143689136779376225e-01 -7.397474354328305302e-02 -1.141187745006681631e+00 4.545386392063134329e-01 9.195409491151800528e-04
-1.731039477884052935e-01 -1.873652526942015117e-01 -4.221665071413426840e-01 6.099549283252753140e-01 -7.525596430666573466e-01 9.479328475296854295e-01 8.014745375309609288e-02
-1.200709299449303158e+00 -1.057862764567225333e-01 -2.574653458356876076e-02 1.220800833074903835e+00 -3.039183108216018114e-01 1.374173302741502845e+00 1.497235327455085363e-01
-2.110883719773664069e+00 -3.893179045893675055e-02 3.259998923259259107e-01 1.622637787499469741e+00 9.771751991347303601e-02 1.775477702633794452e+00 2.778791066996542103e-01
-2.844014032038701512e+00 2.310602782694565552e-02 5.835908927632939003e-01 1.764171374857231855e+00 3.644363949442701034e-01 2.135230780446955468e+00 4.980633985638535099e-01
-3.329977877833134592e+00 1.194999565902433863e-01 7.204013196938433561e-01 1.700003374597536476e+00 5.132938772893226309e-01 2.348809276274288482e+00 7.489951617187223798e-01
-3.497247042777085202e+00 2.654646095783021464e-01 7.516669703848938289e-01 1.538777052620653674e+00 6.520105447121431474e-01 2.293724428234089618e+00 9.035315752575374670e-01
-3.313020866617940374e+00 4.133102422250325980e-01 7.245117285833303500e-01 1.357118924949142436e+00 8.724709036831058695e-01 1.947918335968193970e+00 8.726300857169968506e-01
-2.819526127974044005e+00 4.970819251447156639e-01 6.795697554608660651e-01 1.161944415324047908e+00 1.178516693188538911e+00 1.403938302777221425e+00 6.574788742714844370e-01
-2.131946714986221902e+00 4.998863917956174463e-01 6.260246254145074296e-01 9.272061935533122412e-01 1.498506395206462116e+00 7.948916006626020048e-01 3.182912605453575017e-01
-1.404737080916327985e+00 4.518378306591206983e-01 5.619710645847331154e-01 6.507198673993487281e-01 1.733397295277293138e+00 2.471696514829499203e-01 -6.522826051807140146e-02
-7.902314142303469291e-01 3.909944875867497061e-01 5.022257698508839630e-01 3.726719253010721822e-01 1.789701672791398135e+00 -1.345432270117958851e-01 -4.080700321269355446e-01
-3.894188886304887909e-01 3.517149636763881593e-01 4.679787069005488798e-01 1.521421750441382392e-01 1.606624432992491691e+00 -2.937677080244430750e-01 -6.423612034798008574e-01
-2.071473708186593043e-01 3.668960891971448368e-01 4.688977216820610638e-01 4.034248236500515006e-02 1.209678389467939041e+00 -2.638825286042537632e-01 -7.608283603464668365e-01
-1.621264211991840509e-01 4.419394298541663990e-01 5.138547977422466273e-01 7.158472555597784892e-02 7.360573266329857312e-01 -1.540627333598282300e-01 -8.232132899755800759e-01
-1.578158195879080794e-01 5.268289797737006896e-01 6.153669483809955931e-01 2.432159526529400206e-01 3.667144759346404048e-01 -3.799096798174373540e-02 -8.962893497383981334e-01
-1.457939396459487225e-01 5.434089984388120742e-01 7.665963459004340175e-01 4.839108353125093909e-01 2.207700453913784555e-01 1.214609558548129659e-01 -9.926693392867137478e-01
-1.316979397930912177e-01 4.406617437726799702e-01 9.331906294244095568e-01 6.680935041955087250e-01 2.928984005089261267e-01 4.079890109214220906e-01 -1.063310110570437006e+00
-1.423368318836503443e-01 2.205570188171388224e-01 1.072570081270897369e+00 6.811888052192534015e-01 4.533872218282040678e-01 8.459548791177056160e-01 -1.026942014546967208e+00
-1.938173957021805394e-01 -5.695586873968961489e-02 1.143543286633355471e+00 4.806229514924750257e-01 5.231630934902725683e-01 1.353054135388710888e+00 -8.224733827452660462e-01
-2.767292920267935830e-01 -2.795334459775700164e-01 1.101373253144326103e+00 1.252701251884161537e-01 3.963592651888216967e-01 1.757550328209074975e+00 -4.670217269835935658e-01
-3.626073087189167765e-01 -3.340534155384114468e-01 9.093986184474859291e-01 -2.402557803156096516e-01 1.002158222014746247e-01 1.885023434988492674e+00 -5.137768945432524131e-02
-4.266980477846519237e-01 -1.884736226115816815e-01 5.684070420295324055e-01 -4.578799337488749233e-01 -2.566586229490720461e-01 1.672388547686486815e+00 3.287123615843900448e-01
-4.609645652792725423e-01 8.376661378635316679e-02 1.286353247157676627e-01 -4.416821966726973692e-01 -5.689831047959114096e-01 1.199523658491370881e+00 6.170283490571204510e-01
-4.660556303654087018e-01 3.595859622425349178e-01 -3.316882055301516585e-01 -2.102401438491737495e-01 -7.885561797254014849e-01 6.216077463438952622e-01 7.943057282713096301e-01
-4.361919355697965184e-01 5.383216795037099045e-01 -7.402828989306807772e-01 1.407239474423704062e-01 -9.404566294751955935e-01 9.233521811290104631e-02 8.634823444313133312e-01
-3.553075009499370718e-01 5.869160903874641733e-01 -1.053199707635256166e+00 4.890014713404567392e-01 -1.091822275688411947e+00 -2.847455544996691512e-01 8.351196126471428505e-01
-2.091393795572646375e-01 5.521162915580510866e-01 -1.260047063627962816e+00 7.351881391800781929e-01 -1.277229760659896796e+00 -4.983392750404940785e-01 7.126242844016293931e-01
5.114976470029576269e-03 5.266894575221416908e-01 -1.374747441477829346e+00 8.308366956763424405e-01 -1.449051526414165458e+00 -6.302048978082065434e-01 4.866704812701777016e-01
2.712245909346147621e-01 5.783891163523763312e-01 -1.416283997949197682e+00 7.705714406193312493e-01 -1.513890193556942654e+00 -7.739295399372960738e-01 1.629636505827253834e-01
5.423516975833670983e-01 7.014421173917894103e-01 -1.390882041295579574e+00 5.737038271579779636e-01 -1.397591172011032334e+00 -9.420685538120570079e-01 -2.072333855881673681e-01
7.504875831462154423e-01 8.276758173082532366e-01 -1.286679917416677199e+00 2.856290580841885918e-01 -1.075281688540446146e+00 -1.055210828278968060e+00 -5.490222604423498076e-01
8.372341490541346243e-01 8.775249979908180675e-01 -1.087016600685587475e+00 -2.725561988812704936e-02 -5.981889501733619330e-01 -1.004970804433789056e+00 -8.013731828066803509e-01
7.747190413717880419e-01 8.221026588356256104e-01 -7.977776245842678193e-01 -3.041867351365660777e-01 -1.108034577114612035e-01 -7.316673047338054792e-01 -9.229054824043201322e-01
5.765894338480932468e-01 7.185824015386427233e-01 -4.659022109727462002e-01 -5.009370915164030880e-01 2.164089734874766746e-01 -2.862236025687607821e-01 -8.969932565868994345e-01
3.101846530459368423e-01 6.757372309845727232e-01 -1.664866312094110679e-01 -5.863653741317054191e-01 3.082432393530147863e-01 1.627416022599153800e-01 -7.539899575856949809e-01
8.090344243889548148e-02 7.547795899491394067e-01 4.337568808791445601e-02 -5.485890997517053336e-01 2.258461204471457484e-01 4.301442996010024222e-01 -5.675720990814718814e-01
-2.209552423154916706e-02 8.935671999743373117e-01 1.668341598760585687e-01 -3.968990750374217780e-01 1.053213295004521294e-01 4.517925275051076217e-01 -4.170270857730699610e-01
2.936494918675197283e-02 9.492666898501871398e-01 2.493498634820517645e-01 -1.693456451021362053e-01 7.066838698161527488e-02 3.045442710377593287e-01 -3.541919195316741154e-01
1.949048302431530266e-01 8.216858693102100375e-01 3.139853024675779425e-01 4.764348405625313393e-02 1.544814436869586805e-01 1.172877219272222271e-01 -3.792638581390795904e-01
3.845269166885459944e-01 5.273949184069995910e-01 3.309948558654359219e-01 1.386970500917925064e-01 2.646554784260205517e-01 -2.851794823946120910e-03 -4.339395501417142031e-01
4.989903911306255990e-01 1.835442014050644721e-01 2.471981214628828916e-01 2.398600413134326786e-02 2.416613776059894914e-01 -3.566780787959143544e-03 -4.360332607129894233e-01
4.833337860107862483e-01 -5.153183397726802950e-02 3.245567857575434867e-02 -2.879135383374002433e-01 -1.934517717760756914e-02 8.030716257429433569e-02 -3.389493876800206973e-01
3.625871864669175659e-01 -6.593349411809105998e-02 -2.838277048855300522e-01 -6.938724413397310276e-01 -4.716155248854345117e-01 1.413778132284053690e-01 -1.756112654028861020e-01
2.148439970500503615e-01 1.264013851483412332e-01 -6.100325747801726983e-01 -1.051239559606170992e+00 -9.375089118370595331e-01 1.058606674337796705e-01 -3.978191604647020319e-02
9.752269825526677094e-02 4.069149527584500770e-01 -8.449066450620530411e-01 -1.264712146358349720e+00 -1.231934602656096667e+00 1.147394713927354579e-02 -9.185139123843281267e-03
9.210159280936613263e-03 6.491390246251177443e-01 -9.335489358215613986e-01 -1.326276832050011567e+00 -1.269187003723539542e+00 -4.205942157274492749e-02 -8.965507634456872099e-02
-8.930106519259670139e-02 7.743647389857533092e-01 -8.683182184193212194e-01 -1.283466813520386385e+00 -1.083315184052419111e+00 2.062016801848780626e-02 -2.200913853790250896e-01
-2.403967459844995325e-01 7.600636968587590747e-01 -6.688809566774225335e-01 -1.188416981388573213e+00 -7.972894536324099946e-01 2.187521774731637780e-01 -3.078549209791773267e-01
-4.635975064526439704e-01 6.423858832562693300e-01 -3.777620069464486252e-01 -1.074994069266415053e+00 -5.683651845988308970e-01 5.137673928777473087e-01 -2.714160981836086228e-01
-7.286796427213033667e-01 4.963361428523182517e-01 -4.920157734297683078e-02 -9.578610294892111465e-01 -4.940145686423906279e-01 8.001991974969167032e-01 -9.013949211494741431e-02
-9.496215687070013178e-01 3.830472011523472498e-01 2.746602465083679001e-01 -8.292611156411038298e-01 -5.358475719569709694e-01 9.382698230076482737e-01 1.693286432337038905e-01
-1.032690838112937604e+00 3.008659788011684988e-01 5.770681283845094933e-01 -6.690817077964092974e-01 -5.518902938197227659e-01 8.551290234694245429e-01 3.936105366690876295e-01
-9.370352518638267458e-01 1.939813358106943775e-01 8.549910067576060868e-01 -4.837972001277640599e-01 -4.085494438043894005e-01 5.988468568510463275e-01 4.990741013798691283e-01
-6.920647649139750612e-01 1.591330513897178112e-02 1.094349654767509561e+00 -3.308986437899802957e-01 -7.529600105518993725e-02 2.806453904240046038e-01 4.775236097430771709e-01
-3.819917445056153493e-01 -2.178657169976690455e-01 1.261958027376479663e+00 -2.869068444097147563e-01 3.477463146266653315e-01 -3.083041855765089774e-03 3.935264295739510643e-01
-1.099473531133499660e-01 -4.305725221179125262e-01 1.322533080788321991e+00 -3.845798569383631071e-01 6.843417561281015526e-01 -2.070124854122286362e-01 3.427469536250281057e-01
6.508524147883736066e-02 -5.282392557501930375e-01 1.261445466411110106e+00 -5.721819769317598725e-01 8.061948483163320356e-01 -3.603341314619534219e-01 3.813394323354425408e-01
1.730701131921230096e-01 -4.638735516439514983e-01 1.095223726513069318e+00 -7.341206890766068804e-01 7.273190710990419250e-01 -5.572734854988884434e-01 4.742971389867784437e-01
2.952730134718223876e-01 -2.869172685001313283e-01 8.657960400508805110e-01 -7.843297022142315944e-01 5.669828609824245635e-01 -8.596256745814317979e-01 5.317668626502971563e-01
4.843021224969396021e-01 -1.195629470920098747e-01 6.214306232367127203e-01 -7.526297067440946842e-01 4.303698258123780374e-01 -1.211891108696512065e+00 5.034095440494068541e-01
7.260351666967627127e-01 -6.770307219547699873e-02 3.992576195592488220e-01 -7.565344662000333953e-01 3.256923784094072349e-01 -1.489290923366384023e+00 4.244721430719082256e-01
9.484038414964018893e-01 -1.663134320176977154e-01 2.330022599790657900e-01 -8.953646012522391562e-01 1.772803930847514364e-01 -1.597403128937573413e+00 3.854963918732127737e-01
1.064805859028090884e+00 -3.866045243959763122e-01 1.646917349683625909e-01 -1.182622819067484565e+00 -7.289301412837052851e-02 -1.527069677955966931e+00 4.611460867094617777e-01
1.035899034895589432e+00 -6.487008300450907150e-01 2.192531548921299311e-01 -1.549922430860487532e+00 -3.731051318984370813e-01 -1.359603156265013046e+00 6.432908972191251351e-01
8.856705324132153612e-01 -8.535322069342412554e-01 3.805065254601788238e-01 -1.889875445989215752e+00 -5.818191107268048112e-01 -1.206366721865181457e+00 8.443809967499803504e-01
6.619153039759384516e-01 -9.498255757407643163e-01 6.133043080820220760e-01 -2.108647275734157223e+00 -5.655440960251878479e-01 -1.115892756971805122e+00 9.702595550360568755e-01
4.038320392524469837e-01 -9.571292554263652885e-01 8.862715455716244639e-01 -2.167875627508075276e+00 -2.799798201706369949e-01 -1.047505442987644253e+00 9.795978077793011662e-01
1.393031504501776874e-01 -9.260258745002103442e-01 1.171431793066696203e+00 -2.085425074921589683e+00 2.089172149315620119e-01 -9.246440931276103115e-01 8.892501759538118389e-01
-1.107487597670553242e-01 -9.037772428467414354e-01 1.447179836909157746e+00 -1.895231563508521511e+00 7.595352968192059517e-01 -6.863926225809888759e-01 7.454851814168482749e-01
-3.287168792540953177e-01 -9.053005525388934105e-01 1.687045466569118357e+00 -1.620048545189999967e+00 1.215326605544250871e+00 -3.186067951432408063e-01 5.856858422245229123e-01
-4.921401915369336688e-01 -8.822417910835691490e-01 1.835823758376649684e+00 -1.275285493081811827e+00 1.473335910678440941e+00 1.076606722346487716e-01 4.125063775674960853e-01
-5.710631056297602592e-01 -7.483630398925184002e-01 1.822766619868793070e+00 -8.757797032101075629e-01 1.522531446328745819e+00 4.462052097679233831e-01 2.044978512010828808e-01
-5.395469212595801478e-01 -4.533220466243003122e-01 1.603453374365429562e+00 -4.466408268564213135e-01 1.410966354303900383e+00 5.672134565238045045e-01 -4.434401561485964982e-02
-3.923343152300582948e-01 -2.418823602582549637e-02 1.184697685943510992e+00 -3.468719529546083341e-02 1.195143201753125828e+00 4.384220489172372948e-01 -3.040580986878975711e-01
-1.577188317222253389e-01 4.472130523929661039e-01 6.278484094323278919e-01 3.099874622821442993e-01 9.329130563097025597e-01 1.284955970252327218e-01 -5.270643023400923832e-01
1.044950555851288099e-01 8.405914433486824100e-01 3.649936492198481430e-02 5.675125541162706622e-01 6.931237095254266789e-01 -2.343057943801133691e-01 -6.799717573626434808e-01
3.255633706075287126e-01 1.054002674640677650e+00 -4.807472018290905313e-01 7.482002532959761698e-01 5.391931763667751065e-01 -5.052093761562549412e-01 -7.596045431415636706e-01
4.517897232873706037e-01 1.046644443566128846e+00 -8.547172781597225377e-01 8.642427067415614506e-01 4.892490381202895255e-01 -5.578739760645297086e-01 -7.791955549334093067e-01
4.547478814011773340e-01 8.503837257421597018e-01 -1.069221315938623462e+00 9.177413066209717529e-01 5.004999845308885087e-01 -3.139686268492510868e-01 -7.484189115958727045e-01
3.405476654900647104e-01 5.523957312871357050e-01 -1.144503443098626061e+00 9.136899259257557082e-01 5.167198857281728452e-01 2.163516096311450809e-01 -6.877540513209822182e-01
1.633951584893928444e-01 2.643207901830255113e-01 -1.117309172961521879e+00 8.752601121821206309e-01 5.350947221193944614e-01 8.974813680699044172e-01 -6.552449973281758711e-01
1.226568267832468459e-02 7.547392721308777974e-02 -1.029211389314776737e+00 8.391696758287389146e-01 6.050629363774416847e-01 1.513359026887205916e+00 -7.149695484573592719e-01
-3.900066133871724766e-02 1.350835335622818136e-02 -9.220147229757388319e-01 8.265532348023261200e-01 7.633308762799411173e-01 1.886126565687227918e+00 -8.679536482714196310e-01
3.128286529797463106e-02 4.543530703162772244e-02 -8.307817816157136992e-01 8.197105925391234837e-01 9.936267414917833163e-01 1.950734912864981796e+00 -1.042806567800534046e+00
1.929156565240304488e-01 1.029525123997390018e-01 -7.696246718733384951e-01 7.744381554276080770e-01 1.240312543435058146e+00 1.747134226537616630e+00 -1.147687398593394192e+00
3.737170079879831852e-01 1.145791130039778699e-01 -7.274750759133182809e-01 6.521368064168056033e-01 1.432330487375147010e+00 1.371120315081568064e+00 -1.113188485856658749e+00
4.763591868823157660e-01 4.434959269114933239e-02 -6.851321333749513798e-01 4.414757660336234291e-01 1.490154539256864252e+00 9.292385909802558519e-01 -9.054876628652489545e-01
4.149275393592339323e-01 -7.974385018832645666e-02 -6.364477924677456322e-01 1.593436807307796188e-01 1.328623596163149845e+00 5.164973852154822742e-01 -5.269127245090340361e-01
1.549283223268046739e-01 -1.638188607777329442e-01 -5.940508690385152279e-01 -1.620422059205624821e-01 8.932444314224380344e-01 1.769590562084716046e-01 -2.227749249492469788e-02
-2.571785037850951583e-01 -9.716205423129209429e-02 -5.734077300215454365e-01 -4.774314329954674752e-01 2.277441717657831544e-01 -1.323905628148822067e-01 5.098523581239844393e-01
-7.021731690385462077e-01 1.493778945453864138e-01 -5.666272385671110579e-01 -7.166276316720120443e-01 -5.061963187301034006e-01 -4.811747374283070755e-01 9.405675819396877024e-01
-1.054892837362860103e+00 4.726721776936571584e-01 -5.374091603785977611e-01 -8.029398005739254440e-01 -1.093823860113310342e+00 -8.554297430427981741e-01 1.170119103709489794e+00
-1.242761475909883284e+00 7.075273505699389842e-01 -4.534451194046639766e-01 -7.137772675764700869e-01 -1.364446170442683348e+00 -1.142515033490980381e+00 1.160371144974259305e+00
-1.249603021642067713e+00 7.408320788914514177e-01 -3.206292622115017310e-01 -5.111761201889949424e-01 -1.268156642009393265e+00 -1.217900673386681065e+00 9.333862902869289879e-01
-1.107671852039125548e+00 5.669007925533572356e-01 -1.779681159535958235e-01 -2.978304662828430427e-01 -9.028606413135016329e-01 -1.030177157998939386e+00 5.707843279678881387e-01
-8.907421007495263110e-01 2.762884151110274744e-01 -6.917640503892066861e-02 -1.500574688863191286e-01 -4.765925411186789917e-01 -6.275444756881831676e-01 1.983415613619057827e-01
-6.808765093810354996e-01 1.016760022633553598e-02 -2.394479527189427581e-02 -8.023272367354881973e-02 -1.959741721177059304e-01 -1.452675512823602966e-01 -6.892154036406131223e-02
-5.145078161983805964e-01 -1.047811100643895876e-01 -5.036112509988534963e-02 -3.966126616430875468e-02 -1.304579556777769045e-01 2.326864782153648947e-01 -1.924488329803037689e-01
-3.657615360889197587e-01 -2.700377965483971923e-02 -1.302980821889417884e-01 3.402506975770521608e-02 -1.855460574958795739e-01 3.659924420965255387e-01 -2.115076556218730142e-01
-1.948196815863336984e-01 1.734193302606968079e-01 -2.243202842780996631e-01 1.518901862120275725e-01 -2.130234447023219291e-01 2.527382459602760534e-01 -1.780938299327338714e-01
5.772562791584113541e-03 3.680352007795815727e-01 -2.888975371033720707e-01 2.567272733596355216e-01 -1.268931673282845674e-01 1.388042332888408080e-02 -1.179013015385294294e-01
2.094672837033090540e-01 4.519211906020623171e-01 -2.903330655955969064e-01 2.655901718259542355e-01 5.100658032873026798e-02 -2.066826523495565449e-01 -3.491289157513600278e-02
3.719025266308149114e-01 3.915429971390977926e-01 -2.117810118044148593e-01 1.149212779679853608e-01 2.084052745970417231e-01 -3.227604613709831871e-01 8.294642492150809676e-02
4.582181636685628834e-01 2.286661596721626943e-01 -6.358972502763415857e-02 -2.100682614858334629e-01 2.360572385090296821e-01 -3.445795684327226938e-01 2.427857731801171537e-01
4.663259182774005529e-01 4.282716842522097528e-02 1.126727238329721104e-01 -6.583796100453008782e-01 1.353119587420275605e-01 -3.555794097029600365e-01 4.175814227802163159e-01
4.111549913967465497e-01 -1.111306269473225083e-01 2.663958077753342257e-01 -1.131689268432085616e+00 1.037285929481276611e-02 -4.190018712683256652e-01 5.604584088221427063e-01
2.979022905788710207e-01 -2.365122155977112672e-01 3.688028208718862611e-01 -1.528849070638657048e+00 -3.474985648467379673e-02 -5.149012471101263033e-01 6.410153625875018024e-01
1.252691104740107364e-01 -3.659176591478789375e-01 4.194141760984916867e-01 -1.776024407729960508e+00 3.553294827574706577e-02 -5.685275944460254083e-01 6.497285128318899261e-01
-1.096013489979219685e-01 -5.114784406440996412e-01 4.397325502161504307e-01 -1.819953367563461377e+00 1.867920604071189317e-01 -4.973979052176131233e-01 5.882379582563608267e-01
-4.155804191904547973e-01 -6.356399237265136781e-01 4.618969143227522056e-01 -1.611831192024348214e+00 3.410183055668280505e-01 -2.559864194331647469e-01 4.707090929820399450e-01
-7.731264566686204542e-01 -6.532494175200377340e-01 4.957274202783114037e-01 -1.137619278631088804e+00 4.202189847923782917e-01 8.784278749719305612e-02 3.243886149181618439e-01
-1.088688783110353109e+00 -4.896023762671257162e-01 5.080670195846803683e-01 -4.643087534822160078e-01 3.864456514736359094e-01 3.527671454592199995e-01 1.871559696257605876e-01
-1.232626099829591260e+00 -1.589579519395229734e-01 4.520113558564501921e-01 2.783663594615565784e-01 2.496597853262991218e-01 3.935947032706796911e-01 9.796008267405405257e-02
-1.134086346696286052e+00 2.318665362280330489e-01 3.064128495127922402e-01 9.557567277848894038e-01 4.966794553445006560e-02 2.279816025073587715e-01 7.508734233046743256e-02
-8.312040146965617993e-01 5.591079316599596449e-01 8.396347619092169035e-02 1.469366019427021497e+00 -1.741347057914398311e-01 3.028637183176184113e-03 1.091414594875413924e-01
-4.497224278881690740e-01 7.578833426029639719e-01 -1.819726313728260991e-01 1.785796345432441257e+00 -3.957759512667883839e-01 -1.329482323037151081e-01 1.773561657454290341e-01
-1.190666054764265847e-01 8.469543514587178912e-01 -4.606392198243705050e-01 1.933871102441306444e+00 -5.819203269990631533e-01 -1.484340939990552721e-01 2.488530978322847365e-01
1.181624982515890182e-01 8.788103301871764694e-01 -7.349863692043705488e-01 1.961985730134844452e+00 -6.828465511168650970e-01 -1.374983824628578377e-01 2.842180863875609087e-01
3.057681415220723786e-01 8.518116492723150079e-01 -9.787522689283612021e-01 1.905023833580761883e+00 -6.561948029544902861e-01 -1.976787112705614691e-01 2.505983146196352207e-01
4.991314305973971743e-01 7.000211375041879291e-01 -1.146059394147713739e+00 1.769284149270648365e+00 -4.952101154361626678e-01 -3.286240296107267866e-01 1.411259225616308677e-01
7.083461483304317463e-01 3.822099923731960280e-01 -1.206061861849976324e+00 1.528496805681227144e+00 -2.490669758503062936e-01 -4.578724396692023246e-01 -1.681162833842336432e-02
8.848494084619091815e-01 -4.805137529646100192e-02 -1.166220715459713508e+00 1.158600241494334382e+00 -2.426776612008682901e-02 -5.092510133338138401e-01 -1.687867849282175259e-01
9.449663007254167635e-01 -4.651437042404054090e-01 -1.042754797868232775e+00 7.044884840486309585e-01 6.392530988642919354e-02 -4.325797221209611854e-01 -2.659132926725210067e-01
8.271246468659030349e-01 -7.399486199641087669e-01 -8.292291204972497276e-01 3.112340611999216966e-01 -1.403371278566149967e-02 -2.201240113579745472e-01 -3.044594667528863208e-01
5.468384556564301890e-01 -7.788748868206097908e-01 -5.297707294449052196e-01 1.525496547167907169e-01 -1.601106044788461469e-01 6.338228107987907423e-02 -3.193727174080041586e-01
1.956575814250992307e-01 -5.448367795536875891e-01 -2.160536565392774666e-01 2.906575852653776604e-01 -2.351767276372584980e-01 3.000798671315909605e-01 -3.299140669869407017e-01
-1.204891073344549757e-01 -9.555632054480511783e-02 -1.225157959519812198e-02 5.975704271721263838e-01 -1.787373634804120537e-01 4.177749352746693567e-01 -3.089245702594039522e-01
-3.430177001182030949e-01 4.258266181464873124e-01 -7.550547130515448610e-03 8.281064707786279788e-01 -3.925355788936505524e-02 4.334291061726056604e-01 -2.208813986366306714e-01
-4.633295965217306689e-01 8.823872386795176270e-01 -1.972247445672003774e-01 7.942661841971500047e-01 8.315658050098849452e-02 3.761694141190808915e-01 -8.152629734431000863e-02
-4.837714760030590311e-01 1.204140860523758905e+00 -5.114466087691693641e-01 4.809682267768142228e-01 1.163865286764068363e-01 2.347322924932524757e-01 4.909876003656005877e-02
-4.052403257070359976e-01 1.342962688802072257e+00 -8.488234383641272141e-01 2.004548534895027323e-02 4.654869041617717973e-02 5.889489232290241218e-03 1.355257656992405468e-01
-2.362098944646872367e-01 1.228434985146548364e+00 -1.076777394573723567e+00 -3.943607029287201082e-01 -9.760400296272003784e-02 -2.455541305840116262e-01 1.809723187612921058e-01
-2.362098944646872367e-01 1.228434985146548364e+00 -1.076777394573723567e+00 -3.943607029287201082e-01 -9.760400296272003784e-02 -2.455541305840116262e-01 1.809723187612921058e-01
3.496648971335242773e-01 2.736467674343201484e-01 -8.793230962923692662e-01 -4.768045165666942031e-01 -3.193316081768040049e-01 -4.413713851618219497e-01 7.645696872483510875e-02
6.883700727743843339e-01 -2.543006621664846700e-01 -5.612349760797159526e-01 -1.481518335352193239e-01 -2.956252859145179768e-01 -4.168208672128830283e-01 -9.531201487797703875e-02
9.165546069603781598e-01 -6.021291143336829910e-01 -2.674544788324136335e-01 2.318623822922321887e-01 -2.617114004591218901e-01 -4.597500536511137659e-01 -2.541137810492702376e-01
9.485442054813939539e-01 -7.492298226507505543e-01 -8.487946779068508696e-02 4.993335790609600422e-01 -3.411906865929850707e-01 -6.279772427970925497e-01 -2.775813470014117379e-01
7.946077814407929152e-01 -7.476745254187642242e-01 -3.866660389167952960e-02 5.631941064581104106e-01 -5.973259796562065960e-01 -8.874965547623527851e-01 -9.189279096543488679e-02
5.429568394574845192e-01 -6.474747425663655021e-01 -1.162775185277997170e-01 4.266179941793919461e-01 -9.864778543056533788e-01 -1.139288775195422598e+00 2.749576654211655091e-01
3.031396076279322949e-01 -4.601200412091545622e-01 -2.876692635072124471e-01 1.671274983517925528e-01 -1.367464858703998365e+00 -1.259875611042977628e+00 6.805870409617941208e-01
1.593473041683051983e-01 -1.608699353143827615e-01 -5.120234090562711948e-01 -1.168006251684447633e-01 -1.550194870366179867e+00 -1.171567018227944956e+00 9.060014661018493953e-01
1.449706355981170147e-01 2.664023007157895750e-01 -7.389907086854505813e-01 -3.515003982543273287e-01 -1.397826056914736936e+00 -9.012254561813553000e-01 7.871261114850505169e-01
2.360483192961701504e-01 7.791915749860691687e-01 -9.165534544685151053e-01 -4.963022855492136287e-01 -9.216926218565456574e-01 -5.556911279589971109e-01 3.431420355628057028e-01
3.611087133100512325e-01 1.271831808049788126e+00 -1.000991112551833595e+00 -5.365176349875302453e-01 -2.610179448049765316e-01 -2.409840043374157637e-01 -2.519539915289397691e-01
4.251296262105368484e-01 1.608963495061087823e+00 -9.591165906088559012e-01 -4.778040650454395410e-01 4.124424260660392028e-01 -9.176662158554494547e-03 -7.888756685183082595e-01
3.495904342039994339e-01 1.674913454658957468e+00 -7.783680483527642968e-01 -3.414514207419415137e-01 9.543153413638998384e-01 1.442325787109946522e-01 -1.098920587572409291e+00
1.169883216133617843e-01 1.421178489284123936e+00 -4.846337529109349673e-01 -1.601521398408200514e-01 1.260122376734667871e+00 2.575220784848576971e-01 -1.088504111807262920e+00
-2.116758090872029596e-01 8.846884005067068291e-01 -1.411584371552120354e-01 3.863852480465812533e-02 1.262668306957292597e+00 3.763043719866474568e-01 -7.665785992678546545e-01
-5.227333307094604864e-01 1.860297559151476987e-01 1.704015474074956626e-01 2.488341649775911990e-01 9.469889018220618571e-01 5.255303893578942009e-01 -2.511105130380177353e-01
-7.094455886092554397e-01 -4.835185341045038498e-01 3.721415830278210768e-01 4.748446319897394741e-01 3.956469755158931179e-01 6.728822668018821229e-01 2.745302170977040324e-01
-7.292394644110143931e-01 -9.283524911167315707e-01 4.092993474387259800e-01 7.122746763927123581e-01 -2.111808696466508373e-01 7.336684509415062339e-01 6.496451524466572147e-01
-6.143345115049478888e-01 -1.052352119463278113e+00 2.631752991031871547e-01 9.385316820835624130e-01 -6.837572893800994978e-01 6.574287094708773926e-01 8.106996882704362584e-01
-4.370274734814793560e-01 -9.027097533031606114e-01 -3.775077215023887184e-02 1.114619465340636273e+00 -9.069823359546750341e-01 4.962644570879261030e-01 7.923093674839156719e-01
-2.692643733733308120e-01 -6.193134543464540176e-01 -4.182816641527001278e-01 1.201580627437213833e+00 -8.683622721010281209e-01 3.639530091591756111e-01 6.670207682670754590e-01
-1.581340986742824362e-01 -3.418802569700814531e-01 -7.819860221123906552e-01 1.172141543402164476e+00 -6.599179363551439526e-01 3.487068949389819927e-01 4.944303170560367944e-01
-1.088699735993167994e-01 -1.336721264800462827e-01 -1.053152284543586781e+00 1.015954266835882303e+00 -4.388216487856609338e-01 4.571859979883508562e-01 3.034376727900915949e-01
-7.801621087233805152e-02 4.919877002247816100e-02 -1.218421177513225873e+00 7.586382750266549291e-01 -3.289504371714131459e-01 5.951064677125877944e-01 8.387613061133745995e-02
-6.330163546710333017e-03 3.172533766823685819e-01 -1.326305518510102477e+00 4.790165725346192116e-01 -3.336405818269717050e-01 6.141233364698175379e-01 -2.051707928502297940e-01
1.232481090086204184e-01 7.367459651162051593e-01 -1.429686022016659175e+00 2.850665943492091681e-01 -3.516287185414087024e-01 4.369135952343178864e-01 -5.924125181338496526e-01
2.783138387193205276e-01 1.255014627376683789e+00 -1.541257470189991929e+00 2.480512284742205364e-01 -2.803309251082193865e-01 1.309375485146676288e-01 -1.052851559639175871e+00
4.251197747581347830e-01 1.741436864102807958e+00 -1.640655959439655476e+00 3.557014485672544968e-01 -9.934531644859048716e-02 -1.597959114789952728e-01 -1.515905522594900745e+00
5.636847475298892851e-01 2.070954121618786115e+00 -1.693245845872156652e+00 5.282138284141554285e-01 1.188656020227241011e-01 -3.262340327344863122e-01 -1.902817112193197602e+00
7.321205032351795206e-01 2.177573010993114178e+00 -1.665474807084887710e+00 6.680197252928273821e-01 2.440881592772267406e-01 -3.501805661061707098e-01 -2.150686275719975171e+00
9.803434009137882432e-01 2.086889961934464299e+00 -1.556119974938200645e+00 7.015238381847017646e-01 1.608510111064111736e-01 -3.099424335445362666e-01 -2.229824003844038671e+00
1.320190391813447661e+00 1.906541849861411508e+00 -1.412219585294945956e+00 6.040505566627210055e-01 -1.413520034899082845e-01 -3.425352619622478723e-01 -2.164642325988680227e+00
1.699603997649035136e+00 1.738008206844497971e+00 -1.286720267305738297e+00 3.957952230625164103e-01 -5.607687622235568714e-01 -5.561668205789997987e-01 -2.008975469811348447e+00
2.023250520055807300e+00 1.596039182530559319e+00 -1.193261964762094562e+00 1.062620433926696195e-01 -9.789318937233755236e-01 -9.582056786762573886e-01 -1.778112898007127685e+00
2.198009834326624556e+00 1.431023151801982030e+00 -1.117937216058185301e+00 -2.473856888489618655e-01 -1.329666511773509363e+00 -1.466100234411588987e+00 -1.437829785288448070e+00
2.167302072586375417e+00 1.192329039733983409e+00 -1.046365338451047622e+00 -6.416279906671422673e-01 -1.586687020354797584e+00 -1.961717484871056572e+00 -9.578842641860275675e-01
1.923640069179213485e+00 8.514265421401701062e-01 -9.645860266134066441e-01 -1.020551259524089094e+00 -1.736925681476505501e+00 -2.329177854080632049e+00 -3.551952756178601289e-01
1.520713840183897991e+00 3.936383792337655452e-01 -8.481779389822881043e-01 -1.299594429060118461e+00 -1.777115247487589533e+00 -2.466153769120556838e+00 2.920328141894130147e-01
1.072816686242590523e+00 -1.766790369055015464e-01 -6.667693146779222202e-01 -1.409051756353954632e+00 -1.718609531415018488e+00 -2.296277294817347769e+00 8.628446918612791006e-01
7.081826575272862634e-01 -7.968599013837502909e-01 -4.140442693648746508e-01 -1.349801892072695297e+00 -1.576821210452015842e+00 -1.821469912939341018e+00 1.233926230932174350e+00
5.058550457608216311e-01 -1.335749774165816861e+00 -1.296173532122791017e-01 -1.202057609997627674e+00 -1.348353251270826503e+00 -1.164162531213130070e+00 1.315689319998356588e+00
4.780186723654602510e-01 -1.664584417021374829e+00 1.166397924240592104e-01 -1.079532581968455140e+00 -1.026604833082218615e+00 -5.118908900048135813e-01 1.100632922432653871e+00
5.920458588005135248e-01 -1.731901758983474426e+00 2.590601306715606400e-01 -1.084382399241444750e+00 -6.513836309496213728e-01 -1.362611038328028108e-02 6.964160468578161067e-01
7.910827441942067662e-01 -1.571484954014560342e+00 2.729478291454104921e-01 -1.278277393659188688e+00 -3.138217965361269068e-01 2.603357579261403876e-01 2.757135344304790792e-01
1.003225638377504669e+00 -1.274058731632862873e+00 1.987324354439332919e-01 -1.657481341109783513e+00 -1.152992328234515862e-01 2.967225301650233127e-01 -9.467604146504970605e-03
1.151398973443163998e+00 -9.541492555407555809e-01 1.253394735289202477e-01 -2.150424306461278690e+00 -1.302620402335313843e-01 1.246827186861433762e-01 -7.021758523750777636e-02
1.185080375025122645e+00 -7.111496443393447997e-01 1.408655258171407909e-01 -2.650378051397027424e+00 -3.856656532471540166e-01 -1.891547273203669499e-01 1.070634461762989681e-01
1.115575546493987602e+00 -5.859686929533927113e-01 2.850893778906566367e-01 -3.059459433320219635e+00 -8.520635858680868369e-01 -5.727199818221319072e-01 4.596559468288833328e-01
9.999136379254532914e-01 -5.321636942244467594e-01 5.264641147785209530e-01 -3.308991752444047307e+00 -1.424529009220354858e+00 -9.874286648006262990e-01 8.632992623352985229e-01
8.843402504967533551e-01 -4.520653382360360628e-01 7.858273657322480954e-01 -3.360552773035765828e+00 -1.918792354395765898e+00 -1.419372051940530399e+00 1.170185140444647498e+00
7.749810018953758872e-01 -2.936406027688521214e-01 9.911400690475694608e-01 -3.216368992331030352e+00 -2.151711270827009415e+00 -1.829126954203965427e+00 1.289896799635168456e+00
6.497078417933463967e-01 -1.013568098630151793e-01 1.107949643493850722e+00 -2.930711114224506808e+00 -2.055485446746997624e+00 -2.132320886227602408e+00 1.258887957447174299e+00
4.762312055234451669e-01 2.204378265338726578e-02 1.142854658507526100e+00 -2.590305872209099025e+00 -1.694622290094303096e+00 -2.235353374619686306e+00 1.202110770862196754e+00
2.292452557497111909e-01 -3.142461936890197927e-02 1.148913809459178204e+00 -2.266260468278087803e+00 -1.190748549350594709e+00 -2.080617698372952074e+00 1.231160516202999267e+00
-8.627736908866903698e-02 -3.396560199070468022e-01 1.213785681440840092e+00 -1.985676020109920836e+00 -6.677288563636220031e-01 -1.677366036989696774e+00 1.390468493709530851e+00
-4.269003594725868100e-01 -8.967442223872507112e-01 1.394834194751362055e+00 -1.744240543916228736e+00 -2.360316647060708983e-01 -1.118558100078852480e+00 1.656782248019413428e+00
-7.311709447441010479e-01 -1.569268768220061450e+00 1.646378136350158394e+00 -1.517483501136922319e+00 5.027319272989898974e-02 -5.604793368034433065e-01 1.947978485541171478e+00
-9.468713576718759128e-01 -2.153488323378508706e+00 1.840185191158650202e+00 -1.262480036695829755e+00 2.298677594597356710e-01 -1.434784446286428428e-01 2.151920254499332330e+00
-1.045287330806815573e+00 -2.507271601664956329e+00 1.868867323337431330e+00 -9.444558843211765531e-01 3.790989954417573471e-01 9.148346823007560968e-02 2.189581284905583125e+00
-1.023540126426020214e+00 -2.617676479828487057e+00 1.719808000798082714e+00 -5.617923291744872927e-01 5.284359028372512812e-01 1.991254846196634787e-01 2.057766595723885317e+00
-8.991055865637733735e-01 -2.562940217056181247e+00 1.467102946131996877e+00 -1.388483517461051586e-01 6.504451009984996146e-01 2.604554185886802098e-01 1.810810521180389987e+00
-6.974093674672368071e-01 -2.445763096410912496e+00 1.218972649284141285e+00 2.855246564536039755e-01 6.974734374884986599e-01 3.397849644508286748e-01 1.516174233727850096e+00
-4.404968856798552879e-01 -2.341709750656734812e+00 1.066671877172131522e+00 6.702666406028729984e-01 6.382733049363477074e-01 4.697323442291878592e-01 1.219949439819915105e+00
-1.488234168751124964e-01 -2.242564358254890422e+00 1.030181553315148157e+00 9.986274867923833343e-01 4.894174117251492429e-01 6.242939644296701118e-01 9.182767256458218563e-01
1.480139706126583632e-01 -2.028214308978377289e+00 1.020566210247716432e+00 1.278981800316616901e+00 3.256541205263624450e-01 7.199982558072851591e-01 5.477018706573399953e-01
4.104017302029042691e-01 -1.545493202458760873e+00 8.903023412829684791e-01 1.496422550283579955e+00 2.237065139362422184e-01 6.838727382314253589e-01 4.516161432516732632e-02
5.972448914538240894e-01 -7.374463299544786743e-01 5.435687428148010536e-01 1.592676237525610272e+00 1.866822646734536961e-01 5.177637944604495113e-01 -5.634366322315172981e-01
6.717197617819793409e-01 3.120631118148086691e-01 -3.750393133568812130e-03 1.523094659026161146e+00 1.555860207773371306e-01 2.881658008845656704e-01 -1.167188486279348458e+00
6.141042462754590092e-01 1.428504321378671005e+00 -6.475547330560524895e-01 1.303803510704385049e+00 7.508674355076377926e-02 7.539431058067223856e-02 -1.652045898882943842e+00
4.428279831810268963e-01 2.418793681790158523e+00 -1.258295286625491505e+00 9.915526802130197881e-01 -7.633367151694266106e-02 -5.665148220688329822e-02 -1.954532170477859987e+00
2.236216132372854104e-01 3.120709911868465802e+00 -1.729362988441904170e+00 6.498708851976832124e-01 -2.887965883911965959e-01 -6.009771822977967581e-02 -2.070422641028392352e+00
5.082381627698071697e-02 3.434998043222194042e+00 -1.995203331026816684e+00 3.381121039367324110e-01 -5.275784276507072823e-01 9.146975489254231817e-02 -2.046817786359592439e+00
-3.249488678625446665e-03 3.367977582869488895e+00 -2.047850663284807471e+00 1.132431322910679716e-01 -7.272490163123312978e-01 3.716713178009115603e-01 -1.965464154207374969e+00
6.886828147384234378e-02 3.043831189385858060e+00 -1.950376974021284626e+00 2.852933343645120204e-02 -7.871453588411475577e-01 6.943296283538435976e-01 -1.917699047320558181e+00
2.215707075942956461e-01 2.623809469847831810e+00 -1.804480891541603071e+00 1.106728292216844906e-01 -6.187503541886921754e-01 9.713074760765672000e-01 -1.958800417290600615e+00
4.018763208466458736e-01 2.205840926457239171e+00 -1.686914711078455476e+00 3.323850214910213374e-01 -2.154105871017307217e-01 1.173183214879452763e+00 -2.071131870805242858e+00
5.793674834856065159e-01 1.816386772667316407e+00 -1.622406231381784636e+00 6.221123273756763439e-01 3.399353022414648429e-01 1.321378786836610919e+00 -2.191817295835094548e+00
7.438062775226961243e-01 1.465054533146330717e+00 -1.604360855335097646e+00 8.992948993388804046e-01 9.168164120157733521e-01 1.436207628324934316e+00 -2.267212594035241668e+00
8.914283163843115254e-01 1.171035516738229143e+00 -1.612550582385319009e+00 1.098453534200374948e+00 1.375899293475387974e+00 1.502185115321918785e+00 -2.272166894320908792e+00
1.017900078806135422e+00 9.439723703846889524e-01 -1.608447275903689633e+00 1.187596938070499153e+00 1.606455844017563361e+00 1.478359579363004217e+00 -2.208370648234364353e+00
1.117807072602742480e+00 7.863458215740243284e-01 -1.557140798784919511e+00 1.180228880325800089e+00 1.573255199297377338e+00 1.327967995810271251e+00 -2.112536467137343443e+00
1.188472356687779063e+00 7.347511133272828232e-01 -1.480235704798464891e+00 1.120397406838780974e+00 1.346384155870755217e+00 1.033600422088364335e+00 -2.060030247170149043e+00
1.227124951991275026e+00 8.406379061688387111e-01 -1.452882962268170930e+00 1.054565443442054162e+00 1.061594802095567891e+00 6.213716215071289906e-01 -2.116230852941467955e+00
1.218741711232833591e+00 1.085882771418537951e+00 -1.529262768702823294e+00 1.007991610310051245e+00 8.204657359139967410e-01 1.906345392010413142e-01 -2.262355935351795910e+00
1.130775206529052612e+00 1.359210627807628802e+00 -1.683408491887450564e+00 9.737528726586074379e-01 6.303221336302305966e-01 -1.113252971090104848e-01 -2.392544577822711016e+00
9.293627360434423279e-01 1.516438069937127153e+00 -1.812484576558915039e+00 9.281792920846794193e-01 4.281275602250814161e-01 -1.634341558585390430e-01 -2.383593324783809475e+00
6.056746240961606853e-01 1.445224453204736470e+00 -1.785270814216542767e+00 8.551616331278391048e-01 1.346523135054100984e-01 6.967616444401880660e-02 -2.156876002925086411e+00
1.818625603538552848e-01 1.112033106434573648e+00 -1.513917388178191992e+00 7.575101798341525861e-01 -2.922579832241608555e-01 5.126227906321066952e-01 -1.704789842899864238e+00
-3.082837180022042767e-01 5.882521052202640544e-01 -1.012459900828359016e+00 6.587349660620225311e-01 -8.094140729376326782e-01 9.999287039921440634e-01 -1.087834511425771034e+00
-8.401637028185323652e-01 4.801295973493069705e-03 -3.857829728695139626e-01 5.867702118189284111e-01 -1.295029258487919721e+00 1.366735275185668286e+00 -3.906054581031612183e-01
-1.400715005071926145e+00 -5.324518602377426024e-01 2.375613734352368112e-01 5.434772336207878141e-01 -1.628237787006629800e+00 1.537894911810847587e+00 3.314907920412850650e-01
-1.976099927182360272e+00 -9.690098120068145748e-01 7.557710168589942823e-01 4.947507037988125300e-01 -1.757293733811493119e+00 1.526477923838383211e+00 1.057581102950685414e+00
-2.537262538757020902e+00 -1.284842390383054367e+00 1.112089679429988598e+00 3.892437132219938034e-01 -1.701459172139162312e+00 1.391233016040162251e+00 1.771365938766963799e+00
-3.023694761073695947e+00 -1.489594299541466826e+00 1.304418859447531220e+00 1.813092469925562666e-01 -1.523157945035476191e+00 1.214182030038226001e+00 2.435861297220189403e+00
-3.339006261528416619e+00 -1.613451064878234753e+00 1.378650757939223093e+00 -1.513389419479026221e-01 -1.306070514000223559e+00 1.071657921745505782e+00 2.984005418460796477e+00
-3.380704137243408347e+00 -1.667206773995939528e+00 1.390930190889134499e+00 -5.872869606294427447e-01 -1.124974410915959178e+00 9.815130696614398076e-01 3.325796928556298493e+00
-3.091511924982450754e+00 -1.612039039842990684e+00 1.368959108021761573e+00 -1.043030262032800692e+00 -9.973653016024663920e-01 8.784274055180097962e-01 3.379524802057619848e+00
-2.496674151704160405e+00 -1.406533878470010324e+00 1.319320109002197317e+00 -1.385996575440758383e+00 -8.727578629335863702e-01 6.771867791756764898e-01 3.128358581824963291e+00
-1.702806682339735422e+00 -1.079676414312317201e+00 1.258933151898758762e+00 -1.495366804832222396e+00 -6.836401165782485245e-01 3.641851026938077163e-01 2.646102925459687949e+00
-8.591943124976292312e-01 -7.276489714708318512e-01 1.219905343664243524e+00 -1.330177083481093314e+00 -3.930515202013026288e-01 4.766730841283411263e-03 2.051877738033111243e+00
-1.077851457356370779e-01 -4.652438668671433630e-01 1.239429846355485587e+00 -9.506776514283176160e-01 -9.803738041445365578e-03 -3.101355184709924107e-01 1.456241163674991013e+00
4.569086004127711487e-01 -3.932380951858758245e-01 1.356756149293288027e+00 -4.851755204065529847e-01 4.106535743798093163e-01 -5.000435713539770344e-01 9.423543739784785433e-01
8.046882105366726101e-01 -5.557915721441345491e-01 1.594995931807469347e+00 -6.971637793480320311e-02 7.869638578361453085e-01 -5.270880124255127308e-01 5.548751968339475926e-01
9.526624744375029596e-01 -8.849416974257974244e-01 1.921924068698718679e+00 2.059322697616076947e-01 1.060761573465506258e+00 -4.405804855849946300e-01 2.886604416045808752e-01
9.350562237197226345e-01 -1.217839440773602400e+00 2.241704060298201462e+00 3.239351957649706515e-01 1.233430614566977113e+00 -3.626020624228861733e-01 1.023126182525866817e-01
7.835971280083346979e-01 -1.407437128737168086e+00 2.445178047696392465e+00 3.284016047541469252e-01 1.341646278358121114e+00 -3.892773221925400762e-01 -3.404314094096678317e-02
5.200498197401632883e-01 -1.401295757658084451e+00 2.464364019620953528e+00 2.897849791397725805e-01 1.400536602496338157e+00 -5.216869244778855608e-01 -1.051447856673950881e-01
1.657803994759038113e-01 -1.226467388815175585e+00 2.290807647249508694e+00 2.707411448743670679e-01 1.382637385252256879e+00 -6.920897346730303656e-01 -7.439560104545978048e-02
-2.399360825692649912e-01 -9.554758916844567906e-01 1.974118140826781609e+00 3.112633997550716125e-01 1.240212148425301697e+00 -8.148456026661797802e-01 7.365980927564827474e-02
-6.376146394147034213e-01 -6.812506386486245624e-01 1.599602180791535266e+00 4.279737798849478358e-01 9.449533828927999535e-01 -8.229323522852246553e-01 3.186584422375111081e-01
-9.670092402594666625e-01 -4.668924396119423226e-01 1.238329854144859965e+00 6.202938343519678321e-01 5.318727559904328217e-01 -7.109772247366260567e-01 6.108133031972980964e-01
-1.193365313485849510e+00 -3.099004648013530261e-01 9.163089061728080242e-01 8.712017697238984004e-01 1.027329742695728687e-01 -5.450517598381391382e-01 8.866919727687030406e-01
-1.324208268998851024e+00 -1.830827054667585052e-01 6.408577725239694711e-01 1.129043760802871388e+00 -2.393124317717185978e-01 -3.981694686859805210e-01 1.102667759949248927e+00
-1.405882453216638961e+00 -9.704166498961756815e-02 4.416249315267344877e-01 1.305925071404991700e+00 -4.447026149368954462e-01 -2.869343581929490461e-01 1.263291526185745139e+00
-1.496485217704866200e+00 -1.008936687278279704e-01 3.752519768230964115e-01 1.323279171186031666e+00 -5.082929971111227463e-01 -1.825632715865067868e-01 1.404123625864464930e+00
-1.628183648829635732e+00 -2.388008101991289100e-01 4.981146734467523651e-01 1.156512577448402412e+00 -4.526216989729217599e-01 -5.419776876672387916e-02 1.551869707524703657e+00
-1.786491145607171482e+00 -5.084856585736596823e-01 8.283506300371694664e-01 8.392635191357381563e-01 -3.242045086763800099e-01 1.100782910789874364e-01 1.704107775094969801e+00
-1.925365637238686700e+00 -8.312928382575995867e-01 1.312117787383526801e+00 4.434278629969757857e-01 -1.631546240917623181e-01 2.937643026120559941e-01 1.820351087760468278e+00
-2.002338334628092298e+00 -1.059710352102176012e+00 1.818680876167920291e+00 5.305308761752718788e-02 3.603520318573277120e-02 4.453939701177716537e-01 1.826185832762464045e+00
-2.001947081811314533e+00 -1.059539687579912126e+00 2.188660830556845127e+00 -2.562719909767290916e-01 3.040244267301069336e-01 5.089030604754524179e-01 1.668097071442960377e+00
-1.937820697346396281e+00 -8.014609016171082567e-01 2.308534937405547272e+00 -4.311130107147807533e-01 6.272017333755522950e-01 4.739455297655685850e-01 1.377746720481533238e+00
-1.836646748785106587e+00 -3.598170524262945813e-01 2.152975623879165745e+00 -4.553780990222920932e-01 9.228715345455374974e-01 3.804204387539728560e-01 1.051525492025266129e+00
-1.718894452094626768e+00 1.446583532856680065e-01 1.789087168531554140e+00 -3.562806402413619122e-01 1.085597765052112917e+00 2.841823723239331190e-01 7.768068954148072969e-01
-1.588536747062476717e+00 5.877562290604839701e-01 1.352265316712899734e+00 -1.906628311495878192e-01 1.046340684980282543e+00 2.257835501923507182e-01 5.895070237978093930e-01
-1.424079328219277851e+00 8.922902749483978546e-01 9.710270655972764731e-01 -1.969462485585580722e-02 8.092291823086235070e-01 2.019947339854969159e-01 4.598867771987826258e-01
-1.188769112707698694e+00 1.074717334322191631e+00 6.806286550988116524e-01 1.187737360065714703e-01 4.615999139941843743e-01 1.538627900624472133e-01 3.050825386860959720e-01
-8.697310538928531010e-01 1.209029681511211818e+00 4.241048496859660677e-01 2.173800923579751743e-01 1.308795402586643841e-01 1.356190199690506838e-02 5.607018066175806920e-02
-5.018743041828681584e-01 1.336831870350756901e+00 1.332133246886362254e-01 2.771261476217889430e-01 -9.647673935930368982e-02 -2.231129783552318335e-01 -2.734381764527484826e-01
-1.558722739434711679e-01 1.437778565789146423e+00 -2.093177824782200824e-01 2.937170528103946743e-01 -2.034704791829045623e-01 -4.854100469106086280e-01 -5.978699220201844078e-01
9.252443581764677183e-02 1.456407681424718437e+00 -5.576455114302704130e-01 2.681827486608899802e-01 -2.027583739676012409e-01 -6.673509951935108209e-01 -8.267358246363597507e-01
2.030768703829804733e-01 1.328050866467860525e+00 -8.210088900226153452e-01 2.134974546782894833e-01 -1.097656487012569765e-01 -6.641992094477601194e-01 -9.142624483654294698e-01
1.959755149923785300e-01 1.007583632426084730e+00 -9.020768319006758906e-01 1.537768223799943212e-01 5.042021814409249764e-02 -4.088911539962548636e-01 -8.708781626270525322e-01
1.333393001287726531e-01 4.990738351856129906e-01 -7.427877849473941696e-01 1.324996242818705094e-01 2.550909494673656575e-01 9.181525883330379778e-02 -7.529671410242891882e-01
7.685362082925549509e-02 -1.285244531311861560e-01 -3.660414747601430374e-01 2.138708560918187174e-01 5.158739381818271408e-01 7.446214315692752939e-01 -6.374787921787861134e-01
5.515864746369150001e-02 -7.603355922654552179e-01 1.212527646070819115e-01 4.499975533685879880e-01 8.665642538138461637e-01 1.407194686960906660e+00 -5.802027125219341164e-01
5.515251997913427767e-02 -1.292426155598955573e+00 5.856919267779155946e-01 8.279073059815320601e-01 1.310140637971455524e+00 1.968933846466033755e+00 -5.868349033181768926e-01
3.959680383939726683e-02 -1.670483392293421909e+00 9.322807943644894069e-01 1.252584657147812086e+00 1.795090955341270167e+00 2.393692960780250178e+00 -6.240239331346669749e-01
-2.035424014048660066e-02 -1.882192745131364919e+00 1.127281123883694836e+00 1.592244915282814421e+00 2.227107292992782650e+00 2.682643404630780992e+00 -6.502814178117771737e-01
-1.204690188959561675e-01 -1.935209084753191977e+00 1.187490906153820136e+00 1.734565757736109770e+00 2.483041476059978603e+00 2.822914856501216985e+00 -6.379516167400616222e-01
-2.241866588637480562e-01 -1.828811093460297243e+00 1.146899560376525962e+00 1.611210275842612782e+00 2.438938158974936155e+00 2.763195535799971125e+00 -5.806214883418755468e-01
-2.852557352322984130e-01 -1.528587451334155745e+00 1.017282307828609289e+00 1.220399146770642762e+00 2.033962898919334350e+00 2.412311511619615878e+00 -4.954009625766038205e-01
-2.802001259146911782e-01 -1.000722430839655397e+00 7.878030218102194393e-01 6.504080465241312003e-01 1.334642280495810907e+00 1.705611532970225053e+00 -4.186133521184645656e-01
-2.362704630368718806e-01 -2.977700303864483367e-01 4.719055394632704070e-01 4.924336369020167192e-02 5.305902944323960257e-01 7.213060588462671952e-01 -3.775152638387010984e-01
-2.210140481460514117e-01 4.035295207257811323e-01 1.487568965885832928e-01 -4.404232797298849866e-01 -1.393380785491502849e-01 -2.880449850175692550e-01 -3.561209185893971507e-01
-2.888374051672938370e-01 8.383284733501921160e-01 -3.273538137209845711e-02 -7.063051456119964211e-01 -4.578902270597818847e-01 -9.766287868035754549e-01 -2.941017576607198869e-01
-4.364226517764020485e-01 7.588404728764589491e-01 7.924255984856842794e-02 -6.886943507139590137e-01 -3.058960757316470103e-01 -1.049694863618651386e+00 -1.271456155753748762e-01
-6.033601074918257812e-01 1.457598452609008832e-01 4.776313257585498850e-01 -4.436720150833232124e-01 2.097702239759575149e-01 -4.869614491661855560e-01 1.482607680702645037e-01
-6.033601074918257812e-01 1.457598452609008832e-01 4.776313257585498850e-01 -4.436720150833232124e-01 2.097702239759575149e-01 -4.869614491661855560e-01 1.482607680702645037e-01
-7.873424048280025511e-01 -1.224459703204322070e+00 1.210854990968489142e+00 1.939651128551971027e-01 1.078394807844716086e+00 9.525899975581150203e-01 7.282200597374816065e-01
-8.252005286017660701e-01 -1.298091643864286882e+00 1.247984310304886657e+00 4.735673176124197692e-01 1.114156722272959144e+00 1.111800472218078539e+00 8.774234415688135780e-01
-8.609053951270537741e-01 -9.983819906078335027e-01 1.147639177467230320e+00 7.335116827489361890e-01 1.027163072138785660e+00 9.665329580687558320e-01 8.213536932549618808e-01
-9.070389793961263214e-01 -5.900099450251818922e-01 1.026819208340941314e+00 9.695166174793128366e-01 9.806422832837958792e-01 8.064979511071022067e-01 5.275896769484721416e-01
-9.592719866288761388e-01 -2.939265914624998310e-01 9.395456661517764818e-01 1.139624036618897440e+00 1.018865824320621671e+00 8.332190512405277527e-01 9.409442908577091147e-02
-9.642020852678221399e-01 -2.125621815170128381e-01 8.767129071689196973e-01 1.168968161977298248e+00 1.089826630902251514e+00 1.088698706441804553e+00 -3.165345063137183224e-01
-8.476961135963989591e-01 -3.215571904398805692e-01 7.985116454524823215e-01 1.012890443222889347e+00 1.145779952510691313e+00 1.472733710561369813e+00 -6.012558504856395647e-01
-5.852006791220190074e-01 -4.867014653392144341e-01 6.577687110119938563e-01 7.074282046705295812e-01 1.188276162309756856e+00 1.795071349235815905e+00 -7.607395754171748514e-01
-2.161196523321500806e-01 -5.435842347717732004e-01 4.189118360246980033e-01 3.334123699501513882e-01 1.233112934333620458e+00 1.881147610089090261e+00 -8.475870365167252896e-01
1.889855127721999928e-01 -3.924859960316454122e-01 8.331793521822775106e-02 -4.262639174773487361e-02 1.264149828838657452e+00 1.660179098099074269e+00 -8.974871198047666976e-01
5.462554308719991258e-01 -3.405493034704665245e-02 -2.952896507912359803e-01 -3.667457348672655271e-01 1.247034478908490618e+00 1.175110248578210337e+00 -9.126895524522028458e-01
7.685452657854180414e-01 4.358004588402403234e-01 -6.185942222062602580e-01 -5.746752086230736412e-01 1.175857015165281627e+00 5.511511487278257793e-01 -8.799191846154200691e-01
7.925954214407261444e-01 8.596177904874151565e-01 -7.794344715780227029e-01 -6.084283878210816621e-01 1.076444887403790629e+00 -5.487762220153231257e-02 -7.826417923093402784e-01
6.070744843536376445e-01 1.092544033577295348e+00 -7.178233518704459915e-01 -4.649450198225767439e-01 9.692273215236395512e-01 -5.123194304504625762e-01 -6.079171145278512434e-01
2.699864108287616804e-01 1.057654512650489709e+00 -4.452983713881425998e-01 -2.198803765323500969e-01 8.475678876700719622e-01 -7.467600335562979419e-01 -3.568006250874014573e-01
-1.005740661522315227e-01 7.466556019448750137e-01 -1.833671543932731407e-02 1.483190537745011917e-02 6.882406129103807446e-01 -7.474958335020475131e-01 -5.043979712057620329e-02
-3.827812081487154683e-01 2.321419622051566767e-01 4.756098484659850301e-01 1.613123240714426088e-01 4.837899243377533076e-01 -5.736817642440786846e-01 2.570687832981094489e-01
-5.154350640966044450e-01 -3.117166307539023795e-01 9.111471535954698275e-01 2.088746419337262628e-01 2.701872779464732921e-01 -3.363071854176486464e-01 4.676035605073389778e-01
-5.114809229431778181e-01 -6.771435740554296867e-01 1.159933153219329549e+00 1.908545403479965374e-01 1.004978386727842510e-01 -1.407312077011687312e-01 4.891175049625522409e-01
-4.274673676280759671e-01 -7.420604640543020381e-01 1.153942739912545701e+00 1.432461572422147611e-01 -1.002537059408755218e-02 -3.750703016748185847e-02 3.103198820253570966e-01
-3.330590947731592588e-01 -5.157478893097764416e-01 9.130121897982221846e-01 9.410524976714715328e-02 -8.595695429062724657e-02 -2.118888790054179738e-02 3.726057377247326326e-03
-2.894003028268166688e-01 -1.071331194155850791e-01 5.254448757955291205e-01 7.298716294982603159e-02 -1.555386326701580224e-01 -5.715412889740616870e-02 -3.197622177532464804e-01
-3.276963703287900653e-01 3.284482938460437929e-01 1.068758525785881847e-01 1.041790495634803693e-01 -2.375023812608545171e-01 -1.089943347600040441e-01 -5.488540390170242311e-01
-4.330076654202499320e-01 6.434581625863560195e-01 -2.410229020863315641e-01 1.849727916703091668e-01 -3.525198311841156729e-01 -1.589403987899928872e-01 -6.024761058299381578e-01
-5.387989130867627541e-01 7.388265774971394251e-01 -4.605123756124983037e-01 2.706324210265627084e-01 -5.316422424088388388e-01 -2.142723464556202106e-01 -4.480774152663245524e-01
-5.435068532786668793e-01 5.909081750422884305e-01 -5.530401576637546945e-01 2.880726492965756669e-01 -7.966010798691296468e-01 -3.019009937395005228e-01 -1.121671753070410393e-01
-3.582951555112587894e-01 2.765218553201483909e-01 -5.827593068955154720e-01 1.811548220802098041e-01 -1.124009885151537436e+00 -4.666366198547434729e-01 3.082265253445949926e-01
4.001602901939700641e-02 -5.215666199057025776e-02 -6.504743331224543956e-01 -5.299549244965182787e-02 -1.449223446800460113e+00 -7.499641806821363277e-01 6.757557223886047071e-01
6.007136151553696957e-01 -2.651712226192760036e-01 -8.322817007937496347e-01 -3.793835649980930591e-01 -1.717266241792850590e+00 -1.139341022659633218e+00 8.885464378140446318e-01
1.237434446941001243e+00 -3.178497760805757966e-01 -1.141409274309930222e+00 -7.636543740727640417e-01 -1.914242241064553429e+00 -1.561245625403050896e+00 9.218230098369009085e-01
1.865927236651345522e+00 -2.285630636508119984e-01 -1.541256929561838795e+00 -1.176500758229583221e+00 -2.049982612450455211e+00 -1.938339572658991816e+00 8.078422267554812297e-01
