6.984342942061740889e-01 1.773863530528399179e+00 -6.221294288030843056e-01 -6.138967583143868367e-01 -8.726520267777870821e-01 -3.578992545019967775e-01 -1.630096209021533404e+00
5.568651582600306904e-01 1.825648202943916720e+00 -8.365642448015011556e-01 -4.022732844165270438e-01 -9.804623473128994959e-01 -6.445234199258625951e-01 -1.705815024367544064e+00
4.040836153461866420e-01 1.561512364311981926e+00 -8.419393839752177255e-01 -1.281376391249359481e-01 -8.914485797628532993e-01 -7.622203693607250141e-01 -1.561461608535011925e+00
2.598243256275316604e-01 1.062263675570144894e+00 -7.137926775421016279e-01 2.045593544882647052e-01 -6.888448942761030702e-01 -7.458038290493390621e-01 -1.211234498171541052e+00
2.598243256275316604e-01 1.062263675570144894e+00 -7.137926775421016279e-01 2.045593544882647052e-01 -6.888448942761030702e-01 -7.458038290493390621e-01 -1.211234498171541052e+00
1.723176785482383178e-01 6.367245745029702642e-01 -6.833671803126943889e-01 5.115430531858707885e-01 -7.778102783082595506e-01 -8.669200353881408860e-01 -4.964719057859141027e-01
8.481103146894511391e-02 2.111854734357957175e-01 -6.529416830832873719e-01 8.185267518834772327e-01 -8.667756623404162530e-01 -9.880362417269428210e-01 2.182906865997129020e-01
8.481103146894511391e-02 2.111854734357957175e-01 -6.529416830832873719e-01 8.185267518834772327e-01 -8.667756623404162530e-01 -9.880362417269428210e-01 2.182906865997129020e-01
-8.135653425787443827e-02 2.843914259879318229e-01 -6.166764869602574528e-01 7.213687999723825683e-01 -9.183623050125359066e-01 -9.994423991089046444e-01 4.012989718768431024e-01
-3.638370171384221474e-01 2.497259966963193412e-01 -5.314605041549032016e-01 6.956264419716252645e-01 -8.249878202387757042e-01 -8.583451055904702809e-01 5.875851769523132706e-01
-6.762515196100506998e-01 1.071938505020811200e-01 -4.135461926446282188e-01 7.408121807061176511e-01 -6.181410409207274137e-01 -5.873059133988705049e-01 7.504945820594147721e-01
-8.886456864730489791e-01 -6.108952285680342709e-02 -2.792048541849883048e-01 7.485495242583046771e-01 -3.602886138504747260e-01 -2.662916464708640629e-01 8.197556100750958974e-01
-9.222976642711032680e-01 -1.926741939740212184e-01 -1.267509490501780300e-01 6.110193634195258960e-01 -8.023209375388951070e-02 4.502543284310230043e-02 7.635976454760931009e-01
-7.944613488775215115e-01 -3.082287798197340112e-01 6.830085792122703170e-02 3.114005806280667477e-01 2.478646909662226561e-01 3.588692005147917641e-01 6.232268760950633313e-01
-5.832274768819236677e-01 -4.740017741480755387e-01 3.186580748524556750e-01 -7.283986664879096851e-02 6.518883554369441224e-01 7.188009435926482338e-01 4.700207410023490295e-01
-3.607959958654028965e-01 -7.126557007312164238e-01 5.975289838771211670e-01 -4.417343864351466753e-01 1.095913733869333662e+00 1.116657953710772366e+00 3.396445634648580514e-01
-1.519219213808299385e-01 -9.572858317644822312e-01 8.432199256184078617e-01 -7.344487139563925515e-01 1.472253109597718712e+00 1.459978192615718262e+00 2.127736466082847389e-01
4.245492828811229385e-02 -1.105912616825743156e+00 9.924622197059075335e-01 -9.164702388622093521e-01 1.666270669774715829e+00 1.638910816055080710e+00 6.179418740099815177e-02
2.102301191063236652e-01 -1.100469961750436543e+00 1.019716624635093716e+00 -9.641336525974686378e-01 1.621840832642331476e+00 1.608320503346998276e+00 -1.075852803713236855e-01
3.504105632722341324e-01 -9.286244458140163749e-01 9.368833569145577078e-01 -8.925592869230085658e-01 1.342659153265473027e+00 1.373244391285076915e+00 -2.738064457276299102e-01
4.937385472363116090e-01 -5.992743608997063154e-01 7.673225399153457138e-01 -7.601214752025031718e-01 8.765536556814955693e-01 9.443722989214037300e-01 -4.235558496081271440e-01
6.555848942906584709e-01 -1.580700492484634068e-01 5.352997852373955201e-01 -6.207666712398508535e-01 3.180743694838654156e-01 3.756056016584736756e-01 -5.371959557923166040e-01
7.991901178711280362e-01 2.988461957514455536e-01 2.722787786400823196e-01 -4.836430293806512348e-01 -2.098842083857649365e-01 -1.970390444553141163e-01 -5.783811375481587858e-01
8.801796165966466745e-01 6.492985178910134492e-01 3.213856306365776155e-02 -3.362335838280886557e-01 -5.966570916765835397e-01 -6.244406660035974888e-01 -5.210392051518024648e-01
9.036199093493333390e-01 8.119158089759245245e-01 -1.227945876896372884e-01 -1.976276051175273329e-01 -7.884400603066578084e-01 -8.447365137789275558e-01 -3.865372284521390589e-01
9.158316497681204815e-01 8.008616424958958646e-01 -1.719537219235157399e-01 -1.159736178418084573e-01 -8.104620573065526301e-01 -8.961444586825338954e-01 -2.443138933108257027e-01
9.444304515263844957e-01 6.897162525036558689e-01 -1.457125053695399186e-01 -1.163078737498649262e-01 -7.276595347555602222e-01 -8.421787031687296698e-01 -1.635507798774485377e-01
9.688502877935499802e-01 5.487967393879527034e-01 -8.630268842535318563e-02 -1.874245762679634386e-01 -5.960439588095344243e-01 -7.121232589641686150e-01 -1.741306511265398038e-01
9.599445270320525747e-01 4.286774800770757898e-01 -1.917153229750976490e-02 -3.153235581685650546e-01 -4.531447940958046594e-01 -5.227280165938216205e-01 -2.702716344832580275e-01
9.094567733007262733e-01 3.437875156686578948e-01 5.818092708520969381e-02 -4.913699261762319304e-01 -3.091367087581260442e-01 -3.072714298887272988e-01 -4.182431026338823687e-01
8.059138039506031914e-01 2.759791054381670605e-01 1.531007111485147842e-01 -6.820551622974084793e-01 -1.588423284771840471e-01 -9.654867435934799680e-02 -5.675895460999820230e-01
6.305319446248266457e-01 2.347354800833556243e-01 2.283615155730266133e-01 -8.237573093715461203e-01 -3.207457213566615450e-02 8.512092996968660674e-02 -6.894720426468280428e-01
3.923720423155137582e-01 2.807508178010594269e-01 2.043608140931998662e-01 -8.611255753170240501e-01 3.517140374540888952e-03 1.916527772570104093e-01 -7.996342233695151736e-01
1.230657633450992633e-01 4.626245669079354084e-01 1.930113061296084495e-02 -7.616889624771294720e-01 -9.233821487647651816e-02 1.717803890173587311e-01 -9.254559051998832997e-01
-1.670617703829307410e-01 7.550360856649297459e-01 -3.237953934496909381e-01 -4.929568342118676449e-01 -2.881898163134166135e-01 3.395099835620843387e-02 -1.062176510603278112e+00
-4.782331435808906406e-01 1.067003141236948283e+00 -7.524227692459332095e-01 -4.153730123101973676e-02 -5.030202985297801410e-01 -1.504805438663243677e-01 -1.176362393043568266e+00
-7.695538913538557679e-01 1.299052447898048746e+00 -1.155673358930624950e+00 5.305235763064783949e-01 -6.599514731915195886e-01 -3.263048580680400490e-01 -1.239184766706278973e+00
-9.710985463287887809e-01 1.383089427152565998e+00 -1.430015348846874534e+00 1.097257874063107819e+00 -7.145393215509626694e-01 -4.860476917843590261e-01 -1.231007517303639665e+00
-1.051804758882524338e+00 1.274259332379164222e+00 -1.505825445589780154e+00 1.546418333639595799e+00 -6.439547660930976525e-01 -6.101793337836750597e-01 -1.119674099711202908e+00
-1.034526315695102339e+00 9.553337303177352746e-01 -1.358497469186283890e+00 1.815692038276714326e+00 -4.457206775712776459e-01 -6.425626050050278204e-01 -8.766334847806127595e-01
-9.357437830620977115e-01 4.800494286902156627e-01 -1.022060302322445491e+00 1.874015129984305972e+00 -1.637531319879546587e-01 -5.682766054703843883e-01 -5.241750569309400198e-01
-7.389375206768457049e-01 -3.399729633894878894e-02 -5.849591765844567304e-01 1.722160187956447430e+00 1.184206834816127624e-01 -4.618125869018346874e-01 -1.262031579270610493e-01
-4.548506159639655322e-01 -4.957330009426003103e-01 -1.463959330638645584e-01 1.414147987900084447e+00 3.432054141909926526e-01 -4.031294128868628257e-01 2.792065628296643287e-01
-1.589244638465927839e-01 -8.939737427031084760e-01 2.289493363931406622e-01 1.048113082113212080e+00 5.181652017642960351e-01 -3.899781151139782853e-01 6.993797557507033247e-01
6.586264377367427592e-02 -1.239181403136355053e+00 5.056038760893565298e-01 7.206123699884319223e-01 6.698831211576100619e-01 -3.747025306472240858e-01 1.126820585355688076e+00
1.881082594200354785e-01 -1.495257656179273864e+00 6.515296571350400745e-01 4.796421181131699796e-01 7.905239601579081565e-01 -3.428619102633345683e-01 1.495202083209556942e+00
2.038022348517284366e-01 -1.604700816594444523e+00 6.535645663814054762e-01 3.242669204556778428e-01 8.524591516154844673e-01 -3.098685110843819590e-01 1.721671200100266752e+00
9.841830036588579411e-02 -1.552054621669939127e+00 5.599488689517960749e-01 2.343491937248021739e-01 8.462263124604210152e-01 -2.767265887193904872e-01 1.769286543452304183e+00
-1.263622156370056981e-01 -1.356725910126891810e+00 4.626870981738583910e-01 1.744860147277763063e-01 7.711903982187210405e-01 -2.461521774644247484e-01 1.639714037857048501e+00
-4.316397598899420762e-01 -1.020959541203182885e+00 3.998697942015637108e-01 1.090983494121793573e-01 6.033283730669508627e-01 -2.561249016856103622e-01 1.340883395167137948e+00
-7.797940973876019699e-01 -5.475326717596563642e-01 3.224332207775562065e-01 4.848274824402553501e-02 3.186947678406711337e-01 -3.395969699844932910e-01 9.117405413361442390e-01
-1.160620219575908774e+00 -1.675473065974650635e-02 1.901331658036522765e-01 4.897202226763330835e-02 -4.174485816893787338e-02 -4.442869259531023740e-01 4.666288651029887324e-01
-1.556033202960310557e+00 4.184176079288943195e-01 3.232264106514094737e-02 1.511347571984597848e-01 -3.729707672889937542e-01 -4.386793764376377691e-01 1.595062247417361745e-01
-1.887850410607840868e+00 6.471788235473119322e-01 -1.000297652893004513e-01 3.153639122553685836e-01 -5.866727842461889608e-01 -2.536262127996814497e-01 6.643144409850015863e-02
-2.030722327999160193e+00 6.708657936370961972e-01 -1.814297582905319839e-01 4.283363481060524780e-01 -6.603785928739100974e-01 1.484515195452785520e-02 1.275204829181779964e-01
-1.899719676688299552e+00 5.584645984269596131e-01 -2.177210320754348616e-01 4.055805479536645497e-01 -6.168599650036417081e-01 2.035821046391302069e-01 2.264256050970387402e-01
-1.509931169372110027e+00 3.728494327108095030e-01 -2.299866662007402085e-01 2.727260420304893906e-01 -4.887959993873094433e-01 2.357896665511155787e-01 2.970002028973396380e-01
-9.526141825168970012e-01 1.291859084568360294e-01 -2.233831812712918641e-01 1.251187596869866303e-01 -2.949146515939819468e-01 1.455487309142402541e-01 3.457006097321087545e-01
-3.318964278639331966e-01 -1.698270965579597447e-01 -1.969491403294254817e-01 3.946943414621803536e-02 -5.538821800941690077e-02 -2.441044839007234634e-03 3.878295698502590705e-01
2.874524493731108188e-01 -4.548817122648561306e-01 -1.864019856688697296e-01 3.104589230209377215e-02 1.700411073903695391e-01 -1.989740562524015544e-01 3.840548186875880621e-01
8.710287201916745436e-01 -6.117943155250591403e-01 -2.374191240703039940e-01 6.424472526301401587e-02 3.082022257112591590e-01 -4.878549191983721500e-01 2.764476448842042022e-01
1.360368314978276372e+00 -5.863414934230147812e-01 -3.426555423057335292e-01 9.261389952964417527e-02 3.391124542940159858e-01 -8.682928549484689729e-01 6.870868391326566404e-02
1.663512452755228521e+00 -4.211698110095411507e-01 -4.495340379635371919e-01 9.464084674368145045e-02 3.048008041959144321e-01 -1.233212133123344101e+00 -1.685704047104903958e-01
1.713820129246667268e+00 -2.051266628490926169e-01 -5.075481132189652023e-01 7.442597937424062782e-02 2.583429742720101396e-01 -1.440592951017478418e+00 -3.548704180271092801e-01
1.529219071020350595e+00 -1.779770161673000905e-03 -4.990751981471600041e-01 3.550826615354844840e-02 2.075290155829804806e-01 -1.445960884145481629e+00 -4.479319201730352917e-01
1.195788338277766316e+00 1.743759480659597960e-01 -4.425423301271340648e-01 -2.515162991388230490e-02 1.163828555640819412e-01 -1.329256935961412589e+00 -4.483381374721793211e-01
7.899001326928998257e-01 3.243751417890068378e-01 -3.711942509963798709e-01 -8.668209756916236963e-02 -3.109006435497246520e-02 -1.176142466040432266e+00 -3.792804709841526845e-01
3.342598937314650298e-01 4.427194843745811403e-01 -3.249342744082663326e-01 -8.650142919631119420e-02 -2.020085246395225964e-01 -9.805670280515889070e-01 -2.725162617180448832e-01
-1.697405593114917621e-01 5.299749311877853808e-01 -3.464356378074538445e-01 3.859526882737806391e-02 -3.590614487968575297e-01 -6.966616648184051908e-01 -1.592838206730715078e-01
-6.808843624078143586e-01 6.100937640963460806e-01 -4.513042805330357288e-01 2.830688726535655619e-01 -5.009454648639825036e-01 -3.511668874490208592e-01 -7.339760932768470136e-02
-1.109123239832838115e+00 7.153961253739125059e-01 -6.042695501202139940e-01 5.622821400806787828e-01 -6.380981511872905187e-01 -5.462329199805628088e-02 -5.573595263479532574e-02
-1.371735641567426223e+00 8.409215210170705168e-01 -7.296667318768251809e-01 7.744838792104394853e-01 -7.435038475515216572e-01 9.623500348542472771e-02 -1.344630697899101002e-01
-1.439889048143412120e+00 9.323247305600723678e-01 -7.482381738724216413e-01 8.581346595974714830e-01 -7.540929199249909454e-01 9.500569824556423515e-02 -3.020877411968379556e-01
-1.341691635784575176e+00 9.210376625337879375e-01 -6.214074677599659147e-01 8.185026114757772975e-01 -6.170088913773181805e-01 2.715899525857247768e-02 -5.133124549377207080e-01
-1.135666232264739506e+00 7.513718328073965003e-01 -3.587733014697936373e-01 7.227851660850851401e-01 -3.200247567758174316e-01 2.160532294334366679e-02 -6.928411461653134484e-01
-8.523524014806891369e-01 4.048218418887888359e-01 2.376807458934059036e-03 6.333294198315125856e-01 9.338094734747130754e-02 1.518870174717580901e-01 -7.658187681830780358e-01
-4.532939994402513939e-01 -4.040647372975625373e-02 3.665883509587344324e-01 5.419536619223483953e-01 4.958669117490805411e-01 3.336519681484014788e-01 -7.225859015868907331e-01
1.016406535763108437e-01 -3.924786609569072549e-01 5.484952708097956542e-01 4.107907221322910085e-01 6.952799869921498788e-01 3.508450987265810395e-01 -6.377249970902699738e-01
7.283761133775176200e-01 -4.502931755358108301e-01 3.709922735320340670e-01 2.488208748672085247e-01 5.423250771082001043e-01 5.189308875172223695e-02 -5.922768662539960038e-01
7.283761133775176200e-01 -4.502931755358108301e-01 3.709922735320340670e-01 2.488208748672085247e-01 5.423250771082001043e-01 5.189308875172223695e-02 -5.922768662539960038e-01
1.408381377219114050e+00 2.991048301792555431e-01 -6.708712089617491214e-01 -1.626062734450843539e-01 -5.479146122166157484e-01 -9.946969342597645758e-01 -4.947340133044743071e-01
1.208903040311278598e+00 6.477526258170359652e-01 -9.667718378678847868e-01 -3.930356859789947976e-01 -9.642778617281426712e-01 -1.209470244235795189e+00 -2.096630706241200681e-01
6.710680061980368594e-01 7.100646984713450127e-01 -1.017961102184899547e+00 -4.090122878856594646e-01 -1.035427906572190748e+00 -1.038433524635148375e+00 2.522657769138663686e-01
-4.583338781751199881e-02 4.845343244486419176e-01 -9.014693058904251766e-01 -1.067850881014317521e-01 -7.822873967138640472e-01 -6.197216114844765755e-01 6.984674569873275951e-01
-7.702986410880665602e-01 7.699808543600544786e-02 -5.915194409802790876e-01 3.557061303050074175e-01 -3.204412935257848205e-01 -1.504534173398519303e-01 9.428481151370701197e-01
-1.412947414926850609e+00 -3.320374529426620147e-01 -1.141016350794851336e-01 7.693869483859876457e-01 1.741894630581610204e-01 2.732190295056697860e-01 9.379797538408292112e-01
-1.905867857754993677e+00 -5.558198655298433044e-01 3.716521758802509012e-01 1.022821646651687288e+00 5.176678719420778618e-01 6.146383283046865653e-01 7.213905478285430606e-01
-2.150708557002592780e+00 -5.187837252948938049e-01 7.095316015742261229e-01 1.062782568778228187e+00 6.212602231165776923e-01 8.264846722400183143e-01 3.518365704176387720e-01
-2.082462174942931732e+00 -2.852729805157597776e-01 8.399166673212095091e-01 8.721376559026337016e-01 5.213713979117816644e-01 8.794982274079552464e-01 -8.271640532079102548e-02
-1.721822439619097755e+00 1.208729045710345805e-02 7.804434005464636614e-01 4.820496750079025783e-01 3.194726314083095597e-01 8.005638068489708825e-01 -4.722706918006035481e-01
-1.168455292655184330e+00 2.541291167583153432e-01 5.797389338734926234e-01 -1.970874753966923507e-02 1.147746657084640493e-01 6.713535206669158928e-01 -7.211348872174051516e-01
-5.604623869889049370e-01 3.740442081163617982e-01 3.101890018185543552e-01 -5.131212677752140516e-01 -2.471804232041851720e-02 5.944753293044461318e-01 -7.793142628494194035e-01
9.911958458300078670e-03 3.619754064267676208e-01 6.956779587263228759e-02 -9.183200401619453501e-01 -7.526708639710813498e-02 6.034207406068385904e-01 -6.627031358510840908e-01
5.495705879602821309e-01 2.607145011388821709e-01 -7.966924040535236506e-02 -1.218510273626443041e+00 -7.221024086970488642e-02 5.885270363931374149e-01 -4.461713323787487862e-01
1.093842262945757149e+00 1.409806766639430664e-01 -1.601124049295765406e-01 -1.404852444928686328e+00 -8.639795186452185749e-02 3.910501527669862920e-01 -2.138625521471952950e-01
1.610337542156720980e+00 5.572472606021991459e-02 -2.291911140043685624e-01 -1.455358120046226222e+00 -1.635893795633985015e-01 -1.772431403985546411e-02 -1.128244110677064857e-02
2.016586926005999203e+00 1.540175518991667054e-02 -3.177220724841317567e-01 -1.361319939180620331e+00 -2.970774010645980678e-01 -5.168902609828140982e-01 1.481297340706209942e-01
2.247678221077741068e+00 -5.631857334228509114e-03 -4.232820243665794679e-01 -1.126869799221125845e+00 -4.413940926761026340e-01 -9.513352661987909409e-01 2.551880493982578435e-01
2.258402622483294930e+00 -5.484811830118298259e-02 -5.198085271922795458e-01 -7.448347352382862496e-01 -5.248099820320430986e-01 -1.186412177037521998e+00 3.077436276591060671e-01
2.021155870053692905e+00 -1.683926878759103851e-01 -5.692296649095504035e-01 -2.133850118779917482e-01 -4.769813305270393933e-01 -1.130891840806247162e+00 3.122210984852453186e-01
1.587020129269528734e+00 -3.238162619772127493e-01 -5.473904156956842515e-01 4.108631702532054564e-01 -2.868781635030897004e-01 -8.267645023668950266e-01 2.544579598183593916e-01
1.085480093548598646e+00 -4.458726323277770742e-01 -4.720172976711224933e-01 1.016090126619841438e+00 -2.502210994328969360e-02 -4.626669892136755502e-01 1.069674264845468792e-01
6.262869166160534018e-01 -4.740408702288544385e-01 -3.897208673575557336e-01 1.497642510074305822e+00 2.133271004135269822e-01 -2.249030671834764961e-01 -1.171895604262375296e-01
2.550202660072467542e-01 -4.109640571912082652e-01 -3.279554049456244180e-01 1.796039604639108500e+00 3.764078762660451050e-01 -1.776258165667005673e-01 -3.509031758107151733e-01
-2.066498634622384797e-02 -3.105016777776322123e-01 -2.745449464020145447e-01 1.910050622551869193e+00 4.581880020241079765e-01 -2.850814669984071958e-01 -5.022386971210723861e-01
-2.243804738093449769e-01 -2.360361196880806089e-01 -1.998683039575769593e-01 1.909051164816422341e+00 4.587747185409061235e-01 -4.720227995783112251e-01 -4.806479407718690089e-01
-4.179363637142793353e-01 -2.312153389924729574e-01 -7.762543612918869351e-02 1.899329625289042589e+00 3.784396740945888959e-01 -6.302791069679161140e-01 -2.280665256390942142e-01
-6.668078762862668096e-01 -3.111166700087242276e-01 1.198472165408778212e-01 1.929701702215197434e+00 2.432689232457855288e-01 -6.295945649129022215e-01 2.417754747005816385e-01
-9.643049825172493872e-01 -4.577957400080194805e-01 4.199300838650730228e-01 1.931122844227216140e+00 1.024067564492339572e-01 -4.097239082898773699e-01 8.243264633855095225e-01
-1.213705112473016268e+00 -6.221036455261201858e-01 8.088654332247574574e-01 1.779201074889307677e+00 -4.146606839531864763e-03 -4.618176209341882943e-02 1.359497036556880367e+00
-1.324657478422841095e+00 -7.503856182916800455e-01 1.200812266302441866e+00 1.407584532376050968e+00 -6.033516259034690798e-02 3.318726383200724661e-01 1.719836156735403909e+00
-1.299524189707584876e+00 -8.217303348075385427e-01 1.472679612463628329e+00 8.491548549715332017e-01 -6.063389370369737935e-02 6.612762108882147549e-01 1.873704322031660929e+00
-1.190026028805934999e+00 -8.556247545759295692e-01 1.530977691773757421e+00 2.013245389970631793e-01 4.168484130352687056e-03 9.323983082108729947e-01 1.855690624221149276e+00
-1.006762178460804069e+00 -8.878069598147062536e-01 1.363097477500004651e+00 -4.372683306963588423e-01 1.458105455198703548e-01 1.095565496177933085e+00 1.700874473786409213e+00
-7.397275369474340945e-01 -9.368519403313411154e-01 1.026470257038217149e+00 -1.001035102271625066e+00 3.628113774347439535e-01 1.088027296042391345e+00 1.435491734699702482e+00
-4.358434738563312649e-01 -9.858961914858485054e-01 5.841619491866284486e-01 -1.445634808165380703e+00 6.230462513804013724e-01 9.365530571344572452e-01 1.104563177716660460e+00
-1.656452967122375441e-01 -9.930237786621969320e-01 8.176401100368138608e-02 -1.746717938551565652e+00 8.629758681582949675e-01 7.125584028208823417e-01 7.632663046977071764e-01
4.818540910838344654e-02 -9.151453624865218961e-01 -4.350322848836438161e-01 -1.893154408718777049e+00 1.008063238239784054e+00 4.310304446563196223e-01 4.465529398112642601e-01
2.141860707441621547e-01 -7.315795387855370535e-01 -9.194555240968296239e-01 -1.857384764889302931e+00 1.002069724500507020e+00 7.690758474948274082e-02 1.688331488877914677e-01
3.355066041912921904e-01 -4.582078535685485954e-01 -1.321364764292208838e+00 -1.607812119181485144e+00 8.250766498880552913e-01 -3.277670147991597061e-01 -5.420758788188427546e-02
4.007236137527616093e-01 -1.395509558148980422e-01 -1.586529692744673703e+00 -1.141438122871629490e+00 4.936851687348429718e-01 -7.077929663335699173e-01 -1.947228321810497709e-01
3.769984902387121251e-01 1.785025276264287919e-01 -1.682876290230453931e+00 -4.832054872363918951e-01 5.036285179610495988e-02 -9.504677335465636645e-01 -2.278620636421971601e-01
2.289478136069237890e-01 4.761851274455307648e-01 -1.621426964266575288e+00 2.993864123222220175e-01 -4.537235569047863293e-01 -9.567504713403774952e-01 -1.609378565497041336e-01
-1.819933868382531128e-02 7.688863217650202531e-01 -1.442548266835535387e+00 1.057289686117735217e+00 -9.736059541111126148e-01 -7.274333938496712060e-01 -5.450995872445409118e-02
-2.465558699421329936e-01 1.084286501960063154e+00 -1.195944841423470129e+00 1.588691416687628477e+00 -1.466682879419080932e+00 -4.007494981180479976e-01 -1.056370762300878549e-02
-3.268803744791330401e-01 1.422656800073340166e+00 -9.426265870478809372e-01 1.747713061891971842e+00 -1.880784727820041802e+00 -1.568996307899699905e-01 -1.122862355261773637e-01
-2.280680103316078122e-01 1.745207953393673295e+00 -7.547914571578336895e-01 1.524564332566800351e+00 -2.163291462169082635e+00 -7.968229113206250214e-02 -3.682943958907040627e-01
-1.813803901473122829e-02 1.993216377902013559e+00 -6.814157645011038600e-01 1.037246564300460916e+00 -2.280477997116829858e+00 -1.317500559271165272e-01 -7.197831809394578118e-01
2.042129706554717816e-01 2.107061124853753409e+00 -7.135767623629890588e-01 4.714412439755203965e-01 -2.224022092986330801e+00 -2.182541843557744832e-01 -1.077518225439585864e+00
3.483596641590038234e-01 2.049400774400580438e+00 -8.021694375002793587e-01 1.153589750141154925e-02 -2.014923437304177778e+00 -2.311210173135202217e-01 -1.349296572611270228e+00
3.651194868623726664e-01 1.833852317664432574e+00 -8.997451410195402843e-01 -2.244299682879189739e-01 -1.711607917952520319e+00 -9.783832617082717509e-02 -1.472701769879715572e+00
2.987832896697857343e-01 1.526544501320469038e+00 -9.768859957301764263e-01 -2.341059958589693235e-01 -1.400295363838066853e+00 1.377162439491300960e-01 -1.447556484764846996e+00
2.619394958651143357e-01 1.207286576372384346e+00 -1.011601580419705826e+00 -1.317529041475858087e-01 -1.150270114088592477e+00 3.322082230238502798e-01 -1.321243394504834079e+00
3.257187608599480533e-01 9.260341901538486908e-01 -9.830272961596963066e-01 -7.533828168381023760e-02 -9.724800331905867345e-01 3.852256802468734809e-01 -1.136715149025280924e+00
4.729069157089548781e-01 6.921766228617038941e-01 -8.848959510661149608e-01 -1.640082421959874193e-01 -8.297340465977743884e-01 3.134140458962970666e-01 -9.123582731153239145e-01
6.419547489762628123e-01 4.829380514210322994e-01 -7.165496498517788249e-01 -3.904295365284523034e-01 -6.702525856343783950e-01 1.967076814122899475e-01 -6.537013706839298610e-01
7.622332150987126687e-01 2.506691595786483262e-01 -4.559878772121022661e-01 -6.599507689101317132e-01 -4.458772935258785708e-01 1.328975675921749422e-01 -3.606361404870326859e-01
7.822969596099744738e-01 -4.920139848114010728e-02 -8.187047163323803167e-02 -8.464882857996967047e-01 -1.331745744580058455e-01 2.107912543228201707e-01 -5.360322565091363289e-02
7.237251898045726772e-01 -3.933821539516880739e-01 3.563608934155564345e-01 -8.696002368138239236e-01 2.244937012917919694e-01 4.237719573020135022e-01 1.912480961886158792e-01
6.698400844174164925e-01 -6.593838689048291402e-01 7.150819547735343118e-01 -7.386358702700561718e-01 5.073645373582500451e-01 6.358719331671416342e-01 2.842978989068312146e-01
6.706292888890035275e-01 -7.117547686866501078e-01 8.473252857159858653e-01 -5.311174451419534703e-01 5.993409748445187590e-01 6.979790364699204330e-01 2.146331467233799084e-01
6.926562805092627562e-01 -5.239622620266137787e-01 7.134831354733960351e-01 -3.386294494355535090e-01 4.798513277753222450e-01 5.715401602396888991e-01 6.533005566886049276e-02
6.514226247122432145e-01 -1.954868703441886291e-01 3.974983454918374348e-01 -2.155745450550073938e-01 2.247368713064674395e-01 3.394599968627094455e-01 -4.416429545265827816e-02
4.826866813746543694e-01 1.359133201014369741e-01 4.231823143390899683e-02 -1.710721869848215171e-01 -6.842419193288785950e-02 1.131290644336268997e-01 -2.429034177050917037e-02
2.093138026390081452e-01 3.888638645912421699e-01 -2.356409995013729053e-01 -2.054284763960037563e-01 -3.501084142877991523e-01 -7.901751229038771196e-02 1.323887800313519048e-01
-7.476274316663653052e-02 5.444868867740415563e-01 -3.816747755579769086e-01 -3.236228421884246864e-01 -6.061999569384308728e-01 -2.763684853449015488e-01 3.578083380547886772e-01
-3.063577834199296412e-01 5.885048892574998858e-01 -3.824200887156035678e-01 -5.027566562842513687e-01 -7.976022901692015887e-01 -4.480319581156951281e-01 5.782296256422231329e-01
-4.991973348988252845e-01 5.067471259703462128e-01 -2.630851848968834839e-01 -6.908091277419532439e-01 -8.641724409639703897e-01 -4.516775074025662917e-01 7.552263312225304670e-01
-6.540090014504804650e-01 3.321688623783958239e-01 -9.220120704501039155e-02 -8.725222740761727769e-01 -7.843686711939327205e-01 -1.922491848461529151e-01 8.486554944954100010e-01
-6.898018469556022048e-01 1.300957955047002401e-01 6.661111920527387764e-02 -1.088995093995164254e+00 -5.862259516880453658e-01 2.492348836316688188e-01 8.003770820340246894e-01
-5.331176556320769144e-01 -6.972679633753198214e-02 2.028055742985114540e-01 -1.348299211998154057e+00 -2.996208215508104344e-01 7.176509005291172860e-01 5.944105097176279884e-01
-2.182238537983585136e-01 -2.616650407160471814e-01 3.158435617466731626e-01 -1.569284361988877219e+00 4.532588138285015278e-02 1.135030750662503918e+00 2.850499193821349753e-01
1.639204874770951170e-01 -3.917712939227548374e-01 3.549279232290672992e-01 -1.659003894137608182e+00 3.647704204047536591e-01 1.469578520558622037e+00 -5.592426408170197982e-02
5.539224664969744083e-01 -3.821083365517398134e-01 2.680498142635066028e-01 -1.595245252682724990e+00 5.439455957517742579e-01 1.658719237444731487e+00 -3.726537997403129854e-01
9.031647839274861145e-01 -2.329540564360828847e-01 9.059275526919337296e-02 -1.407262227134683075e+00 5.369152807923825987e-01 1.674884944901921413e+00 -5.958445045419935582e-01
1.142234894797197864e+00 -3.543043944611885127e-02 -7.166577391198189484e-02 -1.142924090171179685e+00 3.903179314101051234e-01 1.583553170344494276e+00 -6.426111493443342759e-01
1.240760439197740705e+00 1.164055663764201470e-01 -1.384771363574063829e-01 -8.779251842774131731e-01 1.732270509843174544e-01 1.451837790928246719e+00 -4.839544624669680495e-01
1.243185223765362002e+00 1.776052584613119767e-01 -1.025617528069410755e-01 -6.928854197629026324e-01 -6.641951601661945370e-02 1.276368691815874756e+00 -1.780297935213816241e-01
1.199591240990014240e+00 1.293947793177028516e-01 -2.466881062309946894e-03 -6.083679109371946669e-01 -2.851662559940332242e-01 1.050048427968065523e+00 1.823905409416624324e-01
1.109350906334718001e+00 -3.133726377526750012e-02 1.149919301854810394e-01 -5.775990089233272728e-01 -4.373222421101671253e-01 8.227604628914424456e-01 5.254149546443996899e-01
9.603530192458629156e-01 -2.629362746083115376e-01 2.141960217364857477e-01 -5.623549124234777929e-01 -5.042955148081772476e-01 6.512606012823830559e-01 8.037062991939655232e-01
7.790998635326974453e-01 -4.911622320326303748e-01 2.914593466830960322e-01 -5.887085838756149769e-01 -4.949274036610634697e-01 5.388732888667966403e-01 9.825736022953237558e-01
6.092621796374340093e-01 -6.764466854447866995e-01 3.890849627703142355e-01 -7.206474374641931302e-01 -3.977158315569376268e-01 4.632598811825155427e-01 1.047169322501662503e+00
4.618590527292776304e-01 -8.394832619429538623e-01 5.577514085262936794e-01 -9.895416870587286917e-01 -1.734921427855876663e-01 4.345584535780764313e-01 1.017000743758933012e+00
3.134038212225627729e-01 -1.021312197506704544e+00 7.971969211496229279e-01 -1.341159717208096236e+00 1.915391614936909348e-01 4.890195173511574511e-01 9.404643746113010572e-01
1.318525728477027703e-01 -1.245241935426417923e+00 1.053336948154776964e+00 -1.641711380188610514e+00 6.589507022898929423e-01 6.494437032279415378e-01 8.688087631062053617e-01
-1.160341624412229988e-01 -1.486873270412330195e+00 1.246193146230834214e+00 -1.741825522032956597e+00 1.144408305329100983e+00 9.149147600415484805e-01 8.265086428508917615e-01
-4.330949992837838658e-01 -1.638717153464247511e+00 1.278149381063880874e+00 -1.561743954382119659e+00 1.510719583000954547e+00 1.229955630637522557e+00 7.871480993161494855e-01
-7.476217454943270280e-01 -1.534172581785325562e+00 1.048705793113244633e+00 -1.129468769936274875e+00 1.589909106871352451e+00 1.444951921475277068e+00 6.812863645506495036e-01
-9.588189697585736138e-01 -1.069606000754860675e+00 5.209076179025500242e-01 -5.511001209771017040e-01 1.280630685612212716e+00 1.394732105086774476e+00 4.604268574979950568e-01
-1.033935428828851144e+00 -3.131332471193363776e-01 -2.058068629044857434e-01 4.409281697311951548e-02 6.383294103386379925e-01 1.049326832944987409e+00 1.561580582610917201e-01
-1.032145736452857010e+00 5.269807540043162097e-01 -9.282780372499201960e-01 5.721701965380817656e-01 -1.489602834700670397e-01 5.531975295557126637e-01 -1.424346072102625482e-01
-1.045649651387309920e+00 1.225980309792239487e+00 -1.443167420895605124e+00 1.019534747327722979e+00 -8.660044326296176820e-01 1.198024407580909195e-01 -3.590074397271763029e-01
-1.114868494795173026e+00 1.660588443443017592e+00 -1.634129823551994543e+00 1.380973204988432457e+00 -1.376897098512713580e+00 -1.196072257686614931e-01 -4.839992066916151692e-01
-1.183597159081542172e+00 1.871481832774278597e+00 -1.541962138356870904e+00 1.621715770316349614e+00 -1.689534903272502886e+00 -2.089725186147425584e-01 -5.825481346440624097e-01
-1.154169885036898435e+00 1.992287297977481053e+00 -1.322919509724552301e+00 1.708862770944532761e+00 -1.902604912977138296e+00 -3.087973260457050340e-01 -7.300137081479702861e-01
-1.000011001076865913e+00 2.090992761869364447e+00 -1.087493692741042794e+00 1.632752823540231990e+00 -2.059727275103370836e+00 -5.059880824298115254e-01 -9.314699109219776174e-01
-7.977188617896738831e-01 2.119769046008428415e+00 -8.381650050406513897e-01 1.410057983950873561e+00 -2.094640458185864418e+00 -7.111825926418943178e-01 -1.128012539838537442e+00
-6.236076835265915719e-01 2.013632980210095624e+00 -5.450502677171119581e-01 1.069600648762252693e+00 -1.928240336357829987e+00 -7.896728979702722917e-01 -1.273290760142979261e+00
-4.610316708415112541e-01 1.769063162384810761e+00 -2.022951579883278950e-01 6.312984745465685110e-01 -1.559830330366709150e+00 -7.208157639877466050e-01 -1.368441455289930886e+00
-2.583363173537443491e-01 1.407511938815840580e+00 1.772753292922857604e-01 1.360706319294758548e-01 -1.042724991132975010e+00 -5.560539687009378174e-01 -1.417392116923331002e+00
-2.511724916941129176e-02 9.268467996704258249e-01 5.796584892827447710e-01 -3.269727999179069533e-01 -4.251191686138282022e-01 -3.048507303547007274e-01 -1.391766356412764249e+00
1.874904756113855153e-01 3.431113706985418066e-01 9.753821546407085430e-01 -6.678605937906988421e-01 2.402430181750745963e-01 4.298959157197725783e-02 -1.273492856381841953e+00
3.686663555067528075e-01 -2.433107046723261280e-01 1.289001320963122588e+00 -8.556394832183730204e-01 8.532300206268903509e-01 4.089884136641829815e-01 -1.111096677287656487e+00
5.570195682427154793e-01 -6.814325255237421164e-01 1.423969878245143983e+00 -9.106572215353391231e-01 1.291723158595785126e+00 6.171033630346058896e-01 -9.940774668476083376e-01
7.658280537335840910e-01 -8.752759585169780365e-01 1.327820626630660694e+00 -8.427314784412291981e-01 1.489028648033439817e+00 5.357172001269026040e-01 -9.681444883252285916e-01
9.462221924354092817e-01 -8.352440234696446586e-01 1.025546183871129058e+00 -6.361234009258910360e-01 1.464612288846866006e+00 1.968983504492081427e-01 -9.971145318264885704e-01
1.051609876295793056e+00 -6.468182202930448099e-01 6.121525409161094888e-01 -3.146436514523605066e-01 1.291817401029433210e+00 -2.632454179949538786e-01 -1.005910892391553402e+00
1.095200650973896073e+00 -4.119023411808186985e-01 2.066124175295067644e-01 3.155102190983384569e-02 1.053428634276983411e+00 -7.310526440764129052e-01 -9.416195983179673767e-01
1.106586437331135153e+00 -2.123134530067803394e-01 -1.042004524621061440e-01 3.040767769071319737e-01 8.215718511441397753e-01 -1.132337121577870365e+00 -7.880702084999844370e-01
1.087639091062538865e+00 -9.734412897839574141e-02 -2.754296125049210398e-01 4.272281996093782452e-01 6.504003127800337403e-01 -1.402013435799987606e+00 -5.530180832403294167e-01
1.050001936052150864e+00 -8.919844953169844826e-02 -2.748088760150723120e-01 3.316589506886673533e-01 5.716367639509269960e-01 -1.515973522361787618e+00 -2.635215277540581269e-01
1.027704095731112099e+00 -2.112155985684671111e-01 -5.960714923817175825e-02 -1.627616247528596710e-02 6.120649772537426481e-01 -1.500392745326414090e+00 5.103184191651407436e-02
1.016398991560472753e+00 -4.877588771750914209e-01 3.952904278339631206e-01 -5.588340753830118857e-01 8.006216778675204759e-01 -1.360790692854997985e+00 3.758780056679261183e-01
9.439278445010926832e-01 -9.059050591688196929e-01 1.043697500127797939e+00 -1.156676009491176993e+00 1.141774176622213588e+00 -1.046730453992630760e+00 6.998184873430696173e-01
7.344120908933793324e-01 -1.394070663332311666e+00 1.760585221011814028e+00 -1.658561178629952337e+00 1.590719566915263616e+00 -5.354565047393908817e-01 9.877970289110415969e-01
3.943524982510881460e-01 -1.820990128151531717e+00 2.368414802481165982e+00 -1.953568941211091925e+00 2.042685046006476934e+00 6.194902383671117840e-02 1.161432033678577502e+00
7.921491501643234887e-03 -2.047144379854945573e+00 2.696670179616539542e+00 -1.971831844893467078e+00 2.366652445473122146e+00 5.296721888517803567e-01 1.142516382533752983e+00
-3.450244796342123443e-01 -2.023975831333870712e+00 2.669076369376551572e+00 -1.667498586324030363e+00 2.485037813980436994e+00 7.023274213845848157e-01 9.365081176734255664e-01
-6.312919917664890912e-01 -1.808061737775852551e+00 2.320513890760753206e+00 -1.043589469953495774e+00 2.401378367024415095e+00 5.721294572359749697e-01 6.319078495649561589e-01
-8.401366213509547931e-01 -1.468587716523611642e+00 1.735743798351249367e+00 -2.073034725151761681e-01 2.145888981458087486e+00 2.501615270294902937e-01 3.184985458556188753e-01
-9.580574687125978928e-01 -1.034119320552120858e+00 1.008896667030595884e+00 6.513490604130475203e-01 1.733589474259544128e+00 -1.393879333744956206e-01 5.005617140426051048e-02
-9.661515442948928056e-01 -5.364209545573201954e-01 2.540242426154897259e-01 1.352352963262754004e+00 1.186008201564106468e+00 -5.255571895090109802e-01 -1.280767990415416502e-01
-8.504843090490644686e-01 -4.052439294775149470e-02 -4.000710067598717279e-01 1.772411167566676715e+00 5.571725648143643905e-01 -8.874729184410884431e-01 -1.737926933422404285e-01
-6.148805919217479321e-01 3.842477325676803557e-01 -8.504251961696569495e-01 1.840215481990691515e+00 -6.891033719075952135e-02 -1.214940482385221010e+00 -8.276125343421940339e-02
-2.821188557398479624e-01 6.660121888556891356e-01 -1.025760398932154427e+00 1.540525653877722778e+00 -5.757901990197102915e-01 -1.488921557293123366e+00 1.039030506875901066e-01
7.874616140026094446e-02 7.157779295774281403e-01 -8.771187626104625101e-01 9.497535602677339428e-01 -8.278379647197787738e-01 -1.652920718322636429e+00 3.409961748274501492e-01
3.213402609107331998e-01 4.697972367631805257e-01 -4.151042722179233979e-01 2.569700250984162659e-01 -7.322441446785525887e-01 -1.570789497824587988e+00 6.171340991455693814e-01
3.075437128515581264e-01 -6.042445043424106432e-02 2.727710828795725240e-01 -3.198622807341232055e-01 -2.933272757697117927e-01 -1.105946610429530796e+00 9.377931516644580912e-01
4.666692232908134508e-02 -7.805124821264910473e-01 1.051058598660343568e+00 -6.587905664074326095e-01 3.829315514246290353e-01 -2.882749003627999573e-01 1.268382979410899836e+00
-3.132889428310220437e-01 -1.536183369199387139e+00 1.758994617746790334e+00 -7.402557505347585609e-01 1.126082892695935866e+00 6.705777781191465392e-01 1.516619507808486533e+00
-6.205311023380901680e-01 -2.169724735314020325e+00 2.250785472889597294e+00 -5.789839652768548062e-01 1.771765155120325286e+00 1.528677725669843168e+00 1.589932499592658033e+00
-8.002806588210941152e-01 -2.569526741505656631e+00 2.450732786091327942e+00 -2.190827609991402303e-01 2.210535604886370020e+00 2.116781985069150274e+00 1.458151378955996780e+00
-8.321591864427161367e-01 -2.661004757572106527e+00 2.346678863271667304e+00 2.421747404861231689e-01 2.367891478919483372e+00 2.318390580454364525e+00 1.154926898178269878e+00
-7.028485677109206353e-01 -2.376059105335720734e+00 1.928495795140710678e+00 6.874834259795269409e-01 2.164759753142524445e+00 2.035305865271148651e+00 7.351414619111474869e-01
-4.135922846709084721e-01 -1.701702921989755923e+00 1.199398233510442502e+00 1.037705712589439333e+00 1.565790094726911441e+00 1.243268413781023263e+00 2.604286103766211280e-01
-2.900619731912530003e-02 -7.709301998586335358e-01 2.584342783077346328e-01 1.268084904201034702e+00 6.790208075182774250e-01 9.000803617753577734e-02 -1.765075477163478290e-01
3.337300025864321507e-01 1.868557300112538844e-01 -7.171171237161941825e-01 1.378074304759559165e+00 -2.760136450687374898e-01 -1.133435350417010046e+00 -4.753125281125888946e-01
5.914253465187152559e-01 9.897960393132775314e-01 -1.560571346597271480e+00 1.355465214670518392e+00 -1.100976197047949912e+00 -2.159705358621250237e+00 -5.947779947286200297e-01
7.394678502176479373e-01 1.534920266248762433e+00 -2.132083723856556645e+00 1.180430944407559801e+00 -1.670316929178137011e+00 -2.858357541594523710e+00 -5.539961970444000627e-01
7.938547015549058949e-01 1.754176190001498270e+00 -2.330256241276723372e+00 8.823268710246040536e-01 -1.913184071099309547e+00 -3.186128050918903387e+00 -3.815365514628767385e-01
7.345764663380494053e-01 1.633320792253522447e+00 -2.153470807636030937e+00 5.748099074376546991e-01 -1.816396338978971237e+00 -3.098648182545171714e+00 -1.168797983941615021e-01
5.585511246490455495e-01 1.260393677888241415e+00 -1.708379751559817139e+00 3.844593577536635776e-01 -1.442539521943627889e+00 -2.598486544672464316e+00 1.442643476260864199e-01
3.585137642816744186e-01 8.083952631640316522e-01 -1.154867069316536154e+00 3.494002971796086876e-01 -9.241725044309431203e-01 -1.844760559971960756e+00 2.557805032874385098e-01
2.718183673595448990e-01 4.413682242219351126e-01 -6.452240646359248544e-01 4.234434501042045884e-01 -4.104007948893433344e-01 -1.103032279399531745e+00 1.079822953282568304e-01
3.531698420433512231e-01 2.252288254115549504e-01 -2.688327571684689943e-01 5.555474314838314553e-01 6.454261090511025090e-03 -5.648747328241610077e-01 -2.912475177974352403e-01
5.509807158074073730e-01 1.310884333940085522e-01 -4.274015419471110383e-02 7.232564707320342512e-01 3.076820869334148112e-01 -2.704071683013690164e-01 -8.305267000882443629e-01
7.999205888276788023e-01 1.121005359952480934e-01 4.869547783043612355e-02 8.893959660649507493e-01 4.942935975867951415e-01 -1.959448059505617401e-01 -1.372626281776077706e+00
1.077381918030078989e+00 1.413265519653995883e-01 3.556861418755706550e-02 9.760242825402229983e-01 5.536741336216965959e-01 -3.231752385008256900e-01 -1.798908696162552667e+00
1.351384641309420376e+00 1.771908923609129272e-01 -3.168600553604830616e-02 9.228984989147823725e-01 4.926898107440103591e-01 -5.756571511238034455e-01 -2.001461340039143888e+00
1.539506391153174336e+00 1.591962305629112395e-01 -9.948362549090009055e-02 7.375119811476561482e-01 3.550211179910421899e-01 -7.881628696784912513e-01 -1.897722477127863572e+00
1.566975911364326235e+00 6.956539675231054876e-02 -1.373912184866573905e-01 4.558795264712617867e-01 1.824781950761144300e-01 -8.266835880898860678e-01 -1.486285368019747644e+00
1.429034564421672204e+00 -3.214554846950877509e-02 -1.497854176565417972e-01 9.657176311865055263e-02 -1.793249769757035775e-02 -6.952811263884088877e-01 -8.634325266084726946e-01
1.163152107612980490e+00 -5.275848773160742716e-02 -1.708031397217554537e-01 -3.155457615437736729e-01 -2.637413965812540617e-01 -4.860901294342678258e-01 -1.610437963958316343e-01
7.861117518678787386e-01 5.433875033953403794e-02 -2.257748327902447394e-01 -7.256685506801698882e-01 -5.547292414681725958e-01 -2.612895453117508038e-01 5.290129875172638885e-01
3.027188725177922812e-01 2.411452650009131282e-01 -2.785911798131232020e-01 -1.091574429872144147e+00 -8.353095947527015008e-01 -3.105708567108504334e-02 1.169048639777097387e+00
-2.234529214399406938e-01 4.062880279079106871e-01 -2.435770859883686357e-01 -1.428100907954571896e+00 -1.018237154077275664e+00 1.636701251196537032e-01 1.729362333848836863e+00
-6.484317582702049387e-01 4.932978941887555258e-01 -7.713255633816470946e-02 -1.785277245786122347e+00 -1.058457865319972768e+00 2.052442712026885385e-01 2.145733907289888887e+00
-8.389861273790880647e-01 5.188559617684430636e-01 1.681569283870681941e-01 -2.188264190131138598e+00 -9.758450447068772737e-01 -9.841088755849288980e-03 2.348168445596388931e+00
-7.891864174398462994e-01 5.105691391132881618e-01 3.929263846530152704e-01 -2.598146234657916498e+00 -8.017101605529011188e-01 -4.289691430088621860e-01 2.324277441582326187e+00
-6.090373130528675683e-01 4.729953804572733511e-01 5.207246692619432737e-01 -2.928429588580967469e+00 -5.456313889158898034e-01 -8.518686648933959660e-01 2.113745587131350856e+00
-4.020521037106080109e-01 4.143100094912864351e-01 5.248508706593077999e-01 -3.113707661725352516e+00 -2.256286721827724107e-01 -1.102475524182994882e+00 1.758470068281409393e+00
-2.123584510868846420e-01 3.519842718956617822e-01 4.225578799066371238e-01 -3.145846161616516312e+00 1.077969148289729534e-01 -1.126126900417789400e+00 1.307177704814954877e+00
-8.141467925017065177e-02 2.791096108619592897e-01 2.602190079486557117e-01 -3.028325038523250079e+00 4.008636064777216235e-01 -9.213504163508321465e-01 8.496620945794080004e-01
-6.042440803166334445e-02 1.551170887050274116e-01 1.073428780746302630e-01 -2.750071956872934820e+00 6.351556827647223402e-01 -4.956094002846717639e-01 4.932037805484444926e-01
-1.456408802352004150e-01 -4.382719114665666049e-02 2.169303102489097620e-02 -2.316480778377263405e+00 8.124336629707900048e-01 7.785939096013319571e-02 2.943176978209363082e-01
-2.613336902038966292e-01 -2.740654499561785418e-01 -2.915142558178073114e-03 -1.766978290099570525e+00 9.112891089696983915e-01 6.412050045142014820e-01 2.275557516288100324e-01
-3.219064766015895529e-01 -4.685298258200130683e-01 2.613519544205541653e-03 -1.172002967984403510e+00 9.104566223185408536e-01 1.034994510504827714e+00 2.270374093522501413e-01
-2.921564752381974328e-01 -6.108690114025533413e-01 5.748115453279675074e-02 -6.049032005168459847e-01 8.390957180009352978e-01 1.184424672464998940e+00 2.423907008584777756e-01
-1.799371280056849820e-01 -6.969301608428279948e-01 1.853274480898655374e-01 -1.010176382512881915e-01 7.312107244401658823e-01 1.088600359338514290e+00 2.294771156402671819e-01
6.459180252480516658e-03 -6.538680905196854187e-01 3.171821306063479229e-01 3.361923544662189789e-01 5.460101372796830610e-01 7.569277457909237006e-01 1.164847619593313011e-01
2.511531324469566950e-01 -3.901299452196656525e-01 3.266454336006853754e-01 7.091425031475790952e-01 2.118696471636009604e-01 2.143474236277469192e-01 -1.585987761307791899e-01
4.915915749901536569e-01 6.916969104664988377e-02 1.703620120838170993e-01 1.023865594922021449e+00 -2.405343410093506162e-01 -4.275055249124301571e-01 -5.827134310275077222e-01
6.373074242611285189e-01 5.819209436536658675e-01 -8.284905082632453011e-02 1.286667598681524138e+00 -6.655692997684913292e-01 -9.755075292917081420e-01 -1.083527795930589122e+00
6.309429184657305845e-01 1.024356839021768772e+00 -3.532423691981945169e-01 1.495368806128330341e+00 -9.389478132993716031e-01 -1.276016511145528387e+00 -1.584825607379990231e+00
4.630442709264334100e-01 1.333348234756492001e+00 -5.793076880749579161e-01 1.644413704156515665e+00 -1.027388841249966100e+00 -1.293998969888431105e+00 -2.001864373275236364e+00
1.317933008978993958e-01 1.443622087501713835e+00 -6.747510999160936107e-01 1.739386081702279485e+00 -9.329678133793088968e-01 -1.049795778659414758e+00 -2.221584901630143438e+00
-3.693075086080874203e-01 1.297982200062887781e+00 -5.593495677082138684e-01 1.788249992948583778e+00 -6.647235734423090348e-01 -5.494260168115654430e-01 -2.152337968362912690e+00
-9.989383112113928709e-01 9.181967007723070839e-01 -2.222625256809511729e-01 1.767736203696480768e+00 -2.706117586119717311e-01 1.667751162144212040e-01 -1.795117192673131745e+00
-1.644218966584218622e+00 3.938268762465816364e-01 2.883400549051450823e-01 1.622877091104888647e+00 1.733795653613449117e-01 9.769779685538961811e-01 -1.238591592606930192e+00
-2.183086009650722303e+00 -1.904131662286812354e-01 9.034146400027057711e-01 1.320294464122938827e+00 6.131009516561010120e-01 1.739490736355639333e+00 -5.945895575135493605e-01
-2.549118909858731907e+00 -7.714052171894764109e-01 1.523316423738151348e+00 9.039256227050926906e-01 1.017743917313539415e+00 2.365303083687765984e+00 4.089922965032272151e-02
-2.725417917921400424e+00 -1.276255069721640378e+00 2.006632213520031183e+00 4.930154707781120860e-01 1.344051228537919584e+00 2.804840864064570116e+00 5.854472682314766363e-01
-2.698905177826353086e+00 -1.615432225854440240e+00 2.218226039957782891e+00 2.185105696423343680e-01 1.527985781214475036e+00 2.996792982961637541e+00 9.634340215554618725e-01
-2.453965256252660154e+00 -1.718928175206844156e+00 2.101070312319728739e+00 1.606209132875517920e-01 1.520820989454246375e+00 2.885545271384487798e+00 1.118929463004328939e+00
-2.008756900675432888e+00 -1.566711124020577106e+00 1.697129403670766923e+00 3.222486300355156819e-01 1.323071592814934361e+00 2.487914275771571759e+00 1.032658184331464390e+00
-1.410975982817585850e+00 -1.172711921768983201e+00 1.102017712208328559e+00 6.273848852075232241e-01 9.670925360293575190e-01 1.878887724086706790e+00 7.149096876475332651e-01
-6.986038951231932081e-01 -5.806559205485009034e-01 4.197958739877216683e-01 9.544849465811751088e-01 4.898810719074803699e-01 1.120327484144530983e+00 2.021695722385709326e-01
7.461717891896298138e-02 1.020099611036393711e-01 -2.441751790893493257e-01 1.202495732700297415e+00 -5.273778162455468321e-02 2.954464285824788261e-01 -4.149680306083790016e-01
7.844058360440301358e-01 6.970789608784265790e-01 -7.749429904926952162e-01 1.333141292019837554e+00 -5.510561810785973291e-01 -3.963693235897463585e-01 -9.811835887175449633e-01
1.286614746232825235e+00 1.022951522893093212e+00 -1.062168571185083898e+00 1.344201463870226210e+00 -8.563026352617781889e-01 -7.145381900300347144e-01 -1.339183573944761729e+00
1.526795415589324634e+00 1.023492276645456833e+00 -1.077071949218669999e+00 1.223578831352433172e+00 -8.943420698926718426e-01 -5.962392530335081098e-01 -1.426286641421227852e+00
1.548710445944187608e+00 8.037863297244760563e-01 -9.175137317932288150e-01 9.604629333735034136e-01 -7.350737793543240528e-01 -2.047323046431328841e-01 -1.287095863794878614e+00
1.407703376280181828e+00 4.788936253289590717e-01 -7.000303110000615225e-01 5.869401160782724558e-01 -4.803310399737367176e-01 2.799701169503017173e-01 -9.820653124639096010e-01
1.123715353424200369e+00 4.864324048508870957e-02 -4.389203373931699348e-01 1.731413165362824524e-01 -1.468898090665998468e-01 8.174003273108064738e-01 -5.213704232980783670e-01
7.207855782707194292e-01 -5.264322056316597109e-01 -8.676447618839339126e-02 -2.214070615752749271e-01 2.806772375614811632e-01 1.416518949037687269e+00 9.313690655090806070e-02
2.592872781779577140e-01 -1.188148112947887691e+00 3.460690502346914221e-01 -5.618965702526231842e-01 7.451459493483181262e-01 2.009269873215049795e+00 7.966623169960795892e-01
-2.062867883371816702e-01 -1.787143616924443901e+00 7.665970399625617882e-01 -8.014181519767807904e-01 1.128713614819620181e+00 2.490512660660255229e+00 1.476645352881161610e+00
-6.589559635439450336e-01 -2.198274054881044215e+00 1.081096695754958148e+00 -8.828385905686625401e-01 1.342870582002152036e+00 2.808187968059143280e+00 2.042624831847347888e+00
-1.076171244948508798e+00 -2.361180323438808237e+00 1.241801787437218474e+00 -7.945448953666560676e-01 1.352689926591984948e+00 2.950247533212997375e+00 2.438946746938642107e+00
-1.393103918668462615e+00 -2.245037892839259364e+00 1.218869832916106954e+00 -5.842538464350299776e-01 1.144814292126203892e+00 2.886028827184358381e+00 2.618234404372288715e+00
-1.540016242417757919e+00 -1.859386677201849469e+00 1.000310683349115326e+00 -3.111919539118309652e-01 7.354046998572509874e-01 2.573394310995840151e+00 2.558136077693232924e+00
-1.508281150628179468e+00 -1.286938060350650836e+00 6.244308572879808672e-01 -7.781536889524327816e-03 1.942533177158858870e-01 2.030376347909698787e+00 2.300621871775120120e+00
-1.352850686337692787e+00 -6.481328979268697887e-01 1.602533237326143334e-01 3.104855028929602856e-01 -3.875129667829089186e-01 1.357011877550633683e+00 1.936745998886842957e+00
-1.129268778656665084e+00 -2.522382893581948116e-02 -3.489816260415552485e-01 6.219594107388237703e-01 -9.573532754406843814e-01 6.602869858449454954e-01 1.542003484853562867e+00
-8.674596019342534214e-01 5.510272148848778251e-01 -8.892560499370836258e-01 9.070485228949630718e-01 -1.500383793804098698e+00 8.055181558006224360e-03 1.149837326013004146e+00
-5.980672266541254833e-01 1.054562475299914537e+00 -1.429312428077441410e+00 1.160746067640159529e+00 -1.991659393609653605e+00 -5.386774884501764893e-01 7.813317088634672558e-01
-3.484353147732572320e-01 1.457562938305592581e+00 -1.914715796208759535e+00 1.373625936077106813e+00 -2.395727260884632948e+00 -9.266997371019102259e-01 4.582671286617861495e-01
-1.167799864423739870e-01 1.754197582441851644e+00 -2.301215868178369206e+00 1.524635115453306877e+00 -2.694893501055360296e+00 -1.155894307371938989e+00 1.900496161256061134e-01
1.033247934600632634e-01 1.945229020267506437e+00 -2.562314061658815145e+00 1.619191519730866613e+00 -2.879326991198398300e+00 -1.263933380981581811e+00 -1.869995519523043673e-02
2.866113623091096074e-01 2.032545335336737757e+00 -2.691477467600306817e+00 1.707636022825147259e+00 -2.946207475923829922e+00 -1.275653928656262925e+00 -1.587199469785329775e-01
4.105409061528898507e-01 2.056170233419414739e+00 -2.719382322693951970e+00 1.831089927204553325e+00 -2.935017772307136230e+00 -1.226212558971918831e+00 -2.377648766273351699e-01
4.978907917590154053e-01 2.086326934570039704e+00 -2.696402488876281200e+00 1.969487858657122503e+00 -2.913064979806766708e+00 -1.192411954681769970e+00 -2.933252713712066195e-01
5.761027093773314345e-01 2.163730481862915056e+00 -2.650315944967134740e+00 2.065580524620550751e+00 -2.908628316927933444e+00 -1.226879592963163290e+00 -3.675651275648882943e-01
6.363088166766027731e-01 2.284110028908284740e+00 -2.581992561306427181e+00 2.071342184808684816e+00 -2.897049152868156785e+00 -1.306720886950644145e+00 -4.872641141947966492e-01
6.676840024873356150e-01 2.416797324050169671e+00 -2.485329157977691494e+00 1.961908818019976186e+00 -2.839048246049853841e+00 -1.387334068072121562e+00 -6.643707103637116473e-01
6.765608062325794148e-01 2.505190122682008802e+00 -2.349483491617202269e+00 1.743940786183295399e+00 -2.699864509751561670e+00 -1.439425841357036440e+00 -8.892424723910353768e-01
6.604125622581556998e-01 2.493980833577827738e+00 -2.163089375016409299e+00 1.457842526084188961e+00 -2.464081611625990931e+00 -1.425734212066674278e+00 -1.131781776534461992e+00
6.165858119088492018e-01 2.381692243791308616e+00 -1.933744508352125857e+00 1.143794231620141044e+00 -2.160493739326815543e+00 -1.313448403530178776e+00 -1.365646593163658107e+00
5.527758544441131461e-01 2.211861712727815732e+00 -1.691921675704818773e+00 8.311292960013308972e-01 -1.845133833870669982e+00 -1.083073167443547202e+00 -1.572897746121654672e+00
4.603378161572067029e-01 2.014233257792160448e+00 -1.467016324711194919e+00 5.649240819800347424e-01 -1.552246480640876447e+00 -6.911685082700126381e-01 -1.724029941589561687e+00
3.449585847058745935e-01 1.786045291521640710e+00 -1.256279984144950568e+00 3.657180367271336552e-01 -1.284226144979887296e+00 -1.202081694012434032e-01 -1.791252413017418110e+00
2.743898589860979675e-01 1.519120091053469013e+00 -1.027647470030299326e+00 1.812297394530940076e-01 -1.034168043906342538e+00 5.235182668301640030e-01 -1.780980051964502708e+00
3.025833260218607212e-01 1.218330445953816010e+00 -7.629998846433662107e-01 -4.499043393787655054e-02 -7.916125408070351366e-01 1.077133149079230856e+00 -1.716639315907945162e+00
3.831995987116399993e-01 9.102879583572900390e-01 -4.903458125592193850e-01 -2.964831446116450997e-01 -5.539863194182633732e-01 1.457056572190612131e+00 -1.602321781455576133e+00
4.327539066310162053e-01 6.483528291577355107e-01 -2.680966216906726096e-01 -5.160366774916854693e-01 -3.559009672081842046e-01 1.638518321850462423e+00 -1.430480102718319158e+00
4.159304724009172949e-01 4.763628380776680493e-01 -1.341895895842815101e-01 -6.620840462288581918e-01 -2.478512091668291506e-01 1.598533680195100892e+00 -1.197339283941030619e+00
3.211887165425602597e-01 3.856701936293737143e-01 -7.709263315494824242e-02 -7.108795642062887277e-01 -2.350979213749806174e-01 1.376366531436682417e+00 -8.952465264714964954e-01
1.463166018819418435e-01 3.407614341974466443e-01 -6.049628935608070135e-02 -6.571745741277977837e-01 -2.802185175527804883e-01 1.084976897376831007e+00 -5.281960531806564330e-01
-4.233929781438753454e-02 3.177709631942986501e-01 -4.674661030474243362e-02 -5.395077629998492608e-01 -3.483079664786234431e-01 7.909951655455486064e-01 -1.421888552101293335e-01
-1.237390299304614166e-01 2.820450900611310985e-01 1.283917247513770461e-02 -4.357686747462176102e-01 -3.995462002875273533e-01 4.764466183685418521e-01 1.958670079757110216e-01
-3.389971297080791174e-02 1.778613949699620056e-01 1.624778501511239259e-01 -4.219524353013520135e-01 -3.713492957326500199e-01 1.433281871245920547e-01 4.439426901236516176e-01
1.922377951427907683e-01 -2.014282118453203721e-02 3.968624448563020657e-01 -5.398423855546279349e-01 -2.168978672259089246e-01 -1.436668789570752780e-01 5.839143986728295710e-01
4.838744447355580736e-01 -2.792650017595192380e-01 6.625771353006536524e-01 -7.776509730208687188e-01 5.997251262719809073e-02 -3.342441535261581054e-01 6.009292284230899339e-01
7.734998042609773083e-01 -5.528207078548448283e-01 9.077236278897583555e-01 -1.057468316826377208e+00 4.277708615866413489e-01 -4.293066185309910576e-01 5.002813226516484857e-01
9.877790722666166534e-01 -8.204872104335000360e-01 1.109440759274142430e+00 -1.272576705382423734e+00 8.533089183006303813e-01 -4.380133306247522840e-01 3.300589697132818578e-01
1.074331903567289137e+00 -1.060632155259382481e+00 1.257073709670408546e+00 -1.366503339847090492e+00 1.276046285423076299e+00 -3.814334138883327396e-01 1.572990065321981379e-01
1.039494358712321098e+00 -1.221381110820308979e+00 1.329832024951304481e+00 -1.349514790833819422e+00 1.592260660318095544e+00 -3.312018377395111735e-01 2.913424601264969632e-02
9.130287124615026340e-01 -1.259403028637653632e+00 1.302320464518934351e+00 -1.237150833339381251e+00 1.717547778224764565e+00 -3.455634935884737691e-01 -3.739426457275502047e-02
7.028060903316092345e-01 -1.180985920816272072e+00 1.169967129448187926e+00 -1.030833852518617810e+00 1.653531061922905332e+00 -3.756373655420915392e-01 -5.433988857060328276e-02
4.324788185180494238e-01 -1.024816969058989891e+00 9.618418290600236897e-01 -7.668940087741785705e-01 1.467445348729480958e+00 -3.270875087536905812e-01 -6.092800695174332287e-02
1.795573190323206114e-01 -8.341264938181076616e-01 7.321385547227917678e-01 -5.198629459453040225e-01 1.234207208621351803e+00 -1.872043642064535884e-01 -1.040927796950169293e-01
2.300740481337116769e-02 -6.605107124583722289e-01 5.532696120608148194e-01 -3.413814897519503178e-01 1.024404656619325893e+00 -1.003405753635855380e-02 -2.094450137461245920e-01
-2.295215797630400373e-02 -5.684055171346034108e-01 5.094982805285410699e-01 -2.444686396135327677e-01 9.157801723257420479e-01 1.847192141312022085e-01 -3.640933758039139323e-01
-4.029382292291409581e-03 -5.940982012847210170e-01 6.542266196098098785e-01 -2.411002935343994624e-01 9.607825247796415447e-01 4.273883757996538302e-01 -5.307777130362972828e-01
3.205256263535647548e-02 -6.930710624652355323e-01 9.509774921829526884e-01 -3.503889566157439850e-01 1.134622435686203801e+00 7.279665163884295742e-01 -6.916675723334849701e-01
7.658479570924348057e-02 -7.656816981565626179e-01 1.282505964449269120e+00 -5.739532824498040364e-01 1.348179235701572498e+00 1.036120390963958471e+00 -8.635788329039512101e-01
1.471865097666107125e-01 -7.280757533471530207e-01 1.524973797785125873e+00 -8.857984422261305779e-01 1.507873989242914048e+00 1.270923542247746285e+00 -1.073008203898436319e+00
2.547875218178738965e-01 -5.383451176324739462e-01 1.607058783819586001e+00 -1.243122689137061698e+00 1.553901106881655281e+00 1.367016873854628667e+00 -1.343874820303225581e+00
3.688247003685748981e-01 -2.031311256785742481e-01 1.516897939486502311e+00 -1.572281806979827889e+00 1.476665462492313230e+00 1.319883633719608262e+00 -1.681690576416077221e+00
4.162424277999681177e-01 2.229432957703601503e-01 1.270010058835540967e+00 -1.746595245112129602e+00 1.303203851731325136e+00 1.194740207262565912e+00 -2.049039938154765483e+00
3.496646229784654003e-01 6.743622808394789114e-01 8.856722883982309780e-01 -1.645412492300959650e+00 1.052832470161650047e+00 1.056065551669490787e+00 -2.382452017681262912e+00
2.016143953000104627e-01 1.107844122121570463e+00 3.920910358334567247e-01 -1.251519453989992536e+00 7.203212913224015246e-01 9.004078633975760582e-01 -2.632005460124430929e+00
4.364428593401483564e-02 1.483055114672280128e+00 -1.601438008956073966e-01 -6.501035306565912109e-01 3.161929010412400376e-01 6.903010140375954728e-01 -2.765298220418740627e+00
-8.176134408790711183e-02 1.738512847964811536e+00 -6.947155760594948548e-01 4.165355276655740430e-02 -9.815227483049478174e-02 4.355775919542830832e-01 -2.750782259041472777e+00
-1.415440235228020149e-01 1.830488754285131137e+00 -1.129384388192810285e+00 6.881447033296903548e-01 -4.526984843618558352e-01 1.702696821305007269e-01 -2.575390367610946640e+00
-6.946267705413874949e-02 1.757317543009018213e+00 -1.396041360026975209e+00 1.140156057341428220e+00 -7.132183321724401281e-01 -1.263017880206641630e-01 -2.258279939159452354e+00
1.767606769440870917e-01 1.510225747972686605e+00 -1.444891200845101809e+00 1.314002750855040258e+00 -8.478279904119426780e-01 -4.755762542163893269e-01 -1.816678493387789306e+00
5.561457342681670468e-01 1.059610438593117099e+00 -1.251895862359563738e+00 1.224276394756334430e+00 -8.075081549287839167e-01 -8.104017889272778774e-01 -1.253034965501220954e+00
9.886651226510759782e-01 4.163728608207206139e-01 -8.328194506148959286e-01 9.076749753087469674e-01 -5.762783883411354280e-01 -1.033767882214397860e+00 -5.954024380579217013e-01
1.404521991624472221e+00 -3.262938994519513636e-01 -2.573757321542666232e-01 3.932976237103403272e-01 -2.114080056712326072e-01 -1.112948580332871362e+00 8.163026718344663923e-02
1.719626175592600781e+00 -1.027360320068823718e+00 3.597640692938278151e-01 -2.368404877802611219e-01 1.837953414593428425e-01 -1.054606369319099679e+00 6.984060149848991816e-01
1.822664497710343445e+00 -1.563049490143184395e+00 9.024589735421579828e-01 -8.452613610600511196e-01 5.182355085120455840e-01 -8.445405919435071684e-01 1.210604660516959807e+00
1.641532628699257756e+00 -1.859732602583610950e+00 1.290016520850290949e+00 -1.322803838025385703e+00 7.461378496097577084e-01 -4.800581067830007043e-01 1.586659851129704757e+00
1.200417322195918457e+00 -1.890068422050179109e+00 1.474238881979643034e+00 -1.625927273986813804e+00 8.602525845293625961e-01 -2.927339273734144015e-02 1.776961562155809471e+00
5.878729166127344419e-01 -1.661394112379083632e+00 1.422104746792433483e+00 -1.730125811450370144e+00 8.608883242770835054e-01 3.984761343745563122e-01 1.742833144530134604e+00
-9.099028081692259184e-02 -1.222809293650445994e+00 1.133784489056971267e+00 -1.608336261436387193e+00 7.428466712440501274e-01 7.159303332130702024e-01 1.501761104947919145e+00
-7.051372068193488829e-01 -6.654799392193682106e-01 6.744593685914469505e-01 -1.279310467753605129e+00 5.121267002755283126e-01 8.554089108723700319e-01 1.116459223671575351e+00
-1.099551216909132823e+00 -1.025562716766940802e-01 1.636534051068886664e-01 -8.340308523664548002e-01 2.113332560797598625e-01 7.659237614476396283e-01 6.591781197872212950e-01
-1.165250015683024110e+00 3.332552129700895871e-01 -2.540557225293939569e-01 -3.998843005474391754e-01 -6.094139025562692047e-02 4.738338630738399004e-01 2.115385782745755616e-01
-9.012318652766566629e-01 5.157789784679108758e-01 -4.475140203177999099e-01 -8.765309110453896324e-02 -1.928290851482227231e-01 8.734309303504246558e-02 -1.334812090282505304e-01
-4.118258246921004395e-01 4.056273347802066831e-01 -3.733757673134184274e-01 6.315951748201729943e-02 -1.506411243711207881e-01 -2.850076644274025517e-01 -3.073060508962834336e-01
1.363959297499453827e-01 7.966528581217435789e-02 -1.073339422450810543e-01 9.755822721704614231e-02 1.212210052766072958e-02 -5.587520408850360498e-01 -3.006892410504647950e-01
5.846170326001729478e-01 -3.373402286669809902e-01 2.245111843418088338e-01 8.185600340205591297e-02 2.331970495739690563e-01 -6.503219716239759807e-01 -1.588474396104318787e-01
8.619920362095262467e-01 -7.346874085347789851e-01 5.114712317829727128e-01 3.671973304495659146e-02 4.734642835585571863e-01 -5.280528931446651919e-01 3.572637948280073944e-02
1.001052542737727924e+00 -1.024788163973093580e+00 6.723385222938390582e-01 -5.852639793834349402e-02 6.888668011349484699e-01 -2.779029060970932830e-01 1.889365629591855944e-01
1.056839367536477781e+00 -1.168044090567833093e+00 6.844154020156428819e-01 -2.156329069473254811e-01 8.410800017285132713e-01 -4.834709147576787824e-02 2.580421454279633875e-01
1.047268924741037832e+00 -1.191400558781790631e+00 5.931947349270003667e-01 -4.204335558019215435e-01 9.290872810087309475e-01 5.833554272719219252e-02 2.753288421318429435e-01
9.870353283866200034e-01 -1.139955861288363792e+00 4.530469999257211722e-01 -6.528506881947067075e-01 9.624045354898366211e-01 -4.714892146845853227e-03 2.862217703639464150e-01
9.004760419698403240e-01 -1.047635914675436153e+00 2.990203892383013207e-01 -8.719208333299964808e-01 9.397719213750393985e-01 -2.517076422646823963e-01 3.160321232498501942e-01
7.595859100321191715e-01 -9.705783307048569952e-01 1.829501773093837047e-01 -9.833919244894251399e-01 8.934460786857064685e-01 -5.898890004094545780e-01 3.977131299947334053e-01
4.898552790750065333e-01 -9.757446288726470129e-01 1.774543540126494734e-01 -8.925022338744187378e-01 8.951009251893925489e-01 -8.072927384881118940e-01 5.606804658598962821e-01
8.132445931054789467e-02 -1.072739785552729197e+00 3.295781252828776653e-01 -6.069689244142079110e-01 9.798826613182117784e-01 -7.550229161772979980e-01 7.853046457420861381e-01
-3.872838151497781101e-01 -1.200215466132555697e+00 6.118608788259193298e-01 -2.251916364377290480e-01 1.106124876449144701e+00 -4.660669702029092143e-01 1.015947379520722560e+00
-8.478380515976616794e-01 -1.276478727605778740e+00 9.154876425137260521e-01 1.641040658652971884e-01 1.193978715546756497e+00 -5.255635186636799239e-02 1.212643771816219740e+00
-1.276082548021784557e+00 -1.234827592744971447e+00 1.113389929746532836e+00 4.965402147258902166e-01 1.165410201630883158e+00 3.877119781135278109e-01 1.357206681074592414e+00
-1.648051706151931750e+00 -1.046346911798705870e+00 1.142229226826482869e+00 7.044854985761651589e-01 9.752082628281171228e-01 7.575192929745747650e-01 1.436376598871347721e+00
-1.941733365860272675e+00 -7.457105107098954688e-01 1.017728113135281109e+00 7.622093364902544632e-01 6.489043342907987455e-01 9.853685088075737619e-01 1.446746712632697829e+00
-2.150640579214266879e+00 -3.990376137488491626e-01 7.763064619968843560e-01 7.135243429911476420e-01 2.594614506374895990e-01 1.071094111837624707e+00 1.389019784698227511e+00
-2.254254535845487073e+00 -3.490611757412240973e-02 4.304903901232973729e-01 6.102816266099186926e-01 -1.470501020010052118e-01 1.044801577554531180e+00 1.248861483451180421e+00
-2.207197295725722430e+00 3.493306543349756210e-01 -2.307428958797156076e-03 4.686395236175395218e-01 -5.570598461280401592e-01 9.102681423768365088e-01 1.009377402939885204e+00
-1.984155101729852433e+00 7.174652067685096668e-01 -4.589394791986612376e-01 3.058701542944246010e-01 -9.270961614908945769e-01 6.681634814417702906e-01 6.868488360295662565e-01
-1.614941099215877918e+00 9.791405823497864036e-01 -8.460959898766519105e-01 1.719507673099506251e-01 -1.166457279846827344e+00 3.617757893677219228e-01 3.322900214138541641e-01
-1.147950078572250732e+00 1.045212049511758279e+00 -1.072316924090895629e+00 1.147737614743882389e-01 -1.182482319349184907e+00 5.003472171255065465e-02 -1.065564772900891299e-02
-5.928278060441215525e-01 8.782517486106372617e-01 -1.060439637984099459e+00 1.320685329957669574e-01 -9.296244227879625344e-01 -2.669838793652354325e-01 -3.299269562395441557e-01
5.100955255057316312e-02 5.089303618572352805e-01 -7.880231553171349601e-01 1.891419820042569422e-01 -4.402147166533489919e-01 -6.405717231708462078e-01 -6.120629680453961718e-01
7.085890760060440385e-01 2.794036539711351394e-02 -3.387988465756505696e-01 2.750314890789906652e-01 1.749832182088847388e-01 -1.066885410715341820e+00 -8.070423913667474913e-01
1.210569942231887852e+00 -4.301493478855774599e-01 1.073652128060898492e-01 4.040549378782566925e-01 7.490688254181645522e-01 -1.427001286619832499e+00 -8.462268617885504440e-01
1.365385954271676194e+00 -7.140649908623739606e-01 3.448590837129708042e-01 5.724167919452657349e-01 1.092277040053440063e+00 -1.544632750455515957e+00 -6.840162777918444847e-01
1.365385954271676194e+00 -7.140649908623739606e-01 3.448590837129708042e-01 5.724167919452657349e-01 1.092277040053440063e+00 -1.544632750455515957e+00 -6.840162777918444847e-01
-1.943246905351496134e-01 -1.817312286446890190e-01 -3.837333854631347907e-01 6.336950259069661362e-01 2.419807600447962947e-01 -1.379100563064094565e-01 5.299507292878170572e-01
-1.943246905351496134e-01 -1.817312286446890190e-01 -3.837333854631347907e-01 6.336950259069661362e-01 2.419807600447962947e-01 -1.379100563064094565e-01 5.299507292878170572e-01
-7.538390768572336142e-01 4.590951105351295108e-02 -4.442787124695368739e-01 3.128447973552280215e-01 -1.685086789796560458e-01 4.698500788184025723e-01 8.604309505989851115e-01
-1.114353073768474145e+00 7.237793159614674954e-02 -1.601357888114320893e-01 -1.129553228011035276e-01 -3.584647108098526491e-01 9.143274571997020983e-01 1.084449175663116050e+00
-1.289835780158882228e+00 -1.134040658786055200e-01 3.833199658786430875e-01 -5.413663349930206703e-01 -2.983520271457401618e-01 1.116054323584957819e+00 1.211523906391265948e+00
-1.360695618116629646e+00 -4.411043516862893088e-01 1.009649586956782752e+00 -8.686273802802567667e-01 -4.475252651346787319e-02 1.098008369598061362e+00 1.271592690610176879e+00
-1.418561757044260796e+00 -8.115230412980213304e-01 1.555883932545815140e+00 -1.026387323256066963e+00 3.127775092552207425e-01 9.743318886449462424e-01 1.297240202820243216e+00
-1.487746325186626084e+00 -1.130855203594627323e+00 1.917000313343346640e+00 -1.001342122353101383e+00 6.797901733261708657e-01 8.369702416905442366e-01 1.286321188440528784e+00
-1.530812141525711656e+00 -1.317332340003053215e+00 2.026375575012123065e+00 -8.056585223253261985e-01 9.652559849227356770e-01 7.163178602145087170e-01 1.208893478841829960e+00
-1.509496976513768907e+00 -1.318678329459439968e+00 1.853902268853072410e+00 -4.689041037602417750e-01 1.109088744524598047e+00 6.363576483529492789e-01 1.045106681427013351e+00
-1.386457975547892296e+00 -1.135763073071928808e+00 1.438683823456640143e+00 -6.535470760002759505e-02 1.104572189063238286e+00 6.076962592081887049e-01 7.945124113740572591e-01
-1.108001353516660181e+00 -8.195523786718592607e-01 8.871083103069782316e-01 2.985134495922424636e-01 9.859380463805879069e-01 5.738585192472722696e-01 4.672835837594601638e-01
-6.505486723464174448e-01 -4.396060244382172244e-01 3.131960124315627536e-01 5.369671896461517546e-01 7.981003028143819344e-01 4.498895002649536123e-01 8.783986554314590633e-02
-5.460068499604749798e-02 -5.109203276207746613e-02 -2.161155249611083351e-01 6.064212867184721745e-01 5.683416860749749278e-01 1.941885138337396677e-01 -3.051992721069522463e-01
6.190220129469790056e-01 3.110499261530681459e-01 -6.798772834568567180e-01 4.938623525719150753e-01 3.037870626003913999e-01 -2.012308225103396631e-01 -6.776497418778261173e-01
1.313328567812214187e+00 6.169131656991105883e-01 -1.078346599715536147e+00 2.317972095246716435e-01 1.836058148428307973e-02 -7.207792312952810976e-01 -1.005988815557851357e+00
1.940159636602528215e+00 8.350069868908440718e-01 -1.422818343490323434e+00 -7.829775221527182638e-02 -2.542941756487018257e-01 -1.282299103631269865e+00 -1.256948843903866520e+00
2.399045838520732499e+00 9.431327170117405068e-01 -1.722189040283801598e+00 -3.105303187531930909e-01 -4.816951377305028759e-01 -1.758863440681602830e+00 -1.391039157013344019e+00
2.654607858186834868e+00 9.387501842393219942e-01 -1.957401399031319267e+00 -4.011366475323525638e-01 -6.488615015190682955e-01 -2.075790802992625306e+00 -1.397962361356560379e+00
2.732312769783598050e+00 8.307813519231835864e-01 -2.077334865228161576e+00 -3.633202370075317433e-01 -7.423616253621092564e-01 -2.225839688068198541e+00 -1.295766739705335846e+00
2.643646482614620208e+00 6.330992945458031596e-01 -2.031894231644364446e+00 -2.346889540097462923e-01 -7.376598583797109310e-01 -2.197476136649021861e+00 -1.100519122667884542e+00
2.382536034972262851e+00 3.768753154575701370e-01 -1.805436255375743926e+00 -6.336767118707395396e-02 -6.212410648681122582e-01 -1.972713387672730079e+00 -8.308397423892198708e-01
1.970488963953488826e+00 1.000662186240880436e-01 -1.414866634969533798e+00 7.858709751967284107e-02 -4.043392800801514086e-01 -1.583879925543697276e+00 -5.180363237935537990e-01
1.438375702526167421e+00 -1.795514950440322277e-01 -8.978545812963473205e-01 1.354012158757727513e-01 -1.121978890979711263e-01 -1.093361533627827287e+00 -1.807076060378857707e-01
7.950124990861743290e-01 -4.527860590540683239e-01 -3.099209571838232313e-01 1.127861542957411256e-01 2.134940997829274101e-01 -5.345468754405412470e-01 1.862200798048243566e-01
7.563722665994213057e-02 -6.972052689307046691e-01 2.958964489681550347e-01 4.468648143434347797e-02 5.127321396047279656e-01 5.699262590846704973e-02 5.775704240376735576e-01
-6.219207286237671273e-01 -8.833173102974354318e-01 8.785097697270425332e-01 -4.433354003700964302e-02 7.284185634259175979e-01 5.931772839770048655e-01 9.543732098542074826e-01
-1.214769626107005118e+00 -9.920545038302028829e-01 1.382646536422800887e+00 -1.068105242723467740e-01 8.329256090953461866e-01 1.004880914004677717e+00 1.271671184559250545e+00
-1.692350263567249824e+00 -1.022726684465167679e+00 1.736687802871429653e+00 -7.156873007759148586e-02 8.329030710449825126e-01 1.314716508168739084e+00 1.507097557847306701e+00
-2.040540995274513048e+00 -9.830652945401540110e-01 1.892733889642028267e+00 7.651526667939546889e-02 7.451565933422199528e-01 1.548713590507781790e+00 1.644876301898349436e+00
-2.187101525059397922e+00 -8.806305125973660219e-01 1.858370377100497350e+00 2.721197308588648167e-01 5.817614034940729040e-01 1.640836931804859677e+00 1.664568929718406753e+00
-2.086004515872676102e+00 -7.293315928694763528e-01 1.683618463199282322e+00 4.523764249526106562e-01 3.637456681847322515e-01 1.514445901998501043e+00 1.570779312804367223e+00
-1.790416371639012683e+00 -5.494666600480108132e-01 1.415980498773511176e+00 6.067290650423181608e-01 1.228746333896929693e-01 1.200208715268359816e+00 1.407464704499805430e+00
-1.391747198186817247e+00 -3.553920187563712751e-01 1.083498238812330206e+00 7.297215035142793349e-01 -1.196262563409220825e-01 7.979576116653026574e-01 1.222032714713291446e+00
-9.467957222768644820e-01 -1.553523286529960856e-01 7.171176269675201276e-01 7.924242860916214104e-01 -3.558553799923120375e-01 3.795539650854351521e-01 1.036291217536233544e+00
