2.902740750253988700e-01 2.257580600343669364e-01 2.402728459666783958e-02 -6.266606003601711272e-01 1.126545222580840555e+00 5.571360995886116552e-01 -1.003965009531187613e+00
9.543074692054819008e-02 1.882260014664274839e-01 1.065407482588665439e-01 -4.189323618886314216e-01 9.361464174906815039e-01 5.892617675334443916e-01 -7.599737571158675653e-01
6.156993727098426100e-03 2.472148456106269820e-01 -3.736615786659280153e-02 -7.246856073880046656e-02 4.195459177277279239e-01 3.682880026608460478e-01 -4.784628157864458942e-01
7.487918383209560963e-03 3.025828484367774074e-01 -2.022374150653724056e-01 2.240758963698663286e-01 -2.129944800204085220e-01 -2.307034152977307379e-03 -1.715550437092079605e-01
4.773114620741374103e-02 2.207240937458222474e-01 -1.689281599603888184e-01 2.876676395758700489e-01 -6.595474833816488136e-01 -3.725201964861727943e-01 1.540277174335677179e-01
5.564068167605724230e-02 -6.079272616754145125e-02 1.265511569968233163e-01 5.889607221241092289e-02 -7.208299249552763133e-01 -6.086709632922076008e-01 4.716475088375812752e-01
-1.453077522926244855e-02 -4.695668500273580404e-01 5.747387151801709448e-01 -3.971923733016174407e-01 -4.154660219542637423e-01 -6.163143116414921963e-01 7.014498780976051728e-01
-1.436951558502472248e-01 -8.451751691094981922e-01 9.817990381422202484e-01 -9.306306422375755227e-01 6.901350486264849760e-02 -3.789537967527629170e-01 7.481390812139713242e-01
-2.849511908954835415e-01 -1.047720239759703409e+00 1.182084052293632226e+00 -1.348479066150866323e+00 5.211882846616525677e-01 2.310246843402115682e-02 5.859036668605374087e-01
-4.293007930656835280e-01 -1.014812388910115049e+00 1.101182638364510247e+00 -1.477637520681912786e+00 7.975200832741324852e-01 4.582252492096813290e-01 2.830909527575669604e-01
-5.981850135215148745e-01 -7.649043526613972244e-01 7.625183675673397055e-01 -1.240355351503560355e+00 8.313006509173269665e-01 8.062561846021084611e-01 -4.399802426714501113e-02
-7.769200231730297723e-01 -3.775000460238147615e-01 2.650576248424347803e-01 -6.900701567875834330e-01 6.338617565826984990e-01 9.881488923572498972e-01 -2.924889363998623426e-01
-8.906647182635071269e-01 5.547690945008846436e-02 -2.657150272225919929e-01 2.421902273523785301e-02 3.000597897540283610e-01 9.753182466430082576e-01 -4.191844362834977744e-01
-8.520217076423569624e-01 4.661683487752729671e-01 -7.285579396765949900e-01 7.210977589280377353e-01 -2.009186174764628768e-02 7.956399862275541635e-01 -4.499264965962466167e-01
-6.232233752680234051e-01 8.059675191989897902e-01 -1.068476839099286257e+00 1.241559540779240134e+00 -1.896789000024517446e-01 5.220619625853307744e-01 -4.429504672883176619e-01
-2.449411514911185583e-01 1.037819189271826481e+00 -1.270545561422327108e+00 1.493113213143648421e+00 -1.640361923690730195e-01 2.381337340549720683e-01 -4.437311123622708631e-01
1.924596250179532730e-01 1.149907723758970324e+00 -1.348690201885466733e+00 1.476994446971539698e+00 -1.581579569835403140e-02 -1.099407518859146088e-02 -4.651418502318104831e-01
5.983716026780128150e-01 1.141451961567913953e+00 -1.318536031623353866e+00 1.271863556493732395e+00 1.448512662788226379e-01 -2.483132172399910298e-01 -4.667333340521698237e-01
8.916767965415135500e-01 9.835479924378485173e-01 -1.152934873371008306e+00 9.593831855299786993e-01 2.676564616565857979e-01 -5.252391613433395889e-01 -3.602721508789568650e-01
1.003639479524407241e+00 6.451293472690473596e-01 -8.054744138372775808e-01 5.777266061181161039e-01 3.395774508105252609e-01 -8.490158106314251718e-01 -8.825918305127937458e-02
9.154981660471241955e-01 1.603813663094845465e-01 -2.958398567014780545e-01 1.636263912784535479e-01 3.151597468294066173e-01 -1.175270288505873451e+00 3.179464633727223655e-01
6.846947740420998851e-01 -3.499877117086596101e-01 2.554914353611015265e-01 -1.993410066977053252e-01 1.447169295069448969e-01 -1.453829097246906121e+00 7.575968103459079783e-01
4.224756014050406461e-01 -7.218938204696635497e-01 6.821278016380141196e-01 -4.060218983924844816e-01 -1.520890222108410850e-01 -1.642723504286126124e+00 1.098829774922998048e+00
2.437752676135365171e-01 -8.531193789733031441e-01 8.834088096756165243e-01 -4.141389016431220038e-01 -4.738627464556685598e-01 -1.692597497978779453e+00 1.232352920786073947e+00
2.121855965839412883e-01 -7.675233765931689378e-01 8.744538618244900308e-01 -2.878071815500309882e-01 -7.120679222762527072e-01 -1.554819831326166080e+00 1.123444524909314790e+00
3.224167584819341847e-01 -5.379216281933806298e-01 7.077334538937155584e-01 -1.273960175980176357e-01 -8.532055776820534065e-01 -1.223408289303696606e+00 8.081961900451171132e-01
5.340178566133695348e-01 -2.069039815407225369e-01 4.133455801134240382e-01 2.219430696985938423e-02 -9.738645207760623368e-01 -7.694506822714460847e-01 3.684475423712447739e-01
7.802537048502015127e-01 1.701364840646836241e-01 5.221941807231293003e-02 1.695556431004020814e-01 -1.119679870240944730e+00 -3.116039619385263526e-01 -8.169385822603834890e-02
9.685251183331310409e-01 4.910233883256231446e-01 -2.504823706979542597e-01 3.200182836029616951e-01 -1.235723262439504477e+00 6.196994005490052276e-02 -4.383786972525618442e-01
1.046088898957543645e+00 6.830859761736342017e-01 -3.881027516300563085e-01 4.543728613408619665e-01 -1.222373036537880209e+00 3.387359206525765165e-01 -6.729646030957763259e-01
1.037028059300779015e+00 7.585040197931010031e-01 -3.499119664731002444e-01 5.366732949470474079e-01 -1.012986973874308028e+00 5.674145189995437599e-01 -8.372275232773817022e-01
9.846981543738099196e-01 7.577175696077199651e-01 -1.783007900819971181e-01 5.127308482187473704e-01 -6.122694151046750299e-01 8.164814064237098101e-01 -9.991236889046811731e-01
9.112990572013232038e-01 7.041311505904785939e-01 8.638533615426548240e-02 3.466961814950692555e-01 -1.188013402240505473e-01 1.117730419763770744e+00 -1.192445008927512706e+00
8.235983572185301416e-01 6.249727295693252582e-01 3.889061643180943828e-01 9.635889752539532338e-02 3.129041235688430622e-01 1.423234752744404696e+00 -1.398332849194017236e+00
6.917405761903097083e-01 5.345069178578464308e-01 6.737090675508403681e-01 -1.118395489796034092e-01 5.901798061612768542e-01 1.635107116899087831e+00 -1.533153674044507309e+00
4.437364528423228260e-01 3.944040450293715971e-01 9.295506476293755593e-01 -2.151274358678832155e-01 7.368973379991787809e-01 1.689939548043515982e+00 -1.485398427120779408e+00
3.577123319733099827e-02 1.565579450061909961e-01 1.151443063886655960e+00 -2.628941845648647968e-01 8.077446738553363259e-01 1.599376205666850126e+00 -1.209062261576668407e+00
-4.775576905358984714e-01 -1.632488335934086932e-01 1.276763585937182421e+00 -3.238468868299020365e-01 8.112604312415878649e-01 1.403973198269968803e+00 -7.650056342539401921e-01
-9.736768804380697695e-01 -4.932857261983782937e-01 1.217788313352719642e+00 -4.003610867771930093e-01 7.478630562974744045e-01 1.117208933177506136e+00 -2.535744680973618381e-01
-1.362016641015204366e+00 -7.755805613186279590e-01 9.614539807937055871e-01 -4.556334539796065841e-01 6.624191399964808324e-01 7.432487852210645229e-01 2.603876650084778199e-01
-1.624853000902058309e+00 -1.007684710758103952e+00 6.085204128146846081e-01 -4.917711019141984274e-01 6.207850646987536081e-01 3.235116542727348166e-01 7.428171268666058369e-01
-1.768767570318575011e+00 -1.203190583268626712e+00 2.948686974841941422e-01 -5.476106054041343096e-01 6.596292878539768978e-01 -7.435471602043232375e-02 1.152217054656251571e+00
-1.785079563944235170e+00 -1.332632295004775536e+00 9.826858635490920424e-02 -6.313539017980294155e-01 7.764588990371176225e-01 -3.951886800445553183e-01 1.436404559559469218e+00
-1.671682809788012536e+00 -1.355287887662794732e+00 4.240140616096550047e-02 -7.301427277491723267e-01 9.511491678408218187e-01 -5.968472034324890929e-01 1.562855180235847241e+00
-1.456549019807279688e+00 -1.272650659646408000e+00 1.283015120259303199e-01 -8.540100657331322065e-01 1.144476839642064592e+00 -6.439257226614970575e-01 1.534145312204858280e+00
-1.177601102682708012e+00 -1.102736402878336186e+00 3.189333528024942965e-01 -9.930481436835143505e-01 1.285606610185320742e+00 -5.340966462695081463e-01 1.377349518983810972e+00
-8.746602631552816698e-01 -8.679180054634124675e-01 5.582410669371347112e-01 -1.085331039358052863e+00 1.313326868405691128e+00 -3.118803063369317563e-01 1.150208243327449642e+00
-6.154212154769068688e-01 -6.253203071385944334e-01 8.270731672022607617e-01 -1.069947874287006995e+00 1.220458242320366482e+00 -3.691592157857161161e-02 9.406481593730131596e-01
-4.684004507202811363e-01 -4.389843065407854628e-01 1.127924547249720799e+00 -9.270342521812338088e-01 1.032730448059905104e+00 2.465332516639265337e-01 8.102696255256633950e-01
-4.324440255416267531e-01 -3.241572707598205927e-01 1.429867887087918454e+00 -6.688935062260890074e-01 7.818704660976074639e-01 5.055328351473429294e-01 7.485336286939870964e-01
-4.484089836124465767e-01 -2.556791626376000992e-01 1.672271295059820417e+00 -3.290327335392818631e-01 5.038803986664902590e-01 7.128115256723639437e-01 7.024086485447529338e-01
-4.713564661745088813e-01 -2.053711102995719462e-01 1.796823503990320425e+00 4.427031005884358994e-02 2.278644146752482336e-01 8.528715858068034450e-01 6.233370921933182318e-01
-4.842952410534395735e-01 -1.461862853074900881e-01 1.751780373317797457e+00 4.033234813635171445e-01 -2.657611236819490755e-02 9.162567498800594512e-01 4.786326910267941770e-01
-4.717004029412609212e-01 -5.008493093435909677e-02 1.504208957379881584e+00 7.120050578214361936e-01 -2.291410197996936460e-01 8.964550902776889929e-01 2.555684692713445783e-01
-4.355289332742990904e-01 8.828713995586433272e-02 1.082240629030443158e+00 9.374878232406664846e-01 -3.374045717098919095e-01 8.061062733965135285e-01 -2.230189845336156412e-02
-4.152840298375264916e-01 2.288384118168197146e-01 5.897156949983728413e-01 1.028267675359422650e+00 -3.304587923127457194e-01 6.831396894713058776e-01 -2.967642851805158966e-01
-4.334219805799929270e-01 3.065100316344607778e-01 1.544300823345549356e-01 9.204345310130369606e-01 -2.376770137132724336e-01 5.644952542200372125e-01 -5.085706539833968476e-01
-4.437426682324248639e-01 2.856555477601298021e-01 -1.395496879239529753e-01 6.054211582101504119e-01 -1.241581844094959280e-01 4.472139726752600297e-01 -6.184300751067075552e-01
-3.877686293599731937e-01 1.755689549158204743e-01 -2.630908745783426261e-01 1.714518108021322873e-01 -4.355835773812177097e-02 2.908713988340451695e-01 -5.931959449268754403e-01
-2.657690654040211209e-01 -7.665838647954201050e-04 -2.103207637081030423e-01 -2.730349309828152271e-01 -6.946587928512122818e-03 7.469783958691257608e-02 -4.170296757254828290e-01
-1.077549419414104148e-01 -2.146932424815291285e-01 8.498078278449758965e-03 -6.842403323118886327e-01 5.834265428677373917e-03 -1.716539823558964062e-01 -1.324409889923915673e-01
7.569064302060135585e-02 -4.149774759862451257e-01 3.493457271712417933e-01 -1.033846284581309449e+00 2.058749487980250995e-02 -4.072098514656330992e-01 1.724800237400153646e-01
2.613227550760688911e-01 -5.277831564542850851e-01 7.340610792792253703e-01 -1.210453250689768279e+00 5.533957916980659919e-02 -6.155105440435418851e-01 4.218218572793091536e-01
3.615001163414746643e-01 -4.894245880322227737e-01 1.071200749322500867e+00 -1.042557720292553780e+00 1.104102015944421478e-01 -7.917057234113733521e-01 5.771015789492877079e-01
2.771842008785720957e-01 -2.892738876855999730e-01 1.270213012741554959e+00 -4.592691907285872954e-01 1.750105179816798529e-01 -9.026685203821448455e-01 6.151203033222971683e-01
1.549729342134275115e-02 3.056914974411500605e-02 1.252638350775808762e+00 3.641104693576635576e-01 2.608425807496201343e-01 -8.494916728974930553e-01 5.016834004329376873e-01
-3.082553065080468335e-01 3.928219049706868637e-01 1.007850287031831105e+00 1.079361384325894235e+00 3.914283245693433444e-01 -5.188443587585919170e-01 2.307280386461079691e-01
-5.757192049649687560e-01 6.740213353593396128e-01 6.304509692263089438e-01 1.425042209747539257e+00 5.346993560867185913e-01 7.049206019482563701e-02 -9.563405628214224907e-02
-7.284789295681832755e-01 7.298414462687504711e-01 2.462032757481959766e-01 1.378680254275798989e+00 6.090594311528051419e-01 7.217638159956575317e-01 -2.828809447949501288e-01
-7.736692458318376042e-01 4.835352745576051992e-01 -6.781019761887273345e-02 1.086668498261282867e+00 5.706474588055678865e-01 1.197235868598144348e+00 -1.816807113424339093e-01
-7.501402316855535490e-01 -9.628059167098078006e-03 -2.751644054781550164e-01 7.249869924790033338e-01 4.402456388096053219e-01 1.366342573944517191e+00 1.894636206880660756e-01
-6.656074120970361108e-01 -5.748432145456834341e-01 -3.608161725921049667e-01 4.174999609858252025e-01 2.589649794369842661e-01 1.235943167218119587e+00 6.477766001959150977e-01
-4.745727761692568603e-01 -9.951868183565236725e-01 -3.428493039334492010e-01 2.140308419430408671e-01 6.763274157786200447e-02 9.024303121329387833e-01 9.556606553762189149e-01
-1.203553310621625488e-01 -1.126177076071697591e+00 -2.693251527011080171e-01 8.863607867076314650e-02 -7.622639315285718864e-02 5.034385316489718987e-01 9.457657312717917542e-01
3.907426254601673032e-01 -9.792446033100500324e-01 -1.734175502877122743e-01 -4.884202448799335183e-02 -8.941649980391080943e-02 1.829381299331278854e-01 5.982407325477760995e-01
9.450137909964378968e-01 -6.931124560001168389e-01 -4.380966740141451626e-02 -3.040718200033849516e-01 9.776000096503349723e-02 3.975331831502531416e-02 3.917769254498465470e-02
1.373240945786462275e+00 -4.111786569691309734e-01 1.207522723426934230e-01 -6.970835886789108482e-01 4.467194030902578716e-01 6.954251995736471237e-02 -5.322662450348628616e-01
1.536288833513780538e+00 -1.977877521151636675e-01 2.597666728339194653e-01 -1.094898937827537111e+00 7.700282043118877873e-01 1.622290671407533857e-01 -9.176595055634888531e-01
1.346565689342098748e+00 -6.148490837513999330e-02 3.097203954860307529e-01 -1.292808958187074531e+00 8.497701298828487237e-01 1.779015410902664296e-01 -9.622790018984525018e-01
7.825531900266313734e-01 -3.814550881893165150e-03 2.842963689261102656e-01 -1.176742286883835531e+00 5.977535499296793287e-01 3.477233571175511462e-02 -6.107472258574572210e-01
-5.565446924397298573e-02 -3.050070774174245408e-02 2.726825924567307102e-01 -8.049826103297473834e-01 9.547379455997591358e-02 -2.600595901268456522e-01 4.452229422164984129e-02
-9.475816934021461524e-01 -1.370816337162328868e-01 3.770098411392887039e-01 -3.475540055519503180e-01 -4.695660644336784317e-01 -6.330211577427361513e-01 7.963138266335276771e-01
-1.645734151685886992e+00 -2.777789910380905614e-01 6.316336763923349196e-01 4.123949468351771619e-02 -9.021118291392447031e-01 -9.722195199260577070e-01 1.406773932153295270e+00
-1.981935817727350724e+00 -3.798750674726033005e-01 9.775925947764363411e-01 2.769720715467003380e-01 -1.082518986871350508e+00 -1.146879791110715807e+00 1.688618881809141659e+00
-1.925415547990261489e+00 -4.369630288297037257e-01 1.332925053416251338e+00 3.060139349508561035e-01 -9.809052430986993087e-01 -1.053174876909156676e+00 1.590105101557761635e+00
-1.548586165339556731e+00 -5.131072859853026413e-01 1.636462844590756749e+00 1.052192573932408531e-01 -6.417962618829834431e-01 -6.789552587658932437e-01 1.201630732218034403e+00
-9.519841310671021128e-01 -6.123508208761782035e-01 1.813038603630952705e+00 -2.557817037877249677e-01 -1.748661704178810505e-01 -1.173271011935803493e-01 6.542846075415882368e-01
-2.610167601496314327e-01 -6.679451858650403695e-01 1.798421794856243316e+00 -6.397295423298245964e-01 3.048639408785964178e-01 4.936089797949516078e-01 6.622053614595478643e-02
3.543784010174661492e-01 -6.821580885445066578e-01 1.616786572367999053e+00 -9.637330908326768864e-01 7.416132764197882477e-01 1.040140199525979803e+00 -4.311539413987385827e-01
7.490809069112969176e-01 -7.387232934122501815e-01 1.354502679027610457e+00 -1.236846246861913468e+00 1.114471745387591417e+00 1.450648789416569162e+00 -7.228857509871368103e-01
9.024320778408552179e-01 -8.610313981165163000e-01 1.057781828985233430e+00 -1.463611261563438237e+00 1.384408018639063043e+00 1.671439435335245527e+00 -7.878483441682181398e-01
9.034920858976263069e-01 -9.544715420866336508e-01 7.118110207632457609e-01 -1.563783973646757364e+00 1.502194660764213374e+00 1.653473893822004381e+00 -6.950043583107934353e-01
8.325860115470296030e-01 -8.975622516543316776e-01 3.122419310616666999e-01 -1.420238108394579868e+00 1.443730467719738231e+00 1.374055839974038351e+00 -5.214764230284630875e-01
7.048832883779428959e-01 -6.411976604207829666e-01 -9.916875736423133580e-02 -9.871399671830133338e-01 1.205225004696840019e+00 8.561396306812003587e-01 -3.001309374968896271e-01
5.387149617650637268e-01 -2.097942043449208538e-01 -4.748652261481809411e-01 -3.285207975043266670e-01 7.771897179788299637e-01 1.625647724283637574e-01 -4.427171455161914987e-02
4.064250397820411975e-01 3.452850194449577637e-01 -7.858627455619399127e-01 4.241046973838582534e-01 1.660718210994025779e-01 -6.095582205363827555e-01 2.099326430358417483e-01
3.583549443740980389e-01 9.320987323818453740e-01 -9.834149001119534272e-01 1.115030130198261027e+00 -5.490453680898388367e-01 -1.333053502652644884e+00 4.307298197425326047e-01
3.252978996739897544e-01 1.385876839759728307e+00 -9.795360173914322566e-01 1.593882119315604085e+00 -1.214810111339106324e+00 -1.883154911489239414e+00 6.492531060957710265e-01
1.646831528992157012e-01 1.553201723230773101e+00 -7.303553096025486857e-01 1.778009757474547703e+00 -1.684170330916326508e+00 -2.187767779261341694e+00 9.199316129526866614e-01
-1.837331416110646876e-01 1.419803403677768028e+00 -3.217522630803478223e-01 1.694421677570215001e+00 -1.885668488340877857e+00 -2.243609841817464368e+00 1.223897557692787519e+00
-6.440565769360812043e-01 1.081417615696091294e+00 9.166982639408303990e-02 1.425409120314312883e+00 -1.813778453089575748e+00 -2.090709656475204348e+00 1.483786241931106531e+00
-1.097063308453924080e+00 6.329158656137033878e-01 3.938051426748475636e-01 1.047812332492875642e+00 -1.519656596370670076e+00 -1.782665987187325163e+00 1.643968642352063858e+00
-1.446821706654863871e+00 1.658606823244200557e-01 5.110722607845213927e-01 6.422283749721919843e-01 -1.125816505711296767e+00 -1.370289825551856744e+00 1.666263021126618948e+00
-1.608106331415144474e+00 -1.934824118180217267e-01 3.873569192192160004e-01 3.020300049348395022e-01 -7.680495003282709066e-01 -8.988269723385871046e-01 1.497979780197176369e+00
-1.508018823897306682e+00 -3.386697789403547709e-01 2.578060250335345929e-02 9.651377958156386050e-02 -4.959650986404331996e-01 -4.046650257529593175e-01 1.110246899467679293e+00
-1.130219185716924812e+00 -2.849775708512898853e-01 -4.600830015870495115e-01 1.162387199424246877e-02 -2.522865689244502829e-01 9.850748952981243367e-02 5.547281891513003993e-01
-5.443211051002558865e-01 -1.693089918560301277e-01 -8.939856388250353447e-01 -6.128539778780536101e-02 4.818700012725386089e-02 6.186351502285130088e-01 -5.351325324001886263e-02
1.334368159612377425e-01 -9.839604012734964877e-02 -1.172644067518487931e+00 -2.173670357693973654e-01 4.116057269318865175e-01 1.150666489033285611e+00 -6.248633597427153408e-01
7.920523748557798394e-01 -4.753466510582707999e-02 -1.316405799730225645e+00 -4.217974678975549563e-01 7.471368530311799372e-01 1.638413744480400780e+00 -1.125758332609034573e+00
1.309231071906270749e+00 1.968125033210319647e-02 -1.361345193240482754e+00 -5.706779572615084950e-01 9.791280424695705253e-01 1.989024358366894063e+00 -1.499242671296606932e+00
1.546413032865580073e+00 2.337101126199747289e-02 -1.289850195413817069e+00 -6.294852353603463957e-01 1.130441149175802629e+00 2.135974041049047312e+00 -1.637127239566021686e+00
1.429871463418140420e+00 -1.354965392457809226e-01 -1.115261537873107667e+00 -6.224224386275126752e-01 1.244015718086503908e+00 2.068208461612975224e+00 -1.475947242123777148e+00
1.013143884363038261e+00 -4.224949770277915961e-01 -9.380194873333942418e-01 -5.427591638235107485e-01 1.282900811991648959e+00 1.809157332017985009e+00 -1.065442807981274109e+00
4.446870432537963214e-01 -6.917745748832516695e-01 -8.613221558212180717e-01 -3.590969884088300867e-01 1.160244225282191177e+00 1.408024490692122654e+00 -5.276806867811760782e-01
-1.127928721220895908e-01 -8.229427800062759646e-01 -8.939217523282718680e-01 -7.808246108568490940e-02 8.331524593164634229e-01 9.434212932195396029e-01 2.015501136851142322e-02
-5.570069858879050928e-01 -8.079051476063832116e-01 -9.519841314963739531e-01 2.298621596136918854e-01 3.435347796795453768e-01 5.062935702696780282e-01 5.034225508235805613e-01
-8.468139917609031064e-01 -7.070692266342621934e-01 -9.451504024410870564e-01 4.672244757520414571e-01 -2.227652703211109031e-01 1.680393479410408342e-01 8.688727866529827315e-01
-9.473994308149934485e-01 -5.481406584293317952e-01 -8.503320992591315575e-01 5.838808782061752911e-01 -7.774821437828618453e-01 -4.287840720257872495e-02 1.061377643324953990e+00
-8.415935582998821385e-01 -3.194436242810324567e-01 -6.902350397521739289e-01 5.893281780012199489e-01 -1.211363601136972834e+00 -1.320774597888740853e-01 1.051210395350607785e+00
-5.946204840182039986e-01 -4.246998121353877387e-02 -4.684356500383055066e-01 4.883657969007785260e-01 -1.401891104118857090e+00 -1.096478327227118077e-01 8.638701884434798473e-01
-3.418527863650729359e-01 2.145552660870441719e-01 -1.706236683573582602e-01 2.653433876540459702e-01 -1.298491805626169171e+00 1.554791201117888648e-02 5.608738878779090387e-01
-1.778256014927322715e-01 3.978842522099368395e-01 1.747551284495591495e-01 -6.650969307909136707e-02 -9.778010206825566986e-01 2.081467183732833570e-01 2.002183779145986220e-01
-9.333344430709142325e-02 5.076851229303371849e-01 4.773462485072599848e-01 -4.508565238469733893e-01 -5.834694446752648478e-01 3.958187444729725502e-01 -1.775631843905530471e-01
-3.844293819197475148e-02 5.891703572100023267e-01 6.301093168376737941e-01 -8.079413007853024631e-01 -2.262286741432502357e-01 5.086163747331032825e-01 -5.462270130280605374e-01
2.042505883020817072e-03 7.011996610744637426e-01 5.654666926639393409e-01 -1.048949519326330959e+00 5.312315365274743878e-02 5.208429784406043428e-01 -8.862108399337511599e-01
1.255915674600190080e-04 8.482084680010204547e-01 3.044155753726112690e-01 -1.129378260012047441e+00 2.696177207554418809e-01 4.525584417448077490e-01 -1.154487944528761467e+00
-7.008974580663945853e-02 9.540123623190067681e-01 -5.093614092962066991e-02 -1.091860238453465026e+00 4.514506704157785766e-01 3.430415784296144133e-01 -1.280672501294053633e+00
-1.796064265467415266e-01 9.515939350389841511e-01 -4.009458913937106184e-01 -9.935918486114155845e-01 5.843762106468590733e-01 2.159569600960563052e-01 -1.225637789227617347e+00
-2.657604170414928357e-01 8.264363036506724436e-01 -6.721278265233967542e-01 -8.324535821099935395e-01 6.292430162397003590e-01 6.625176534906265791e-02 -1.005685214467960442e+00
-3.125852384996802846e-01 5.337740675429983872e-01 -7.609471632486276560e-01 -5.985869184235569351e-01 5.983651825594785700e-01 -1.148408810279643172e-01 -6.435529281679642777e-01
-3.613179803129613621e-01 -8.320995074118198859e-03 -5.648352992232661407e-01 -3.403826474832480353e-01 5.508438095001233492e-01 -3.198891652290880572e-01 -1.468674630690575134e-01
-4.286592537488446708e-01 -8.021288514416506921e-01 -8.081397565319423104e-02 -1.354093181886822095e-01 5.279513220560778652e-01 -5.412200629760391957e-01 4.571302258479013614e-01
-4.649582405876940827e-01 -1.709357320258609425e+00 5.806311836565194451e-01 -2.430057703220947843e-02 5.439818883817988393e-01 -7.801521950178863518e-01 1.090934183167456162e+00
-4.218985193666991429e-01 -2.510007231239579362e+00 1.255013447985654729e+00 7.120401843621862632e-04 5.922423564458725309e-01 -1.023074697251294740e+00 1.633783692093465634e+00
-3.261860163742476559e-01 -3.026711320282974960e+00 1.794661643799314810e+00 -4.650774781957362630e-02 6.379688141032107129e-01 -1.231342618269900990e+00 1.983277866216526464e+00
-2.385947177271285635e-01 -3.202761392548298947e+00 2.121950742363142073e+00 -1.653237800367302890e-01 6.494121314688413582e-01 -1.361637911089516484e+00 2.109284348390191521e+00
-1.700520330643663092e-01 -3.056761551645962527e+00 2.225312693437290434e+00 -3.453420974739342952e-01 6.227467540354417741e-01 -1.378988052173079737e+00 2.024963329990539407e+00
-1.084018887451994873e-01 -2.637273307394270461e+00 2.131730070295220436e+00 -5.719356496873768680e-01 5.724731005521495053e-01 -1.264741797410256829e+00 1.761698228460064408e+00
-7.670972883213963978e-02 -2.045900298824195218e+00 1.892257890685492328e+00 -8.588949352720467445e-01 5.276463296989583052e-01 -1.031509235952225545e+00 1.389007631094546280e+00
-8.059313925279132373e-02 -1.412912721489443912e+00 1.552961850349393380e+00 -1.217903311157044310e+00 5.130569180712601929e-01 -7.240438346032440631e-01 9.863376642575100162e-01
-6.755616459723823297e-02 -8.359936137765635600e-01 1.137772715514679733e+00 -1.591917203565741623e+00 5.177000302884744443e-01 -3.997542373739746968e-01 5.987519016451752218e-01
-1.769672909548670320e-02 -3.917249465912420736e-01 6.869294388999770407e-01 -1.879980007463428970e+00 5.154223158871542587e-01 -1.050345442144327290e-01 2.661695991894019175e-01
-1.462305959234573224e-02 -1.733486404285017879e-01 2.939369097836349032e-01 -2.031178646447807434e+00 5.161747986727099891e-01 1.296111833468010233e-01 6.475840034497779008e-02
-1.576066776640524247e-01 -2.318489840404269198e-01 5.376964430849765636e-02 -2.058055490482722405e+00 5.560957644434274538e-01 2.766803816616626444e-01 5.366108987217643733e-02
-4.487939865152312802e-01 -4.881423249236346296e-01 -2.824816337207946768e-02 -1.969776833526856619e+00 6.394056156509568822e-01 3.122250189191921321e-01 1.927466062540011682e-01
-8.123381948084273940e-01 -7.887179435172555486e-01 -2.622751382717563445e-02 -1.768344505434363167e+00 7.303511658198924561e-01 2.331763484686659449e-01 3.746946883247793680e-01
-1.160317931770721955e+00 -1.013288781284432893e+00 -1.853711219997494081e-02 -1.492347013797389099e+00 7.905005727524214709e-01 6.330940479219014649e-02 5.066117728935090048e-01
-1.401501028191310727e+00 -1.073983085217718569e+00 -7.936718314948054687e-02 -1.187574466709031995e+00 7.969714941111974982e-01 -1.603744682639200447e-01 5.220919784272076702e-01
-1.454057860596244423e+00 -9.237903517267920250e-01 -2.724036772714694687e-01 -8.752939191565074495e-01 7.549919561664579781e-01 -4.001660009209351276e-01 3.917639383505338579e-01
-1.300174662850915430e+00 -6.225821947265456346e-01 -5.953317539957271309e-01 -5.905331370251782896e-01 6.934775741763029577e-01 -6.189538078420080414e-01 1.612273826428918810e-01
-9.940958190069690836e-01 -2.893057797167702394e-01 -9.957181353566748605e-01 -3.686563593659238358e-01 6.061045302797635204e-01 -7.885370219210916520e-01 -8.119466093647430271e-02
-5.909696744369079546e-01 2.771560627765361565e-02 -1.444086855324776320e+00 -1.724488403525732683e-01 4.191033474506207224e-01 -9.083185154966152419e-01 -2.837181574965667030e-01
-1.023004869740962858e-01 3.699978174269949460e-01 -1.934461817099923708e+00 9.777290277660910522e-02 5.437752814853738514e-02 -1.006442165514948917e+00 -4.455834369134309414e-01
4.599054264832413419e-01 7.912038702338566321e-01 -2.438742182429212590e+00 5.191071073922910450e-01 -5.008573512862487531e-01 -1.112241888941929435e+00 -5.789723282903618262e-01
1.032759335594628070e+00 1.293549231327648652e+00 -2.897822402431380784e+00 1.085788486458804103e+00 -1.193881134419226386e+00 -1.227635060831242741e+00 -6.890543572664813432e-01
1.535367892993468431e+00 1.817707604994619697e+00 -3.243606574954957189e+00 1.707719528741555637e+00 -1.934898423089050246e+00 -1.328121022290501330e+00 -7.786540425480619199e-01
1.929421562680307289e+00 2.292952698828024438e+00 -3.423733733595017537e+00 2.267021453075411141e+00 -2.621242034546608313e+00 -1.386798539764596327e+00 -8.568863535530899522e-01
2.207814275151131600e+00 2.676859611113142190e+00 -3.405769354290550943e+00 2.671427931689583257e+00 -3.156721727790803289e+00 -1.383704524983304651e+00 -9.336319935052437291e-01
2.356173267849682063e+00 2.938429064456540729e+00 -3.173810285793991603e+00 2.851979513340905381e+00 -3.457488840192470381e+00 -1.298301821880787799e+00 -1.006628782650690557e+00
2.368756964615373661e+00 3.071471445875155748e+00 -2.766671364696015711e+00 2.783160182731093890e+00 -3.471008827350502202e+00 -1.123518747904652004e+00 -1.076046599837360729e+00
2.264352976130532991e+00 3.126183789805844437e+00 -2.299417442624037466e+00 2.532247951740539182e+00 -3.208192060019822378e+00 -8.826377451725845313e-01 -1.164275693473004081e+00
2.048328276015524363e+00 3.144143096704965057e+00 -1.883086079608969676e+00 2.199201171083625450e+00 -2.733247140965574751e+00 -6.052773486258886670e-01 -1.287127397763552006e+00
1.700914366151490720e+00 3.084839851263909249e+00 -1.545799440907862143e+00 1.807598382499855827e+00 -2.126681010425334417e+00 -2.990231502840029476e-01 -1.423817727556147439e+00
1.236263296057305228e+00 2.885568445901843582e+00 -1.269624244632560739e+00 1.336778453248433252e+00 -1.470539351541057860e+00 3.727488581657612682e-02 -1.550549971577421582e+00
7.222476946583706869e-01 2.560443687323076478e+00 -1.056719879117284711e+00 8.368249004784510392e-01 -8.364224550205070496e-01 3.913227105398774386e-01 -1.681029884798554308e+00
2.050016327458801524e-01 2.183289805488426438e+00 -9.168458759093391919e-01 4.397321395397646993e-01 -2.575660857497891199e-01 7.490198023178614717e-01 -1.840720617479153498e+00
-3.291491040959566017e-01 1.787031923606610784e+00 -8.204512044459382203e-01 2.457035632738619746e-01 2.766064636043386593e-01 1.110966653124883408e+00 -2.009975031483525854e+00
-8.694456600820739123e-01 1.362367629464964480e+00 -7.236676994554892550e-01 2.560916774732371337e-01 7.743904472163788411e-01 1.475331388727760817e+00 -2.136602158407697960e+00
-1.299863363888499546e+00 9.690073766301671165e-01 -6.402804532536656712e-01 4.443861657594691539e-01 1.200355487207890093e+00 1.820979499231685450e+00 -2.216693959830080551e+00
-1.455520033662796919e+00 7.259383453989762813e-01 -6.169748899468670000e-01 7.938779173913008691e-01 1.508019888719579482e+00 2.125356821125262030e+00 -2.304957881428574940e+00
-1.246043028598026625e+00 6.567312396221901549e-01 -6.333146653094468004e-01 1.224446995383672743e+00 1.691950132900913450e+00 2.375915214594496394e+00 -2.422211488209105035e+00
-6.929670173699905567e-01 6.584117540239584621e-01 -6.076523836907364862e-01 1.595878492843771479e+00 1.768707803346219576e+00 2.546484111721918797e+00 -2.508208781312390112e+00
1.077584036940991419e-01 6.445774103805098632e-01 -4.997862892110537802e-01 1.826710714380134881e+00 1.733024475566084632e+00 2.589582639098618078e+00 -2.483285797106804971e+00
1.001034997726465869e+00 6.207979910299947779e-01 -3.348098629514122404e-01 1.936925729158752718e+00 1.569596371226342768e+00 2.473537827566579139e+00 -2.308417432062725538e+00
1.790323544592755001e+00 6.124478839205990122e-01 -1.406967931981196185e-01 1.966980902987584212e+00 1.284913508482178113e+00 2.213461888163131164e+00 -1.982095405321052439e+00
2.317214320194976196e+00 6.116259024680679168e-01 7.179035264797749283e-02 1.920300452094940713e+00 9.047932784179169019e-01 1.857783032803766110e+00 -1.535400590587241432e+00
2.536483060837160242e+00 6.183272534718036173e-01 2.778214602684285772e-01 1.793255873091663455e+00 4.560136256503113383e-01 1.464058486023021910e+00 -1.050143818735067125e+00
2.484494587606072447e+00 6.470305712364535777e-01 4.454630668949101091e-01 1.591976161763641207e+00 -3.100420815823077755e-02 1.095898462020672648e+00 -6.309892299325888798e-01
2.198053044263041933e+00 6.494913109988087463e-01 5.825262528702581655e-01 1.287346563504565999e+00 -5.040373811501992485e-01 8.110604521949247303e-01 -3.219854578192934969e-01
1.713133529966995194e+00 5.308027809003236230e-01 7.206588775900927279e-01 8.272710776346837713e-01 -9.027264464855215831e-01 6.224666387132085088e-01 -9.130317989489283859e-02
1.101616861628168742e+00 2.767246060952862630e-01 8.492579468443887114e-01 2.392065709076729996e-01 -1.194556490161795104e+00 4.817597504607287195e-01 9.536226917332295272e-02
4.504720603796624756e-01 -3.528383566993983922e-02 9.360697970741390650e-01 -3.436982161703144856e-01 -1.369104825159342287e+00 3.230691923287657974e-01 2.464884612558479182e-01
-1.688063184648318504e-01 -3.396060994465037730e-01 9.997485184732964880e-01 -7.902755163131651717e-01 -1.414374580102164991e+00 1.183392514311047278e-01 3.723142287672176476e-01
-6.828736273127620215e-01 -6.035983654155541167e-01 1.093125454934275265e+00 -1.052991976489394688e+00 -1.324827309550389964e+00 -1.152033759938844021e-01 4.761176730341605268e-01
-9.994304219482720297e-01 -7.650317601148283186e-01 1.228634316809383176e+00 -1.130642904988488739e+00 -1.108427284936458257e+00 -3.311581882016743084e-01 5.159060576706657741e-01
-1.063326347740605637e+00 -7.416817805126502128e-01 1.367374290883966559e+00 -1.025724766534144905e+00 -7.730265928982287260e-01 -4.538758341361951443e-01 4.267876692621880852e-01
-9.256403993361024263e-01 -5.225360722217892162e-01 1.456061491989159018e+00 -7.733632594456580911e-01 -3.408274866191661756e-01 -4.009981767615599102e-01 2.069312647878192857e-01
-6.966002951788872188e-01 -1.838130294108948626e-01 1.429057668460900210e+00 -4.478055506961812204e-01 1.075519803127559099e-01 -1.535299998714998171e-01 -6.437937158755026312e-02
-4.690030179059756499e-01 1.674951469096757350e-01 1.237830388470825937e+00 -1.179357565583830370e-01 4.648157265730630816e-01 2.153483161905001830e-01 -2.919469819787530729e-01
-3.233549978695576255e-01 4.186360679459717460e-01 9.239089409246505902e-01 1.794344842275988061e-01 6.937196983837731201e-01 5.989448464382991499e-01 -4.067778429706131460e-01
-3.109627138894497933e-01 4.892828815565981038e-01 5.941184906174817870e-01 4.308836852966195230e-01 8.392144917035715412e-01 9.152686449447713368e-01 -3.893281640003722899e-01
-4.112753880029378917e-01 3.779152458520422253e-01 3.303687992830755538e-01 6.177749626525084192e-01 9.717503412604029389e-01 1.119175218671627725e+00 -2.813948383108465512e-01
-5.649846124145596615e-01 1.303483727535517112e-01 1.761734790072788659e-01 6.961641056966191288e-01 1.152430787899813458e+00 1.205579669148713728e+00 -1.487642771128206975e-01
-7.229263533810957876e-01 -2.155158360547017593e-01 1.616639886304029050e-01 6.009359715672013547e-01 1.402368692358322955e+00 1.211003794431083413e+00 -4.611929012883345808e-02
-8.297871567058989761e-01 -6.130540197294841454e-01 2.780384174588265145e-01 2.886092446008259871e-01 1.684071283967888633e+00 1.192700880430286769e+00 -3.258823662216959322e-02
-8.113665281613338109e-01 -9.658065617060394015e-01 4.459963982185818354e-01 -2.028208033221337303e-01 1.933421809624534804e+00 1.194140857860768179e+00 -1.791668849771380079e-01
-6.382689129903146297e-01 -1.153739586465945655e+00 5.565981971988298582e-01 -7.587294247778787470e-01 2.110615928064489388e+00 1.229840585740892056e+00 -5.207419319170921712e-01
-3.819322171017743295e-01 -1.110534475919735309e+00 5.516345849270366530e-01 -1.256174707430322668e+00 2.204972299630949983e+00 1.292778447124101948e+00 -1.004805725318989040e+00
-1.550658373153342706e-01 -8.648937091127746335e-01 4.456624191437451588e-01 -1.620451406606210343e+00 2.196109778371186483e+00 1.359609582387415028e+00 -1.504297568947825958e+00
1.600736912079590195e-03 -4.945190225814719565e-01 2.678040289200520618e-01 -1.828718103576375098e+00 2.046676095986345700e+00 1.392414699944944267e+00 -1.894028371904506791e+00
1.354570571940535706e-01 -6.663760662066978147e-02 2.984603924814310458e-02 -1.883704436307587216e+00 1.751175377166078073e+00 1.354046286989612602e+00 -2.108494744805087251e+00
2.928355789986724078e-01 3.469911104062275986e-01 -2.257429771507326599e-01 -1.804374757821224584e+00 1.360313587542608449e+00 1.229799942061320150e+00 -2.126534977133057502e+00
4.591821246786053634e-01 6.408684509688549191e-01 -4.019358101123939875e-01 -1.620248042729429683e+00 9.379253047354230155e-01 1.026159100467038288e+00 -1.935094690069629975e+00
5.862870569730741499e-01 6.968986859823688151e-01 -3.925330077220984260e-01 -1.354872322644373073e+00 5.323565498427754727e-01 7.501494290578398783e-01 -1.518755302157658305e+00
6.468538919050930147e-01 4.439184152229735392e-01 -1.457239595876900773e-01 -1.027778492728543602e+00 1.956844430975105409e-01 4.144721901942312048e-01 -8.908288533106343277e-01
6.588910967846451916e-01 -7.819448018219266050e-02 2.916896911940370374e-01 -6.678221754425247569e-01 -2.987876942498795402e-02 6.766973280911278699e-02 -1.495776303365046189e-01
6.774044245430773659e-01 -7.133470303378957045e-01 7.775552282589073272e-01 -2.984322229224884437e-01 -1.680810493815171613e-01 -2.151567524658810071e-01 5.287611246936370080e-01
7.730487534497605395e-01 -1.247325596902076894e+00 1.117268585487826593e+00 9.831691138006849739e-02 -3.110250578326197446e-01 -3.881510349319815534e-01 9.781057267571138247e-01
9.881458656997819112e-01 -1.493140700217463701e+00 1.149232628452319549e+00 5.657753384349265557e-01 -5.362828363446840996e-01 -4.589805062523162893e-01 1.122903948078249226e+00
1.285074097156037265e+00 -1.376419489692470632e+00 8.444233309780156960e-01 1.093427479187453644e+00 -8.480549587515124887e-01 -4.552582935139600218e-01 9.929827175032484021e-01
1.552407908753699051e+00 -9.384894934992116244e-01 2.984413045518417573e-01 1.594509622888938605e+00 -1.216983744315929039e+00 -3.997263549201489075e-01 6.792201272167250892e-01
1.672282508562315861e+00 -2.593330985697459012e-01 -3.718758008618804345e-01 1.985882495514170065e+00 -1.620742862517750904e+00 -3.246629474199346221e-01 2.795701237593947730e-01
1.575803536645561165e+00 5.737007738536592516e-01 -1.064590702006759537e+00 2.247469809931581519e+00 -2.011462470955718729e+00 -2.734018695820944478e-01 -1.204825456813201218e-01
1.237273780773083587e+00 1.426537326500308955e+00 -1.646567898044026812e+00 2.386081414928760136e+00 -2.288326549051860059e+00 -2.685992404189460614e-01 -4.368394927184501841e-01
6.514191698624666182e-01 2.100563890296233360e+00 -1.953266943638821918e+00 2.373633810413278145e+00 -2.338323282928223001e+00 -3.012412870429745371e-01 -5.752668600989553349e-01
-1.346076519760308066e-01 2.407129686811236180e+00 -1.869031875190371395e+00 2.156472480957376092e+00 -2.110851390921042459e+00 -3.608287425183704933e-01 -4.636949901619238923e-01
-9.943503499478651975e-01 2.288408371757074011e+00 -1.394148711800009544e+00 1.736170472513473895e+00 -1.652340347756376726e+00 -4.520454553694097655e-01 -1.168733144346249253e-01
-1.779587267168754261e+00 1.828449594661311739e+00 -6.164582669031620776e-01 1.196123991764783234e+00 -1.057922053564136489e+00 -5.686330703072466353e-01 3.636089972533206316e-01
-2.373236278619814676e+00 1.134657930596322695e+00 3.542422274026997830e-01 6.148025133780594675e-01 -4.087985418652699821e-01 -6.735726684692727728e-01 8.680841214446610721e-01
-2.672585150061071779e+00 2.946116751100770204e-01 1.378250965312528997e+00 1.851210991068063041e-02 2.142139482951970764e-01 -7.286934764723819180e-01 1.316623517690090450e+00
-2.588756600838749033e+00 -5.501072070870621777e-01 2.265084281785652465e+00 -5.512831498670439645e-01 7.034688461648787028e-01 -7.369559130340858077e-01 1.633938141214594575e+00
-2.108718950434023576e+00 -1.225783339105214198e+00 2.853075606633850736e+00 -1.010165099003650147e+00 9.784002276019690969e-01 -7.377056335604053050e-01 1.770519996829933884e+00
-1.339050051757793236e+00 -1.640413494683361728e+00 3.090025028789185058e+00 -1.295643601047885118e+00 1.038998703135472379e+00 -7.620618857946723779e-01 1.741466696937998382e+00
-4.531919405348951990e-01 -1.788836936181732229e+00 2.991821351110389937e+00 -1.398622926416599688e+00 9.223055933133896822e-01 -8.151531111744495517e-01 1.590820581024195546e+00
3.941665302095616608e-01 -1.682691851961076512e+00 2.583515488533139060e+00 -1.319465961165211976e+00 6.496221175271180703e-01 -9.032623024215986618e-01 1.357940113751151534e+00
1.079216513348469464e+00 -1.354547856098795577e+00 1.933245622102117700e+00 -1.051377404033727370e+00 2.537537948119756859e-01 -1.040099226658370180e+00 1.098819838902961310e+00
1.489031944396772333e+00 -9.025055024962395089e-01 1.188266864719541349e+00 -6.408140481425834700e-01 -1.891787325315664736e-01 -1.216352118380274794e+00 8.878913951523339509e-01
1.560678532530936025e+00 -4.712802085636600968e-01 5.224444546588137284e-01 -2.172103138698350533e-01 -5.923322398358363827e-01 -1.398712094476269208e+00 7.867630457097608554e-01
1.332086028055833982e+00 -1.711122263174397473e-01 5.114920843279287949e-02 9.143211933114593626e-02 -8.973006120957887077e-01 -1.564793218297176214e+00 8.182118417574416602e-01
9.177988394736048550e-01 -7.705139525278561705e-03 -2.083929454633204059e-01 2.647862097646205282e-01 -1.079041420797565820e+00 -1.707041297107038114e+00 9.442037667362574993e-01
4.403571601401830571e-01 9.176746192061931151e-02 -2.977729516011641819e-01 3.804355267204446722e-01 -1.138650996330065945e+00 -1.799669205478285461e+00 1.073012537937825694e+00
-1.904171543524839014e-02 1.647175296629853625e-01 -2.340266438137182936e-01 5.127396518679061543e-01 -1.082423646881255808e+00 -1.794458968993181136e+00 1.129965199254299835e+00
-4.256396047652370451e-01 1.743459432771965190e-01 1.223989759220535595e-03 6.730119939964933629e-01 -9.019514590567845325e-01 -1.651470470555564951e+00 1.107338274737859729e+00
-7.569638080439067274e-01 8.821823600548707456e-02 3.888340112099914481e-01 8.131158815975860765e-01 -5.879475518102007525e-01 -1.349137838494577135e+00 1.020987704341766777e+00
-9.815245066310935851e-01 -9.366564156229939542e-02 8.435936094993122802e-01 8.451202418454464294e-01 -1.598413167150741498e-01 -8.863016346091694420e-01 8.783965481878750481e-01
-1.062200929027592666e+00 -3.557516515394480994e-01 1.233654327637087933e+00 7.037395449856951313e-01 3.124908211590179397e-01 -3.140749413790833722e-01 6.996426753678538502e-01
-9.604660203682839903e-01 -6.320404589525232542e-01 1.399896077810796946e+00 4.212556809231401966e-01 7.199145710086739536e-01 2.514266373529411847e-01 5.102090536210863725e-01
-6.669556760329261591e-01 -8.257219610435700963e-01 1.234042487324240156e+00 1.012332007906848186e-01 9.749544185797232032e-01 6.768591705375325285e-01 3.347448918108700266e-01
-2.318498591372367412e-01 -8.861663326114546102e-01 7.576465011496575919e-01 -1.776912970278822779e-01 1.050609990618892153e+00 8.722645027014022112e-01 2.056908257942713369e-01
2.673311287165782701e-01 -8.054094442008118415e-01 9.372652259661770624e-02 -3.995909120104045864e-01 9.519947588431322272e-01 8.087274357907904276e-01 1.317291646529742677e-01
7.644713218386881559e-01 -5.731002177680470933e-01 -5.986021067542945939e-01 -5.583003024490854616e-01 6.835463599339566265e-01 4.950894808225301813e-01 7.901629037593591032e-02
1.166246724928962308e+00 -1.999001387411965536e-01 -1.126871448141022469e+00 -5.960638479232239773e-01 2.578552199490637964e-01 -4.145272870587320829e-02 3.105708510898850042e-02
1.306292987297720920e+00 2.130158841096101707e-01 -1.273637674887577953e+00 -4.638316295498236541e-01 -2.634872151474060842e-01 -7.304475131710878033e-01 6.677051854635054906e-02
1.048595640607230983e+00 4.890294253195385243e-01 -9.415944957994577535e-01 -2.630643207008223072e-01 -7.598088097671447105e-01 -1.415552378985613036e+00 3.121398841782365707e-01
4.632665204587940178e-01 4.999541673984080892e-01 -2.780296751377906439e-01 -2.101272846527361127e-01 -1.120344355282960391e+00 -1.904825544602380294e+00 7.797868323789030054e-01
-2.137773765499607626e-01 2.262254409098239660e-01 4.640887880438588908e-01 -4.132542340289598326e-01 -1.300236437701696834e+00 -2.110921774122749284e+00 1.348804490844804027e+00
-7.992313606410847981e-01 -2.965055430326083430e-01 1.142650099064877800e+00 -7.849717908404235667e-01 -1.289390432754154103e+00 -2.098371099437013054e+00 1.910553261745544296e+00
-1.226334957126486991e+00 -9.805252057338120775e-01 1.729383880950095209e+00 -1.163467095922767536e+00 -1.096459042543672879e+00 -1.989502075329103503e+00 2.398579575958580623e+00
-1.443131743260064548e+00 -1.642043783880651198e+00 2.179025632927519052e+00 -1.429247007248783286e+00 -7.920618830372265773e-01 -1.872599794713501575e+00 2.697212551137507131e+00
-1.379408977684667859e+00 -2.050466351621612837e+00 2.389139944249617287e+00 -1.518250702920850292e+00 -5.016994793710827238e-01 -1.785359475946175944e+00 2.661095649469146451e+00
-1.002523366301562469e+00 -2.027696467945342640e+00 2.270927826613132972e+00 -1.394536499627510473e+00 -3.322490324096205594e-01 -1.724372612714242026e+00 2.219799407817631298e+00
-3.736503750127195822e-01 -1.533766150238681458e+00 1.829027136552574540e+00 -1.072445163047675454e+00 -3.114344165527945241e-01 -1.650086752469865692e+00 1.441577259074909412e+00
3.390090185913107734e-01 -7.244467289002446408e-01 1.184645941634475896e+00 -6.532446634940614061e-01 -3.822261067875979967e-01 -1.519180964453747507e+00 5.465465668847622194e-01
9.381755033928658172e-01 1.240195498481961311e-01 5.081217447291759282e-01 -2.711776994336221325e-01 -4.696581944255888152e-01 -1.335266163227283531e+00 -1.733678805602570649e-01
1.288726785650113449e+00 7.746413873112433235e-01 -6.363210047542743053e-02 -1.410162776665480934e-02 -5.423211691349600905e-01 -1.152089045125838984e+00 -4.954335069994272311e-01
1.331804074333230670e+00 1.101425807326982920e+00 -4.490910329704105308e-01 7.041883408025315094e-02 -5.948379744804274116e-01 -1.026191572138910546e+00 -3.472935044957921602e-01
1.088937808491911241e+00 1.085300233383299506e+00 -6.358573167715992902e-01 -3.450463920244513372e-02 -6.286072541238150180e-01 -9.895613278034465221e-01 1.913759722723386847e-01
6.610859073426508248e-01 7.932029170262596685e-01 -6.726960391473132406e-01 -2.708641175862048778e-01 -6.599662636201020227e-01 -1.058199071015657022e+00 9.471590003278285153e-01
1.719625672952379003e-01 3.393062333347677262e-01 -6.105296035822451728e-01 -5.175433820285437747e-01 -7.041515331624480512e-01 -1.228843607939386962e+00 1.728318485723245646e+00
-2.822113448933727398e-01 -1.497778193283928194e-01 -4.821735091737326395e-01 -6.719811834223319291e-01 -7.584191212229324242e-01 -1.469457857927593203e+00 2.365889670128043853e+00
-6.256350656681066713e-01 -5.469677669966817035e-01 -3.363385504202950349e-01 -6.813579272070861004e-01 -8.169918464359918753e-01 -1.730811015651750440e+00 2.728933925627917478e+00
-7.934676462329137703e-01 -7.363448720980673157e-01 -2.340152048788017580e-01 -5.179078962445340384e-01 -8.839573249542359568e-01 -1.955565666542740111e+00 2.733247931810833364e+00
-7.664346684610581217e-01 -6.818502836617974516e-01 -1.896054499006935012e-01 -1.995277014073002786e-01 -9.507319952090694803e-01 -2.082568958401873171e+00 2.376957865985030782e+00
-5.771147470841878624e-01 -4.527134060784804293e-01 -1.715636546327234946e-01 1.845425108079211396e-01 -9.940147430394147277e-01 -2.067214291127945192e+00 1.750736628922063609e+00
-2.408745869420846064e-01 -1.066851521236114320e-01 -1.873370926995272523e-01 5.339622654345721475e-01 -1.020385707536038966e+00 -1.902724751608385390e+00 9.565387830072984432e-01
2.535474488004353932e-01 3.387581655080916798e-01 -2.790269196823840780e-01 7.854998381627570359e-01 -1.054424853983035204e+00 -1.624672758235298664e+00 8.034620807991034452e-02
8.577514963497449019e-01 8.076793846909828822e-01 -4.536241004620703010e-01 9.013496704380815627e-01 -1.092192209165889993e+00 -1.295641442653257203e+00 -7.521521307388788768e-01
1.465327204350810542e+00 1.196637344925984836e+00 -7.112645959017633857e-01 8.869472069252798407e-01 -1.126994086663921202e+00 -9.818954140555001819e-01 -1.410015882074310944e+00
2.009174000049848363e+00 1.457899007423832716e+00 -1.059091082655392091e+00 7.928978068455259098e-01 -1.161010900023415005e+00 -7.370902863640704794e-01 -1.829126001494591591e+00
2.473518813356442081e+00 1.581662639799929382e+00 -1.440014382205533350e+00 6.576598158759279222e-01 -1.160655688426502685e+00 -5.833069190261859216e-01 -2.003721356709073476e+00
2.818887954380532079e+00 1.560489710320268175e+00 -1.721568968180286152e+00 4.700512182403410733e-01 -1.065854697626199998e+00 -5.001028103222172616e-01 -1.951644844054866157e+00
2.969194015477567117e+00 1.386457772333324900e+00 -1.782591483848816161e+00 1.883900489404106149e-01 -8.487520484098205475e-01 -4.487927245196653425e-01 -1.704226713659216186e+00
2.897572469181306509e+00 1.119127249775391020e+00 -1.633616947817783771e+00 -1.780063450223675070e-01 -5.586621249748667806e-01 -3.989699493341983816e-01 -1.351394493731560953e+00
2.678213836349149890e+00 9.226696175606945438e-01 -1.429477439769340164e+00 -5.169627773287926997e-01 -3.041956193892517146e-01 -3.175387186309545640e-01 -1.067975350002113410e+00
2.398432647402881646e+00 8.889900814932074624e-01 -1.285966875293789169e+00 -7.191869824620579221e-01 -1.364835297994281271e-01 -1.645735723540117934e-01 -9.762332109492961596e-01
2.057140968523761160e+00 8.959746346553850715e-01 -1.161246072620864878e+00 -7.960415143593957410e-01 1.862342853984854871e-02 7.417000377499932684e-02 -1.015864859418670774e+00
1.621636619787097500e+00 7.723163003441370078e-01 -9.867821890574952626e-01 -8.280118069347552900e-01 2.577001334138612765e-01 3.728182550285915609e-01 -1.058442991465008642e+00
1.133168440310284186e+00 4.990471238787286268e-01 -7.917823490966410249e-01 -8.577338269674152915e-01 5.915535506568938562e-01 6.964549778813828862e-01 -1.078188727489200360e+00
6.743545671545985165e-01 1.610887462447045115e-01 -6.372978065793027946e-01 -8.869411320443739699e-01 9.723315449388613141e-01 1.032527933551030008e+00 -1.125691357540050452e+00
2.797457561685269822e-01 -2.249289577054484068e-01 -5.105312549270896172e-01 -9.510425583532540195e-01 1.360992788395164910e+00 1.375967560271134316e+00 -1.196382090328591108e+00
-5.846964741062087023e-02 -7.152774965459379741e-01 -3.606876712776116434e-01 -1.116288995233640557e+00 1.719143136664430305e+00 1.694506994905079722e+00 -1.223202306939178863e+00
-3.366517760005619531e-01 -1.268994195207203912e+00 -2.167796181344076589e-01 -1.369474532543856649e+00 1.968702486603869151e+00 1.932784880492256496e+00 -1.191239923029363101e+00
-5.404838600322778852e-01 -1.725747042393758202e+00 -1.595749221124012629e-01 -1.592426891259785204e+00 2.029598930385908773e+00 2.042875490229663527e+00 -1.152951358160361872e+00
-6.839395573126821892e-01 -1.987014268164869479e+00 -1.741987399950936655e-01 -1.682179166168717543e+00 1.899560066941675673e+00 1.997818276751131883e+00 -1.115311916324976949e+00
-8.092978670218810011e-01 -2.082327039445508010e+00 -1.503574940742327115e-01 -1.638450237940096477e+00 1.644016296068735894e+00 1.790757311460196011e+00 -1.012682770705193080e+00
-9.269241513446747627e-01 -2.037502240969747636e+00 -2.922024195430688101e-02 -1.521508907574091296e+00 1.314657882827412694e+00 1.445650505722662293e+00 -8.205615997995195920e-01
-9.824627778685524060e-01 -1.808897289947851705e+00 1.578581978493302229e-01 -1.383874563592463414e+00 9.327720605417845201e-01 1.032502723376496290e+00 -6.157220628623754077e-01
-9.224349933357954834e-01 -1.405102769515883754e+00 3.909325312702983113e-01 -1.273956213674210858e+00 5.421717993865913243e-01 6.436535771922894389e-01 -4.739563913801515538e-01
-7.575513554536849048e-01 -9.530876851368147440e-01 6.797985214177426627e-01 -1.237447958527293501e+00 2.127589309765577086e-01 3.359386949971200353e-01 -3.822170350298448871e-01
-5.234125853219054880e-01 -5.525293091490619535e-01 9.604065480297413471e-01 -1.251006148286895714e+00 -1.757775553543546726e-02 1.074046449796272618e-01 -3.114619991192674742e-01
-2.384903170056596744e-01 -1.823742823204916597e-01 1.092567403012729699e+00 -1.208213193217896331e+00 -1.539779572081498571e-01 -7.502012831630171241e-02 -2.792206994447452573e-01
5.506017325182026995e-02 1.780175630846021761e-01 9.986568934208025494e-01 -1.026849350860514765e+00 -1.935344172523290052e-01 -2.443980093029379519e-01 -2.772233766404101352e-01
2.733813369920602976e-01 4.636764189605215303e-01 7.242677533065682294e-01 -7.256844619173691280e-01 -1.103977287793213441e-01 -4.220810638864231912e-01 -2.325461995692353623e-01
3.580265694750570105e-01 6.064932372463807120e-01 3.667157989734849965e-01 -3.766388366101758867e-01 1.066583164548992463e-01 -6.137266574153398269e-01 -8.487138246884270987e-02
3.215002695919535469e-01 6.161360550125832836e-01 1.135936326753620752e-02 -4.133655242716965245e-02 4.266472425445128613e-01 -8.013108550325122037e-01 1.510212862128552103e-01
2.013876942848405460e-01 5.492114887343504392e-01 -2.843857872702469924e-01 2.327701766941042416e-01 7.802621632406796515e-01 -9.434139481800226656e-01 4.134476156579022788e-01
1.200921552973628452e-02 4.458088857978425024e-01 -5.019731748825299045e-01 4.039356398663659919e-01 1.089028171160076219e+00 -9.938277118680093336e-01 6.412347363035462156e-01
-2.187442985448391497e-01 3.483874202349230287e-01 -6.705771838670374629e-01 4.574343347863694120e-01 1.291075495958794894e+00 -9.191703754653810510e-01 7.609619159612152073e-01
-4.182938739019722019e-01 3.254984813485970463e-01 -8.272429695901266644e-01 4.164563061130638344e-01 1.354530702329539649e+00 -7.080224074466721085e-01 6.912146338163965842e-01
-5.449860648645833416e-01 3.761677905221920137e-01 -9.256177536844844012e-01 2.931189832426500663e-01 1.307837434309147895e+00 -3.798282544348040024e-01 4.368476731646956379e-01
-6.458642794670542697e-01 3.787823389331436696e-01 -8.414420103639076443e-01 5.460050199997545928e-02 1.239250600792279888e+00 1.473629593160136544e-02 1.223195900977178813e-01
-7.745302299537211166e-01 2.350332669032565436e-01 -5.305967161688363021e-01 -3.156103633317329793e-01 1.217237701001432804e+00 4.063998260010124874e-01 -1.276954578035443544e-01
-9.087482344444202109e-01 -5.554548354662438604e-03 -1.097577318598012552e-01 -7.534148799887887549e-01 1.227735835348831905e+00 7.270839626820844170e-01 -2.819892355750977520e-01
-1.008553075139272837e+00 -2.258627979285096066e-01 2.628745617767988541e-01 -1.147136079635221240e+00 1.212067512390477608e+00 9.334862037014829417e-01 -3.522711062152923955e-01
-1.091643619946394139e+00 -3.635045200745836702e-01 5.008343009416984515e-01 -1.401789010616490083e+00 1.127636908277251937e+00 1.014706286180147465e+00 -3.299730499108241011e-01
-1.168927742887068133e+00 -3.934516544457871690e-01 5.593945403836699803e-01 -1.446274579829105900e+00 9.421218656290895055e-01 9.803225174621558180e-01 -2.320916299778481851e-01
-1.161265014919547811e+00 -2.765191521189894197e-01 4.124990215816165540e-01 -1.232391024978430449e+00 6.219996292886670330e-01 8.587654886215049244e-01 -1.444127947898290742e-01
-9.819166602988718129e-01 -1.960430925216381445e-02 1.234070789950165170e-01 -7.785055669684928237e-01 1.792885090603436871e-01 6.975849768762214520e-01 -1.312425121212701107e-01
-6.522137692263596520e-01 2.759666574716100884e-01 -1.632016744394381713e-01 -1.861024486772333841e-01 -3.170295687947354835e-01 5.427823527859305663e-01 -1.563520773516466345e-01
-2.625025336809497234e-01 5.164530177376384090e-01 -3.664120674232698716e-01 4.250076314914145170e-01 -8.117951742091370493e-01 4.227971586574895690e-01 -1.674060811225643874e-01
1.099623766855662987e-01 7.141423484849930281e-01 -5.277988032360608761e-01 9.908210454071469941e-01 -1.294198814943934739e+00 3.524917191426693019e-01 -1.805812038213493176e-01
3.874041904906177503e-01 9.008137794148446398e-01 -6.784176366653398293e-01 1.486168373381691277e+00 -1.732653039811219875e+00 3.361781325200923209e-01 -2.039612576801517752e-01
4.686454209553080341e-01 1.005725082721292019e+00 -7.468020535634417589e-01 1.860654421077363452e+00 -2.035319945473248460e+00 3.612195572221698625e-01 -1.595348397291398435e-01
3.014557737069520904e-01 9.237077607388567424e-01 -6.684630300165830263e-01 2.064411880650987019e+00 -2.124016197435927289e+00 3.922685737386709115e-01 3.352895253573674739e-02
-3.791040462934425898e-02 6.588602803569598709e-01 -4.927309697351270334e-01 2.120792015316254719e+00 -2.009615221579927891e+00 3.860834101644650129e-01 3.499865475923151226e-01
-3.965168639911440529e-01 3.230322432712728342e-01 -3.129724259881742632e-01 2.101490147140528286e+00 -1.750856515140929881e+00 3.270318087552714914e-01 6.814505971671545037e-01
-6.667749388461398086e-01 1.732527990313936783e-02 -1.562137139779623263e-01 2.037780446954705837e+00 -1.383369560760445927e+00 2.377252986479823915e-01 9.342690193902332130e-01
-8.159284192173703598e-01 -2.225234702738752290e-01 -1.436386734097788850e-03 1.894862768303642087e+00 -9.312572101342388997e-01 1.538237868326882141e-01 1.065584955209182283e+00
-8.329986360370588150e-01 -3.628507292235422232e-01 1.296955274256242630e-01 1.638284790659083390e+00 -4.495241536361026524e-01 1.079388525902056362e-01 1.039120417018578379e+00
-7.244036735566933283e-01 -3.642051493046949417e-01 1.872347995546545796e-01 1.290605187979043000e+00 1.528815033072346936e-03 1.321734554054499744e-01 8.304857438872427222e-01
-5.632519875894568262e-01 -2.810336331647648733e-01 1.903911434646275991e-01 8.894405009532357909e-01 4.094301887083437452e-01 2.570395132656227988e-01 4.997062281836927022e-01
-4.609407650603056239e-01 -2.390125029078667418e-01 2.020800591869932883e-01 4.508465305922613742e-01 7.660670038600543297e-01 4.978991911889402711e-01 1.617877017242521087e-01
-4.592511374888644804e-01 -2.713767554385556058e-01 2.101108093414112421e-01 2.977791236499142263e-02 9.913125345794080445e-01 8.286972261582334909e-01 -1.311802357886236170e-01
-5.180402579533776031e-01 -2.994083622752511942e-01 1.423542219809474652e-01 -2.546024455739615000e-01 9.897371023100275389e-01 1.165011805201791928e+00 -3.825065304716565029e-01
-5.982298429464133482e-01 -2.682375054664211667e-01 -2.556523775545323923e-02 -3.039950034983889271e-01 7.522895627232270011e-01 1.393510204907042915e+00 -5.564655170479178015e-01
-6.791409226389352183e-01 -1.915280463627453134e-01 -2.626044858634458135e-01 -1.057555742411833838e-01 3.406826691015141240e-01 1.426062058627961537e+00 -5.913902681721958654e-01
-7.330316094098336954e-01 -9.772971513327383120e-02 -5.270094453101900056e-01 2.900619607026482805e-01 -1.695695236837497510e-01 1.224661173458110763e+00 -4.674209725749946531e-01
-7.342649339545493925e-01 1.399055205150446721e-02 -7.710109167754852777e-01 8.107118262379405804e-01 -6.990887308463576977e-01 8.112798343386293798e-01 -2.252171356702973581e-01
-6.508664277695214162e-01 2.002501102627065599e-01 -9.583867191565090815e-01 1.370845651032963630e+00 -1.171644825471631624e+00 2.762788453870654859e-01 3.803117775502463244e-02
-4.384912986309753569e-01 5.213903792371984425e-01 -1.071643571286276186e+00 1.856626302918082727e+00 -1.513312689799045652e+00 -2.454317140114885276e-01 2.124021847664355200e-01
-1.177257833861854730e-01 9.059897067113694691e-01 -1.058676385569813583e+00 2.111992246937030693e+00 -1.623159248770632557e+00 -6.203054339230856806e-01 2.694043266972855899e-01
1.782083574238554347e-01 1.149688441539911121e+00 -8.492209890830343388e-01 2.004331064933353446e+00 -1.406062944552362026e+00 -7.583955963563226987e-01 2.805211365798921941e-01
3.131069430450710844e-01 1.128172640746688549e+00 -4.820180574970938658e-01 1.565587972930090555e+00 -8.802042489954333693e-01 -6.451345778620380944e-01 2.971146252691393430e-01
2.594825003684259057e-01 9.261353673099229633e-01 -1.274683114950183049e-01 1.007487010196746802e+00 -1.919289317884762258e-01 -3.344583510463187137e-01 2.735892083328558821e-01
5.785843996093215091e-02 7.042729576472535058e-01 6.147967952107064038e-02 5.425602874365769157e-01 4.931846559130638741e-01 1.001480484987115616e-01 1.528270522505700002e-01
-2.675214774081136060e-01 5.225109368043014957e-01 6.800253861686766932e-02 2.481027052828686519e-01 1.063047948861773451e+00 5.926447717615536126e-01 -3.855456787042475797e-02
-6.997355372964706444e-01 3.418258073555688337e-01 -2.950580758633497558e-02 1.071076431297078163e-01 1.446311402327044471e+00 1.068876137016197214e+00 -2.224680562482053148e-01
-1.168491374474090350e+00 1.436972826936477043e-01 -1.544999075939841038e-01 9.915202959465445331e-02 1.592642372912905557e+00 1.450372744311053008e+00 -3.585519284368151594e-01
-1.560604775058736182e+00 -2.777589223060732138e-02 -2.529024116273562717e-01 2.173930266811752721e-01 1.482048006604185009e+00 1.686382591828270661e+00 -4.575592930416574333e-01
-1.783077762139041234e+00 -1.128900871911705101e-01 -2.978894911551190905e-01 4.350896705713370727e-01 1.127003805193435237e+00 1.762452470074400424e+00 -5.370664735952630497e-01
-1.780321159098368522e+00 -6.218035337702863818e-02 -3.274978487852582276e-01 7.024090344397411201e-01 5.614610227495849815e-01 1.680161605342073372e+00 -6.034818883013958191e-01
-1.529798575199808219e+00 1.547565845769337811e-01 -4.046090796858647365e-01 9.649004691144830170e-01 -1.432874708242940498e-01 1.447573308225958089e+00 -6.524731036332460654e-01
-1.068594042184452642e+00 5.070478785909510178e-01 -5.068940575519235159e-01 1.146168417379642035e+00 -8.593502095714449229e-01 1.094880640801112248e+00 -6.607504559460180005e-01
-5.132378016916481211e-01 8.682049995874381310e-01 -5.170748694734551565e-01 1.139162439244234104e+00 -1.436418381085481144e+00 6.781058898651614042e-01 -5.776597890916823630e-01
-1.976066773466243071e-02 1.090899881849918929e+00 -3.541767029043640935e-01 8.795251631556429972e-01 -1.773566460334783157e+00 2.522789067060298707e-01 -3.578953200022354508e-01
2.903339099862589645e-01 1.138738426513547397e+00 -6.696713951341028148e-02 4.285164373654105630e-01 -1.860711456144581444e+00 -1.455835371647639376e-01 -2.722560204035719134e-02
3.671633234013937375e-01 1.088170761427429856e+00 2.377166625434164737e-01 -6.279512833760915458e-02 -1.752619419318387495e+00 -4.855741017637835721e-01 3.182292524185549309e-01
2.179886131357038070e-01 9.991484020649036291e-01 5.110307792405587302e-01 -4.758897660753693137e-01 -1.506449595535276798e+00 -7.446533289701654512e-01 5.984477628580989750e-01
-1.003202297624367773e-01 8.598568463853079047e-01 7.506779792839702870e-01 -7.841459966421908678e-01 -1.158283654345387381e+00 -9.208335898383585016e-01 7.850891960442049067e-01
-4.618128223623378381e-01 6.791935079426795197e-01 9.105612098409223698e-01 -1.003121814048185234e+00 -7.572557769918835113e-01 -1.017915996824428682e+00 8.319107202303283044e-01
-7.137117637473751053e-01 5.364643064940762818e-01 9.102939040065940457e-01 -1.134226550846769488e+00 -3.694963040078400041e-01 -1.014855548469599800e+00 6.606579144814708204e-01
-7.934756950724395352e-01 4.777930961694936141e-01 7.369031927570039997e-01 -1.183100580602507002e+00 -2.207587273122505606e-02 -8.727039775066346428e-01 2.676917825051712274e-01
-7.605273279925414132e-01 4.358641033829107059e-01 4.581408883911872731e-01 -1.189345541962857800e+00 3.069131918676009096e-01 -5.780039859870255148e-01 -2.229722904267857631e-01
-6.853027711617079021e-01 3.076235529623062015e-01 1.225780119565022253e-01 -1.188022701620686572e+00 6.212203507935726288e-01 -1.761988724442752341e-01 -6.519962297068340185e-01
-5.741831781909919608e-01 6.349772338796808024e-02 -2.739751991096276429e-01 -1.158008063403874743e+00 8.804400541333466945e-01 2.473353345077770604e-01 -9.297415668110623477e-01
-4.315292276551655481e-01 -2.537347651575717622e-01 -6.939996861497906844e-01 -1.038502551086252890e+00 1.053835579062513350e+00 6.236263213456001431e-01 -1.035571214813179930e+00
-3.140393081743108605e-01 -6.042299682526318660e-01 -1.005513949208381330e+00 -8.010974554472196640e-01 1.154077389574840629e+00 9.283302688330853369e-01 -9.648066090017791696e-01
-2.719795691286956973e-01 -9.752761948508474887e-01 -1.089772217987234892e+00 -4.919378621268170604e-01 1.208377868633124796e+00 1.160623927652529419e+00 -7.306216925309724219e-01
-2.726731234849665841e-01 -1.311085241452208949e+00 -9.785812442375215747e-01 -1.741893240950888877e-01 1.213566199929505984e+00 1.314384455795840179e+00 -4.174925497033077915e-01
-2.153953155757445115e-01 -1.488830995013183278e+00 -8.161850643299869423e-01 1.453618396203254226e-01 1.131424123798254078e+00 1.377195645879977448e+00 -1.684054201778744375e-01
-3.037770679448662664e-02 -1.439026841515054667e+00 -6.873504106708157035e-01 4.807458170390645491e-01 9.458410510283727923e-01 1.344572457181687719e+00 -6.551163644934848707e-02
2.453427553270939865e-01 -1.232176563629324040e+00 -5.660857656761212331e-01 7.981816088569428924e-01 6.984083411603019265e-01 1.217741717359003495e+00 -5.999750764935824626e-02
5.243782216964151255e-01 -9.855464040981497531e-01 -4.293584839264077968e-01 1.045512128791282525e+00 4.356456528735840883e-01 9.955363658605438371e-01 -6.308827495243117534e-02
7.766118318779008378e-01 -7.482721719133259564e-01 -3.094881277929875107e-01 1.212283205275062947e+00 1.638570618804376655e-01 6.849468025414512384e-01 -5.227226235571878071e-02
1.015495964965115405e+00 -5.292474354041422080e-01 -2.207951520888903618e-01 1.302303340934067410e+00 -1.101567002234989379e-01 3.129199662627943357e-01 -4.033422050056507946e-02
1.233817147693997196e+00 -3.658960911500139246e-01 -1.329160367286081057e-01 1.283170331304058331e+00 -3.422669380038486087e-01 -8.348924837027495161e-02 -1.206364578809795279e-02
1.436097139097203712e+00 -2.895549975898424333e-01 -3.161883409668127948e-02 1.117130776250429891e+00 -4.875550871366965411e-01 -4.701705561935216604e-01 3.591631371217444274e-02
1.657992766586994904e+00 -2.718179616569466606e-01 6.694181384015558678e-02 8.250129112356853200e-01 -5.312814593171446553e-01 -8.106419094733541275e-01 5.443057048239399731e-02
1.885299085043534939e+00 -2.738700664524398309e-01 1.564777937651732620e-01 4.794978416231711615e-01 -4.687872148872331834e-01 -1.066806301205682539e+00 1.029144145343672580e-02
2.035535777898656473e+00 -2.988990404100618781e-01 2.247758541596537873e-01 1.452677012160603909e-01 -2.992192369916764072e-01 -1.218977994694664835e+00 -6.547200846265492646e-02
2.057879827652844718e+00 -3.344461384489241240e-01 2.105346424536647387e-01 -1.296202675518982050e-01 -5.707124259527032728e-02 -1.270495852739721876e+00 -1.505661086414596950e-01
1.982178859152047945e+00 -3.020099822055970495e-01 4.193739717879210044e-02 -2.890542179129630962e-01 1.805906974202806381e-01 -1.230003111444541553e+00 -2.842461606803773910e-01
1.854178234478818244e+00 -1.291122537826965011e-01 -2.871616937909328149e-01 -3.063792592104627177e-01 3.463495019520734242e-01 -1.105949796549849484e+00 -5.002917218506088837e-01
1.685661576252528882e+00 1.864698055301841906e-01 -7.358955124844062112e-01 -2.272273219146252465e-01 4.153609696422506659e-01 -9.211582881150321978e-01 -7.704128133492527120e-01
1.486311152015948434e+00 6.202509889817228173e-01 -1.286198547673523152e+00 -1.156316995590093016e-01 3.719681837471467967e-01 -7.209858999794168666e-01 -1.043859494249994802e+00
1.279132978433444423e+00 1.136079172005963311e+00 -1.899726031573716778e+00 8.094393679944793252e-03 2.059502558636887026e-01 -5.568556034076383998e-01 -1.270027398655063200e+00
1.053302978869248507e+00 1.625642574343914459e+00 -2.427656460993279364e+00 1.249132004059272244e-01 -4.344891734938034072e-02 -4.555762840031779559e-01 -1.364005066333930705e+00
7.414792378145534935e-01 1.905242256065938999e+00 -2.662668466800612865e+00 1.610968516824580754e-01 -2.892264695621151738e-01 -4.130882630424230206e-01 -1.213500369225616993e+00
2.778583728540636177e-01 1.818565747321229109e+00 -2.487936325426671313e+00 3.583552016487110553e-02 -4.538687549210804195e-01 -4.216475479565151563e-01 -7.542468867299921831e-01
-3.155687076686205517e-01 1.340902469951164466e+00 -1.943111258661324614e+00 -2.560112178849823228e-01 -5.166264515827490023e-01 -4.799093169397831704e-01 -3.860700988093995062e-02
-9.222110444483038183e-01 5.576334075424922432e-01 -1.155931511670839962e+00 -6.535059143093183698e-01 -4.991041625282604532e-01 -5.793383997544016006e-01 7.920462106051348039e-01
-1.396509888344373618e+00 -4.096966057894879665e-01 -2.677776775819374899e-01 -1.088185665001584423e+00 -4.285983318068877224e-01 -7.029584375437334387e-01 1.579692190149155628e+00
-1.606212510215297096e+00 -1.397768290401492752e+00 5.662206621140991603e-01 -1.482687195342713649e+00 -3.344094252052686733e-01 -8.199425837909980475e-01 2.157523012670061746e+00
-1.472519798666618085e+00 -2.211499277332711788e+00 1.197953386146063615e+00 -1.741450959816089883e+00 -2.384822791542801634e-01 -8.775631350178023649e-01 2.370537486686062234e+00
-1.037259522332249162e+00 -2.719206330288883144e+00 1.554415695856690816e+00 -1.797838851976425234e+00 -1.318137748764581785e-01 -8.324105597621078712e-01 2.171817105758735433e+00
-4.571910142473208927e-01 -2.891385228916650618e+00 1.643128424194681081e+00 -1.643538302537543627e+00 8.678912021133097440e-03 -6.911264159010197528e-01 1.653006973604425056e+00
1.178269991223098723e-01 -2.717731331768371117e+00 1.482846232176930235e+00 -1.295677899399134470e+00 1.655423422839615577e-01 -4.983345265919965628e-01 9.381086807341632028e-01
6.290970765430879963e-01 -2.166437985051895332e+00 1.089993680117432140e+00 -7.751265752558263999e-01 2.734392022735893102e-01 -2.910747225611354239e-01 1.050151692779856955e-01
1.043005824477611032e+00 -1.297688961191158841e+00 5.509601522573929211e-01 -1.505030686823972397e-01 3.035734517457805426e-01 -8.062686383363426579e-02 -7.481630437041681958e-01
1.280245406760929017e+00 -3.456669034060475543e-01 3.596930874863410454e-02 4.265834308846430112e-01 3.246220153523138308e-01 1.289215656391375642e-01 -1.446511967797348808e+00
1.285950603372320922e+00 4.285720005137476085e-01 -3.139696554023958530e-01 8.012039306308196274e-01 4.258940445530159380e-01 3.189947381196737153e-01 -1.842734556254458811e+00
1.113958026028883053e+00 9.311114657021614116e-01 -4.796503819630412724e-01 9.382779077734894058e-01 6.097065647172124070e-01 4.571719481177464739e-01 -1.929766944930473738e+00
8.612986081171272179e-01 1.195745562792666083e+00 -5.030863241801005747e-01 9.126082966402599972e-01 8.064051594169792114e-01 5.130870250296837298e-01 -1.774285496031529297e+00
5.705785829649194785e-01 1.245756240287146710e+00 -4.083753055728866488e-01 7.954433936271831929e-01 9.508554751201344635e-01 4.667840527665380046e-01 -1.410403693545498882e+00
2.655419019004521264e-01 1.117835817093423501e+00 -2.418695008800062773e-01 6.156674186862451936e-01 9.976170303276269413e-01 3.182595657811788659e-01 -8.812397260357679452e-01
2.591670066015362792e-03 9.191778805907969696e-01 -8.435550933120057604e-02 3.995300947322891205e-01 9.119718088510819776e-01 1.051263692600165750e-01 -2.967759408169716173e-01
-1.841251748066505267e-01 7.262822125399285289e-01 4.433641774978506339e-02 1.678252867403047521e-01 7.031363527798011326e-01 -1.117059103387757490e-01 2.447634180317810049e-01
-3.080012577148500408e-01 5.099345906005102735e-01 1.890056604274734098e-01 -8.850797668076688940e-02 4.322512817656879447e-01 -2.958230833828500161e-01 7.191046620665243472e-01
-3.573312004846900258e-01 2.464974947541747063e-01 3.306166455085988720e-01 -3.581206021302087428e-01 1.482857031090566713e-01 -4.522988001335859765e-01 1.097539486867077141e+00
-2.804655781158745254e-01 1.336068648162333852e-02 3.596599481253652253e-01 -5.505632547377313779e-01 -1.462276953398398693e-01 -5.962928791353497848e-01 1.291228451390362464e+00
-6.831065058310489824e-02 -7.198331704245797269e-02 1.961482397963184854e-01 -5.484362350455859181e-01 -4.538443123974381099e-01 -7.170554304798162359e-01 1.219727377258046808e+00
1.954296178453940602e-01 3.424896986714019015e-02 -1.166551523456716283e-01 -3.120698699584734670e-01 -7.418623864957810676e-01 -7.690293152959987166e-01 8.983888939695665599e-01
3.716880026300528606e-01 2.398993263620910199e-01 -4.261438739495623240e-01 8.111631634318160200e-02 -9.379827048676302459e-01 -7.045032390482681706e-01 4.579932424584462480e-01
3.716524647274996318e-01 3.905243408542550809e-01 -5.910523783294744371e-01 4.869242803858627733e-01 -9.781812360855248745e-01 -5.226605723407584669e-01 5.853642115365007004e-02
2.326949949442175536e-01 4.222470662362380889e-01 -5.966270958887964770e-01 7.951482512920085011e-01 -8.729666748838640356e-01 -2.692055485735755371e-01 -2.313674651177930197e-01
4.807944900439278108e-02 3.731352278757635310e-01 -5.048970069512910275e-01 9.716512034952713428e-01 -6.785088686857290163e-01 6.895411942857225182e-03 -4.211947123775129920e-01
-1.401648326281538515e-01 2.702270674945198570e-01 -3.473330526603606305e-01 1.002373068927250976e+00 -4.252112405869130085e-01 2.713803943098208049e-01 -5.050575241379370306e-01
-3.247657888820501548e-01 1.107981473488824087e-01 -1.381974321870819145e-01 8.720303506748184885e-01 -1.405164950368548715e-01 4.945425420016038576e-01 -4.675961638776135465e-01
-4.847738115913883261e-01 -5.287867757160197996e-02 7.266622008281188594e-02 6.195427706157260461e-01 9.854214727822255271e-02 6.533547784310672624e-01 -3.450709915917448134e-01
-6.174859305316803271e-01 -1.058337588330993950e-01 2.202335122162341619e-01 3.394710605710598572e-01 1.940289568729981484e-01 7.456389437818067289e-01 -2.112940323988782565e-01
-7.530384741757615297e-01 7.983514771382659719e-03 2.728263221907048508e-01 9.659892966097322065e-02 1.032046985116066018e-01 7.824277036960163301e-01 -1.100563587080849864e-01
-8.871236383838009276e-01 2.286997135660592539e-01 2.300886224877106145e-01 -1.064562005591040278e-01 -1.394908324148107226e-01 7.578863993391679044e-01 -4.123389464055361026e-02
-9.529476071144918903e-01 4.678197502295373122e-01 1.110504769823368876e-01 -2.704138298999695378e-01 -4.581286517371357947e-01 6.524176177688937317e-01 -6.191898804502748641e-03
-8.907219181287252541e-01 6.635418983332519449e-01 -1.507252874609414824e-02 -3.808868659260558065e-01 -7.534058695060388278e-01 4.750556991031784637e-01 -1.996870306317006377e-02
-7.047980934501298922e-01 7.718419902143590638e-01 -5.587285241517937068e-02 -4.401071444323385595e-01 -9.327407906868511178e-01 2.688820830975922616e-01 -8.320711708687400510e-02
