-6.086485161287412682e-01 -1.789119389219430145e+00 6.369025805917727379e-01 -9.550370440760261870e-01 -7.873281959434426380e-02 1.702247718683248090e+00 1.467786264630049908e+00
-5.065395224674436037e-01 -1.262662315216147579e+00 1.178992441712024691e-01 -5.090556527469045633e-01 1.397579898748816662e-01 1.229793895840551876e+00 7.976561611898602688e-01
-2.236335351976611596e-01 -3.993319474729910556e-01 -3.272751871629963061e-01 -2.844651584394352912e-03 2.521080071717159976e-01 4.477902996932246471e-01 -6.298501393665870141e-02
6.691492262355487608e-02 5.456797585179782306e-01 -6.208218995770800053e-01 4.669677328271575334e-01 2.540788223233899634e-01 -3.858178138863413986e-01 -8.512462672874725467e-01
1.894322861269552294e-01 1.218832352912464501e+00 -7.002038610090106641e-01 7.658941465206088317e-01 1.673091996718187591e-01 -9.574735441524535595e-01 -1.240762423278108040e+00
1.014140248957240836e-01 1.387068857702158597e+00 -5.612884835093309155e-01 8.025357400455547241e-01 1.652113481873949269e-02 -1.093914549762065924e+00 -1.038198233819545457e+00
-8.861057594378754509e-02 1.059329535469211825e+00 -2.781959201165045137e-01 6.025522392661134541e-01 -1.771003860874758307e-01 -8.154046651133958212e-01 -3.237419732801982697e-01
-1.882396367827295913e-01 4.658903932265016645e-01 4.668962264934321121e-02 2.990005808790601183e-01 -4.239093427241293344e-01 -3.129321812318748841e-01 5.670109787751951291e-01
-5.309763027743569230e-02 -8.909482698476528517e-02 3.506278784838665619e-01 3.517093206294968216e-02 -7.654364414486187762e-01 1.231870913626686992e-01 1.255658363592111471e+00
3.056975447903063636e-01 -4.118978157894792047e-01 6.039656308743983626e-01 -1.178569329031268070e-01 -1.186338601982365404e+00 2.726401647053200983e-01 1.543646000853281075e+00
7.465175902517864337e-01 -4.874521480073062407e-01 7.628728996756093395e-01 -1.611918156231789412e-01 -1.566513254155730284e+00 1.213763601259335023e-01 1.450950342485623823e+00
1.098994091728513256e+00 -4.186039326768331570e-01 7.755755876523290349e-01 -1.386212860509083988e-01 -1.755731451618881112e+00 -1.761734406891078963e-01 1.131144829907428262e+00
1.257505691897872424e+00 -3.250900722251595654e-01 6.200713542295738234e-01 -1.050332658802917291e-01 -1.664307808247172726e+00 -4.367896478389596271e-01 7.618790927165606242e-01
1.237474721370619202e+00 -2.586389026161843296e-01 3.144694521595550185e-01 -8.186858179389300272e-02 -1.293870322840051656e+00 -5.555562978060181178e-01 4.285909569702509581e-01
1.134952874919798349e+00 -1.848648731734184314e-01 -8.081182128158805045e-02 -4.809190014095370003e-02 -7.357499548104554643e-01 -5.321038109118996218e-01 9.309597224408214244e-02
1.001288108533861410e+00 -5.488291446934244477e-02 -4.642866963149295256e-01 5.780380856537879579e-03 -1.315722664119132190e-01 -4.227140609284130712e-01 -2.962433125216415997e-01
7.897454434003396972e-01 1.144456194019486256e-01 -7.384304634917561172e-01 4.618266164588494260e-02 4.142763320008776562e-01 -2.644381399587342196e-01 -7.023427543735237810e-01
4.313610027782248113e-01 2.381428646638266144e-01 -8.619167018125358792e-01 2.907760252543989399e-02 8.736822086503438500e-01 -4.866094857868116796e-02 -1.012090286358021896e+00
-8.693482260953880325e-02 2.188970496147902012e-01 -8.461698167156606054e-01 -7.239085778444727393e-02 1.246925433203945222e+00 2.452514776455287926e-01 -1.098130701702394019e+00
-6.969537990144943906e-01 1.775238828014239975e-02 -7.278506251027189178e-01 -2.458539574475199219e-01 1.525608030752326538e+00 6.093053270959797318e-01 -9.080611035653757268e-01
-1.252219349834549300e+00 -2.948550713319129657e-01 -5.505561636083696753e-01 -4.121311570401526292e-01 1.687111404556324024e+00 9.765338212586532896e-01 -5.423624304495971993e-01
-1.597789791325439079e+00 -5.643130407474242771e-01 -3.482374948340450360e-01 -4.609989726154833378e-01 1.687004141026875681e+00 1.220693733103550338e+00 -2.060557774047011570e-01
-1.693659749983740026e+00 -6.589722069164061224e-01 -1.471899108819108570e-01 -3.406814485010215554e-01 1.499224882591187580e+00 1.237359295119997871e+00 -6.035185738635098079e-02
-1.651319597307816522e+00 -5.696376649860488417e-01 1.906192769333889259e-02 -1.003594987827510776e-01 1.181620558133269050e+00 1.049223393993703679e+00 -1.203222967299651391e-01
-1.623280096148791429e+00 -4.078120505036970100e-01 1.218715178647531427e-01 1.449426214263701829e-01 8.493151626507503549e-01 7.941186758039502358e-01 -2.637983079994780100e-01
-1.678591909979375796e+00 -3.153069681887042397e-01 1.591008499760364070e-01 2.797458667970634805e-01 5.908849271279350557e-01 6.161182072938193865e-01 -3.209213079424733106e-01
-1.757544329758553348e+00 -3.546405999628773897e-01 1.364408770768789081e-01 2.573808774662285082e-01 4.369571380559257312e-01 5.779910791557386629e-01 -2.058008712790928840e-01
-1.688846819927821041e+00 -4.428263015840741557e-01 4.559300156690126310e-02 1.388040746496324307e-01 3.480150875117337672e-01 6.099604492567918257e-01 -3.215252039996303185e-03
-1.298885037752230964e+00 -4.078725953747254218e-01 -1.052734104602168347e-01 4.122392866443240489e-02 2.025620286944141146e-01 5.255824220293210391e-01 1.241813222193174915e-01
-5.829852992804940293e-01 -1.761210018524919096e-01 -2.653584441371303893e-01 2.192665024197219120e-02 -1.011015973277431534e-01 2.108673263699182010e-01 1.367035602978588782e-01
2.503607031495688195e-01 1.063748753330235192e-01 -3.664599287969450003e-01 2.140174623428614878e-02 -4.819711338010030377e-01 -1.785417550685030885e-01 1.422973470766035475e-01
9.315071546465607533e-01 2.763980663412702876e-01 -3.942079139135824528e-01 -1.586615597222607379e-02 -7.129248930815357266e-01 -3.982278699539447131e-01 1.597038490973295422e-01
1.273688404960799492e+00 4.425613051036637047e-01 -4.656747497971461258e-01 3.231446557118050622e-02 -6.444052735606786708e-01 -4.526226840207590030e-01 -1.671813994582451585e-02
1.185515468481464829e+00 7.665675056676726218e-01 -6.897497264677272533e-01 3.256471509354206817e-01 -3.062039574786910578e-01 -4.932135523659822995e-01 -5.042986880070911004e-01
6.622788011688880427e-01 1.025484724722873331e+00 -8.868744370289748380e-01 7.254830569112651339e-01 2.059511730539190788e-01 -4.812136165334429672e-01 -1.025214870615374751e+00
-1.897953040627654853e-01 8.071552643420198958e-01 -7.368007765208286486e-01 8.755433483664973870e-01 8.134920386107582502e-01 -2.208793335166777949e-01 -1.177212279297172870e+00
-1.159941400409579382e+00 5.991276192723780925e-02 -2.353890827376887429e-01 6.331786935527974336e-01 1.383674047189858314e+00 3.294448410345724443e-01 -8.406907622102065547e-01
-1.982967655426924214e+00 -8.414412650566450713e-01 2.766313527508972303e-01 2.063987935763584303e-01 1.723934302100243121e+00 9.659859853930321538e-01 -2.064245841319042873e-01
-2.398559251671745329e+00 -1.451827373220564654e+00 5.055637207458634208e-01 -1.091622538521243024e-01 1.711959434331856267e+00 1.428839881343085594e+00 3.856672890062054493e-01
-2.251225488872282021e+00 -1.537600493947420599e+00 4.506209103239562364e-01 -2.008183567869718245e-01 1.353146089057660761e+00 1.555977729313317681e+00 6.354475552956009299e-01
-1.604129384840075945e+00 -1.116020039772911421e+00 2.781128820092758080e-01 -1.464227208725112361e-01 7.527642247605013104e-01 1.302606983184797285e+00 4.423973795175220047e-01
-7.175709728187570358e-01 -3.752140726047850094e-01 9.453136081302566940e-02 -5.774162157169593357e-02 1.035907622222760477e-01 7.581402493037522339e-01 -7.838783342244035057e-02
1.028532851145083776e-01 3.892513428723509694e-01 -7.869130391208471742e-02 -3.771630990804075278e-03 -3.654834209734165729e-01 1.455941685126411200e-01 -6.606246059311146057e-01
6.615540601400139442e-01 8.824430239756207994e-01 -2.245171109659751252e-01 -1.035349538497524861e-02 -4.834100869058438055e-01 -2.931459105209616167e-01 -1.021667703530477533e+00
9.528908859857052605e-01 9.789152760465286152e-01 -3.067575139176114685e-01 -5.001761353851671976e-02 -2.239238091088263383e-01 -4.501045657074031481e-01 -1.056363422325525159e+00
1.068573722727362174e+00 7.523265450022149636e-01 -2.631291651929680286e-01 -8.925927885960439900e-02 2.482701369691801552e-01 -3.844794493898067156e-01 -8.424297481217351002e-01
1.027438860562656320e+00 3.337796696718010603e-01 -2.015913451743189116e-02 -1.629838908323542335e-01 6.884021392803189032e-01 -2.261093883615449829e-01 -4.740893903497406803e-01
7.878223222277711546e-01 -1.799085075329046324e-01 4.307138483329165379e-01 -3.363827006007638620e-01 9.642799807994217876e-01 -8.249104017944151879e-02 -1.305410925263820153e-02
3.834195333164175379e-01 -6.968525575888936396e-01 9.691571791768350819e-01 -5.994455339201734123e-01 1.086402603472114148e+00 -2.238699156298053564e-02 4.614457801213734389e-01
-3.160072199788600822e-02 -1.085356666832106409e+00 1.363511536156191140e+00 -8.238181068618136704e-01 1.115934534036046033e+00 -9.403468143151821890e-02 8.254640992142870948e-01
-2.457487800262894706e-01 -1.197576204301857850e+00 1.395657393400252744e+00 -8.315041209975501113e-01 1.106534887409325707e+00 -3.161122479384790296e-01 9.093628567287205255e-01
-1.486309495634499933e-01 -9.820776812361025065e-01 1.039822779427741484e+00 -5.570113441712448710e-01 1.065837881139167997e+00 -6.338337327662952880e-01 6.049549626424818305e-01
1.433740775956387214e-01 -5.519652205637385345e-01 4.765503809434215032e-01 -1.195292420965804875e-01 9.539490674060738806e-01 -9.191179393625241723e-01 2.279023081041749946e-03
3.954403837418667966e-01 -1.064767342677920975e-01 -8.786922558388589322e-02 2.912122009359045527e-01 7.536003103294961480e-01 -1.040873367660182680e+00 -6.502044150306363068e-01
4.522057331120914458e-01 1.756532019928752075e-01 -5.400361047946274917e-01 5.338138033894941348e-01 5.116533649896427560e-01 -9.241446165669541246e-01 -1.084970764064189463e+00
2.944858393827065601e-01 1.995201382027710635e-01 -8.528654007133976700e-01 5.513925786473941049e-01 3.062592408628065366e-01 -5.668047431833169725e-01 -1.129696627623928418e+00
1.576978414521532784e-02 -3.362853890598176219e-03 -1.043942320851832584e+00 3.799254511201562989e-01 1.931433180027628815e-01 -3.929598845748333291e-02 -8.072828760475054821e-01
-2.299747539485910153e-01 -2.940860147384132817e-01 -1.117167930609452631e+00 1.154593728252871765e-01 1.520023168052490603e-01 5.247644872085217571e-01 -3.252840300699050835e-01
-3.406814274879688131e-01 -5.136487824833345650e-01 -1.052670312408928277e+00 -1.535540197801216755e-01 9.752390756013978868e-02 9.637641181309095639e-01 8.372081263561154119e-02
-3.265864226377725443e-01 -5.677330463990800657e-01 -8.648638759262726738e-01 -3.767796541858243198e-01 -2.150922728896033018e-02 1.162180384948392042e+00 2.948229148224655871e-01
-2.535005692758223184e-01 -4.586441079468742132e-01 -6.242116341446225514e-01 -5.228093599004911551e-01 -1.683733253016610476e-01 1.112995063919930638e+00 3.020009310014507564e-01
-1.761948628975113784e-01 -2.502103109824576621e-01 -4.231637024982028428e-01 -5.531982243203018568e-01 -2.743250737975698739e-01 8.951149208835671445e-01 1.741136311140705495e-01
-1.172217021616007021e-01 1.419711558363685733e-02 -3.634450244764045324e-01 -4.054306981870467452e-01 -3.060903671259553316e-01 5.915442250108268185e-01 -8.385601932270038417e-03
-7.081324919746580238e-02 3.436832564854115923e-01 -5.217685674679481966e-01 -2.931097304477871951e-02 -2.817624177114796402e-01 2.429044580711194057e-01 -2.066805100281284002e-01
-4.013762836068304057e-02 7.323662951596361381e-01 -8.574746798678294368e-01 5.265121674725844469e-01 -2.662543632396897619e-01 -1.387490373074890260e-01 -4.018339484466127987e-01
-7.941223776928763023e-02 1.100662322442937713e+00 -1.214256643828789839e+00 1.108910610072925573e+00 -3.342883002794436176e-01 -5.307082128394478016e-01 -5.376902783527368612e-01
-2.683081114715096249e-01 1.326950413165479903e+00 -1.451332321024118244e+00 1.557993089854708524e+00 -5.035654530598165923e-01 -8.730526391346155046e-01 -5.244392498142510517e-01
-6.297974152902859890e-01 1.329843772219942322e+00 -1.538116086776655456e+00 1.799006489883858473e+00 -7.322747371945598216e-01 -1.095321030416749997e+00 -2.989243404769866275e-01
-1.071065407421523785e+00 1.136220183116845694e+00 -1.545813344985354831e+00 1.869103259752263879e+00 -9.713604672788608285e-01 -1.171438942148884221e+00 1.014407266021456894e-01
-1.411403943222122814e+00 8.665501422834105405e-01 -1.562282547802123833e+00 1.847274520638676698e+00 -1.193027942700839672e+00 -1.133190470719047216e+00 5.210158840713341455e-01
-1.507810233749569795e+00 6.296444776030751811e-01 -1.590890023852484125e+00 1.746417274093313265e+00 -1.402840955858245975e+00 -1.042336702139605498e+00 8.028720886475279039e-01
-1.359003543698719341e+00 4.479909365589475612e-01 -1.569682782409685506e+00 1.523089850167845150e+00 -1.621061144485204109e+00 -9.500617431278287617e-01 9.214559002945579280e-01
-1.072137885871786489e+00 2.903793843689633225e-01 -1.494283502791333706e+00 1.184370478217798173e+00 -1.829533016282425484e+00 -8.559061477993156197e-01 9.587105015369316030e-01
-7.550704978438645965e-01 1.328008214944569609e-01 -1.449004034707693123e+00 8.232587175798902202e-01 -1.960985700710700108e+00 -7.101504615085839633e-01 9.923909899099124798e-01
-4.429569376954982651e-01 -1.259365593848369748e-02 -1.511231825354122149e+00 5.589700366297266632e-01 -1.940369521550702192e+00 -4.656618220066475744e-01 1.014708854600294918e+00
-1.175448314921485327e-01 -9.698526459988690562e-02 -1.653245012337700715e+00 4.567806076579968844e-01 -1.740906289068399504e+00 -1.241777477422643383e-01 9.263894539721237997e-01
1.967847454438607924e-01 -7.280454851244984316e-02 -1.745352903298831082e+00 4.776628113151923927e-01 -1.422976990688096466e+00 2.517859256767759901e-01 6.445983740497246428e-01
3.954744575835484333e-01 5.732270249781676319e-02 -1.674853212552318782e+00 5.175562029009187492e-01 -1.084089557923554548e+00 5.852309879780523971e-01 2.085425356427830501e-01
3.801138884797449768e-01 2.385400168340820470e-01 -1.447772374391455230e+00 5.153743289952875672e-01 -7.670840853076306143e-01 8.549229122111350332e-01 -2.558474027935845330e-01
1.610991447951025113e-01 4.165566756193372355e-01 -1.170986711204432762e+00 5.127836451652771910e-01 -4.496324882132093914e-01 1.087393877898997996e+00 -6.498727284891416822e-01
-1.316137519209529816e-01 5.905721916500568103e-01 -9.617386972877288720e-01 6.064844250700495154e-01 -1.028201004149851411e-01 1.285778999716355786e+00 -9.758145713510060215e-01
-3.564672323547593558e-01 7.949594563875673758e-01 -8.580674291240526497e-01 8.375119744881192041e-01 2.505819446344735302e-01 1.400266561004809285e+00 -1.290461474910282513e+00
-4.864669052490265821e-01 1.025484692717579138e+00 -8.125204119037402473e-01 1.137432087593418961e+00 5.558779521565775372e-01 1.380101983429768975e+00 -1.595465917897356922e+00
-5.968701996220383554e-01 1.210727319283475101e+00 -7.718944225006529880e-01 1.389546419589898552e+00 8.069740074056042101e-01 1.242934013263143900e+00 -1.816164382156441270e+00
-7.456969599282732286e-01 1.256358213077776842e+00 -7.171687570845287629e-01 1.506172405119824420e+00 1.040735705666052002e+00 1.060763394495305434e+00 -1.852386803514391111e+00
-8.951167376925377450e-01 1.111607796341699483e+00 -6.454325464439337745e-01 1.456118592005833046e+00 1.273355619536217231e+00 8.881061203058207010e-01 -1.643258230632491879e+00
-9.157510018505196081e-01 8.161010080019325263e-01 -5.576696643243327367e-01 1.268892598005652461e+00 1.493188828162690163e+00 7.249758958256097285e-01 -1.252099908446547616e+00
-6.778103861396582719e-01 4.732065640336838297e-01 -4.261447256828032049e-01 9.989790476103330708e-01 1.663360447740221737e+00 5.232630102574095110e-01 -8.554785720946471717e-01
-1.931341904718361091e-01 1.545256131558208068e-01 -1.756492997393858946e-01 6.635915253225397326e-01 1.724490620877729308e+00 2.315884826644175332e-01 -5.837651197063044028e-01
3.653791751763295625e-01 -1.474942534046755349e-01 2.463037963388994001e-01 2.510016218350704653e-01 1.645929454065337083e+00 -1.404563295177364557e-01 -4.212639430580245037e-01
8.069373713251994928e-01 -4.740032017332176939e-01 7.983940877988996432e-01 -2.137118382020737894e-01 1.455783616155146065e+00 -5.117225574052897130e-01 -2.710247591627409913e-01
1.038852273838726248e+00 -8.351157256142631713e-01 1.357352146673282745e+00 -6.497169776193515434e-01 1.204670298059650868e+00 -7.890194594376008785e-01 -4.972337849821558547e-02
1.082591274280770621e+00 -1.176694385403862730e+00 1.774179971719010540e+00 -9.549026930836234106e-01 9.367370516113386891e-01 -9.285031025328507326e-01 2.467705557596247268e-01
1.029221579610430704e+00 -1.405135318562775293e+00 1.964174114828704854e+00 -1.072000327261600772e+00 6.788588106593573812e-01 -9.511340927772837794e-01 5.289503849510772682e-01
9.466727170559608995e-01 -1.459085207269934070e+00 1.971821814833140785e+00 -1.041738487705661687e+00 4.159848776937694614e-01 -9.268882736477641604e-01 7.070107619790385600e-01
8.279729412502999653e-01 -1.354747314119428614e+00 1.907054083374663422e+00 -9.599405099335861502e-01 1.156718866081500319e-01 -9.291936230099965277e-01 7.831406728316361310e-01
6.369145812336468593e-01 -1.173342399501178690e+00 1.825564864337906545e+00 -8.937164611135945957e-01 -1.963746687623012521e-01 -9.694976362428480154e-01 8.247950362875982044e-01
3.771207429709127479e-01 -1.007336007941225242e+00 1.690397504428557296e+00 -8.499887787657244287e-01 -4.304344420726382014e-01 -9.916604836523513766e-01 8.893449013659581182e-01
1.205802679602775290e-01 -8.914645338978771649e-01 1.419937917134357797e+00 -7.798934485816217954e-01 -4.989323957338000493e-01 -9.278139811866400466e-01 9.631283360847823216e-01
-2.798170682746779769e-02 -7.839347983846970402e-01 9.783168790064142861e-01 -6.268674645795987432e-01 -3.705592315007649740e-01 -7.346210483328147189e-01 9.432220363923129458e-01
-2.074755706555442281e-02 -6.194433613713387077e-01 4.329938919590639035e-01 -3.943686094815358478e-01 -1.008788887822800739e-01 -4.116651594945731629e-01 7.225619243003515990e-01
8.403921740636983995e-02 -3.693501381497708014e-01 -1.011893204786576544e-01 -1.291817775535611668e-01 1.937264567041911134e-01 -2.189060860427896257e-02 3.127624322012117486e-01
1.951357702856473253e-01 -5.337558835616353775e-02 -5.427648082537070984e-01 1.447298799122947455e-01 4.020543478279876570e-01 2.968012407012086684e-01 -1.414794490157972040e-01
2.818829928082061120e-01 2.627609980758960351e-01 -8.267426922308377391e-01 4.056129978950934745e-01 4.489697298069053044e-01 3.822902278811680099e-01 -4.412723974205269850e-01
3.513037571781736923e-01 4.442454322407669021e-01 -8.676135869957042335e-01 5.584965994567477887e-01 3.281509859570156951e-01 1.981805582666443244e-01 -4.143577318089353700e-01
4.021003831068301060e-01 3.529568242315352378e-01 -6.107216073892727248e-01 4.764912479279374002e-01 1.242812305885988566e-01 -9.871938630785143109e-02 -3.648603691740850974e-02
4.494328897204239448e-01 -1.905023010060587912e-02 -9.693608853874294273e-02 1.287589683223805959e-01 -4.355390248974124606e-02 -2.907588327386848026e-01 4.950325906333835624e-01
5.251968188777259572e-01 -5.404231275558397662e-01 5.484808107310709113e-01 -3.896701354618934965e-01 -1.185352190559309377e-01 -2.907832293935379009e-01 9.218747383451575406e-01
6.319389427272562587e-01 -9.975097886509436407e-01 1.137457574987375652e+00 -9.013880705628978252e-01 -1.495373564599626615e-01 -2.178353762132483884e-01 1.108168282376449376e+00
7.332752372654500750e-01 -1.158789520376902082e+00 1.452168268457281863e+00 -1.192095557254218896e+00 -2.163719919858953233e-01 -2.539578393016390101e-01 1.016369050103334670e+00
7.881376778795894378e-01 -9.054169379393076644e-01 1.356869000830949412e+00 -1.110901369684630824e+00 -3.338544084447471749e-01 -4.594505030776205867e-01 6.543354799572529412e-01
7.768529419269643022e-01 -3.165755886646112183e-01 8.889358853054850629e-01 -6.708806952212080787e-01 -4.470625459384548472e-01 -7.481483447958432453e-01 9.351766695681025532e-02
7.109265244641927994e-01 3.869893457088345312e-01 2.329356106551619121e-01 -3.438695778022805155e-02 -4.889518575791204635e-01 -9.644622181321084176e-01 -5.403499130294916464e-01
6.198848295347022530e-01 9.754967268782810397e-01 -3.765848376617356164e-01 5.808849196044071350e-01 -4.575238007753106850e-01 -1.006185621375028649e+00 -1.093732843339167982e+00
4.939922804249264887e-01 1.303165230577125522e+00 -7.671523915788840409e-01 9.829477406924929106e-01 -4.165660794779215137e-01 -8.829610131091265579e-01 -1.403754820641375245e+00
2.775413992421967291e-01 1.312999642518827059e+00 -8.919602335927498959e-01 1.063616291424828386e+00 -3.964549497832926539e-01 -6.401450507062879103e-01 -1.358155068630656270e+00
-4.699660096868985698e-02 1.012083071759208641e+00 -8.088616418455575330e-01 8.328619317058573168e-01 -3.541661410999555337e-01 -2.999639491116186107e-01 -9.561929658332112281e-01
-4.173392694254506319e-01 4.637180377307532630e-01 -6.229700323787272787e-01 4.064963630652341786e-01 -2.376017449733292819e-01 1.129248311268750277e-01 -2.888576728906435132e-01
-7.208320658276043957e-01 -2.132484719534965267e-01 -4.209192052714582633e-01 -4.905131178583563289e-02 -5.074089520976059198e-02 5.436439238715199407e-01 4.990239343566030827e-01
-8.525487210248096082e-01 -8.584587345459765428e-01 -2.162513667513503157e-01 -4.008294059604122217e-01 1.307172788691035314e-01 9.137109579900685175e-01 1.220737453648805593e+00
-8.016962062474000117e-01 -1.330988195772088378e+00 3.994581846992651536e-02 -6.191138990393050268e-01 2.078396996711801559e-01 1.154910015660349343e+00 1.719576562709915990e+00
-6.576750168705859378e-01 -1.572710702460674348e+00 3.813682966693881515e-01 -7.495423789598665287e-01 1.426390118824238107e-01 1.241476053727033069e+00 1.945243250117640210e+00
-5.076127211864402966e-01 -1.590467455328596680e+00 7.555998672382067127e-01 -8.152571406005245658e-01 -1.234746997321064729e-02 1.185821456134804386e+00 1.919920817897260434e+00
-3.807643260952677799e-01 -1.402442815438673884e+00 1.030930872618793570e+00 -7.787443585030905391e-01 -1.624146043069777945e-01 1.010878458502375121e+00 1.676425259056162798e+00
-2.582680793838396105e-01 -1.020476208853740463e+00 1.070851429288200984e+00 -5.768161742827871974e-01 -2.380883775394207758e-01 7.308787464089798736e-01 1.242865332704736314e+00
-7.459880809024770076e-02 -4.551288160576701380e-01 8.196406328353489368e-01 -1.682196109462280875e-01 -2.435283290210100704e-01 3.550569899570379939e-01 6.343474807837184981e-01
2.334694336446634100e-01 2.684301153936251016e-01 3.422215589506072408e-01 4.229562300204005032e-01 -2.667016192479122472e-01 -9.411177952176338901e-02 -1.294375464393775488e-01
6.286014087856246491e-01 1.077695462592707765e+00 -2.221536277241972501e-01 1.091855673583613795e+00 -4.037307374378336089e-01 -5.661294907101548368e-01 -9.663202517543495462e-01
9.737471278681545384e-01 1.845003855199788712e+00 -7.499826110070141327e-01 1.692238336460640591e+00 -6.468343399933638160e-01 -9.808644471303583634e-01 -1.728060244472719775e+00
1.138468555672009108e+00 2.431548611785899539e+00 -1.180886141765143060e+00 2.103832500088793189e+00 -8.825121435783090940e-01 -1.247238867597617817e+00 -2.264289327604374069e+00
1.060176562898467623e+00 2.727188343659057157e+00 -1.500549983293313128e+00 2.268202504105898853e+00 -9.813716496910017684e-01 -1.288102223143735570e+00 -2.461966333265122042e+00
7.564396126636366846e-01 2.670507029860112347e+00 -1.705359267373774079e+00 2.186216797470509565e+00 -8.583336023868749498e-01 -1.064891995973503258e+00 -2.276692291475031826e+00
3.467835430428601318e-01 2.283320808133118440e+00 -1.781141675848057826e+00 1.905644200739334604e+00 -5.118632655739038251e-01 -6.196133978709389423e-01 -1.781298430747265460e+00
9.932431521005136849e-03 1.676432219707788551e+00 -1.686110570880791970e+00 1.492122667722744822e+00 -5.859336817086752136e-02 -9.274398890977994525e-02 -1.140268865291159894e+00
-1.454027511022993047e-01 9.893222539670706306e-01 -1.371460894288803356e+00 1.000542736531240262e+00 3.392546429189342017e-01 3.531641531510765764e-01 -5.130142830649173646e-01
-1.345183487754847973e-01 3.329701413311783598e-01 -8.514499608208969672e-01 4.853858284610448326e-01 6.112675122733393085e-01 6.295216603758240215e-01 -5.308570679183491868e-03
-1.359107516471174532e-02 -2.249865860718969213e-01 -2.177786179403531364e-01 7.977473340123709261e-03 7.840560289369293834e-01 7.195722962753201557e-01 3.395939361080365093e-01
1.901568919615449216e-01 -6.657722770361899078e-01 4.300451034456211907e-01 -3.953163090309836369e-01 8.953775440284071907e-01 6.401128686438817272e-01 5.523304690992806298e-01
4.804803290681921579e-01 -9.968017265688027262e-01 1.041089737503041457e+00 -7.293139806073648534e-01 9.532414934877718737e-01 4.246912854566116113e-01 6.863049614091797368e-01
8.612021750192226932e-01 -1.209814255980030673e+00 1.611649376791702837e+00 -1.021205056051020410e+00 9.236782875473084076e-01 9.712801852291821914e-02 7.558501278126054101e-01
1.275048326324705439e+00 -1.287479540511503151e+00 2.134364140815114386e+00 -1.291890389252025484e+00 7.624357125084779696e-01 -3.251069525873987454e-01 7.670810565375052459e-01
1.600525830662784088e+00 -1.232374673274258425e+00 2.542245178140449813e+00 -1.528086075051960480e+00 4.799055617075031477e-01 -7.983783837949256501e-01 7.602234235677829410e-01
1.733332101744469611e+00 -1.077233225510968895e+00 2.731961666542719325e+00 -1.693268852859648899e+00 1.461884858647844454e-01 -1.246902756978309545e+00 7.963909240877542484e-01
1.650211420477739610e+00 -8.865364173414037596e-01 2.647895460298340886e+00 -1.768632038236581883e+00 -1.475157710766533403e-01 -1.577198455022205126e+00 9.224519390970683519e-01
1.432719045960901161e+00 -7.195642453546962081e-01 2.325353668500175441e+00 -1.756511804413811939e+00 -3.302720414316827613e-01 -1.719290994998831756e+00 1.114773420316145902e+00
1.232106790500500759e+00 -5.805640979925352774e-01 1.884255211630665672e+00 -1.670172314620317566e+00 -4.081582769314359704e-01 -1.683930607657289524e+00 1.266039957885514378e+00
1.144979153552042828e+00 -4.359331217715716744e-01 1.481112423189119509e+00 -1.542335630732961871e+00 -4.621709132119483088e-01 -1.560060674483546572e+00 1.278587741795919275e+00
1.131294162519941970e+00 -2.623628770896576090e-01 1.200475325629785317e+00 -1.397232401177194827e+00 -5.504997510065570143e-01 -1.435917227602634627e+00 1.142472629842239185e+00
1.082964839832013526e+00 -5.724709941902138971e-02 9.931346023379301613e-01 -1.209783692070819594e+00 -6.499700008687813169e-01 -1.329997676606592183e+00 9.027982579252504802e-01
9.475883621503172760e-01 1.761004121838086467e-01 7.487033602852858349e-01 -9.238106069501760276e-01 -7.006260286482907107e-01 -1.205964129975447996e+00 5.888964208213317564e-01
7.751763139233620592e-01 4.395176926463900124e-01 4.094054166189902699e-01 -5.098817782618707550e-01 -6.718915678370075417e-01 -1.040057729993163704e+00 1.856078573620858763e-01
6.384407431970363644e-01 7.343913691469819982e-01 8.419258666605455507e-03 -7.097265525352856874e-03 -5.928607818617405156e-01 -8.491801389138947664e-01 -3.247551560670250970e-01
5.075515168695863277e-01 1.041517591293656730e+00 -3.975022451802757151e-01 5.003424159945053518e-01 -5.112429483748903714e-01 -6.378088517002395985e-01 -8.984073863869940224e-01
2.552949381743976898e-01 1.301972370842963800e+00 -7.941324773815158222e-01 9.382582495869826733e-01 -4.319297019354682576e-01 -3.513846881849286286e-01 -1.417693281371777303e+00
-2.071064524688693842e-01 1.423302513854989515e+00 -1.171947197092059856e+00 1.247919814528182458e+00 -3.389567621697223698e-01 7.688544046370833496e-02 -1.728567858292773041e+00
-8.431639127173180537e-01 1.323888512930194938e+00 -1.476332645225508999e+00 1.372481918852247906e+00 -2.383510744170235229e-01 6.604649797714748916e-01 -1.714946785101908455e+00
-1.505124528442769005e+00 9.865700283611280597e-01 -1.621773789934555898e+00 1.273664749915223382e+00 -1.540208205689946597e-01 1.346369329041198881e+00 -1.378787629294097039e+00
-2.002697367382560767e+00 4.817645588276339153e-01 -1.528379659449617511e+00 9.500294663530590711e-01 -1.274910989839836140e-01 2.021505174331457599e+00 -8.448732398248193221e-01
-2.210984977426845965e+00 -6.307566633242747689e-02 -1.169495454096601161e+00 4.378897107014357859e-01 -2.024688399649441362e-01 2.536181603518472549e+00 -2.732863653008735239e-01
-2.140406779774443269e+00 -5.324400469481294085e-01 -6.122292044829876767e-01 -1.925320008819594586e-01 -3.684893284239711964e-01 2.772474479536050307e+00 2.256401403371582626e-01
-1.895458276031247946e+00 -8.736478897817027134e-01 1.054226690821715752e-02 -8.514961671382581532e-01 -5.470521963937599041e-01 2.712638348094353447e+00 6.053918653713022957e-01
-1.593374586209425958e+00 -1.102828365670567301e+00 5.780379262110769689e-01 -1.462181210844964996e+00 -6.462301776802862330e-01 2.439632955186790575e+00 8.704996650661467328e-01
-1.325692510040141769e+00 -1.278245388148151251e+00 1.012145915836144994e+00 -1.974527241388795984e+00 -5.970562084898075605e-01 2.088934211381775263e+00 1.058984940178536061e+00
-1.124460156015929080e+00 -1.450886073653607999e+00 1.265797950762830748e+00 -2.347727372336233298e+00 -3.618902521259488858e-01 1.785778959453967918e+00 1.195446133399931332e+00
-9.244718252829061678e-01 -1.618329763511185293e+00 1.344496089051129939e+00 -2.550101687912413428e+00 3.427771441968677918e-02 1.577191946443332382e+00 1.249292283776650248e+00
-6.085671923608527711e-01 -1.722170487285493046e+00 1.327927198571506873e+00 -2.590061376590109710e+00 4.909367950419313842e-01 1.411614047148452622e+00 1.150602263937106740e+00
-1.256486095295988870e-01 -1.692116084066062731e+00 1.319960129559054618e+00 -2.524627090638139837e+00 8.863598803813680371e-01 1.194323271708433332e+00 8.571795495225228434e-01
4.562969542573011572e-01 -1.498456785836646654e+00 1.366757554413797759e+00 -2.413936513212604051e+00 1.154922592883839139e+00 8.740546194920998380e-01 4.009265247517143083e-01
1.003206845099137379e+00 -1.179833393687677034e+00 1.438780821717995817e+00 -2.282957539098640076e+00 1.311974007429236311e+00 4.938762150342276835e-01 -1.228076177774343469e-01
1.383202890366760585e+00 -8.364313634110848161e-01 1.478605895924903768e+00 -2.138355019575805649e+00 1.417544470247335653e+00 1.694620057114765987e-01 -5.840211279826196256e-01
1.523983535057213956e+00 -5.865709397794460767e-01 1.448432077541105700e+00 -1.990064972343765337e+00 1.535338353890339347e+00 1.863852579762647829e-02 -8.701365992750756950e-01
1.466262971915349045e+00 -4.959969171178116865e-01 1.355681982411749864e+00 -1.848380410475202185e+00 1.688304538438994085e+00 7.903938954056212440e-02 -9.561776339881067344e-01
1.329915938100126427e+00 -5.368810619163698616e-01 1.248666980181974751e+00 -1.721285257852804618e+00 1.812993192970633771e+00 2.643191435905582476e-01 -8.970456528832458920e-01
1.196572426887678064e+00 -6.254374543759870786e-01 1.168557944042757590e+00 -1.610310880924592736e+00 1.798175465706427500e+00 4.162081659852757687e-01 -7.405864298836470905e-01
1.062097600324845903e+00 -6.801763527426989420e-01 1.091281528334450135e+00 -1.490081577021325154e+00 1.585731735495931050e+00 4.087999126339639799e-01 -4.943093546246086212e-01
8.991221685581832768e-01 -6.375609034807406816e-01 9.200095432735105883e-01 -1.294843667215691552e+00 1.207482273187982846e+00 2.093339580632609664e-01 -1.771987293130081187e-01
7.316267508739650038e-01 -4.513284421353667697e-01 5.606504682903051817e-01 -9.480022599314698040e-01 7.443864551007166597e-01 -1.276835411973672729e-01 1.277653778626928749e-01
6.436972824018087902e-01 -1.061556677018766770e-01 3.525793732693178334e-02 -4.323841159754308605e-01 2.647582456242293381e-01 -5.136435085344766005e-01 2.862041423007516960e-01
6.960361398723180493e-01 3.689943102720611434e-01 -5.072157148967532114e-01 1.679183313042976466e-01 -2.102374192482699689e-01 -8.884922851300529612e-01 2.022729013670971077e-01
8.423758617677445937e-01 9.157360225361825812e-01 -9.409296743350366032e-01 7.375640470417620387e-01 -6.628619043857015836e-01 -1.221708501686523229e+00 -1.177816000383273970e-01
9.649973392055015697e-01 1.469330446803496004e+00 -1.279832725315835917e+00 1.231761263715519972e+00 -1.022357219592480604e+00 -1.461753000969138627e+00 -5.956160037169069277e-01
9.820811697813641716e-01 1.956145383088456979e+00 -1.607571127085237084e+00 1.666448783814618917e+00 -1.195845568149443761e+00 -1.534800373522671402e+00 -1.123501232549427131e+00
9.130779151147860873e-01 2.308354515112286620e+00 -1.968282228707431969e+00 2.056518075000890011e+00 -1.126379166919746488e+00 -1.398207053878101069e+00 -1.610737510315570775e+00
8.545589135915039325e-01 2.506789139352679108e+00 -2.334309914081307280e+00 2.387492473120897962e+00 -8.372656954803637808e-01 -1.085943315967822009e+00 -2.024932150675204934e+00
8.745181375843067428e-01 2.573153544468307796e+00 -2.598604027660913030e+00 2.592959936689713807e+00 -4.670505991108044874e-01 -7.108430505057869997e-01 -2.341667580382883251e+00
9.326520435074570070e-01 2.524985426431420432e+00 -2.628474924956459180e+00 2.582710828685880866e+00 -1.967022075144567173e-01 -3.950182175307463961e-01 -2.492365773127454442e+00
9.319241711948061946e-01 2.371171214761599977e+00 -2.377167102879547134e+00 2.331177825669040082e+00 -1.122908670590904712e-01 -1.883480073701176982e-01 -2.415538334408372734e+00
8.121540786534023892e-01 2.122051525954856022e+00 -1.914378368766384231e+00 1.899800301280853310e+00 -1.807440059323914827e-01 -6.719430604463741408e-02 -2.096632331704841423e+00
5.779495399304199754e-01 1.788435298276213947e+00 -1.372893680435395725e+00 1.385373926570211189e+00 -3.155543522154322655e-01 1.569580970263975001e-02 -1.552998632298954185e+00
3.086909480949759366e-01 1.409015248979261115e+00 -8.956971433220793921e-01 8.915793448240614261e-01 -4.312534274439869253e-01 8.235814216140376065e-02 -8.600670196527380185e-01
1.417866067736040514e-01 1.070522531074246775e+00 -5.680709522961925328e-01 5.014220439689945907e-01 -5.036883567406942319e-01 9.058579320890211561e-02 -1.624635325420706600e-01
1.642385824352722568e-01 8.567102051141395336e-01 -3.562628401696932845e-01 2.244045764503724560e-01 -6.025078204981126895e-01 -5.405023725784824373e-02 4.198818169942993284e-01
3.259763389679855017e-01 7.847915814700947568e-01 -1.604155157891909156e-01 1.381718873562038513e-02 -7.998384086548845362e-01 -4.034150153198449718e-01 8.562417797275472253e-01
4.929135725553118741e-01 8.106414593212586395e-01 5.433673771588392459e-02 -1.435793710700495329e-01 -1.056576102556002317e+00 -8.799304411742777665e-01 1.155769451303280126e+00
5.451269972633895344e-01 8.710873119176482104e-01 2.160376485073932651e-01 -1.987211898444149194e-01 -1.251961519921057864e+00 -1.312636101913561726e+00 1.329457086618712536e+00
4.247760207950990741e-01 9.100892963589177764e-01 2.160378457745294467e-01 -8.667711449791166978e-02 -1.272769631093661147e+00 -1.537936052583336100e+00 1.382598402538145033e+00
1.615417355112860887e-01 8.967600439362821696e-01 2.479182273765190118e-03 2.312949939169733904e-01 -1.055434697800292199e+00 -1.464278885248336604e+00 1.278501441031891339e+00
-1.471477134589457558e-01 8.293635007247913693e-01 -3.494374358755999443e-01 7.235317362491429094e-01 -6.274935506753993586e-01 -1.105785754587380376e+00 9.617528731525545327e-01
-4.380105935665883354e-01 7.054878342442806316e-01 -6.555498499113986410e-01 1.248259637668397648e+00 -1.208656370391178458e-01 -5.718389357637150283e-01 4.716107173642433148e-01
-7.406299786166610222e-01 5.026202464821375449e-01 -7.492734510572901518e-01 1.605301153523625013e+00 3.171358364107741967e-01 8.752306745369304100e-03 -3.483320188947071350e-02
-1.104709624201279938e+00 2.075656924352608790e-01 -5.924447823905694133e-01 1.667401115221546659e+00 6.274916091074506097e-01 5.580256402640233482e-01 -4.104846650733746660e-01
-1.530581408357511108e+00 -1.562500141013741517e-01 -2.768363788853206442e-01 1.452708182697469708e+00 8.363271733697739130e-01 1.055564813196955276e+00 -5.974187677398760110e-01
-1.990165713165068739e+00 -5.509355717406673181e-01 4.477961959110798168e-02 1.072715445210418395e+00 9.901175479766040066e-01 1.514066051991508566e+00 -5.761181292832969758e-01
-2.434543288860724797e+00 -9.448621244628810922e-01 2.425682138469312243e-01 6.434600559289443966e-01 1.109166288886914487e+00 1.938767704234278577e+00 -3.416242662520935225e-01
-2.772199187217609939e+00 -1.297502058190250773e+00 2.826822354464966214e-01 2.353073523616160678e-01 1.160908281898976657e+00 2.282276105883116024e+00 5.377845310554520836e-02
-2.924349280650932581e+00 -1.566397427810298115e+00 2.438822215982705821e-01 -1.484382916915658324e-01 1.079125975504609647e+00 2.458038001141184203e+00 5.188236011119434776e-01
-2.895066470744665832e+00 -1.734050697465207236e+00 2.313056672671967018e-01 -5.331642735009742839e-01 8.425787159575433005e-01 2.411370304050764357e+00 9.816899397944982564e-01
-2.743552380935493584e+00 -1.804785960651464016e+00 2.668694107286062045e-01 -8.970647238427378323e-01 5.185772460599488154e-01 2.170374126195535602e+00 1.394099548226020335e+00
-2.526609894004005596e+00 -1.796678152092671343e+00 2.888305809430375959e-01 -1.168109748414244642e+00 2.123188214665616413e-01 1.833880517069760074e+00 1.722190040830841262e+00
-2.264051566320889108e+00 -1.731170748836427631e+00 2.327732541702572655e-01 -1.277175714790648620e+00 -1.921523147570568246e-02 1.497782436648777749e+00 1.944957321592335031e+00
-1.923581587266589565e+00 -1.597869231999114570e+00 9.137562523357990740e-02 -1.191934547954864199e+00 -2.178162939998381509e-01 1.168222016902995763e+00 2.036593873897131424e+00
-1.474473282263406126e+00 -1.349926433204695408e+00 -8.767046241292567044e-02 -9.246972802176206541e-01 -4.785126106757807696e-01 7.677670250362538251e-01 1.972348533408279536e+00
-9.573641255212751444e-01 -9.568863068537223349e-01 -2.559642715369718768e-01 -5.159834267123437623e-01 -8.358904403160950514e-01 2.452204413886718004e-01 1.758620848409309545e+00
-4.696033744334203175e-01 -4.552190202926331142e-01 -4.034558059547607156e-01 -2.064969186140315147e-02 -1.217952897583619798e+00 -3.435090016810390390e-01 1.443035472030827160e+00
-9.597147652762652581e-02 5.042568554806455688e-02 -5.372868236376029394e-01 4.867196534917653250e-01 -1.496122662757198851e+00 -8.588964182472244024e-01 1.089777877048418109e+00
1.552130328277776250e-01 4.440377655088387776e-01 -6.385057566495937476e-01 9.180828739298524388e-01 -1.566293951460629552e+00 -1.176370870824049009e+00 7.282980931304772199e-01
3.430661851919138972e-01 6.623747795992155352e-01 -6.461107248766494449e-01 1.182854756731099855e+00 -1.418353692210816641e+00 -1.280772320287147714e+00 3.527974612933704734e-01
4.895277600069770640e-01 7.008564150538240112e-01 -5.047144197726604053e-01 1.207788062252192152e+00 -1.118012996498716216e+00 -1.247355497462822482e+00 -1.025694804626853598e-02
5.333442238698954396e-01 5.930625579968913375e-01 -2.379478766029039793e-01 9.931506371627936147e-01 -7.256737129654425855e-01 -1.139293752386351333e+00 -2.945732113177312317e-01
4.181988958998407169e-01 3.990135311918958649e-01 6.009727709739437485e-02 6.285551054499363133e-01 -2.860223139520136071e-01 -9.773329848903324901e-01 -4.456346913504442009e-01
1.719572816498161349e-01 1.799576819215238099e-01 3.049820965753773372e-01 2.204315651927487296e-01 1.370855699872417788e-01 -7.865687822282700914e-01 -4.370075458723908790e-01
-9.509760831028718497e-02 -2.258060303763859480e-02 4.784751779445338693e-01 -1.678039594825705139e-01 4.639012496813231246e-01 -6.044420286598303216e-01 -2.900704595904345928e-01
-2.545870831297473713e-01 -1.862179194905283219e-01 6.342700274119423831e-01 -5.137049082892769514e-01 6.088338390495960928e-01 -4.512705184737512143e-01 -8.088929940692128617e-02
-2.729872439177394861e-01 -3.064164343718412398e-01 8.428056849815511731e-01 -8.194879530867447137e-01 5.070082274618109563e-01 -3.300806626312679515e-01 1.347217087106540034e-01
-2.419124086763830284e-01 -3.974045513990973610e-01 1.109727286046370942e+00 -1.087531379162983258e+00 1.817668464684794039e-01 -2.299981689916311411e-01 3.650575204560571607e-01
-2.622544815772085425e-01 -4.885674089660871910e-01 1.360001680797011447e+00 -1.289824955473961143e+00 -2.346803906117291838e-01 -1.070177946750183462e-01 6.229860783898619747e-01
-3.431865656776931783e-01 -6.052169384731029833e-01 1.480594516712496755e+00 -1.364486644980047902e+00 -5.666085987843497707e-01 9.895302821837925755e-02 8.739869998808741380e-01
-4.040157174762348813e-01 -7.337027785205458841e-01 1.381229688126215827e+00 -1.253759261454750140e+00 -6.880027659270872009e-01 3.974743037586330185e-01 1.037412681065493558e+00
-3.440117087645283012e-01 -8.121276673203671193e-01 1.073263749776655285e+00 -9.642670274934245223e-01 -6.017185431853108168e-01 7.081473833661467987e-01 1.024037817177159138e+00
-1.403818827891548937e-01 -7.700670548533994353e-01 6.781113395136364463e-01 -5.782300927928036849e-01 -4.337976371812183318e-01 8.996555607392215936e-01 8.070863317689345173e-01
1.241730792983874315e-01 -5.858297988059819605e-01 3.215198353641713913e-01 -1.940327428863900250e-01 -3.058166113917618056e-01 8.866803055987080295e-01 4.535854645222454629e-01
3.347672780425089978e-01 -3.129007115841035414e-01 5.078333793783486316e-02 1.187776932210432707e-01 -2.284591821984282289e-01 6.989335957350488737e-01 7.806194028626563253e-02
4.299261559423627754e-01 -4.605296555800201391e-02 -1.475286573126413925e-01 3.252553845023568035e-01 -1.443464245841853955e-01 4.392887056865519835e-01 -2.163406627025733497e-01
4.350271145711820386e-01 1.384999814914705252e-01 -2.931534061292668247e-01 4.193514799712009800e-01 -2.168897977898834664e-02 1.923389412948113553e-01 -3.752810096935071393e-01
4.127531765313907086e-01 2.033547252654223370e-01 -3.648596158909963583e-01 3.919835753345038420e-01 1.105770233827405025e-01 -9.642539989603057804e-03 -3.878101333496908332e-01
3.715597347912000248e-01 1.374819038970288843e-01 -3.076950792716424687e-01 2.189702297817867349e-01 1.790997398125074580e-01 -1.739003070989298405e-01 -2.334620887807483947e-01
2.608553044628799666e-01 -3.185068188209962126e-02 -1.245504893173819266e-01 -7.645870750892100332e-02 1.277975268553736554e-01 -3.218776304828521173e-01 1.081470894564577762e-01
5.326641178842706631e-02 -2.237538806764257093e-01 7.094436965256310790e-02 -3.806532676057049480e-01 -3.238081726258104642e-02 -4.643234923067688369e-01 5.847416810022110223e-01
-2.315337301937369086e-01 -3.570636109400159852e-01 1.378898927327999457e-01 -5.618361410413039714e-01 -2.468665466601256686e-01 -5.887632417130027607e-01 1.101460943038440776e+00
-5.568854404223042565e-01 -4.159093417272207716e-01 1.597916022014472109e-02 -5.614048599473218104e-01 -4.636436098632487623e-01 -6.630556253689282586e-01 1.602213642629595869e+00
-8.508391113042330645e-01 -4.242968854361711672e-01 -2.455721660944456819e-01 -3.934947842844689347e-01 -6.625125030803455939e-01 -6.709018989303496827e-01 2.041719091267538921e+00
-1.019806716373017341e+00 -3.953300783464913093e-01 -5.102305761794820871e-01 -1.222272562088799891e-01 -8.660531187463256231e-01 -6.406717658987294284e-01 2.347001317849664925e+00
-1.051876748323097521e+00 -3.366666534209390993e-01 -6.272590063157216234e-01 1.436025820118635443e-01 -1.107749181978090469e+00 -6.172482414056755795e-01 2.474503851822011491e+00
-1.046309691134236664e+00 -2.635186210160541109e-01 -5.433490653216916932e-01 3.117750133226095399e-01 -1.374693086971437106e+00 -6.111742761525471579e-01 2.444132742777337608e+00
-1.118482038939689893e+00 -2.040690565228559517e-01 -3.321820126010330831e-01 3.646659720327170007e-01 -1.589027357254737982e+00 -5.677209384442941653e-01 2.303381807400771031e+00
-1.322960898586033496e+00 -2.165507338877556143e-01 -1.067686729976071586e-01 3.218658363143288570e-01 -1.651083655685047002e+00 -3.859158841323324096e-01 2.113185005339447642e+00
-1.622518636311272910e+00 -3.711563151227013635e-01 7.258306033169568960e-02 1.903056890034923176e-01 -1.503963362365093870e+00 -1.858845282312661775e-03 1.937673426398247356e+00
-1.863585715899790163e+00 -6.854289823506685142e-01 2.237238674199442945e-01 -2.463033155442111502e-02 -1.169218597159811246e+00 5.318509070824356533e-01 1.786265640584344894e+00
-1.833967454159634469e+00 -1.089715541741308913e+00 4.188739935217091204e-01 -3.050789669072381249e-01 -7.388910466456177772e-01 1.056960960886391465e+00 1.590705404454218375e+00
-1.428539438394208716e+00 -1.473449624481162124e+00 7.404872470207587432e-01 -6.465310076576717968e-01 -3.336716174054816242e-01 1.401513378349954042e+00 1.285934107952808603e+00
-7.445315039849285110e-01 -1.748786605590829657e+00 1.210409011366164300e+00 -1.051513651949625539e+00 -3.293708551005126994e-02 1.472990072765575809e+00 8.795503770856407666e-01
1.822724419841618981e-02 -1.866496186083673514e+00 1.742188499532474122e+00 -1.477052148907103568e+00 1.726687035528840508e-01 1.286962726765148890e+00 4.163116384770759737e-01
7.035268311804605545e-01 -1.818139532023376193e+00 2.197867037430237591e+00 -1.840701102971639358e+00 3.492404748767758416e-01 9.299934772042891540e-01 -6.066846115565594638e-02
1.242308990254229251e+00 -1.638353178481041228e+00 2.471602148838400126e+00 -2.073544208879158024e+00 5.640194897901877891e-01 5.099383666483152666e-01 -5.067011932030006660e-01
1.648198695486954524e+00 -1.377904855867628786e+00 2.518014527698980487e+00 -2.140599498060300476e+00 8.616461935839694330e-01 1.167716606849189681e-01 -9.027564478616834087e-01
1.998243957101071056e+00 -1.073766369946263177e+00 2.378504674232338800e+00 -2.049852050061254705e+00 1.237905804540466503e+00 -2.120619494915089165e-01 -1.277816299299709524e+00
2.342204636883031821e+00 -7.537850371654571946e-01 2.182664171335452430e+00 -1.862232371433438338e+00 1.630440890300244083e+00 -4.901451887013636988e-01 -1.656978517764547743e+00
2.633626006087225413e+00 -4.375091292227136219e-01 2.047010697237290344e+00 -1.645672684632337734e+00 1.965402653884640083e+00 -7.486810195774679100e-01 -2.020383584851457748e+00
2.798754570013830989e+00 -1.172861582629823457e-01 1.980420059742368011e+00 -1.407472829857325136e+00 2.188843072922312949e+00 -1.019500375552639726e+00 -2.328689074190625874e+00
2.811400425629605238e+00 2.193804164440961990e-01 1.918057480902213729e+00 -1.109765337901746696e+00 2.260031540788067783e+00 -1.313759619180191240e+00 -2.532226608645119281e+00
2.669480503677484240e+00 5.477045817960064511e-01 1.784903943626212186e+00 -7.312476535113976439e-01 2.165741002614382182e+00 -1.594670434377231993e+00 -2.564667939468526558e+00
2.378272505974154072e+00 8.161693554374064297e-01 1.517846654821114027e+00 -2.856109251093640333e-01 1.924148187949363376e+00 -1.802978310103003912e+00 -2.376374486563901822e+00
1.990653370999844407e+00 9.898579210260685102e-01 1.097856070927102801e+00 1.947516091029266039e-01 1.556160034338449849e+00 -1.908362549331642288e+00 -1.985047536079464825e+00
1.629896675641585135e+00 1.080944500419148691e+00 5.789581886831940416e-01 6.738739239553017679e-01 1.068952368953980381e+00 -1.933832212471749745e+00 -1.496731998698308308e+00
1.439413721010176950e+00 1.155442169868294844e+00 6.117364909169933918e-02 1.119984882253930891e+00 4.599238764383790090e-01 -1.956812972391628769e+00 -1.064801887808046077e+00
1.486412205194362901e+00 1.301540746508645485e+00 -3.844242888435052685e-01 1.518951949068824803e+00 -2.468961651042960170e-01 -2.060793214200645540e+00 -8.120478915515981777e-01
1.710104598542626864e+00 1.568685129601731010e+00 -7.703922050748619466e-01 1.882248991125490045e+00 -9.577738071674769538e-01 -2.251218373675340167e+00 -7.795622485531850110e-01
1.963314397198047123e+00 1.929850629839523490e+00 -1.167078554282696246e+00 2.222215147520058665e+00 -1.543023596560640032e+00 -2.436696844745567692e+00 -9.171117910563914011e-01
2.106336710850426286e+00 2.293299339215789878e+00 -1.621613437257348522e+00 2.525127731934107889e+00 -1.913263477265958468e+00 -2.494113317035156818e+00 -1.112568976949144250e+00
2.098249764320466504e+00 2.557729796774659725e+00 -2.103508992663923216e+00 2.762845052929205014e+00 -2.048250742258061141e+00 -2.353724495860983534e+00 -1.272021044750222929e+00
2.010028770031930367e+00 2.671130360642649748e+00 -2.504163104736172318e+00 2.897965998653480479e+00 -1.998318017107663991e+00 -2.049686528321368328e+00 -1.376827803706899944e+00
1.920863000138821830e+00 2.631688985700243677e+00 -2.675749518681172834e+00 2.864081935367245091e+00 -1.868887155072275430e+00 -1.688189213053212567e+00 -1.437816902225839133e+00
1.818080299538308520e+00 2.454724008802535717e+00 -2.525682795632707034e+00 2.600485115106480727e+00 -1.745405810969662630e+00 -1.353772429023111235e+00 -1.438623916200005182e+00
1.620966562943976230e+00 2.158707786108732485e+00 -2.102490879200789031e+00 2.121762877794104885e+00 -1.621030305472042521e+00 -1.046531586490557775e+00 -1.356646849881561367e+00
1.283871360672676820e+00 1.761116729514244250e+00 -1.554403313949133114e+00 1.514676596638576678e+00 -1.428539439841360004e+00 -7.122146506844135860e-01 -1.194350485055253541e+00
8.639479672139774857e-01 1.289052168209442906e+00 -1.016007614716059493e+00 8.853985912972954786e-01 -1.124994116085823670e+00 -3.152667963334621071e-01 -9.925921109606585802e-01
4.797159142812146282e-01 7.973366871088225505e-01 -5.426497027897643211e-01 3.178181587622937454e-01 -7.384906477466640640e-01 1.271037934801936553e-01 -8.278779932944599906e-01
1.938622125941305008e-01 3.496897492194949164e-01 -1.133944074010787978e-01 -1.603101927401892335e-01 -3.704976904654769809e-01 5.403478757565690627e-01 -7.357791196299406922e-01
-4.210141621934567618e-02 -1.514344102396216786e-02 2.927201898925515522e-01 -5.591961651855262838e-01 -1.259904487369370718e-01 8.284068476657511226e-01 -6.505963944223496220e-01
-3.138386847932088108e-01 -2.844333005317668528e-01 6.192959786426229796e-01 -8.581206497548783396e-01 -2.058323366449219330e-02 9.557124390761405630e-01 -4.744692111792414568e-01
-6.386274324732633678e-01 -4.584879393772324230e-01 7.660264352594816639e-01 -9.965538398894692174e-01 1.440287882820075020e-02 9.684501858532126306e-01 -1.686727817738143953e-01
-9.393778942884336569e-01 -5.538640042788809392e-01 6.874247063035079375e-01 -9.437071651197482813e-01 7.436215913915869558e-02 9.464338114134666080e-01 2.173132959169212230e-01
-1.109370060510498357e+00 -6.046184474836594491e-01 4.595569305999780418e-01 -7.558442185065359364e-01 2.100926190329483467e-01 9.518555797723166068e-01 5.782562373414362744e-01
-1.109240304851990988e+00 -6.354486011643565302e-01 2.602382409473480984e-01 -5.571687558258620054e-01 3.424790395624129347e-01 9.685101107435172274e-01 8.461818628010220333e-01
-1.002394012010833002e+00 -6.308726357669678375e-01 2.345334138714730843e-01 -4.435652768538876356e-01 3.266750270730837125e-01 9.086425065906598153e-01 1.021334405679922286e+00
-8.949837931407810254e-01 -5.516878860338675361e-01 3.772339802520478513e-01 -4.072886931715055114e-01 1.349018801122776612e-01 7.355368713831355043e-01 1.098463741470502519e+00
-8.610573522613693687e-01 -3.906142738980309947e-01 5.750715196778527494e-01 -3.759809700395982390e-01 -1.135078129015074655e-01 5.409146464430676371e-01 1.046002507455075836e+00
-9.060058176919069117e-01 -1.897703845887076524e-01 7.110955809347951906e-01 -2.933099192544466050e-01 -2.701365549137551003e-01 4.715691634561801071e-01 8.451598989062867329e-01
-9.576688904528580792e-01 -1.791651289866682314e-03 7.302126229959906567e-01 -1.543541222583242056e-01 -2.650827389085676500e-01 5.992423738149689205e-01 4.949198984785550537e-01
-9.213063219138857285e-01 1.433478026280232409e-01 6.742267783658637548e-01 -9.714998615415094615e-03 -1.687172319195298087e-01 8.546928089342006318e-01 3.765856674013141198e-02
-7.837757893072304638e-01 2.471529954055274314e-01 6.191380107194605076e-01 8.121153703239482324e-02 -1.268473683690462261e-01 1.088478867434348407e+00 -4.164960461082843901e-01
-6.222477984313831145e-01 3.355507690034987833e-01 5.607251228493472794e-01 1.238302603778473482e-01 -1.950094530447577801e-01 1.202712235192451518e+00 -7.613682244584204506e-01
-5.009164630635057902e-01 4.332191170434364080e-01 4.201338465348617990e-01 1.808843201729554706e-01 -2.929309510302747221e-01 1.197148012921385396e+00 -9.695385141477504964e-01
-4.226515070325401191e-01 5.359730943397883474e-01 1.356968333735448229e-01 2.971316094381945550e-01 -3.025292234836796657e-01 1.111976042016934452e+00 -1.060485081546476804e+00
-3.672031461673540553e-01 6.017869544737589615e-01 -2.757692481809892460e-01 4.527977847204208706e-01 -1.632858077718095102e-01 9.784989139523748714e-01 -1.030076606787870164e+00
-3.175125061193912468e-01 5.630572387245118549e-01 -7.025323828282190597e-01 5.665621905967378469e-01 8.609349037259324267e-02 8.128204467778669118e-01 -8.290075363075898318e-01
-2.567846655064270345e-01 3.567496940660427329e-01 -9.791378740151428506e-01 5.362519089377364434e-01 3.332682254065527649e-01 6.356622359066104178e-01 -4.066694644469884823e-01
-1.537530071861154535e-01 -2.000979571498597703e-02 -9.746618390474989235e-01 3.078536822276039531e-01 4.585706085854557856e-01 4.789491709145848319e-01 1.938091765379323095e-01
3.771102994245265072e-02 -4.697940495867648503e-01 -6.593849451763039715e-01 -7.927422862836508433e-02 3.736702749341774266e-01 3.397921846680044822e-01 8.060714558293397003e-01
3.262269955370293850e-01 -8.283910581791353867e-01 -1.294532888028811779e-01 -5.013914365301784803e-01 5.328031300649943569e-02 1.459087910719968906e-01 1.245059874303746428e+00
6.343676084070186683e-01 -9.572709745834274697e-01 4.162505491118343448e-01 -8.037627869593474417e-01 -4.141979969651586879e-01 -1.672438641792010072e-01 1.406212216601874232e+00
8.302212247478997220e-01 -8.380676935652729975e-01 7.792335294766120635e-01 -8.890346793287212668e-01 -8.468985882947480670e-01 -5.370632279028351164e-01 1.293345287090244211e+00
8.052377336026308452e-01 -5.879574641385074685e-01 8.656035284935227336e-01 -7.670410457478399335e-01 -1.073829863172469867e+00 -7.816410785533872696e-01 1.013225576676653139e+00
5.428227342488749496e-01 -3.706458657309215643e-01 6.931978068462768539e-01 -5.234256466942128760e-01 -1.010932035107632521e+00 -7.298160418146937278e-01 7.050944172389170816e-01
1.354756870470524011e-01 -2.958875757907543091e-01 3.564649203272678979e-01 -2.796942987816105064e-01 -6.997715256914477377e-01 -3.398893193243066602e-01 4.657469044817170167e-01
-2.837134397899600535e-01 -3.863700651533392705e-01 -1.362424958814793287e-03 -1.606570166689630930e-01 -3.129682343195058780e-01 2.718371347934093740e-01 3.556028303649640954e-01
-6.264315472599560897e-01 -5.901175066468543617e-01 -2.633611674286060467e-01 -2.230503614905647303e-01 -4.732880079093862435e-02 9.034284610676168725e-01 4.031594137864690786e-01
-8.546248228288180204e-01 -8.028686736915681132e-01 -4.279820338214465614e-01 -4.057157726255965491e-01 1.382300204102989869e-03 1.369597885010820804e+00 5.823616768088472062e-01
-9.388096233010488900e-01 -9.098022180735187980e-01 -5.955844926593691913e-01 -5.735650994029801719e-01 -1.590297582861787684e-01 1.557879104384169988e+00 8.310326540787289495e-01
-8.439748882139639363e-01 -8.368238541311461276e-01 -8.660818392430997825e-01 -5.993813681657648162e-01 -4.664273837030440961e-01 1.443851202395482147e+00 1.072059078636247609e+00
-5.379100807297099163e-01 -5.703791942162335094e-01 -1.239139554272582489e+00 -4.318504184855025962e-01 -8.570980425112620926e-01 1.060446591058548327e+00 1.221469068143880898e+00
-3.007535876888809898e-02 -1.518968233737678919e-01 -1.583552213732528413e+00 -1.345716171092246338e-01 -1.317149698642339217e+00 4.491005833537921599e-01 1.238466747334691753e+00
5.605571272817454487e-01 3.279989300885213233e-01 -1.731072772717225039e+00 1.621479735420389423e-01 -1.840347477140237720e+00 -3.216489750885677679e-01 1.168730142347773393e+00
1.037094094551972434e+00 7.648183183567729415e-01 -1.623468425744696741e+00 3.785413957456156830e-01 -2.343369178370661832e+00 -1.118697974894308889e+00 1.091349885217703930e+00
1.264108465505243695e+00 1.092140642899328329e+00 -1.345690291978063335e+00 5.335679062729004052e-01 -2.680239175599097301e+00 -1.779733736406598599e+00 1.031286939924499713e+00
1.231189645592295268e+00 1.280471137562006145e+00 -1.030656068575308781e+00 6.719542652986764120e-01 -2.725664200947450766e+00 -2.173691854363604570e+00 9.585109748151743325e-01
1.006562247445689007e+00 1.304645591860851939e+00 -7.539932884374033195e-01 7.812059002121731766e-01 -2.442736803410523905e+00 -2.235832118247778499e+00 8.494081060571982977e-01
6.642641569533671575e-01 1.141075892668881098e+00 -5.036200709130387310e-01 7.914322555804876869e-01 -1.895877957512992928e+00 -1.975572924474329861e+00 7.235841425700700880e-01
2.401837618628951121e-01 7.895040431055319052e-01 -2.425247627218492796e-01 6.426859431599937222e-01 -1.188699687950456996e+00 -1.447286815689207806e+00 6.250198393446764200e-01
-2.376963205996018569e-01 2.890389548050626423e-01 1.730849982951425392e-02 3.464242653615137169e-01 -4.025712360952574120e-01 -7.219223837998006710e-01 5.781084653674379847e-01
-7.109663430736952172e-01 -2.913269863209118626e-01 2.188452690164260084e-01 -2.536552020586722855e-02 3.894773539731252177e-01 1.080272856955746402e-01 5.886270682401388843e-01
-1.101402829247288828e+00 -8.702876421297321974e-01 3.125641767758962075e-01 -3.931911655145990947e-01 1.089820406750385162e+00 9.187275122723795873e-01 6.633872807804294114e-01
-1.312201028681866610e+00 -1.347530142759260974e+00 2.987110568512461595e-01 -6.910419058709251772e-01 1.586180496238808191e+00 1.555557596967150014e+00 7.748509627964912383e-01
-1.247295235302287253e+00 -1.606416286612786903e+00 2.276153978776908338e-01 -8.640013954347202096e-01 1.799006336117052518e+00 1.866373629084818964e+00 8.354145483593177213e-01
-8.957624945504191194e-01 -1.562092726794263031e+00 1.468935960505983185e-01 -8.751027760220517759e-01 1.733737385657279972e+00 1.778374934128025497e+00 7.519734013898102809e-01
-3.701337240644100857e-01 -1.207241968514809249e+00 5.300072186728797125e-02 -7.076216653032548765e-01 1.484227619083978933e+00 1.344554326764251018e+00 4.895218429380800429e-01
1.620783850912110857e-01 -6.219272731209357641e-01 -8.524573218501710348e-02 -3.705809477664531171e-01 1.178087875129849804e+00 7.165216546863513170e-01 8.989041534282210533e-02
5.597250308389993823e-01 4.064843247971910989e-02 -2.709414543844450018e-01 8.243162572837955948e-02 9.264621322297953432e-01 8.537158720901268094e-02 -3.397036077783722186e-01
7.550404347949947192e-01 6.043686405545953821e-01 -4.688277544698190025e-01 5.565500075996333562e-01 8.104612964633691741e-01 -3.795356316445170908e-01 -6.835752346421288816e-01
7.755071889977659394e-01 9.460542758268116748e-01 -6.285688556200506039e-01 9.505738082368452302e-01 8.643278907297455849e-01 -5.858208961826323335e-01 -8.929811727561534074e-01
7.129603675270660412e-01 1.034200118309190453e+00 -6.919398540640022688e-01 1.180921646222931276e+00 1.044152276361850928e+00 -5.471753502393190693e-01 -9.935331621665020041e-01
6.454125158665491302e-01 9.058408515347280421e-01 -5.925094836778656004e-01 1.181029465085572383e+00 1.241751340550147242e+00 -3.678258565447229955e-01 -1.027674044389133901e+00
5.883740050385130038e-01 6.382162851334651776e-01 -3.031566546696096709e-01 9.371260581379071697e-01 1.362546427552052020e+00 -1.832302720110736138e-01 -1.027509415831996620e+00
5.080874010120159934e-01 3.337119311780708530e-01 9.212851855509915366e-02 5.436781778181879465e-01 1.396333062470499264e+00 -7.321452835054932662e-02 -1.029638309413549724e+00
3.417523034143156169e-01 6.789135359931740277e-02 4.185820820612984328e-01 1.584623632834010198e-01 1.409782817594655624e+00 -3.847433534291708895e-03 -1.045533845065151457e+00
1.634892589304361848e-02 -1.682439586543261201e-01 5.324980052181961243e-01 -1.163348428604142337e-01 1.474993819054990496e+00 1.366125167620458880e-01 -1.007825100869873980e+00
-4.833528809713611429e-01 -4.441624131225814232e-01 4.242906978125760564e-01 -2.802242664660431481e-01 1.616451325264140593e+00 4.363847882055124083e-01 -8.192994650283682567e-01
-1.048842585776011527e+00 -8.016092652481444647e-01 2.157730869615356040e-01 -3.813307668082753232e-01 1.811449540584878948e+00 8.917236252381063322e-01 -4.759460094146900078e-01
-1.503830949715913690e+00 -1.210515803979102412e+00 7.527071847363892010e-02 -4.717771759522421671e-01 1.995569254198929610e+00 1.415629998817019564e+00 -7.632879719636466442e-02
-1.746805053756486314e+00 -1.604074862273919599e+00 1.309865456981338383e-01 -6.169836711679597130e-01 2.073949798805530431e+00 1.885387428789005337e+00 2.889798258716838042e-01
-1.805482814985859052e+00 -1.912782422876387889e+00 3.998893622476333287e-01 -8.592702133161285172e-01 1.990306491404988387e+00 2.195488035120658488e+00 5.745050849139450300e-01
-1.755242006793093834e+00 -2.062114977443894492e+00 7.531772259435076666e-01 -1.134396441777505649e+00 1.776586506765255535e+00 2.300572516080506613e+00 7.325882841497727282e-01
-1.623315842718311419e+00 -1.989968301854736943e+00 9.930744454630306972e-01 -1.290838794956258306e+00 1.499104015189572259e+00 2.214631411928376092e+00 7.215777594550172314e-01
-1.366605860703970388e+00 -1.686500033437627444e+00 9.965173159880494902e-01 -1.211332153004607282e+00 1.194272355886982107e+00 1.974641913976534324e+00 5.433239162887231188e-01
-9.335595901832443033e-01 -1.192523375450864398e+00 7.845053359523680436e-01 -8.934357480231931437e-01 8.479455027927538247e-01 1.600738749086891843e+00 2.431837536074333561e-01
-3.647991385789787766e-01 -5.574029994501716878e-01 4.552374909966532268e-01 -4.250955178830870262e-01 4.031832407997471002e-01 1.074685045091002822e+00 -9.730509541679616126e-02
1.945265121847623568e-01 1.809496607409112612e-01 5.548118503320980527e-02 1.076599853831335385e-01 -1.626396522227475383e-01 3.770045993717915378e-01 -3.930775455720186273e-01
5.975911833311485788e-01 9.669922887320890892e-01 -4.498157262652520139e-01 6.676149958097659098e-01 -7.615506842797282738e-01 -4.390627925936059772e-01 -6.028565237331090509e-01
7.825902651125624665e-01 1.683133669419594414e+00 -1.074994466084884026e+00 1.212641847208207890e+00 -1.228021024436868114e+00 -1.224023019543182711e+00 -7.183492434521303593e-01
7.907378487657468202e-01 2.155265407792074761e+00 -1.722539485589069663e+00 1.644886137682961769e+00 -1.401927224089474455e+00 -1.781687136990797615e+00 -7.489502052701492163e-01
7.341218071874903162e-01 2.218512831932906160e+00 -2.171927709414155583e+00 1.819615725737687928e+00 -1.201566935370075306e+00 -1.952110963349213968e+00 -7.384524150402597131e-01
6.936215818021077562e-01 1.789486870221437043e+00 -2.147236411991862770e+00 1.588758087782203843e+00 -6.835331185079190908e-01 -1.686364273187316742e+00 -7.185783921054234025e-01
6.319090542196372784e-01 9.281753464967373857e-01 -1.511635465687687363e+00 9.068050307759383255e-01 -1.879627916522763620e-02 -1.067859831709482954e+00 -6.474032329334704627e-01
4.668344264928416254e-01 -1.299174532076965982e-01 -4.465214127347912898e-01 -5.868334253199349732e-02 6.092911428682273867e-01 -2.840598046134313881e-01 -4.702058647323098528e-01
2.076581227207780767e-01 -1.049593174019364250e+00 6.292861660886671649e-01 -9.706402546915967600e-01 1.078823521905394989e+00 4.295303147195252969e-01 -2.151206712936561960e-01
-5.123290221275279138e-02 -1.563166056666563275e+00 1.315920181482158169e+00 -1.510812899677903332e+00 1.343633102753872377e+00 8.868881391780262247e-01 3.212184931292538792e-02
-2.197099140194054279e-01 -1.588029849044585662e+00 1.421763389225483509e+00 -1.539595724524645659e+00 1.407391022530994018e+00 1.031992689747524672e+00 2.126115741816038684e-01
-2.464693329845898673e-01 -1.228033081420688788e+00 1.028409028412361925e+00 -1.144740276846233584e+00 1.278159557738970387e+00 9.236275302688600197e-01 3.224894482998896250e-01
-1.333156248966271551e-01 -6.860758947747480629e-01 4.342027268430149189e-01 -5.828416574171546571e-01 9.380541750864777040e-01 6.499427793055172486e-01 3.983043124993533302e-01
4.864566505795966250e-02 -1.403816954352921087e-01 -4.082000244442973019e-02 -1.108884925100609015e-01 3.828419902247733320e-01 2.704307598438526750e-01 4.781413518648379712e-01
1.934419818235286470e-01 3.244311905112258754e-01 -2.624823056424361312e-01 1.737827629254437012e-01 -2.949463503001590325e-01 -1.598562912232102673e-01 5.538492764810550861e-01
2.242492061633353795e-01 6.887004755727270666e-01 -3.049305903975501053e-01 3.206553612619387206e-01 -9.172823964105467631e-01 -5.581956272117568618e-01 5.833108133916543592e-01
1.178370611487441905e-01 9.300058908732411478e-01 -3.039871492255351026e-01 3.986566522392857026e-01 -1.328904604762383812e+00 -8.327024568226149004e-01 5.602920738016375912e-01
-9.730156542318237067e-02 9.976520756031058701e-01 -3.273327060845123149e-01 4.239609337877228712e-01 -1.469511973967910334e+00 -9.182225205330608597e-01 5.416428887015455329e-01
-3.328143095489732306e-01 8.531136573671219692e-01 -3.518317476849905368e-01 3.729358442940338692e-01 -1.361662818671727226e+00 -8.009425006870678487e-01 5.780962676710804660e-01
-4.687132730534284142e-01 5.171188750858892735e-01 -3.068216772526136671e-01 2.111759115038657209e-01 -1.068895479647463453e+00 -5.269029726282429271e-01 6.452923947297317664e-01
-4.359801356921585436e-01 6.686899615332367319e-02 -1.252870649457850094e-01 -9.449217781836558028e-02 -6.805554353223778330e-01 -2.025361156983244704e-01 6.872268129763684508e-01
-2.716085032346005623e-01 -3.970107592703518429e-01 2.084005069316258729e-01 -5.464755212776158944e-01 -2.861148920812265350e-01 4.785212465709363233e-02 6.828623612580774216e-01
-8.286135420588233713e-02 -7.728836779416972114e-01 6.240309019466280249e-01 -1.062213445044091209e+00 7.846962047877494018e-02 1.627146805600395985e-01 6.174120529246251987e-01
3.182487020810970818e-02 -9.750856398349193599e-01 9.898903025293503966e-01 -1.479465097106891669e+00 4.344306331149975775e-01 1.629989757290354058e-01 4.425926588672661199e-01
1.699413349565180240e-02 -9.707132449218659476e-01 1.192237298465319784e+00 -1.652758847314954149e+00 8.110638569188999281e-01 1.145568186072157546e-01 1.210884061894103442e-01
-1.383295017081792588e-01 -8.057757796145155194e-01 1.196426047177476137e+00 -1.540995927297550860e+00 1.206460780572300218e+00 9.161591702035312701e-02 -3.126441849431005338e-01
-3.725532159511917851e-01 -5.725914769011100081e-01 1.046997849831937888e+00 -1.203264211610568291e+00 1.582148258353638148e+00 1.341240737053218390e-01 -7.742245709635102724e-01
-5.491218614283579491e-01 -3.482744819866077091e-01 8.450102470445780556e-01 -7.482504537352846485e-01 1.868345573897206346e+00 2.131437880830095999e-01 -1.193298238319390414e+00
-5.499671483022500196e-01 -1.639276990432942949e-01 7.277194882603399417e-01 -3.110959018047255165e-01 1.961489266401176934e+00 2.317286167632038874e-01 -1.518446657407519940e+00
-3.761632847347666231e-01 -6.262579265561132001e-03 7.925696293921191682e-01 -1.090230980401773846e-02 1.783777877890157182e+00 8.471606664011741006e-02 -1.709104087290575613e+00
-1.310130999476893932e-01 1.656990206510385866e-01 9.935479503774287124e-01 1.364250756353511396e-01 1.386066833779059593e+00 -2.444786643495645007e-01 -1.774352142817891220e+00
7.322462748695243717e-02 3.863764034627349409e-01 1.157743583572357071e+00 2.237147797026238505e-01 9.327063689696560855e-01 -6.597637070987608654e-01 -1.771614833535433142e+00
1.733942846362094836e-01 6.468943851089603569e-01 1.118061308707146484e+00 3.500100661792273082e-01 5.831038387126026290e-01 -1.025078833135232959e+00 -1.743372968697487035e+00
1.663931593901191164e-01 8.867054953908827253e-01 8.195375162827213122e-01 5.406360876354242562e-01 4.210556230624420970e-01 -1.231358379275428350e+00 -1.691370663426899901e+00
9.614060426113169022e-02 1.018447107756757619e+00 3.591068156901411901e-01 7.362616456588285674e-01 4.409667330080197511e-01 -1.220661531502119201e+00 -1.599099862492074919e+00
1.470064587353704395e-03 9.765026682760072907e-01 -4.880450859724428520e-02 8.332441157839762802e-01 5.450035017980220386e-01 -1.011264188696789246e+00 -1.434819737947133467e+00
-1.329217367982437059e-01 7.792871229140712064e-01 -2.297581025663429088e-01 7.806319964264579747e-01 5.960448258703580082e-01 -7.072162842591709353e-01 -1.162553205254968303e+00
-3.507849425005157284e-01 5.377019982643785889e-01 -2.008212374045055260e-01 6.411205500445539274e-01 5.257324864914664220e-01 -4.356097110197044153e-01 -7.937866158683397622e-01
-6.651454632887333629e-01 3.696006776977940333e-01 -1.190855953963588093e-01 5.244843711523202723e-01 3.676320993646777224e-01 -2.598463851611658160e-01 -3.942964642893332927e-01
-1.042805103431599267e+00 3.227009386262987833e-01 -1.225871178113320803e-01 4.962644294056460792e-01 1.766787806414814310e-01 -1.681236034699832571e-01 -2.338884687323916287e-02
-1.416481126466823115e+00 3.763665352797882502e-01 -2.557899854839648657e-01 5.591156413630757882e-01 -3.915124813404511489e-02 -1.258006167570522860e-01 3.046063234711918755e-01
-1.683537725889584280e+00 4.740963458786904283e-01 -4.742242715251165919e-01 6.689845896671254843e-01 -3.023713298270632732e-01 -1.130960237301176785e-01 5.918220346760375561e-01
-1.707631135048944815e+00 5.607939293223359600e-01 -6.625920019365199032e-01 7.578422911987020560e-01 -6.302180380275579363e-01 -1.361713970753851977e-01 8.016828196873172496e-01
-1.386667116319749704e+00 6.176727181211387752e-01 -6.779434750955725120e-01 7.587245887069636874e-01 -1.033362359548865683e+00 -2.277021774387210373e-01 8.627874704500071434e-01
-7.722951839728747769e-01 6.635650247350967090e-01 -4.506251352453778947e-01 6.356296732001982530e-01 -1.490387426679135929e+00 -4.013934396311804598e-01 7.342485275528212174e-01
-7.384966063444151074e-02 7.280420919000200053e-01 -6.401199273349893193e-02 4.195377220093547410e-01 -1.910782435766196219e+00 -5.986491566967181432e-01 4.366301654555300726e-01
4.952433042511610872e-01 8.289795789156082506e-01 2.993860831068039241e-01 2.025750613264866717e-01 -2.188531700421101345e+00 -7.248354897907646199e-01 3.756145106448720294e-02
8.314059464204792693e-01 9.602642571437391972e-01 4.769381913749355939e-01 7.779916577616213802e-02 -2.280261360011459182e+00 -7.195065433943069744e-01 -3.604866311560295244e-01
9.344096867995198563e-01 1.086482212124363134e+00 3.951501711728953037e-01 8.597091849521583395e-02 -2.203430236823272548e+00 -5.670173415881886170e-01 -6.457675071838246961e-01
8.779914157386793372e-01 1.153216826516113347e+00 9.495643121879102089e-02 2.019258387403654598e-01 -1.999633491445934164e+00 -2.794141620311097474e-01 -7.530116874296007845e-01
7.683556601816632359e-01 1.106473286743672846e+00 -2.758168490726597977e-01 3.379607366225250709e-01 -1.718652765997390697e+00 1.078535965916350703e-01 -6.905934174349871446e-01
6.715850284385963542e-01 9.129555088239845739e-01 -5.251742565257200290e-01 3.719294668277572380e-01 -1.417289845419655414e+00 5.240200223783609834e-01 -4.980635255732475120e-01
5.879340042225515983e-01 5.917783825168685397e-01 -5.345931615366774636e-01 2.394001896264974782e-01 -1.137193078241129252e+00 8.641084762804674968e-01 -2.147751073598483107e-01
4.938283743635935585e-01 2.266433508915651207e-01 -3.508148411112271270e-01 9.412797136012037227e-03 -8.742302915829128773e-01 1.039070040592891875e+00 1.068408114427480404e-01
3.799533312111784689e-01 -8.753175251987378724e-02 -1.386780380887553121e-01 -1.758589315076465043e-01 -5.914225816137222980e-01 1.026216337186813599e+00 4.134074567531443312e-01
2.610028174555586444e-01 -3.223284559912856784e-01 -3.496128848118720128e-02 -2.314398383564238160e-01 -2.538567989181157447e-01 8.737144547479288592e-01 6.772788946323894388e-01
1.804989558257163174e-01 -5.281464388758450035e-01 -3.899880947320018276e-02 -1.937236354636006075e-01 1.349729636412932976e-01 6.636230727285885589e-01 8.869529796215077644e-01
1.956758681015556001e-01 -7.578806583300518041e-01 -1.233533989683747653e-02 -1.823228427665609386e-01 4.918744884514633653e-01 4.366071873771835143e-01 1.022649969840350392e+00
3.127678237377580772e-01 -9.868091485001805330e-01 1.884528662715550251e-01 -2.906263894721447527e-01 6.935913472236099331e-01 1.644576131687523202e-01 1.055666216234109500e+00
4.501321159434378827e-01 -1.120432731122059433e+00 5.454114457077658962e-01 -4.931025341607154777e-01 6.981453576030863806e-01 -1.748994858374871286e-01 9.656870082152350099e-01
5.040310928210851582e-01 -1.076467247891348400e+00 8.815162142051339300e-01 -6.753103378759864883e-01 5.840141268198200120e-01 -5.341852672202209718e-01 7.555527407405226992e-01
4.214676651722192857e-01 -8.620698242476393380e-01 1.022880120295223128e+00 -7.507954627726859398e-01 4.736201056311527546e-01 -8.121875017128240559e-01 4.683991567775446785e-01
2.124851717033738319e-01 -5.859039555807565858e-01 9.134825025494310857e-01 -7.198035398503631610e-01 4.609504582449178711e-01 -9.000886224471752461e-01 1.881586559520367630e-01
-3.727060567775271338e-02 -3.947614882992990792e-01 6.260129618656948836e-01 -6.409930863453870975e-01 5.795274924862392485e-01 -7.374101851109208239e-01 -1.302209037469359218e-02
-1.830231784994039157e-01 -3.787240551384487008e-01 3.320859574692855976e-01 -5.851432936105285254e-01 7.686183804646944395e-01 -3.651455343205028403e-01 -1.184583358086461757e-01
-1.295766411858405576e-01 -5.172649856603416252e-01 2.057890956918072556e-01 -5.924321095368128010e-01 8.889543162866768711e-01 7.687779301507478846e-02 -1.380757804437088287e-01
9.193200280172203476e-02 -7.045331359422470907e-01 2.867974090018767241e-01 -6.430230223756153718e-01 8.364476584994932074e-01 4.350496224304488124e-01 -8.460088284633100753e-02
3.840156047998432021e-01 -8.272257119669174097e-01 4.690140293476037781e-01 -6.799039645874993543e-01 6.174416751187513652e-01 6.315178553272022821e-01 1.114010667670919767e-02
6.691919494979126082e-01 -8.317524781702871906e-01 6.319332535573612963e-01 -6.660080726326603751e-01 3.002957549924304970e-01 6.710868760334880445e-01 1.111880997839514440e-01
