-2.086499963729473883e+00 1.639329580954804966e+00 -1.162511847468581938e-01 1.627720760479639317e+00 1.034683513487528961e+00 9.679872373637387062e-01 4.803971681796449511e-01
-1.760230779063996609e+00 1.572876529807840873e+00 2.067557240737540741e-02 1.383415424692385320e+00 6.279475982114625099e-01 4.030632799952280076e-01 5.646982868993976057e-01
-1.194437185502851939e+00 1.236296002477431877e+00 4.521719193246936247e-02 8.384190726299913798e-01 1.581250144526709644e-01 -9.870712383936540435e-02 5.879114261108613348e-01
-5.056356725389477003e-01 7.028093922045117736e-01 -4.055546275856491273e-02 1.469708250841492148e-01 -2.774638055979142814e-01 -4.670360419063946944e-01 5.317355511693111492e-01
1.571840678098168353e-01 8.617997351040312948e-02 -1.824764825569557547e-01 -5.112106214203198107e-01 -6.027791284253987136e-01 -6.740328253964517069e-01 4.170432300911883772e-01
6.980455826369376116e-01 -4.926870140184588798e-01 -3.223548643686791615e-01 -1.004045060998274286e+00 -7.967627391439016105e-01 -7.413409447719978562e-01 2.791581036303925623e-01
1.068964317226233085e+00 -9.090206546809647126e-01 -4.450795834751047897e-01 -1.240721911222455898e+00 -8.475276200873393950e-01 -6.904630997178238250e-01 1.263546701771010583e-01
1.240721474644016720e+00 -1.093178519767830315e+00 -5.550028292872744018e-01 -1.210364624204390616e+00 -7.379910987652917864e-01 -5.153885746782204125e-01 -4.030221062500884133e-02
1.221436964094335220e+00 -1.066025586277014936e+00 -6.365911336911715956e-01 -9.871522965717391962e-01 -4.901416928174319732e-01 -2.267421953174710014e-01 -1.959590135161281277e-01
1.045213712691518859e+00 -8.769462209548485321e-01 -6.682810748344155671e-01 -6.410127154754483580e-01 -1.629654301932491611e-01 1.286919888891059072e-01 -3.133412904869519733e-01
7.184969861137717739e-01 -5.630713118866479405e-01 -6.431917660390715774e-01 -2.097927999223940521e-01 1.860263667618387018e-01 4.991022510264264689e-01 -3.704959060597023957e-01
2.447648235590615673e-01 -1.732967412761095005e-01 -5.645597163946757258e-01 2.478133987819516326e-01 4.979775013887127733e-01 8.236745301920411766e-01 -3.333472332668506732e-01
-3.075749267927082586e-01 2.388051965818141775e-01 -4.518493707653570834e-01 6.597460842959047556e-01 7.092568220612469609e-01 1.024136704738874748e+00 -1.898357226483209370e-01
-8.357578656111015469e-01 6.368415824757702737e-01 -3.377340993196006891e-01 9.820559463263442979e-01 7.887360410588789561e-01 1.050798658976495048e+00 1.791420605439458802e-02
-1.263725322904091009e+00 9.808949438134652032e-01 -2.390929208573682463e-01 1.185006655189056124e+00 7.516407979814954121e-01 9.070168063836721029e-01 2.342497266261396316e-01
-1.530863211571783289e+00 1.222721149301173815e+00 -1.523840574766385236e-01 1.247993687002117102e+00 6.264419184799431273e-01 6.198107459546399189e-01 4.222503825655438692e-01
-1.590261254838662985e+00 1.334657966133172780e+00 -6.991198758340781694e-02 1.182548933679185454e+00 4.414709147441061021e-01 2.323212204284451077e-01 5.474830159837525967e-01
-1.434473924000133849e+00 1.308524229769653546e+00 2.773824522550511970e-02 1.001785439780180864e+00 2.372318898278223953e-01 -1.882536530723682155e-01 5.771860310913028425e-01
-1.082249525178635485e+00 1.135988611319115105e+00 1.837294128044763830e-01 6.883716637196665156e-01 5.351799766577595291e-02 -5.815251736595794529e-01 5.025699159953029849e-01
-5.745439728266800161e-01 8.263544849585537921e-01 4.402192402449203179e-01 2.496680257463800012e-01 -9.231720483038223513e-02 -9.207048201094357731e-01 3.436538423524596042e-01
-1.514361623976183575e-02 4.343655308763592626e-01 7.929813238841185719e-01 -2.286057919615236411e-01 -2.012333875328511656e-01 -1.187023052915218146e+00 1.430766380922299519e-01
4.366867349341507221e-01 3.954729327997844740e-02 1.177521477182650766e+00 -6.269470420421746626e-01 -2.870947678746008647e-01 -1.344991416134950768e+00 -3.017700248606262209e-02
6.674354918959010119e-01 -2.928085958618336093e-01 1.496861644353516985e+00 -8.569150160430850649e-01 -3.875028001529137733e-01 -1.369911022080999574e+00 -9.930012123119254241e-02
6.822150572298920634e-01 -5.214931008569551052e-01 1.658482598049822787e+00 -8.722293255938334822e-01 -5.452467404225807002e-01 -1.267589270409020363e+00 -3.729336547211157399e-02
5.583161586685034816e-01 -6.349273194464043479e-01 1.606236961415036024e+00 -6.871778582762435583e-01 -7.470509394872992814e-01 -1.035203500760530693e+00 9.957386397987547100e-02
3.821744689578689402e-01 -6.528248206219442462e-01 1.342022738049011732e+00 -3.993116140607885223e-01 -9.118596567517253115e-01 -6.498331974757947105e-01 2.068412110719050345e-01
2.407919065545296167e-01 -5.948661622893575140e-01 9.224734738024992220e-01 -1.300861256745624583e-01 -9.642447307946395707e-01 -1.352730589116378224e-01 1.956531367780275366e-01
1.905078460525903294e-01 -4.544117125216292075e-01 4.332378632424945808e-01 5.905702825348667362e-02 -8.784861354383108889e-01 4.107805801912751686e-01 2.874702774276031297e-02
2.099247337650184675e-01 -2.186173838001809477e-01 -3.903162146996215498e-02 1.632066831742421398e-01 -6.543852994845259508e-01 8.801531024694818628e-01 -2.734841091074105002e-01
2.366320934237893248e-01 9.217501763840865725e-02 -4.206332205129685864e-01 1.910877169823373967e-01 -3.246886195934176600e-01 1.190521991579651662e+00 -6.313916818247462537e-01
2.473277399205898175e-01 4.102566581344351815e-01 -6.556719628561608060e-01 1.772889930255071578e-01 1.267751268394997667e-02 1.267197326763786824e+00 -9.273149281518622278e-01
2.507297158458218211e-01 6.443266470316127981e-01 -7.139778901065644279e-01 2.028152306093646273e-01 2.367229188648899973e-01 1.066596238636609240e+00 -1.055002695741835916e+00
2.338252315459778685e-01 7.103400180755508053e-01 -5.871350694674473125e-01 3.337385480691494877e-01 2.752952306291348017e-01 6.180292314280924071e-01 -9.475316450884171404e-01
1.925665841320698957e-01 5.648497488786343723e-01 -2.819194811012208368e-01 5.470439596035373553e-01 1.113706918231655990e-01 -6.046172640267410969e-03 -5.910332563520157567e-01
1.679431799723247465e-01 2.737009080152478235e-01 1.394435166355334210e-01 7.713896553746660834e-01 -2.249052414545760492e-01 -7.281282101026279596e-01 -5.823299404403324553e-02
1.786467274014461870e-01 2.173880075090023692e-02 5.254758030392138179e-01 9.644436646691242343e-01 -6.325870527607029281e-01 -1.433113840535954253e+00 5.005636199182283974e-01
1.892883287052360142e-01 -2.784928431147268291e-02 7.068567822092031161e-01 1.078678534676912326e+00 -9.613576821005963557e-01 -1.956361016859192725e+00 9.386494638384158540e-01
1.855977173850870410e-01 1.474940828336874787e-01 6.002735995262864499e-01 1.022232572759916414e+00 -1.093855303849569971e+00 -2.160916251294347834e+00 1.170046925761813128e+00
1.891546242755210716e-01 4.757430749152170013e-01 2.295482253673882533e-01 7.401930415327649948e-01 -9.888859116270665162e-01 -2.002736416391867280e+00 1.158020642740022810e+00
1.885074547550321944e-01 8.705936326455270269e-01 -3.050076869284965575e-01 2.676009631868337402e-01 -6.556836827320691174e-01 -1.519713336331154796e+00 8.996372624617258174e-01
1.499027802267812182e-01 1.238249087612399491e+00 -8.568436861597661380e-01 -3.329388702655242116e-01 -1.424456696601500150e-01 -8.139420084647384090e-01 4.382702646975019656e-01
8.391191980890445878e-02 1.475504399239585540e+00 -1.279712402888993905e+00 -9.906564148214420662e-01 4.484941126079751705e-01 -3.706677749220442519e-02 -1.404662947948119578e-01
1.682040596392229970e-02 1.508993749174846632e+00 -1.484063544017169223e+00 -1.564177513287840382e+00 9.896426366933345209e-01 6.700342403144854408e-01 -7.387006693236571886e-01
-7.688186547644966506e-02 1.315686773444927571e+00 -1.445482555494761234e+00 -1.876314549792337028e+00 1.381539442137911022e+00 1.226289211386297540e+00 -1.249798752889976772e+00
-2.324993079372748850e-01 8.960998436589340255e-01 -1.167122695551899847e+00 -1.847987486427621340e+00 1.560094667892936826e+00 1.584897580432691688e+00 -1.554775557715086576e+00
-4.126697532924002987e-01 2.994036213792268808e-01 -6.812456051043296323e-01 -1.509747385939226083e+00 1.486775253592151902e+00 1.694765509177539320e+00 -1.582396348009749820e+00
-5.528501247580457356e-01 -2.993824253208857145e-01 -9.229458113549028619e-02 -8.956327645566070084e-01 1.187516134846385851e+00 1.529269295187895006e+00 -1.377548793056332377e+00
-6.707213969019888422e-01 -6.587698501500626191e-01 4.460502467702395779e-01 -4.583054400779829063e-02 7.860710487696018767e-01 1.147503913141920684e+00 -1.060719142134435522e+00
-8.398987350384496953e-01 -6.686723542154707767e-01 8.289651021376389650e-01 8.983453784601733716e-01 4.336352090541349957e-01 6.802995884787489400e-01 -7.221676878835014968e-01
-1.073251509346028643e+00 -4.231876316156036322e-01 1.048135731027050266e+00 1.727255073654615281e+00 2.038362458361404062e-01 2.397147979415907570e-01 -3.868440390828115638e-01
-1.316116360552950670e+00 -9.190399131516276132e-02 1.140953702288562743e+00 2.308485686051956254e+00 9.264472071882792759e-02 -1.255017879040740969e-01 -5.894591334596679250e-02
-1.523701704489599518e+00 1.997793910402800299e-01 1.134967155226539681e+00 2.627064204308811934e+00 8.534081180935569610e-02 -3.949635971763301168e-01 2.455699807964117354e-01
-1.667121335284046379e+00 3.747321491563154749e-01 1.047696102673759677e+00 2.707227309212139943e+00 1.635103477342267353e-01 -5.570109318316386338e-01 5.112958674255851932e-01
-1.704009501513802594e+00 4.076402686643664230e-01 8.873092725353249888e-01 2.597181238294685279e+00 2.787351072607790470e-01 -6.187244463735579458e-01 7.273166652532520038e-01
-1.619583645691411000e+00 3.605319769116126505e-01 6.353393186851820085e-01 2.402645087643775934e+00 3.836428493914537108e-01 -5.824388439707557374e-01 8.698026134124577924e-01
-1.454318529674989424e+00 3.298792022565887327e-01 2.791630306089132874e-01 2.205740982196076505e+00 4.634187370191191757e-01 -4.362441054343076940e-01 9.202174016378817933e-01
-1.234134194192130218e+00 3.462186054238877708e-01 -1.313954606846247097e-01 1.961326749878359310e+00 5.034189123058124826e-01 -2.095938975083101452e-01 8.965805760025912230e-01
-9.342441889892950657e-01 3.813545904346046789e-01 -5.017477889491350762e-01 1.566175267081788558e+00 4.734216162855754417e-01 7.040926930344097202e-03 8.325663819044583080e-01
-5.519405956581515671e-01 4.040934085179418989e-01 -7.527649741695108254e-01 9.790215514429052579e-01 3.666946413296612306e-01 1.303630789850488136e-01 7.567774002263178978e-01
-1.455318172362742857e-01 3.814650743578632541e-01 -8.472720290677403510e-01 2.252187124623643566e-01 2.077606082739972826e-01 1.352936560857376513e-01 7.135365310837812336e-01
2.154331114618791010e-01 3.044522983400022587e-01 -8.082741244013075255e-01 -6.026430693274469341e-01 1.901047254181995050e-02 4.229374882193509544e-02 7.486524710379633962e-01
4.749971276819289212e-01 2.315137953019078265e-01 -7.239679634355444815e-01 -1.338054482598200590e+00 -1.727726259954961430e-01 -9.495650396744574617e-02 8.640240098451748008e-01
5.941930236673631516e-01 2.236278176023598629e-01 -6.806457511172929742e-01 -1.860369683261612339e+00 -3.242388610751101297e-01 -2.053033923421167806e-01 1.030784432093437619e+00
6.007090227429469076e-01 2.685723593973902146e-01 -6.953067897752964743e-01 -2.182392232235631280e+00 -4.223965719059430968e-01 -2.603729723111536942e-01 1.222669657286376443e+00
5.872486380627538471e-01 3.351918812370168199e-01 -7.455327629777853682e-01 -2.336874790813491032e+00 -5.070956573060302341e-01 -3.008598894775587618e-01 1.402589883050404884e+00
6.130340885328313671e-01 4.279475566847980028e-01 -8.192482787642743070e-01 -2.279680527454786443e+00 -6.192083052861571124e-01 -3.712993595053322715e-01 1.518045405896448319e+00
6.681185798915749707e-01 5.377251789333133969e-01 -8.951698955232775257e-01 -1.988012616529059251e+00 -7.680706257238660850e-01 -4.743261746979511306e-01 1.535725625361139546e+00
7.509007466952615228e-01 6.088334159359953812e-01 -9.177898241545942026e-01 -1.553761646179510292e+00 -9.612568796124301151e-01 -6.123728772194022563e-01 1.454088122547062323e+00
9.011934072682168395e-01 6.027868095074575550e-01 -8.378516084669439534e-01 -1.096002316183864123e+00 -1.215356861593377191e+00 -8.110939657893343480e-01 1.269890885579079587e+00
1.126294169212793239e+00 5.499168330813469785e-01 -6.577856126947970727e-01 -6.577720609253124850e-01 -1.507004039609510571e+00 -1.065096818124010136e+00 9.626268676236877653e-01
1.355330460888659605e+00 4.963831004790793533e-01 -4.104301688362239631e-01 -2.565191118393477798e-01 -1.752157864362578588e+00 -1.306453952445121081e+00 5.367911592993195313e-01
1.510126683328454789e+00 4.378190102131616634e-01 -1.154547476461683653e-01 3.389929068463466699e-02 -1.870805994629286095e+00 -1.463260962407631149e+00 5.417847221558401427e-02
1.572776396546682776e+00 3.422289120571313514e-01 2.168156139234882485e-01 1.328874073389723909e-01 -1.844798127935818322e+00 -1.517642447293802599e+00 -3.990696559255526576e-01
1.544532406563247973e+00 2.063160960811377398e-01 5.537791682717969621e-01 4.318612426870537674e-02 -1.691134927276765065e+00 -1.480398499268239298e+00 -7.583303283971902786e-01
1.419126022813399723e+00 5.843153886353456838e-02 8.402668848816636782e-01 -1.775735247321315047e-01 -1.425155711104504119e+00 -1.359159495527045847e+00 -9.910216043967549071e-01
1.243253884400759901e+00 -6.835704044477143582e-02 1.024516996611447350e+00 -4.793767238918774098e-01 -1.074586187575864216e+00 -1.181624867604324391e+00 -1.097574407780842476e+00
1.114421695716571126e+00 -1.488195249066729398e-01 1.070748323149339098e+00 -7.928972582398843283e-01 -6.912871403802088865e-01 -9.968991631056214331e-01 -1.115342481533159180e+00
1.089896508130304253e+00 -1.767965666628469323e-01 9.641592639692594391e-01 -1.019507432593843133e+00 -3.349917344564236621e-01 -8.331614314733581939e-01 -1.096688690509865838e+00
1.161089061897976782e+00 -1.792650095569950919e-01 7.283384447469953837e-01 -1.108124151511973077e+00 -6.937701033220856905e-02 -6.936966399420502194e-01 -1.065565294316853651e+00
1.299976335811420469e+00 -1.991596234519404096e-01 4.298757619608136182e-01 -1.081391969291348953e+00 3.261378192343210997e-02 -5.975973364041576863e-01 -1.004530006465003122e+00
1.455321939334227155e+00 -2.439560583799077753e-01 1.419096364076361805e-01 -9.681854063547027378e-01 -6.752156458113982296e-02 -5.749348957629749624e-01 -8.932733523183630231e-01
1.534890600603060706e+00 -2.800072043252405107e-01 -9.175740618980353369e-02 -7.767817628960301812e-01 -3.186229565856492640e-01 -6.078460962551932578e-01 -7.452599647113740122e-01
1.476904651921893574e+00 -2.878412896190167269e-01 -2.471158376401536849e-01 -5.289087662181515270e-01 -6.186583411025684542e-01 -6.298803409984562451e-01 -5.998073864620275808e-01
1.297380263186930671e+00 -2.605941705442514356e-01 -3.110008447177121660e-01 -2.469590657624944618e-01 -8.874027624401351622e-01 -5.907004517161305035e-01 -5.012166774084279020e-01
1.026375175223538383e+00 -1.659935529089142658e-01 -2.963614456599264479e-01 6.378184868993125312e-02 -1.070278790307383154e+00 -4.768060544242173626e-01 -4.844236849608563045e-01
6.890200549803917607e-01 -7.468636515355738187e-04 -2.249474536911740541e-01 3.587165488369777333e-01 -1.142656451095768189e+00 -3.049689262063406958e-01 -5.474431861221373818e-01
3.616171148851898276e-01 1.714490509897450277e-01 -1.054064706871324780e-01 5.561864658835193875e-01 -1.137457304751126053e+00 -1.399169415761730151e-01 -6.491502437292095973e-01
1.375317444277213697e-01 3.140840297097361455e-01 3.573694624436298678e-02 6.402647257950746518e-01 -1.101011401169504245e+00 -6.293411679198389341e-02 -7.591061377170724711e-01
3.127410743023938122e-02 4.458792183109352991e-01 1.503234979573972174e-01 6.630892662965706119e-01 -1.029530777736250124e+00 -9.764460025958138223e-02 -8.699234019364061599e-01
-1.152687356731284382e-03 5.232197445985884432e-01 2.308170474248204540e-01 6.381471626910247830e-01 -9.055718863130619578e-01 -2.204897435707351139e-01 -9.454262150041283785e-01
2.583918641688788195e-02 4.295729898106536715e-01 3.210608286978258730e-01 5.375893053597956550e-01 -7.551989277371654596e-01 -4.250668417862498161e-01 -9.213048028890276075e-01
1.100007306341669044e-01 1.386966836563191807e-01 4.341337215861568732e-01 3.928344726732685976e-01 -6.045508110507418209e-01 -6.956927293622104935e-01 -7.874132058376777099e-01
1.935404365735224619e-01 -2.198240838372193529e-01 5.094399562513189927e-01 2.992217559949001404e-01 -4.189990692062084410e-01 -9.422599016487569479e-01 -6.168179539170649539e-01
1.997008206337553826e-01 -5.091980032601405304e-01 4.873195988985471461e-01 3.056595165668263836e-01 -1.533999774972930885e-01 -1.049228301276767583e+00 -4.791660972852659350e-01
1.201130104749248972e-01 -6.982749556077014752e-01 3.774801633543885537e-01 3.748486530706200970e-01 1.629804921612904023e-01 -9.827648440067915381e-01 -3.768819754291749535e-01
2.593345693272024362e-03 -7.903178930768878230e-01 2.175250875587561028e-01 4.625340576814089832e-01 4.537844666562552698e-01 -7.903580024107065283e-01 -2.925337882118385635e-01
-1.341260074118191536e-01 -7.619985321822116964e-01 2.139520528895373641e-02 5.612614056851533695e-01 6.755469983649613486e-01 -5.178281615757276413e-01 -2.250459698594750868e-01
-3.042820651649589814e-01 -6.100151857313769188e-01 -1.969141760921418738e-01 6.570955412244753324e-01 8.073208158341420582e-01 -1.973847939225225334e-01 -1.553727116684780196e-01
-4.835058554988421187e-01 -3.643194299136683356e-01 -4.002794262208781428e-01 7.230364293600002323e-01 8.041589267041416855e-01 1.054773859385308848e-01 -5.248754830127485421e-02
-6.254174318333610705e-01 -5.053781623505304577e-02 -5.480503940953981301e-01 7.743183101095864052e-01 6.334493920697754632e-01 3.164495682175177960e-01 7.625327605744551540e-02
-7.398971638572320320e-01 2.892265161374394378e-01 -5.985427163726019240e-01 8.531631242507878854e-01 3.302390895020395067e-01 4.100127440056539618e-01 1.996652239778697047e-01
-8.565198213666898042e-01 5.543742640170633562e-01 -4.951779487274374780e-01 9.335959373059514732e-01 -2.524160237052539349e-02 3.811517859579562351e-01 3.164991158799237980e-01
-9.351286641588243409e-01 6.283492193095564504e-01 -1.946769543888378917e-01 9.130074169195124822e-01 -3.544139497022811280e-01 1.991293008464613268e-01 4.457604873183639294e-01
-9.090070492526032275e-01 4.740959730247427117e-01 2.781453248425941882e-01 7.339148034799405362e-01 -5.863698669683988784e-01 -1.382104762920914887e-01 5.720009347015606593e-01
-7.926459521640768502e-01 1.593268141022988471e-01 8.270052340134947944e-01 4.532889430254654628e-01 -6.554181849640386970e-01 -5.364260109075321692e-01 6.444735802421992510e-01
-6.604366815361423226e-01 -2.196823718034125739e-01 1.351073371686874136e+00 1.564302751241941902e-01 -5.359031474675388651e-01 -8.643343835938045450e-01 6.387667529401954702e-01
-5.358982826914928665e-01 -5.963847165299382969e-01 1.797566847822785530e+00 -1.220808513757752761e-01 -2.810840252267525208e-01 -1.072663829063430052e+00 5.830619590615102599e-01
-3.870219617746034624e-01 -9.004346422114674064e-01 2.138346015552113233e+00 -3.411064266734119554e-01 9.539799044460024052e-03 -1.206353128150241760e+00 5.120074305558119931e-01
-2.303423859387735972e-01 -1.031999687070523475e+00 2.329559787975480134e+00 -4.031532206537759011e-01 2.728533034381273037e-01 -1.308348698178523506e+00 4.258669277736977232e-01
-1.530932948288799555e-01 -9.353834315827405099e-01 2.334417226172703863e+00 -2.505860803401603332e-01 5.025149160794495362e-01 -1.359113091305364174e+00 3.126921294406463381e-01
-2.037475692320482035e-01 -6.727943047736479887e-01 2.170870844029376912e+00 4.171192139239136148e-02 6.922935454779901576e-01 -1.323588994671428321e+00 1.874763475609373953e-01
-3.300991480524924082e-01 -3.642824995524597820e-01 1.888628141558770679e+00 3.431607253425193460e-01 8.144768745516597352e-01 -1.202196532849581390e+00 7.769664170076309717e-02
-4.506939875414670005e-01 -8.432253819869314770e-02 1.512712403402648231e+00 5.812408505938931880e-01 8.622285669063474156e-01 -9.970631995870179454e-01 -1.814481563799903371e-02
-5.140039097235792331e-01 1.219617740335090517e-01 1.062384753441374619e+00 7.177763053304295759e-01 8.550828427121590636e-01 -6.887255599690423891e-01 -1.107338156989624428e-01
-4.753949518075603065e-01 1.746436563958835009e-01 6.003456704712558656e-01 6.925284349055660371e-01 7.916126727700681931e-01 -2.924257715337798547e-01 -1.611662033274623429e-01
-3.127515004490318828e-01 1.270272045431449642e-02 1.959604974987066428e-01 4.932271169803233990e-01 6.521124750917968171e-01 1.272371418341044780e-01 -1.007626881122200280e-01
-9.288584311089305434e-02 -3.182050680471051329e-01 -1.411002065953730067e-01 2.148777528890911948e-01 4.523337866727258905e-01 5.283587328331512678e-01 9.802136993005340637e-02
6.437972874468352036e-02 -7.215293698763067809e-01 -4.326239733599450688e-01 -6.015397211164345836e-02 2.343417582953565559e-01 9.081183355408082303e-01 4.233906542718317012e-01
1.110350321645238170e-01 -1.139728344388926562e+00 -6.685964211788658629e-01 -3.625706062391569340e-01 4.871805552778145192e-03 1.235143005835489305e+00 8.564027063964015918e-01
8.551101347505866979e-02 -1.523273249966083265e+00 -8.215930906525332755e-01 -7.330418744526651098e-01 -2.553374234069651916e-01 1.440354903029568812e+00 1.350394929708447878e+00
1.119797638697391483e-02 -1.804185757847781790e+00 -8.892847786656727926e-01 -1.121282998193160241e+00 -5.243556250062532120e-01 1.496767796306547105e+00 1.820743104237059873e+00
-1.263428728995570627e-01 -1.955497853801173580e+00 -8.886717857564832013e-01 -1.442344195996456024e+00 -7.376255268600193649e-01 1.456998698058406649e+00 2.182819097127131514e+00
-3.077760345686089138e-01 -2.001396283542039800e+00 -8.380888995391226892e-01 -1.635894517035036522e+00 -8.521654027649779861e-01 1.395543825705702234e+00 2.373635752161516788e+00
-4.777410856517237403e-01 -1.960408241753380798e+00 -7.606861482840892030e-01 -1.645620343245908668e+00 -8.673331140564528585e-01 1.358959353504294088e+00 2.348261544027243186e+00
-6.073679492951419290e-01 -1.847945715474163864e+00 -6.751809437342716214e-01 -1.437156747876192853e+00 -7.918731753616801150e-01 1.373084979141813156e+00 2.097925284003364421e+00
-6.730387545843484753e-01 -1.706586216373454423e+00 -5.798380258601871784e-01 -1.059732095024726206e+00 -6.386731205477412798e-01 1.433273317934737445e+00 1.661972155591589617e+00
-6.000769376594019544e-01 -1.554729946920858197e+00 -4.739936288645450468e-01 -6.164884269917635384e-01 -4.391892407380443841e-01 1.481462479514123354e+00 1.085789178170439184e+00
-3.267222440032451214e-01 -1.326485928998071273e+00 -3.871476528707756826e-01 -1.756201596096743922e-01 -2.205367007809610480e-01 1.448985874923144568e+00 3.818039620416553426e-01
1.029406344553230185e-01 -9.300270505590022552e-01 -3.571225846533123138e-01 2.227850260151740813e-01 1.459287758193938619e-02 1.320059671545677826e+00 -4.336818860295523770e-01
5.843597200611625464e-01 -3.554402834090198415e-01 -3.860506805438292943e-01 5.072558116405577744e-01 2.555114898332693230e-01 1.116537552207575335e+00 -1.282210121820801740e+00
1.038069421523337033e+00 3.244127754790678275e-01 -4.466755650343428030e-01 6.241457602992344089e-01 4.583468346211694300e-01 8.495515125322405936e-01 -2.038785679823171382e+00
1.393835915466363096e+00 1.030724719437445369e+00 -5.238151843857201673e-01 6.203150581200251867e-01 5.848168915341473983e-01 5.340415777844697010e-01 -2.594504751509645768e+00
1.574303692037947844e+00 1.705621438495220188e+00 -6.200730118516591949e-01 5.819685299575020343e-01 6.408246830023215379e-01 2.158485781362164679e-01 -2.886102347230493415e+00
1.553164989166358145e+00 2.290618757740683797e+00 -7.310666370364694577e-01 5.405757554688591648e-01 6.545697557115862653e-01 -6.307297213316444273e-02 -2.895132143991321350e+00
1.358997723543819092e+00 2.718790163346078259e+00 -8.393025155665609915e-01 5.162132296107447837e-01 6.502461677777333637e-01 -2.904759829790694026e-01 -2.646391622785544406e+00
1.007417545521619218e+00 2.920136927036670826e+00 -9.219055330318506325e-01 5.604303850776948259e-01 6.571606992700509409e-01 -4.507978451310169499e-01 -2.192472110162011489e+00
5.130630760187543382e-01 2.828035299206132169e+00 -9.472627954809319517e-01 6.725558726449634150e-01 7.017322334081287361e-01 -5.206745036722150166e-01 -1.586171073734381265e+00
-3.531158503568436469e-02 2.414824200117875908e+00 -8.791192142933305087e-01 7.649205694397759325e-01 7.742128386421974762e-01 -5.125918381297037696e-01 -8.805759669968125092e-01
-5.074090316278404567e-01 1.755480499344072909e+00 -7.122845212084469857e-01 7.789261965524905129e-01 8.351804805184521729e-01 -4.689161348897735726e-01 -1.552572952299734188e-01
-8.450761269415041355e-01 1.030298696184932972e+00 -4.979325135235104782e-01 7.512396604104241149e-01 8.580763541590072929e-01 -4.072897936799672047e-01 4.881868140340537843e-01
-1.074127263042985669e+00 4.094849640330456841e-01 -2.996683107435320070e-01 7.164107790833129652e-01 8.364682881799665459e-01 -3.148723266179545011e-01 9.763874389350041261e-01
-1.208986778377355797e+00 -4.577146146542042382e-02 -1.350300917859680871e-01 6.365555093003542053e-01 7.526928303853724911e-01 -1.987911272084267322e-01 1.291426755584091701e+00
-1.214445620615049126e+00 -3.367043524635012219e-01 6.415459823927812354e-03 4.839403039953694696e-01 5.731198488312189143e-01 -1.032360043710723874e-01 1.437221713834060388e+00
-1.081621515798702582e+00 -4.590864313702950339e-01 1.194508414140513786e-01 3.169961536095865506e-01 2.888539687793650335e-01 -6.193105111815672137e-02 1.417835889401319216e+00
-8.741657071845866378e-01 -4.396124906761172957e-01 2.029948686400275815e-01 2.183048239843959348e-01 -5.963937472488801267e-02 -6.732147552953390846e-02 1.265853301323321745e+00
-6.589508194983648703e-01 -3.531437555003849593e-01 2.892395166110457438e-01 2.250340448896318846e-01 -4.076948686116378395e-01 -1.076542662877521678e-01 1.046409858197914211e+00
-4.625928803944810985e-01 -2.228209657887775252e-01 3.948463228490226573e-01 3.627548813776061976e-01 -6.795882114706668364e-01 -1.915955890038536225e-01 8.075626966184158428e-01
-3.292678873299785258e-01 1.385784812881077008e-02 4.739805008685783472e-01 6.461572305747944611e-01 -7.773478303487327823e-01 -2.943218641501763044e-01 5.582650945564502365e-01
-3.228039971103566219e-01 3.716734677283214383e-01 4.840037909777865077e-01 9.952905696599079199e-01 -6.311403767502182793e-01 -3.351149757665868312e-01 3.073482224227457871e-01
-4.203458227139003633e-01 7.476078290672093507e-01 4.600961345310575212e-01 1.246374412302905466e+00 -2.793311629028365495e-01 -2.676114205565773285e-01 8.272207698348091331e-02
-4.961541883683490139e-01 1.033753050368451332e+00 4.686434463192997724e-01 1.294716851099461774e+00 1.544801208704493778e-01 -1.388467885140409197e-01 -1.016279393971149247e-01
-4.687348103323448756e-01 1.225373090887445393e+00 5.246312785166880044e-01 1.185529929080924916e+00 5.652007821118661957e-01 -1.892486916751127610e-02 -2.621114346579120902e-01
-3.911030780246882999e-01 1.364059444002154065e+00 6.011618202827768709e-01 1.031100062801180828e+00 9.136182160707199129e-01 7.799057049636565209e-02 -4.098193310532147193e-01
-3.444309278089234816e-01 1.409459822357623127e+00 6.983921083487903969e-01 8.616923770587472386e-01 1.182960300065768910e+00 1.645095061060627695e-01 -5.109236038201421248e-01
-3.223952011362228309e-01 1.256038253367138147e+00 8.496762481728952210e-01 6.253285650490382208e-01 1.338445055807927719e+00 2.141760541468112067e-01 -5.086123775044509854e-01
-2.954656658966187122e-01 8.915867109991556516e-01 1.047198589417434267e+00 3.328531826021404738e-01 1.363495927925621798e+00 1.966857494544231588e-01 -3.948289355334805850e-01
-3.060731830827401745e-01 4.487844786801736263e-01 1.212655888613883404e+00 9.116236056126258980e-02 1.299657497068345213e+00 1.501649706483385860e-01 -2.302420336836161763e-01
-3.984691209436728720e-01 6.071551790616186439e-02 1.279851652244294646e+00 -5.090925708486947199e-02 1.190576227929263320e+00 1.305753272994333580e-01 -7.330091916151484921e-02
-5.113275123855411941e-01 -2.440309101097963285e-01 1.261480759819311404e+00 -1.687100876616543788e-01 1.011028689678823422e+00 1.113494630250508183e-01 6.725633897554085527e-02
-5.239380893309606435e-01 -4.633748223115802256e-01 1.191952416792879665e+00 -3.133991413002805149e-01 7.130889536394076078e-01 1.033387382108914843e-02 1.835279941702899487e-01
-3.767201536418948171e-01 -5.620035571677474140e-01 1.064425682775547166e+00 -4.231112637604435012e-01 3.176486949427896889e-01 -2.026469320464591439e-01 2.354759070961899015e-01
-8.727848292511426742e-02 -5.446952883049309690e-01 8.711340239175219269e-01 -4.423296356909068305e-01 -9.540193664129123508e-02 -4.875042202646429068e-01 2.012630551668842249e-01
3.185023412973608248e-01 -4.778587282408671144e-01 6.411163366846501788e-01 -3.994600086259127436e-01 -4.634421216241320640e-01 -7.999196603793056193e-01 9.958819937192184280e-02
8.105680228047332792e-01 -4.021452756241482018e-01 3.989380706231187568e-01 -3.077006272483287508e-01 -7.625794575443620715e-01 -1.112289955643729789e+00 -4.973917349315482017e-02
1.313192333789858335e+00 -3.225184045938357946e-01 1.483885361245891321e-01 -1.309739890896314818e-01 -9.792937033086994703e-01 -1.384349165810740523e+00 -2.247367783432999699e-01
1.746563351772898454e+00 -2.876462263478506420e-01 -7.846696540622935534e-02 9.734174378351147239e-02 -1.111315001360892118e+00 -1.573940339755046436e+00 -3.693618566689418348e-01
2.086771060252984977e+00 -3.612240231582281580e-01 -2.259138412222150560e-01 2.688369076862094920e-01 -1.179078817129308288e+00 -1.677254863206874669e+00 -4.227911599801715825e-01
2.316103265881134909e+00 -5.001308968686890566e-01 -2.971457151692866727e-01 3.425023915420224441e-01 -1.187400043060801602e+00 -1.716406876973339601e+00 -3.734978762214466452e-01
2.364244397954162302e+00 -5.668939191253429266e-01 -3.711211839967467618e-01 3.537121010342567096e-01 -1.100017746566134713e+00 -1.690894910324250322e+00 -2.466184303490711605e-01
2.179694474437714469e+00 -4.801330062943515720e-01 -5.104560826396375983e-01 2.918417833806715711e-01 -8.980141241922494633e-01 -1.581291384856582383e+00 -5.963628921563512986e-02
1.821235946710573428e+00 -2.658681849788347984e-01 -7.084004186525372226e-01 1.070176015335289749e-01 -6.323226963680751433e-01 -1.392742481139421340e+00 1.665290606852345423e-01
1.404258154015525006e+00 2.903444103424979161e-02 -9.408821410410880270e-01 -1.777861790819344756e-01 -3.785326937346605858e-01 -1.143671660504750998e+00 3.743691708816236918e-01
9.887968459609270955e-01 3.705104716864848213e-01 -1.198644684412591088e+00 -4.693319777188048603e-01 -1.745584833733799801e-01 -8.242116116116303681e-01 5.020508245731559738e-01
5.913417618613101556e-01 6.842548072128209480e-01 -1.446320694698670195e+00 -7.092210009579098529e-01 -3.489286860686463543e-02 -4.326986258778462990e-01 5.499763529413733698e-01
2.594557395226856356e-01 8.567380733811655880e-01 -1.617449892342336382e+00 -9.002549458787038050e-01 1.817284433266271385e-02 -3.835763982139329953e-02 5.816473038652715255e-01
3.475601925159656214e-02 8.205325114097284933e-01 -1.684216728717854439e+00 -1.020570286414747674e+00 -2.357284290652262443e-02 2.702715885275015495e-01 6.540812780110401015e-01
-1.154456705267673244e-01 6.033866989056769770e-01 -1.691082639998239046e+00 -1.003968171047094460e+00 -1.251741868177192185e-01 4.880708654795538060e-01 7.656844241190153832e-01
-2.292954785842796772e-01 2.655551428613852627e-01 -1.685203478832318025e+00 -8.583990833162111755e-01 -2.308008127216738814e-01 6.733741253868703591e-01 8.754241664435276071e-01
-2.600656872077577453e-01 -1.638539063190116163e-01 -1.648664969269739711e+00 -7.019847135261040316e-01 -3.073511420476282563e-01 8.476199622827831348e-01 9.422349735763960732e-01
-1.437889208827866916e-01 -6.335095228555535085e-01 -1.542761105606390792e+00 -6.091769500889685496e-01 -3.417138235328744944e-01 9.846308594637963596e-01 9.211657721541579580e-01
7.600790704294436984e-02 -1.019197156038817997e+00 -1.383204107288667828e+00 -5.144990056779530363e-01 -3.090819304531007283e-01 1.077911646779384780e+00 7.646877673478583715e-01
2.706797792260708935e-01 -1.216370071049249990e+00 -1.217460554027155473e+00 -3.419118525819576648e-01 -1.912468302419581545e-01 1.146908897017128393e+00 4.777365081759288312e-01
3.582249781260557486e-01 -1.233845863652921704e+00 -1.062890956637624118e+00 -1.288805657617416445e-01 -2.618724820447735843e-02 1.173636023836290398e+00 1.433969095806111038e-01
3.254590033343106037e-01 -1.114190081538674049e+00 -9.349210567678075678e-01 6.490188573140452666e-02 1.192277182251601647e-01 1.104967492945134078e+00 -1.451226753920681622e-01
1.477963517892881551e-01 -8.431883540261373433e-01 -8.922830879637968504e-01 2.540982970357748005e-01 2.316689873850667214e-01 9.443205799328725503e-01 -3.548620544256499976e-01
-1.770400099011256445e-01 -4.436603354099937224e-01 -9.627290657489135928e-01 4.339335944334176132e-01 3.398494433257286951e-01 7.636732354008360923e-01 -4.909970254996343653e-01
-5.294779309577966053e-01 -5.876036070950791529e-02 -1.065479175004830026e+00 5.089562937761435979e-01 4.285294256321249273e-01 5.969848721550909953e-01 -5.444170504954316536e-01
-7.350302893118354497e-01 1.743232771773542411e-01 -1.089650756403964804e+00 4.242604266479796937e-01 4.346080186143780888e-01 4.020597573213249287e-01 -4.990974848187740287e-01
-7.316395697791391317e-01 2.564500290852705922e-01 -1.009450742218832131e+00 2.721005484656672802e-01 3.223872303881701873e-01 1.478569660206076886e-01 -3.628168165970795389e-01
-5.928328197822229084e-01 2.439158198746526895e-01 -8.636787252651226821e-01 1.629136075321266364e-01 1.163508457715434208e-01 -1.223818854552166657e-01 -1.539976544975893424e-01
-4.087662697621133323e-01 1.007029292431453338e-01 -6.649889494998808548e-01 7.455144365667495943e-02 -1.371306716921186775e-01 -3.300109442907121493e-01 1.318243240419047224e-01
-2.246618397170867532e-01 -2.510520671166747153e-01 -4.002551455385435220e-01 -5.671621730845740478e-02 -4.001230904370483010e-01 -4.245850686040998911e-01 5.031405559904631453e-01
-9.443640410305384481e-02 -7.415405478193667355e-01 -1.097669229461033930e-01 -1.681777353383149820e-01 -6.177488367185771656e-01 -3.920986503692946989e-01 9.073019833618207741e-01
-1.008186151708787143e-01 -1.147836922990109754e+00 1.111210071045275055e-01 -1.384440605096871890e-01 -7.035242498041567316e-01 -2.279068176881275665e-01 1.227541924100900239e+00
-2.639766200903783666e-01 -1.322291506451756860e+00 2.164002104572994856e-01 1.496876948517108195e-02 -6.050554041996014654e-01 5.710282480181746306e-02 1.372282520997304189e+00
-4.888095363615178601e-01 -1.299545003023796053e+00 2.499549111528855116e-01 1.492097026570238794e-01 -3.656234801485404584e-01 4.099984302209053744e-01 1.328579544989520134e+00
-6.619812051453731749e-01 -1.159396916160250202e+00 2.569094349583169734e-01 1.766848038781804187e-01 -7.105696613843223708e-02 7.673539649543615893e-01 1.120736263311990610e+00
-7.480739612529215821e-01 -9.499674423985032812e-01 2.330957740786175347e-01 1.037545584586493375e-01 2.266288536708157275e-01 1.109236504293910297e+00 7.823809148353785270e-01
-7.418099528655580643e-01 -7.494882456062299525e-01 1.795029187910143764e-01 -7.709621333907101803e-02 4.909742953474538485e-01 1.436750163993432361e+00 3.764378528445356253e-01
-6.063505779367869275e-01 -6.291062472222096469e-01 1.206276659115833039e-01 -3.924421237846449362e-01 6.683652407475088042e-01 1.715979942963256288e+00 -2.807611279534518930e-02
-3.347594556389061893e-01 -5.294536806288960840e-01 5.306645706542250512e-02 -7.876163773938319457e-01 7.261527477201533687e-01 1.885813727080392743e+00 -4.131942487422931021e-01
-4.485156635095368483e-05 -3.062031277946444807e-01 -4.584639102679725214e-02 -1.160489686519335040e+00 6.776049920137847682e-01 1.897419753235957351e+00 -7.967700872695792080e-01
3.230135468665267795e-01 6.819966409686173403e-02 -1.418746895282352871e-01 -1.494661565691741245e+00 5.320141597916611120e-01 1.712517304595447820e+00 -1.155760171018925364e+00
6.257719398173671177e-01 4.581319768831702000e-01 -1.531274977444327390e-01 -1.824167054782842579e+00 2.712466675276895001e-01 1.302534254253816748e+00 -1.423000177119559284e+00
9.107046757853262120e-01 7.455431049351685102e-01 -6.045731735545297608e-02 -2.077671194192885817e+00 -8.706094502982256178e-02 7.042932407364237424e-01 -1.573399633396992625e+00
1.124799229746203943e+00 9.391682365382454378e-01 6.350429195919868319e-02 -2.095900792389331802e+00 -4.495002823767852984e-01 4.639485539056695251e-02 -1.647062066257478197e+00
1.205424825130540611e+00 1.068559613923351526e+00 1.633361462405996944e-01 -1.820328366635735273e+00 -7.096620731350687938e-01 -5.327260596575299489e-01 -1.668766097628707090e+00
1.158279104133404847e+00 1.090631008240953603e+00 2.641252412606709399e-01 -1.361839123566314980e+00 -8.217288473295093487e-01 -9.682091703543639349e-01 -1.609135223914233137e+00
1.025331552547578351e+00 9.673341767373588862e-01 3.889342409280665547e-01 -8.632432948332098288e-01 -7.866260314760662453e-01 -1.237421317504379559e+00 -1.442963891952687927e+00
7.862330504220113037e-01 7.431655225597070258e-01 4.865012445853151291e-01 -3.768242709186832573e-01 -6.017997417874028088e-01 -1.291383869329370215e+00 -1.182959054626304463e+00
3.710151416874600816e-01 4.868832537411799666e-01 4.897407425967961192e-01 9.182078049444264423e-02 -2.721277338208801799e-01 -1.083210166476722858e+00 -8.425566154832448973e-01
-2.029928374828331439e-01 2.267975224341199358e-01 3.967648912239411518e-01 4.954535929511188486e-01 1.389795178863537095e-01 -6.549778022650419862e-01 -4.309552544708235566e-01
-7.911467486351994038e-01 -1.876815028773212365e-02 2.564782494942891566e-01 7.714014084986011710e-01 5.200441365264480975e-01 -1.403894435814143082e-01 3.053163669720417809e-03
-1.254347694273519442e+00 -1.948085078653455648e-01 1.014911392849091459e-01 9.237077088288843107e-01 7.843347728675933439e-01 3.264441961836465067e-01 3.720444969996317131e-01
-1.555468810477137476e+00 -2.256315310500098259e-01 -7.132641048428067787e-02 1.011374645021267948e+00 9.058007396983285275e-01 6.724107439463021807e-01 6.057580794836452398e-01
-1.703904033744277458e+00 -6.457729360481931358e-02 -2.606144787798509999e-01 1.061543197489594581e+00 8.934200906522274943e-01 8.609939628753947582e-01 6.838832971412182049e-01
-1.689946432285704736e+00 2.813229575405121197e-01 -4.363721821468650175e-01 1.051991725543103939e+00 7.703335569528747540e-01 8.679950728590039022e-01 6.124284999897338100e-01
-1.518198692261037985e+00 7.475001026797620796e-01 -5.573447123127148739e-01 9.668554040065089339e-01 5.830231782570540755e-01 7.128505113600356324e-01 4.026402123175681358e-01
-1.239146072018150191e+00 1.212919798941270777e+00 -5.842143775237930159e-01 8.083790011594442770e-01 3.953568066634932099e-01 4.661344050461356248e-01 9.077938670160137780e-02
-9.042859219688785810e-01 1.545142159972834772e+00 -4.923366314699413326e-01 5.827602223996496411e-01 2.550170606992541167e-01 2.010716474159479072e-01 -2.613200922040509466e-01
-5.481346173980499170e-01 1.676257879230020897e+00 -3.049129722641542029e-01 3.295318691046684734e-01 1.808552790906196028e-01 -2.722494754075691081e-02 -6.040875033438345421e-01
-2.249068362145835442e-01 1.607350858118937076e+00 -9.315406383071785090e-02 1.128552870316369278e-01 1.791159773659160015e-01 -1.606763957217995920e-01 -9.054431131447111536e-01
1.235143380143427505e-02 1.341825466918519671e+00 8.213636922064398993e-02 -6.004432311198583394e-02 2.460187691281450761e-01 -1.442495894577172644e-01 -1.123071992639835592e+00
1.741201650553190761e-01 8.684295681531276623e-01 2.168009722900847147e-01 -2.518601762235600505e-01 3.532146250120358211e-01 3.426538026586971319e-02 -1.210767670594403933e+00
3.060180802917646381e-01 2.275244770180690213e-01 3.405047176228458428e-01 -4.904103415596975934e-01 4.543763951201121309e-01 3.266197098178624247e-01 -1.153799422582160616e+00
3.976293091103773047e-01 -4.402770931951827116e-01 4.600331928225617761e-01 -7.072455435493431031e-01 5.193884822449038596e-01 6.608826708960254814e-01 -9.860237855125569828e-01
3.905927395326798668e-01 -9.626447458983964367e-01 5.561342510463889166e-01 -8.345599767971848548e-01 5.441059106660695033e-01 9.865295834737316527e-01 -7.729051796962801424e-01
2.871127087423063218e-01 -1.247809251389793372e+00 6.295258782500949835e-01 -9.129371741570588838e-01 5.197448952401840794e-01 1.262232806921720130e+00 -5.805662572152857637e-01
1.793761668989132252e-01 -1.286713420499689287e+00 6.952043550795152793e-01 -1.026541666361540761e+00 4.305711649294609034e-01 1.425514883800039767e+00 -4.591192090639364953e-01
1.339571560337020906e-01 -1.086850636780048118e+00 7.298778812612465305e-01 -1.167903056841701925e+00 3.004044922676870066e-01 1.429786297186286470e+00 -4.345707664514876778e-01
1.098959099359060609e-01 -6.756648889562959504e-01 6.776920340851310121e-01 -1.251246930880685726e+00 2.055644516400343402e-01 1.306426398127459754e+00 -4.979137908226082265e-01
4.242034331810679709e-02 -1.530805759825009660e-01 5.229231134426765015e-01 -1.239833485197243457e+00 2.095036918942728976e-01 1.131346432594247498e+00 -5.931045103152704501e-01
-5.935236045109543168e-02 3.364665325786660999e-01 3.149736008252829178e-01 -1.164564995366553113e+00 3.002681337743138834e-01 9.354116883076457611e-01 -6.328062469831452486e-01
-1.567437732143607543e-01 7.112253384846576321e-01 1.018998241609863353e-01 -1.026348602452927139e+00 4.209846534812326513e-01 7.125200088167670254e-01 -5.658242652577868403e-01
-2.583650177109690360e-01 9.753541213896692597e-01 -1.088724620336744414e-01 -7.883038993374319459e-01 5.367856841220286501e-01 4.903695054511175710e-01 -4.110484305152750095e-01
-3.760035230113534799e-01 1.134325035132776716e+00 -3.045865818148669746e-01 -4.723511595098565663e-01 6.319972429309387296e-01 3.128454215914670544e-01 -2.097435141671011860e-01
-4.562431958348414640e-01 1.166709478138468370e+00 -4.436063593668622684e-01 -1.637504858887046111e-01 6.763080689715007532e-01 1.749418179826137953e-01 1.703379728349347288e-03
-4.496141330715847095e-01 1.091875021305777960e+00 -5.079874790961586006e-01 9.903199244168420234e-02 6.502997040056135436e-01 4.292923507867532629e-02 1.695921723448184926e-01
-3.999442951631842491e-01 9.810489483619303508e-01 -5.329425476102893633e-01 3.408481761366387031e-01 5.871190905224087375e-01 -7.583873820618089456e-02 2.344532041946258694e-01
-3.737836985617460916e-01 8.484487235974442765e-01 -5.431692914452609378e-01 5.289575285232761548e-01 5.397665686429846676e-01 -1.381803311556075720e-01 1.831350553117493118e-01
-3.491653470106123591e-01 6.029028341505624500e-01 -4.984948033162404091e-01 5.441835199955082913e-01 5.195970181496302187e-01 -1.279874297551205908e-01 5.846064155008125207e-02
-2.679446677644932717e-01 1.756788072455792160e-01 -3.609659001210597240e-01 3.449671629803782724e-01 5.120821833918217658e-01 -5.035138486644602507e-02 -9.470779648343503887e-02
-1.708918541041640760e-01 -3.681353970136558296e-01 -1.830611571170858431e-01 7.796227423332866002e-02 5.352738149948260693e-01 1.295065513703978488e-01 -2.545271927886987307e-01
-1.766117935742656242e-01 -9.004741493696267751e-01 -6.134467285101394968e-02 -7.505658279904942054e-02 6.225019689749857754e-01 4.623461480699329051e-01 -3.784731158083503577e-01
-3.178748643415022501e-01 -1.354422889313328104e+00 -2.534097282644748664e-02 -9.653706738924829056e-02 7.455160547707676555e-01 9.179605428178523319e-01 -3.816457094626038438e-01
-4.750057552195656729e-01 -1.726071246649526714e+00 -3.252264008614993984e-02 -9.865743007634317219e-02 8.055965944121407096e-01 1.364189839630109091e+00 -1.969635101863502213e-01
-4.943214803261373747e-01 -1.988566828747373449e+00 -5.563177619263633827e-02 -1.664711102393073849e-01 7.136427810594225818e-01 1.650515708014304916e+00 1.585257370138863642e-01
-3.293818751151409985e-01 -2.081475487311187145e+00 -1.110456951960583777e-01 -3.159915137388157880e-01 4.520796248421181662e-01 1.691177507798147461e+00 6.065629692391761862e-01
-3.744594373464796982e-02 -1.983943928765272924e+00 -1.996449659999529336e-01 -5.465893220956509202e-01 5.695931631946288959e-02 1.474242921581280896e+00 1.072013126689967066e+00
2.995993279487525474e-01 -1.715564033917764020e+00 -2.897276322470297427e-01 -8.214917105652397300e-01 -4.178787969080502429e-01 1.036288479092252857e+00 1.486733401835541368e+00
5.879251633883011419e-01 -1.278869977285393533e+00 -3.676103205954494024e-01 -1.028956987633850462e+00 -8.979765527958712967e-01 4.596727787873979287e-01 1.776116159422500118e+00
7.222879144434626308e-01 -6.855847095387962442e-01 -4.372479664486916273e-01 -1.069441277530516654e+00 -1.294331252845709823e+00 -1.444329689795516292e-01 1.900950333766362910e+00
6.541853056085623619e-01 -1.929457237128184149e-02 -4.697391593320069392e-01 -9.436914848570172598e-01 -1.549492414462744883e+00 -6.941065100070985538e-01 1.890606731122182804e+00
4.245646752668598700e-01 5.918819744356021983e-01 -4.154621887484319376e-01 -6.868874358764129884e-01 -1.660773751134843712e+00 -1.161113224582445147e+00 1.806893170031263596e+00
7.899086232536992047e-02 1.061390741008798821e+00 -2.776059873138557732e-01 -2.700422987730917712e-01 -1.640544449231833735e+00 -1.515280665089788315e+00 1.688879630549979360e+00
-3.790092436185867331e-01 1.369733234389285625e+00 -1.216626343772859165e-01 3.375372312586765178e-01 -1.484164837125411918e+00 -1.691767189426788054e+00 1.544395680503021673e+00
-8.874488842913128561e-01 1.514697689845814876e+00 1.100695199620200203e-02 1.026524153060915490e+00 -1.208239828927297532e+00 -1.666056872120468935e+00 1.373338914851574000e+00
-1.288529257849349463e+00 1.503953021054450945e+00 1.353704489741532346e-01 1.594671560910319252e+00 -8.764195408193080628e-01 -1.501365681291263243e+00 1.159490777598350064e+00
-1.472778961942476927e+00 1.405422592108616309e+00 2.468230354354407907e-01 1.932938217645665313e+00 -5.392704587598100563e-01 -1.257397142751973673e+00 8.525937854553079509e-01
-1.461232226851740146e+00 1.305892977684229628e+00 3.031412709879593437e-01 2.048955530883716403e+00 -1.998098202976006654e-01 -9.213395807896332945e-01 4.185949283754298866e-01
-1.312844707393973520e+00 1.208448906046550864e+00 3.019176300733446561e-01 1.956301124202240338e+00 1.288764311327476597e-01 -4.733202527687259686e-01 -1.000901426312177100e-01
-1.071195612426068866e+00 1.074153484803320957e+00 2.822145943762511822e-01 1.678891476350023559e+00 4.143189115654198895e-01 5.975652894868137971e-02 -6.255446565994882135e-01
-8.133756927067524733e-01 9.358847886842281971e-01 2.487143885132420684e-01 1.308096370447462187e+00 6.709361045135596724e-01 6.330772143701519639e-01 -1.111921673858085935e+00
-6.306968861405158888e-01 8.549204603038286221e-01 1.822313284806449940e-01 9.254840696130983702e-01 9.455680070833234474e-01 1.195837149950650380e+00 -1.528893722229769159e+00
-5.419838856510902358e-01 8.096121060361519683e-01 1.070470972356352413e-01 5.224878302808095842e-01 1.235346049932401158e+00 1.670349339811218359e+00 -1.830519213017903102e+00
-4.970265447371325918e-01 7.324245439018051140e-01 6.909688589443191420e-02 8.812453613697522614e-02 1.488027353919026297e+00 1.972011367561077311e+00 -1.989462984754485797e+00
-4.684751498292912819e-01 6.172269541452378716e-01 6.534008395931914515e-02 -2.893216376446566818e-01 1.674076873191516324e+00 2.077992813578834586e+00 -2.036807444092351371e+00
-4.762084812107240106e-01 5.127838681736237580e-01 5.670986742008313902e-02 -4.903202355793637168e-01 1.803227140184993305e+00 2.043831208865693139e+00 -2.033774915374889858e+00
-5.088399974937360959e-01 4.429333561390215723e-01 3.947427443539511249e-02 -4.921333826489847629e-01 1.873130975498223494e+00 1.921835657984427126e+00 -2.015083970751457176e+00
-5.044349925336434337e-01 3.899017923670191066e-01 5.209089356685829564e-02 -3.562094263615041001e-01 1.849934787599755603e+00 1.707794857890832629e+00 -1.978039458562128594e+00
-4.451157461683076244e-01 3.374999521505382405e-01 1.153644005621366764e-01 -1.190245445476075387e-01 1.702466059454696090e+00 1.385659935009158295e+00 -1.902402256833846339e+00
-3.934774386665154666e-01 2.797278104048290803e-01 2.096092040706221682e-01 2.091021388608231557e-01 1.427229275975829825e+00 9.774532338511787710e-01 -1.759501908919603341e+00
-3.988489287189168064e-01 1.811622338853681735e-01 3.144003528867697628e-01 5.521835426371981548e-01 1.043629573342395478e+00 5.367648886283463705e-01 -1.520958420976552539e+00
-4.355557830963251442e-01 -1.542938933600335530e-02 4.289564369524704879e-01 7.976261246632285751e-01 5.878687258346925182e-01 1.204560952280438746e-01 -1.184271748005736535e+00
-4.765611749549898968e-01 -3.136457697412188828e-01 5.369622480583772228e-01 9.286340267982960972e-01 1.235266853376214696e-01 -2.131897460621942908e-01 -7.918739490672236370e-01
-5.607024601339009040e-01 -6.624189552578436668e-01 5.998642452450101414e-01 1.008857813386752733e+00 -2.585809403390243455e-01 -3.942247719274610818e-01 -4.033001868021457437e-01
-7.115134622415737464e-01 -1.043682945195577583e+00 6.109914448839406376e-01 1.030413876214322455e+00 -4.842839968632521863e-01 -3.779479007010773661e-01 -5.284974816549088683e-02
-8.342707496004181378e-01 -1.470518024528083112e+00 6.082474589448341185e-01 9.051084367228423577e-01 -5.477760656019030616e-01 -2.004004431384550089e-01 2.341240418786403044e-01
-7.855617376256625040e-01 -1.900910990206080120e+00 6.132364026386017963e-01 6.189636887246042773e-01 -5.068963303814288945e-01 4.497045554710923237e-02 4.072875660901254524e-01
-5.304946676723419907e-01 -2.237433737492291019e+00 5.965001090605596135e-01 2.844978471171208390e-01 -4.322451998295145925e-01 2.840049963229767105e-01 4.282909301274579472e-01
-1.550487719386069996e-01 -2.416299610580101120e+00 5.225485251331269954e-01 1.453488828458551242e-02 -3.806813899565056336e-01 4.782771975528100072e-01 3.297113319975801260e-01
2.562193488344188252e-01 -2.436218953443798352e+00 3.974110399692278306e-01 -1.661389765542731212e-01 -4.079330231002586404e-01 5.853361028951116207e-01 1.888951238116599596e-01
6.620679750753581949e-01 -2.288975928474422883e+00 2.382742438494958870e-01 -2.459143405743667299e-01 -5.565124553202703828e-01 5.625238692238488936e-01 4.794153835494937427e-02
9.959205143508087499e-01 -1.930385778485012693e+00 2.603121550190727607e-02 -1.585829344954139963e-01 -8.070078140095970909e-01 4.196999371862372707e-01 -1.038949207777336847e-01
1.176265890211764642e+00 -1.360291339207539307e+00 -2.616779919860816039e-01 1.122221545233122453e-01 -1.071264363539383480e+00 2.214605787016639404e-01 -2.809608740632701940e-01
1.216815546550121807e+00 -6.809974726526123456e-01 -5.874269800864544422e-01 4.278141150292438799e-01 -1.257103672474419565e+00 1.879191766091831139e-02 -4.722549051562311972e-01
1.232059741413076281e+00 -3.135915520326336414e-02 -8.709652229943437574e-01 6.167534255887878736e-01 -1.331514609678825511e+00 -1.916834405905573357e-01 -6.517629571830049207e-01
1.306924078584747573e+00 4.994545831010099302e-01 -1.057207254319231460e+00 6.383699678460836857e-01 -1.314835998586971755e+00 -4.296909772954878304e-01 -7.866315777839635315e-01
1.433396085041549028e+00 8.577641812676736199e-01 -1.130692404569538345e+00 5.250421419281584567e-01 -1.237773500573262409e+00 -6.822181355861102192e-01 -8.332186928146682048e-01
1.588029341189773902e+00 9.763355737731830297e-01 -1.082486310921811024e+00 2.572246534770485926e-01 -1.136510550690714050e+00 -9.145929053548543797e-01 -7.406349040104246439e-01
1.791639170603764875e+00 8.181041567251444713e-01 -9.186633617479148528e-01 -1.882511124292797489e-01 -1.067632109449383471e+00 -1.110025383206158178e+00 -4.853355861928638215e-01
2.044892782183730606e+00 4.743893007146744445e-01 -7.085668084280964951e-01 -7.089848327864735067e-01 -1.078486804713525871e+00 -1.271690190334150650e+00 -1.131178477708851826e-01
2.272632664575938044e+00 1.378918848647508189e-01 -5.679558040067634872e-01 -1.113379374797941690e+00 -1.177456865955840204e+00 -1.401547640892266022e+00 2.888788798510028566e-01
2.405425233375815708e+00 -5.449053605035698161e-02 -5.645967625561432168e-01 -1.298520493975270806e+00 -1.366315090012676592e+00 -1.507527143629294519e+00 6.683052537466804832e-01
2.453055264250907808e+00 -7.727348580683471302e-02 -6.830115060475692168e-01 -1.290369518443092556e+00 -1.664137591457282905e+00 -1.617819974318650322e+00 1.017959208846162422e+00
2.425827537505403697e+00 6.486398807497478769e-02 -8.872689367260935267e-01 -1.121126748749676327e+00 -2.064302154347679608e+00 -1.753159509601704968e+00 1.336364588485802640e+00
2.271430285642623392e+00 3.420493065194077364e-01 -1.146095195515850707e+00 -8.192400973644409223e-01 -2.507153823460765096e+00 -1.897195851222880814e+00 1.627626303236468841e+00
1.969241802568175936e+00 6.456880920918536271e-01 -1.394017181956083373e+00 -5.095530371707170936e-01 -2.920922906408987441e+00 -2.020642182387078378e+00 1.903173226625364922e+00
1.591015815644478693e+00 8.542165393951590691e-01 -1.547391127163545654e+00 -3.503771180748017078e-01 -3.253458634787664838e+00 -2.108918367676559935e+00 2.143889681181090801e+00
1.206102537313844092e+00 9.323581467933814704e-01 -1.567863663084033909e+00 -3.787116071861266753e-01 -3.448280135516781808e+00 -2.140583032296292210e+00 2.292459701072276701e+00
8.294906713924424801e-01 9.108031905201979805e-01 -1.459971157530042696e+00 -5.388984552016338192e-01 -3.435595217547907421e+00 -2.080504466973791544e+00 2.297618779193455030e+00
4.958304317249409010e-01 8.296818679625052040e-01 -1.223601977985817824e+00 -7.900355527896888441e-01 -3.178377003978813953e+00 -1.925553794933909213e+00 2.139259703879857533e+00
2.755486455850152394e-01 7.346696169292697975e-01 -8.601671273704837306e-01 -1.074295115956314106e+00 -2.703499335919723467e+00 -1.718146009638115146e+00 1.819832911502406336e+00
1.820764701617439141e-01 6.652616017157561012e-01 -4.070758694896245422e-01 -1.272049060387838937e+00 -2.074713150761671177e+00 -1.495619781798016579e+00 1.371879652494610413e+00
1.427309821501500098e-01 6.201422390221489334e-01 7.013064168338196958e-02 -1.293651095828613373e+00 -1.358950466552808267e+00 -1.257253667629591343e+00 8.713542188692943169e-01
9.659172319378965532e-02 5.646631340390513287e-01 5.067991388923672735e-01 -1.160895145445891563e+00 -6.364209490750514231e-01 -9.953169670386394774e-01 4.102688593430445230e-01
6.230536590757671661e-02 4.900312541915398667e-01 8.453041441321580418e-01 -9.343534027140798504e-01 -1.776954428421661375e-02 -7.376177152815079907e-01 4.510402029731216261e-02
6.405042470965396917e-02 4.563101263896277016e-01 1.028042547543231988e+00 -6.175948103899252528e-01 4.018389187832658860e-01 -5.322963045346912336e-01 -2.199957109354248597e-01
4.586662509429512841e-02 5.391077324603650300e-01 1.017278452596428906e+00 -2.128104821022124837e-01 6.074227960115942127e-01 -4.011800760728341797e-01 -3.868012751733348464e-01
-5.524534295008212692e-02 7.205346083343865393e-01 8.340517333359275254e-01 1.683369996537510960e-01 6.472765370278185104e-01 -3.488667551854577886e-01 -4.162201798348617032e-01
-1.849357840748712123e-01 9.007077208534192136e-01 5.387308154742261879e-01 3.621129669042539856e-01 5.732416523320372770e-01 -4.019695911646215536e-01 -2.751840428048915044e-01
-2.246955296100734134e-01 1.028816496445190909e+00 1.567944803693830935e-01 3.281949528805461758e-01 4.405566485216481087e-01 -5.764294668120113485e-01 -1.437238943866067653e-02
-1.361049202066649533e-01 1.116755680206012347e+00 -3.203440285654700626e-01 1.655668667852364384e-01 3.278587061219227494e-01 -8.272388332866571492e-01 2.769442621824494410e-01
5.102063698129495617e-02 1.142336816119045917e+00 -8.574769813844370647e-01 -3.523925618766296508e-02 2.842806092961624453e-01 -1.094230201229324573e+00 5.696815692866258329e-01
3.126469282573144381e-01 1.087357466552078433e+00 -1.385124238490296644e+00 -2.129041123585886930e-01 2.831069962681423413e-01 -1.342178244272725918e+00 8.637612731244277420e-01
5.845859390337891925e-01 1.042309127535240743e+00 -1.886205340396479135e+00 -2.402963716577648789e-01 2.869422474896019537e-01 -1.503800910309949224e+00 1.105361904678416884e+00
7.522612332013419723e-01 1.137044276559221689e+00 -2.375137547967655749e+00 1.319131866283235113e-03 3.073277234915128275e-01 -1.479891926624774312e+00 1.219715825239275464e+00
7.652709068180248986e-01 1.393657119365077079e+00 -2.794391167878904625e+00 4.607260721125276404e-01 3.549581709349561853e-01 -1.244214152054686551e+00 1.185157009116949434e+00
6.605436181614146030e-01 1.722635188909237058e+00 -3.021102287501187700e+00 9.732256800309593281e-01 4.037336133773056779e-01 -8.717744507755580408e-01 1.028318980436208951e+00
4.468885041015228099e-01 2.012391395313468667e+00 -2.971253679012370696e+00 1.437094360723837339e+00 4.444369266852734590e-01 -4.508684445381756500e-01 7.924143342202232265e-01
7.986506921656762181e-02 2.167616411517949260e+00 -2.632122813568989805e+00 1.802353252143797713e+00 5.090882860967806955e-01 -3.600297078817969038e-02 5.393918316117299883e-01
-4.241470762714616982e-01 2.114758180683983912e+00 -2.019959581209057831e+00 1.959337311405554116e+00 6.146376640590240914e-01 3.170064911013356634e-01 3.359507095584247649e-01
-9.520287975354201349e-01 1.835090398009711965e+00 -1.179328848515798667e+00 1.814142740465054970e+00 7.311897910081598395e-01 5.445141332813479007e-01 2.083731595075268284e-01
-1.414906669140487683e+00 1.384785449165151228e+00 -2.093928397994405111e-01 1.445940363419005559e+00 8.172744348607906550e-01 6.151587993535122534e-01 1.480262082685999125e-01
-1.826273743805755911e+00 8.563134484416060621e-01 7.631371145479637352e-01 1.043982990975680147e+00 8.541347041060636247e-01 5.398939475418627065e-01 1.666532416218397816e-01
-2.207633010662508610e+00 3.245766975514579045e-01 1.640770691337082754e+00 7.114601036552695712e-01 8.426528899288748820e-01 3.428027394042104659e-01 2.938418089691433033e-01
-2.493497967524124448e+00 -1.501540267806488749e-01 2.364560152893958378e+00 4.544277585723477952e-01 7.960755740064199282e-01 4.927605980003964964e-02 5.077620439687152709e-01
-2.606806171919056059e+00 -4.915796566084740249e-01 2.878863501576688133e+00 3.230413951296769448e-01 7.487834313712161682e-01 -2.886668679147139649e-01 7.196554364938763104e-01
-2.571854803856765681e+00 -6.472539761140994052e-01 3.131554225780377010e+00 4.140742031059282402e-01 7.495264000980792485e-01 -5.794543517728277804e-01 8.546659171900155005e-01
-2.464108873861952986e+00 -6.497764951583683279e-01 3.116428323686905255e+00 7.225419281603330246e-01 8.256968122834751345e-01 -7.347992929423600161e-01 9.066186557216618924e-01
-2.287008174571480090e+00 -5.752629489442407928e-01 2.877743867079928464e+00 1.102332228852568097e+00 9.579112014963190314e-01 -7.310569082736282365e-01 8.963187801128023047e-01
-1.997645086137487258e+00 -4.620892822691567425e-01 2.463870321591985935e+00 1.410046164713283590e+00 1.096558589528125349e+00 -6.047939650000663248e-01 8.287767626360501572e-01
-1.622294685135090564e+00 -3.155783523353803965e-01 1.903378958039062541e+00 1.604265548793724960e+00 1.196196735640910891e+00 -3.911240568213139035e-01 7.129189416906688281e-01
-1.238993715402894713e+00 -1.598227012258085777e-01 1.236989668418860600e+00 1.667931318126991247e+00 1.226698522750881759e+00 -1.115252282212216284e-01 5.827504228786514195e-01
-8.629400024189926022e-01 -3.543326082417996153e-02 5.417703350169350562e-01 1.535066244022377679e+00 1.169214953482789365e+00 1.816395398240255310e-01 4.681153506202492820e-01
-4.482472184694855089e-01 4.478566109177342658e-02 -1.061992436373346005e-01 1.168911386031461719e+00 1.023482782574022032e+00 4.110978150677475629e-01 3.572973712810812996e-01
-7.608618327582306051e-03 1.055367757545539187e-01 -6.718271542221088133e-01 6.477046679577674881e-01 8.182489671497555905e-01 5.429740294788331090e-01 2.115388166265047554e-01
3.531136169405257319e-01 1.813465293508331189e-01 -1.134382941501733688e+00 1.082000591805822587e-01 6.039663867006574982e-01 6.035321079048076021e-01 1.597267055517754067e-02
5.417175479223409473e-01 2.934468430156055851e-01 -1.441182452711312845e+00 -3.512378025327076436e-01 4.254150841733911337e-01 6.113836575512883176e-01 -1.916475411607361234e-01
5.682332009071966450e-01 4.314885768663802579e-01 -1.525048460247991455e+00 -6.765114330367431039e-01 2.977738992224327474e-01 5.427820762098233276e-01 -3.486605675613315136e-01
5.078490141428160243e-01 5.433031359143319916e-01 -1.369982710474450194e+00 -8.274210598196727329e-01 2.124978349410494849e-01 3.921343770890076130e-01 -4.252238998822370775e-01
4.160523180173932856e-01 5.556692900480956210e-01 -1.029920045098882131e+00 -7.947706211655982678e-01 1.590433531949002055e-01 2.192484082160925662e-01 -4.346829033944910603e-01
3.254484011957468614e-01 4.090019030232061037e-01 -5.731276076029897526e-01 -6.345588196337256237e-01 1.241710624758302489e-01 9.028029106967286332e-02 -3.891334796403043139e-01
2.944775650542558743e-01 8.161930335385238211e-02 -4.453523614943051545e-02 -4.499258863555581356e-01 8.320080999634141272e-02 7.611654514296108988e-03 -2.878008906484617602e-01
3.666640125083819313e-01 -3.965999400168712108e-01 4.974358702136522092e-01 -3.021036193112239254e-01 2.025930252557974626e-02 -4.766611969210902272e-02 -1.485402828566146638e-01
4.892642912519061249e-01 -9.544119869001133072e-01 9.485685991713483922e-01 -1.503288052963811516e-01 -5.043079125586159839e-02 -4.444791040094369511e-02 -9.332469083694911599e-04
5.739815724239405448e-01 -1.513819422685303895e+00 1.212987579220148326e+00 5.155890108276692252e-02 -1.044811018381698597e-01 5.498994198072832545e-02 1.546274720295638949e-01
6.289910062232960675e-01 -2.008555401036091315e+00 1.278326940924127353e+00 2.314910375328837755e-01 -1.441523057334041791e-01 2.081862365146812388e-01 3.404645943199855473e-01
7.364508510500961114e-01 -2.366029532395624635e+00 1.191541240845907623e+00 2.755543122895494634e-01 -1.915568909251881002e-01 3.228503709208116468e-01 5.464347782517652297e-01
9.180214979717100654e-01 -2.498169806706596052e+00 9.759967125669130050e-01 1.797630942109132990e-01 -2.447477365014581741e-01 3.620450132467468718e-01 7.117803216286288093e-01
1.120575873332796180e+00 -2.347080255875512389e+00 6.306355368261111760e-01 1.579666000420895666e-02 -2.770990397215296053e-01 3.536248348016546861e-01 7.716472605249993233e-01
1.324260373382850631e+00 -1.930533934863929879e+00 1.935344759952440097e-01 -1.959161392532094148e-01 -2.832351300030483965e-01 3.091913490813283372e-01 6.867492190184377732e-01
1.542827530609384601e+00 -1.315332873989872864e+00 -2.617408541716446102e-01 -4.591542502795084024e-01 -2.809683402276100250e-01 2.086995171937500448e-01 4.341936620834784821e-01
1.717298324438267354e+00 -5.825618642853055418e-01 -6.816785205960410599e-01 -7.027608095391776333e-01 -2.734648042005953794e-01 5.584337370275333640e-02 2.812426697405390544e-02
1.743791800516423240e+00 1.601438810876990027e-01 -1.036000299133677416e+00 -8.259139432994652141e-01 -2.557084790903120242e-01 -1.218681567059672760e-01 -4.550250144986545120e-01
1.603489017024636087e+00 7.926778535552529981e-01 -1.294734303728638514e+00 -8.069154878096076455e-01 -2.419691065278714581e-01 -3.162109627947433665e-01 -9.125721632169244701e-01
1.353095546479773592e+00 1.243327290982890965e+00 -1.454194352088910902e+00 -6.809169910811143644e-01 -2.431133975838304928e-01 -5.175407494535986253e-01 -1.268280374893495654e+00
1.006958215922915123e+00 1.506862707101479071e+00 -1.560084164531976736e+00 -4.532329959028644772e-01 -2.328947517407654599e-01 -6.618896734565860029e-01 -1.472641283818121760e+00
5.420827002079458001e-01 1.581542021582885260e+00 -1.644637902445618582e+00 -1.384656787358757857e-01 -1.756548818843770565e-01 -6.644117329546107564e-01 -1.475229896869217239e+00
1.514310528097719682e-02 1.424598521444392141e+00 -1.657946602724438501e+00 1.543000694950414642e-01 -7.107146334408329102e-02 -5.053673465606722814e-01 -1.241875638636077861e+00
-4.453160196260849135e-01 1.023583962348351362e+00 -1.524761011918558395e+00 3.161939984756279576e-01 7.053347933525158653e-02 -2.279672706481342959e-01 -8.140459337095435899e-01
-7.881483365858914514e-01 4.843154424667308056e-01 -1.251910730229933266e+00 4.020818033105084122e-01 2.769927520973122781e-01 1.366068201188269382e-01 -3.151749443608199974e-01
-1.078804884899740912e+00 -3.060890145759591688e-02 -9.149479919383531890e-01 5.603091087815030846e-01 5.820227012114721488e-01 5.797309018482355025e-01 1.354126639253955822e-01
-1.356898883194902261e+00 -4.396966092672950355e-01 -5.549182403212801207e-01 8.200627020493032049e-01 9.473929876994859889e-01 1.050075566084869294e+00 4.966892192204096501e-01
-1.547029370737125875e+00 -7.518198578714214708e-01 -1.511469211629727083e-01 1.074644550027890721e+00 1.260255676036816874e+00 1.429672441335972044e+00 7.761695680123594787e-01
-1.570438319036489894e+00 -9.650796145523770075e-01 3.069580625632614690e-01 1.251456371265316614e+00 1.420027085972323411e+00 1.609300826292955344e+00 9.629699862380018960e-01
-1.477334628667559491e+00 -1.050858494020378009e+00 7.791253764407298776e-01 1.374502063049623857e+00 1.413101784857903720e+00 1.575095650096335564e+00 1.033714390213397616e+00
-1.378924011124228910e+00 -1.047034934270207662e+00 1.231867937755028342e+00 1.428760011518901862e+00 1.296472234150375824e+00 1.391320474037131438e+00 9.999308762315987087e-01
-1.295861194750448808e+00 -1.065150205251252480e+00 1.684505349215404957e+00 1.280228449863756168e+00 1.135690207544027386e+00 1.127975267533360082e+00 8.857391300784590582e-01
-1.179278399078156570e+00 -1.155096942936850501e+00 2.144148893861598015e+00 8.354217833968609064e-01 9.859571561039487397e-01 8.555824341486524265e-01 6.611463971051347865e-01
-1.041574077116625086e+00 -1.238696267113773342e+00 2.542792833150862908e+00 1.964900089133198857e-01 9.093201103779354755e-01 6.705327578433396551e-01 2.597044811675635612e-01
-9.503765473593241975e-01 -1.235116379216087301e+00 2.807794192649124554e+00 -4.615907490765792098e-01 9.544568875450807344e-01 6.533271161319922360e-01 -3.242890820369627169e-01
-9.068765602449149199e-01 -1.185408721426161938e+00 2.955319230114819007e+00 -1.086209706294167798e+00 1.108001522853104381e+00 8.100934677889565227e-01 -1.008719973554536464e+00
-8.371313851410234763e-01 -1.181628349879889406e+00 3.044714710489992537e+00 -1.693741915137712661e+00 1.309756374004434676e+00 1.093030156449949608e+00 -1.706475823124942615e+00
-7.230706992358869600e-01 -1.235186985150171335e+00 3.075070618910431985e+00 -2.214284202144998659e+00 1.525430791119903651e+00 1.462632394207320496e+00 -2.372404199947134806e+00
-6.524791958204797515e-01 -1.296140429823558593e+00 2.993960251526389449e+00 -2.540889525542620486e+00 1.765654074901592097e+00 1.896461569090706734e+00 -2.950607921976469150e+00
-6.875031468063901308e-01 -1.348898290598337324e+00 2.785764802369698145e+00 -2.680958526149952448e+00 2.025301709449664589e+00 2.343013571970564257e+00 -3.349494321717593870e+00
-7.585912413821359612e-01 -1.404767820501252595e+00 2.488845795627833368e+00 -2.721002032880434296e+00 2.241889510528797924e+00 2.705160965201959478e+00 -3.508180338767423301e+00
-7.613583687967917513e-01 -1.439874357945695404e+00 2.139696104515356190e+00 -2.659954803765215203e+00 2.336507416337034293e+00 2.891872841459221632e+00 -3.437614170934042424e+00
-6.867757074711788867e-01 -1.417740058964920058e+00 1.758852611287001100e+00 -2.402027860244147828e+00 2.273407124335111273e+00 2.869131081325719812e+00 -3.171819360398949073e+00
-5.710236461895126236e-01 -1.356202490585991294e+00 1.393433575818022740e+00 -1.925470999054302412e+00 2.057651669967545338e+00 2.640000285641443956e+00 -2.724954257263513036e+00
-3.999596789247893969e-01 -1.314239190383827971e+00 1.122750426636707655e+00 -1.341119520448727620e+00 1.702461677716167188e+00 2.208665991808400619e+00 -2.121887612559375746e+00
-1.697537883400813963e-01 -1.305788101342789220e+00 9.815740164208107688e-01 -7.393044583507342171e-01 1.245499230474787833e+00 1.622447930834767460e+00 -1.447817867283219595e+00
3.133630252626866397e-02 -1.271574293717430804e+00 9.016010384670049005e-01 -9.792398528207274522e-02 7.825716112801026636e-01 1.024687171471492908e+00 -8.332854736103357807e-01
1.121488697845770960e-01 -1.159770919337947293e+00 7.810287540090821157e-01 5.777833170897996862e-01 4.238356548499472298e-01 5.852995399577264335e-01 -3.736601104176630050e-01
1.081209966441028930e-01 -1.001181485512119274e+00 5.974366315802762673e-01 1.141925223038236181e+00 2.021730217442933020e-01 3.742945548498085029e-01 -8.241025913698626915e-02
1.359414751285520917e-01 -8.820943368061419099e-01 4.046936340293626477e-01 1.432235631749558369e+00 6.258377222489754088e-02 3.463719585005570201e-01 7.443665853478238781e-02
2.495754917962917652e-01 -8.689664284628890734e-01 2.461396507350522289e-01 1.412047695338836339e+00 -5.919437781979547397e-02 4.237773396726272068e-01 1.409985819877291324e-01
4.249467890322640162e-01 -9.822655980807808440e-01 1.361171945821782747e-01 1.120275073831473289e+00 -2.046079442898805223e-01 5.359985562548809090e-01 1.727136763203047931e-01
6.515938793801094864e-01 -1.202234530621188124e+00 9.368852020244052003e-02 6.038004025784063922e-01 -4.281584999323759799e-01 6.030143211748707488e-01 2.205198052429368782e-01
9.298013995962672862e-01 -1.453082253898371867e+00 1.149252587410471288e-01 -2.538230315061943895e-02 -7.775656326753098702e-01 5.585358274894686170e-01 2.960064912105537793e-01
1.206794420292402803e+00 -1.634083682345607746e+00 1.471599031945571012e-01 -6.053920645114087007e-01 -1.234193047999079695e+00 3.978532782927423073e-01 3.825070918856935953e-01
1.426874335291919538e+00 -1.710446304536743511e+00 1.472470188358185050e-01 -1.077071924634882327e+00 -1.727727115653472367e+00 1.594432369783233827e-01 4.748449312449166682e-01
1.621554409979900635e+00 -1.727583031784700518e+00 1.259762638870795814e-01 -1.511081410608188236e+00 -2.198051110841248157e+00 -1.369786743099580539e-01 5.815109104218895153e-01
1.860339379110723668e+00 -1.720858988830626268e+00 1.050288494609190881e-01 -1.942112938304395353e+00 -2.613659404790798391e+00 -4.988641633654347651e-01 6.973037268977922976e-01
2.125846650489576994e+00 -1.653441813095757551e+00 6.288796454784678636e-02 -2.276960639485774873e+00 -2.935618476843623981e+00 -9.016310758664285441e-01 7.883203028611863727e-01
2.311387528029811733e+00 -1.474569925788234759e+00 -3.580290671213231385e-02 -2.411316515868489940e+00 -3.100132719422223015e+00 -1.266900598687547230e+00 8.172473777757092162e-01
2.351305315592485901e+00 -1.208412167405147564e+00 -1.693005946205625722e-01 -2.361589097391860292e+00 -3.067482319671830826e+00 -1.541109053511692917e+00 7.889566205717490899e-01
2.286578594469491410e+00 -9.255395558121741750e-01 -2.729555606433843318e-01 -2.211564959164958655e+00 -2.859631952236465491e+00 -1.750991298256711737e+00 7.392063829124383423e-01
2.161648858607836843e+00 -6.447342644418437851e-01 -3.226706421405948766e-01 -1.963613218696698359e+00 -2.521130644753137418e+00 -1.927377287415491081e+00 6.754844909366470862e-01
1.931631122507305731e+00 -3.327219130116519930e-01 -3.492179248990742724e-01 -1.543285056368133734e+00 -2.076531213729504888e+00 -2.025584872531056124e+00 5.766756712729077528e-01
1.552154500214596000e+00 -5.615490117977652929e-04 -3.681240990247420797e-01 -9.692197189606384100e-01 -1.546332331897947832e+00 -1.974769714396812370e+00 4.433220483613029561e-01
1.092604262931007986e+00 2.692554113662746773e-01 -3.457815801997807803e-01 -3.992037938086455129e-01 -9.683671822070779589e-01 -1.756388730266914999e+00 2.944678655764096931e-01
6.641232104403216319e-01 4.170517397144120064e-01 -2.541779697442674846e-01 5.089194937678680891e-02 -3.772828584880781877e-01 -1.393230008585810697e+00 1.265616596247382264e-01
2.763773689456495708e-01 4.831558762198308044e-01 -1.328450083816628824e-01 4.246801322078792573e-01 2.269427026678857984e-01 -8.983154836701447987e-01 -8.124947526612626147e-02
-1.525987915800777195e-01 5.482656798452576474e-01 -5.787822149256071497e-02 7.981829381865759299e-01 8.589964754012509029e-01 -2.796151713936024241e-01 -3.175903310602352092e-01
-6.538285635083661562e-01 6.238781292776103271e-01 -5.279676609266301807e-02 1.135394789516945169e+00 1.479667825092083389e+00 4.006424447019414914e-01 -5.161999222375580620e-01
-1.146659639070658043e+00 6.670564455800609416e-01 -8.420638117400423839e-02 1.349577930889013899e+00 1.981290841063697350e+00 1.014036843549495082e+00 -6.030937020029427664e-01
-1.548772934013264990e+00 6.853808827603139475e-01 -1.503517962440921729e-01 1.447902504195974549e+00 2.265836096452737092e+00 1.446813077260267200e+00 -5.554154797757810957e-01
-1.868048929173824924e+00 7.500202318499827880e-01 -3.077896429039133630e-01 1.517250546263636313e+00 2.310260048162059210e+00 1.661437566102826224e+00 -3.906909203717148782e-01
-2.117743253521096491e+00 9.010877821922014252e-01 -5.864244745736181263e-01 1.573447312110633378e+00 2.143627617475156288e+00 1.656786281614721412e+00 -1.225139877621438944e-01
-2.222797386329939950e+00 1.104844095358404665e+00 -9.359269201137523364e-01 1.534836133833123117e+00 1.797897605229551665e+00 1.426246831338584986e+00 2.291708414737794464e-01
-2.101148226651291306e+00 1.312609607902979869e+00 -1.280555158415860095e+00 1.359885801414808082e+00 1.310094774740167667e+00 9.995325241681478623e-01 6.010443793984696637e-01
-1.782688454422449054e+00 1.506662907654317873e+00 -1.577765657116250164e+00 1.107890331821838492e+00 7.495707557628207285e-01 4.815228517063084301e-01 9.062904388859928106e-01
-1.378561072087227224e+00 1.684089423749278058e+00 -1.814268406612948414e+00 8.594530819743139149e-01 2.035355028021738344e-01 -1.739512144106677895e-03 1.091128891335156892e+00
