4.555182883836700336e-01 9.456488171408539145e-01 -1.224263191611046464e+00 1.547579295755506346e+00 1.135394873191608367e+00 -5.821087388808625640e-01 -1.230300765430395682e+00
2.469563517321453905e-01 5.849392230988320618e-01 -9.656007230945323760e-01 1.117440074172033171e+00 9.351805643044249772e-01 -2.356441306054873064e-01 -9.067933681145955438e-01
-6.351201789489863136e-02 1.379844211722368874e-01 -6.262542254800290698e-01 5.245891822636750135e-01 5.668808346127806042e-01 2.186802521007318034e-01 -4.228309010570541204e-01
-4.042070617137543120e-01 -3.176351321982273102e-01 -1.918067994210219118e-01 -7.673280891567027528e-02 1.791166006325674576e-01 6.700972003935254939e-01 6.236989660821920523e-02
-6.815725976881373827e-01 -6.985374450082145747e-01 2.982668750766586108e-01 -5.689528685519322782e-01 -1.179356394058084095e-01 9.594178375838813277e-01 4.502922232836439886e-01
-7.956761674125372164e-01 -9.133855207899765905e-01 7.016738612497764871e-01 -9.259516356015139449e-01 -3.305086473488431098e-01 9.469987305357765450e-01 7.520927965408797933e-01
-6.872156084634214457e-01 -8.760935651337021790e-01 8.600112601078138130e-01 -1.119377743181345863e+00 -4.780700004147217519e-01 6.265968833000366001e-01 9.545648578932817152e-01
-4.083349970587144551e-01 -5.812809482181126031e-01 7.452857916855049059e-01 -1.069709489240565636e+00 -5.081675685377444740e-01 1.517400573924908014e-01 9.739402772382450557e-01
-7.921353565440818201e-02 -1.246446932986366024e-01 4.578809520830246504e-01 -7.245960563691856704e-01 -3.656588830865935003e-01 -3.152277505394627255e-01 7.712956608591736707e-01
2.342658412723568062e-01 3.833076566862657630e-01 8.253102392020814082e-02 -1.361777803373933893e-01 -8.947774564534406727e-02 -7.298555050585664450e-01 4.145623940590187351e-01
5.254942886478493058e-01 8.816019029987911537e-01 -3.724928417777503276e-01 5.767024301863522551e-01 2.251048964995153168e-01 -1.079436270913462614e+00 -1.711311445225240091e-02
7.495413491954144858e-01 1.316326946184175339e+00 -8.746059308880406169e-01 1.314900119879409024e+00 5.358788247970857066e-01 -1.258810738505007798e+00 -5.192133777597699451e-01
8.089379860797968336e-01 1.581167550346074258e+00 -1.289379197595435178e+00 1.993565315850834407e+00 8.567190725703559551e-01 -1.142194103996892807e+00 -1.087113403561613012e+00
6.408811739983194533e-01 1.557773022669726393e+00 -1.467547445818417229e+00 2.481583811999023670e+00 1.168026165850541531e+00 -7.340973964614215808e-01 -1.613334423916360061e+00
2.796887576934895536e-01 1.220618757989571312e+00 -1.388219430973816504e+00 2.618719116830813487e+00 1.383307230783633823e+00 -1.801368177255276148e-01 -1.926963999866698751e+00
-1.637751992831295578e-01 6.657078698126394078e-01 -1.158264923895375498e+00 2.308079698267278879e+00 1.417981477964459947e+00 3.523654466787916606e-01 -1.924181795954796881e+00
-5.724937004622249193e-01 1.931394512989202325e-02 -8.643284862267017754e-01 1.577797127283677936e+00 1.272261242714199714e+00 7.777695096135059938e-01 -1.636286699072617479e+00
-8.844304078306173267e-01 -6.580192835804199447e-01 -4.832768493269063437e-01 5.526424673893337580e-01 1.031139053801307659e+00 1.091434800657891335e+00 -1.173176010402706915e+00
-1.084902408707022481e+00 -1.351827911450660613e+00 2.560832511370514722e-02 -6.235541592913536046e-01 7.802747375626437609e-01 1.294072798181782558e+00 -6.225888344463397228e-01
-1.148180671132889019e+00 -1.999288432870877763e+00 5.854494523635606074e-01 -1.824826940777793283e+00 5.365794883629859680e-01 1.350356815724537585e+00 -2.683024315428544915e-02
-1.043330490630996144e+00 -2.476938558979663974e+00 1.033662279599693035e+00 -2.907410413983192665e+00 2.858717841406374083e-01 1.251939013498111875e+00 5.530695395374721768e-01
-8.015007643616463007e-01 -2.697336205311230639e+00 1.276527782150240986e+00 -3.690898879618588868e+00 5.597680668355944217e-02 1.073584675264949828e+00 1.012583731535704690e+00
-5.214906114359605382e-01 -2.675496625371649451e+00 1.357017913728997938e+00 -4.030550781958149642e+00 -1.009210917224724335e-01 9.073075233810260487e-01 1.278172671690672280e+00
-2.924975712249441306e-01 -2.484833555621111412e+00 1.370948338136683597e+00 -3.903536368558751857e+00 -1.823714671099802842e-01 7.620291977341639988e-01 1.373758830377109108e+00
-1.163169517284105697e-01 -2.162901961055160527e+00 1.338569749177814572e+00 -3.396781984461575643e+00 -2.527106384678428630e-01 5.621136134237727511e-01 1.381481692049908894e+00
7.610498209197270880e-02 -1.689468563111562016e+00 1.195719085065626519e+00 -2.615266475897918053e+00 -3.738195634207435725e-01 2.516641577413217257e-01 1.343915795432372384e+00
3.173132475376384543e-01 -1.072332530619013458e+00 9.244930589435619295e-01 -1.636446755837814182e+00 -5.356123722004314525e-01 -1.277221418990460988e-01 1.239276783033570251e+00
5.402940385806037638e-01 -4.155909381057252827e-01 6.319610052541595469e-01 -5.529040842622371388e-01 -6.736204282928137665e-01 -4.859571789208343429e-01 1.059598830217725274e+00
6.456268567773595368e-01 1.401904655435660396e-01 4.477168270076434808e-01 4.880597306423962167e-01 -7.539749162533315729e-01 -7.892541485336491691e-01 8.792303322160092138e-01
6.151127498937197791e-01 5.441681160046411003e-01 3.638800130236153896e-01 1.318713454609573565e+00 -8.272869920146386225e-01 -1.089204938903956421e+00 8.165810091693528339e-01
5.232990643746652237e-01 8.693353694887119287e-01 2.427070530412903382e-01 1.836629316601697148e+00 -9.706516935233453491e-01 -1.429441402816369777e+00 9.150051411880200103e-01
4.382697474993069164e-01 1.208639091297038393e+00 -8.094387278302420802e-03 2.055231778362980322e+00 -1.184775316078969798e+00 -1.743748136824081918e+00 1.081773711633073898e+00
3.504054562302699738e-01 1.568764047649974458e+00 -3.324925451135362087e-01 2.064312729120912682e+00 -1.382790203974307630e+00 -1.885184102059472400e+00 1.165106057709731191e+00
2.112838431296246988e-01 1.883367950902777865e+00 -6.161296488056597909e-01 1.950650928669284134e+00 -1.474587317886060678e+00 -1.752957538593097553e+00 1.077381383877741738e+00
1.911314611534391250e-02 2.106269366395331577e+00 -8.290479438078888208e-01 1.763783228754380650e+00 -1.438691388123023440e+00 -1.363142092183766030e+00 8.297123660197208705e-01
-1.688214980143340760e-01 2.252408125818169626e+00 -1.025959037384784667e+00 1.546888014563207792e+00 -1.300058654457218577e+00 -7.857949862822075637e-01 4.594764467664112506e-01
-3.071352726521524579e-01 2.334960057116301169e+00 -1.217502651381988432e+00 1.356697967247225911e+00 -1.067055573113750544e+00 -6.818286547765588235e-02 -2.035557597006383210e-02
-4.001164906773271857e-01 2.307484349614886909e+00 -1.317745275898299928e+00 1.217909188641542961e+00 -7.400988259787875112e-01 7.293369098384304694e-01 -5.690800552839806459e-01
-4.594426817841269495e-01 2.108603366651173872e+00 -1.249549373819201614e+00 1.085976445241976451e+00 -3.665857573393093150e-01 1.470575797261568951e+00 -1.068839008079774722e+00
-4.696904507731300971e-01 1.738879999293787115e+00 -1.047301914129370459e+00 8.974432356549544298e-01 -2.477000926848358861e-02 1.996516641751040488e+00 -1.390000178642680106e+00
-4.161587675274479037e-01 1.260164504183895806e+00 -8.116095380270900161e-01 6.463191329634840887e-01 2.508564560486321593e-01 2.245092222095678824e+00 -1.498744292134910117e+00
-3.164462447492096819e-01 7.368730470863682491e-01 -5.947570974336652272e-01 3.815620196671502540e-01 4.831959984724545909e-01 2.274372879507439382e+00 -1.461819846844792270e+00
-2.088270544708558107e-01 1.991905813831079397e-01 -3.600916501544437764e-01 1.471431776220427090e-01 6.970916894589880286e-01 2.170796559374043255e+00 -1.355632296670564063e+00
-1.101182261492173742e-01 -3.418721777894274116e-01 -4.900263555161848972e-02 -6.263061243685091872e-02 8.647435576158475357e-01 1.944490658835069663e+00 -1.185630723923886576e+00
2.200103955296901781e-02 -8.413660463643656273e-01 3.115934660033552461e-01 -2.995880245511414186e-01 8.953190901266094848e-01 1.515499015954488549e+00 -8.972568287025919354e-01
2.549066582220577692e-01 -1.200442174606654921e+00 6.044560894036850041e-01 -5.896007391086712790e-01 7.134390054179989837e-01 8.440326865004940116e-01 -4.900199004264287894e-01
5.934807652545811552e-01 -1.332254590333447952e+00 7.487915219536143141e-01 -8.654916681012636559e-01 3.589335812952408888e-01 5.230020819903234003e-02 -9.045817833446580247e-02
9.643262630530089474e-01 -1.229445161622030547e+00 7.742966624112423979e-01 -1.012491747832386713e+00 -3.858178095464213225e-02 -6.468379965432030643e-01 1.394602909469379592e-01
1.281762333822280109e+00 -9.456800652329213630e-01 7.390952170599603965e-01 -9.738467254946044926e-01 -3.748413861003215830e-01 -1.107419791996187453e+00 1.394304780470534966e-01
1.486940605271466431e+00 -5.419530582458114143e-01 6.395917380608461267e-01 -7.850697384101219534e-01 -6.158415240537045143e-01 -1.288603329406007081e+00 -3.668202822560845400e-02
1.528765363170599967e+00 -7.296874750499048046e-02 4.527328422563736687e-01 -5.133739722972947561e-01 -7.454261935970148967e-01 -1.182837844079059675e+00 -3.130024461240143996e-01
1.349068301261381997e+00 3.902991876021693618e-01 2.270906114417438060e-01 -1.959279609076426676e-01 -7.247651852014684870e-01 -7.797082924858969033e-01 -6.446937823348584118e-01
9.219157445864534228e-01 7.549399688307333323e-01 6.796663769426834756e-02 1.396644503250824842e-01 -5.328189599269134158e-01 -1.252637082010789049e-01 -9.736060276237218369e-01
3.194580738114701779e-01 9.515725379121876548e-01 2.113565164523983908e-02 4.240402166737239908e-01 -2.295202435565662502e-01 6.146891316662482785e-01 -1.184969860473567671e+00
-2.927261800335786979e-01 9.725973756408360371e-01 2.924267882074484126e-02 5.778460764887489720e-01 6.578190896815259980e-02 1.214772276065903212e+00 -1.167055461660708948e+00
-7.576340245633492732e-01 8.227329170281219017e-01 5.084905309600982332e-02 5.922565857746135976e-01 2.674177174128206103e-01 1.521007701752991936e+00 -8.971349379449797823e-01
-7.576340245633492732e-01 8.227329170281219017e-01 5.084905309600982332e-02 5.922565857746135976e-01 2.674177174128206103e-01 1.521007701752991936e+00 -8.971349379449797823e-01
-1.057119318905478833e+00 -1.523804777444016378e-01 4.852648045027664336e-01 3.836782710481158043e-01 3.567864020598216501e-01 1.111243131906352488e+00 1.813093837982832357e-01
-1.057119318905478833e+00 -1.523804777444016378e-01 4.852648045027664336e-01 3.836782710481158043e-01 3.567864020598216501e-01 1.111243131906352488e+00 1.813093837982832357e-01
-5.240239275527003304e-01 -1.166261308326179247e+00 1.146507495713817049e+00 -1.850838859742701126e-01 -5.497037429727431868e-02 -3.024609610491711953e-01 1.260037509306353609e+00
-5.268760163596412915e-02 -1.115167642081057009e+00 1.035432522341429129e+00 -5.916114738282088892e-01 -4.029794998916567672e-01 -9.890094774667810285e-01 1.452567975732448113e+00
3.263720873149916213e-01 -8.059094959159261995e-01 6.466222876909699657e-01 -9.394870762046861890e-01 -6.317236713923476410e-01 -1.362041776359846024e+00 1.341364337989926270e+00
4.617401620523163275e-01 -4.580553725621503425e-01 1.792052304898687776e-01 -1.078137982272316275e+00 -5.643586982919659434e-01 -1.246266295612669550e+00 9.222464619248840201e-01
3.342670583347394642e-01 -2.047432782479529645e-01 -1.689126397492122234e-01 -9.173839099773957173e-01 -1.482513327833201722e-01 -6.189793522866341435e-01 2.344265637550145831e-01
4.617238704063048038e-02 -1.175895709838001429e-01 -2.505086007883047805e-01 -5.099241582043799736e-01 5.118097101036187535e-01 3.111177547663998011e-01 -5.643556000835455722e-01
-2.316482554099237590e-01 -2.086888981747648253e-01 -4.369352262840826839e-02 -3.481997415185164590e-02 1.203068846490451982e+00 1.162488964344260189e+00 -1.225106231523043876e+00
-3.458032487932259369e-01 -4.054823532089614768e-01 3.239881340056855463e-01 3.300009530910352207e-01 1.723669192897718139e+00 1.612587454018767019e+00 -1.562041948688256854e+00
-2.451690448495520147e-01 -5.919721025791939706e-01 6.730017839947426417e-01 5.111981327673161823e-01 1.984114907956874729e+00 1.584731556608872216e+00 -1.556236978107158775e+00
1.093930511205203288e-03 -6.966917144818587371e-01 9.000012941451216442e-01 5.293243590720979608e-01 2.011882090812942003e+00 1.208799727584235040e+00 -1.303302874116614607e+00
2.413940600945753689e-01 -7.451798034608332344e-01 1.034889885218722272e+00 4.347807148603395899e-01 1.897367022514665491e+00 6.812346796620475375e-01 -9.116446971420929524e-01
3.104444093906285063e-01 -8.283619357668040584e-01 1.179344906392331138e+00 2.628139976602745786e-01 1.729169604263959048e+00 1.620751781738078989e-01 -4.471068512583920573e-01
1.213954416478857101e-01 -1.001651109656740202e+00 1.359499145748804816e+00 3.419858267656992329e-02 1.542580521156092344e+00 -2.682491036207038659e-01 6.266576855786090694e-02
-2.851935758677194843e-01 -1.218233929170750018e+00 1.468053248409864509e+00 -2.093486257720452992e-01 1.329187946210861337e+00 -5.718115640734341421e-01 5.706086440445572450e-01
-7.864795436647015192e-01 -1.377244460986558394e+00 1.384383788488539269e+00 -3.958344666823979119e-01 1.088461378794638446e+00 -7.028256902585872101e-01 9.774268494163643739e-01
-1.256919073511946205e+00 -1.417902705164928223e+00 1.107686472177902504e+00 -4.660422983577668932e-01 8.423970230920182489e-01 -6.305424864703654819e-01 1.185450227803401591e+00
-1.596283477236426496e+00 -1.351162328597852680e+00 7.406017992680418160e-01 -4.305382647357715031e-01 5.904859345345866428e-01 -4.086399138214810711e-01 1.190076235041522379e+00
-1.715363834772610563e+00 -1.204089344688162644e+00 3.560685033606516003e-01 -3.763563812737659164e-01 2.723742212850305822e-01 -1.877640520789474188e-01 1.097754734069385840e+00
-1.567502312484630789e+00 -9.668996747724974972e-01 -6.045369405332528395e-02 -3.894413778663011194e-01 -1.720020751106892121e-01 -9.307248725283780166e-02 1.014287624974437252e+00
-1.214270715484605301e+00 -6.386894443400158439e-01 -4.992407321580692448e-01 -4.836627038753457120e-01 -7.010872148277443872e-01 -9.318734910580103725e-02 9.372595138457292530e-01
-8.044789613872438405e-01 -2.911311528548036209e-01 -8.419906862702423167e-01 -6.333081757528307154e-01 -1.184076703660222663e+00 -5.582621842439126209e-02 8.033574059612685891e-01
-4.681701053350164066e-01 -2.499390818820295540e-02 -9.684717173133132739e-01 -8.381680465333802843e-01 -1.522155201633298427e+00 8.208415687641126834e-02 6.099665508460923036e-01
-2.550758285223996280e-01 1.278968281250183470e-01 -9.037241952549447399e-01 -1.108282601946601220e+00 -1.717305500342598101e+00 2.632275395392623119e-01 4.336127812862069497e-01
-1.707354693927484734e-01 2.189401862306281643e-01 -7.882803691948899738e-01 -1.394446763601468797e+00 -1.810775988607091103e+00 4.219176916710745129e-01 3.308272109439202580e-01
-2.292971440548519091e-01 3.011338060970218389e-01 -7.207675651166378650e-01 -1.580168533245307705e+00 -1.801711134266693159e+00 5.705167160590870479e-01 2.781068273037383687e-01
-4.467060900446792049e-01 3.695811611092782445e-01 -6.832883929478238416e-01 -1.557370890686544662e+00 -1.654293428231557783e+00 7.609966443050375506e-01 2.171970348702539078e-01
-7.981415695131948151e-01 3.872411720552713099e-01 -6.091477558198900022e-01 -1.305482801393849535e+00 -1.361524114594400370e+00 1.003341423385521347e+00 1.249407810354401377e-01
-1.190605133612938404e+00 3.510676374733854854e-01 -5.038685106915266054e-01 -9.124519872605038051e-01 -9.950129075772491394e-01 1.216415004946714840e+00 4.755012725460237843e-02
-1.489445013158780862e+00 3.235978862787953769e-01 -4.830449349501013678e-01 -5.113042312659904498e-01 -6.766201210928762810e-01 1.280688365140808749e+00 5.467473600955853608e-02
-1.598837256678003582e+00 3.837380730370214543e-01 -6.587057287049473686e-01 -1.832726844968362578e-01 -4.761842724487534984e-01 1.162491977083708106e+00 1.457041185481820489e-01
-1.524373117775594588e+00 5.431342849407357898e-01 -1.002044298729626526e+00 7.061106071102946080e-02 -3.514258266463448632e-01 9.513747211152058236e-01 2.352886834916689540e-01
-1.357748621575015635e+00 7.174707130372848241e-01 -1.330669834444174970e+00 2.818270675066907316e-01 -1.972151534156386388e-01 7.733937719943707600e-01 2.366640696625889329e-01
-1.194544724304925198e+00 7.781470507693051264e-01 -1.432389628854500829e+00 4.480389836628489442e-01 4.797660246961726882e-02 6.656709382511966089e-01 1.584032663339501323e-01
-1.056063978985837704e+00 6.493601834739186618e-01 -1.235366171597570117e+00 5.088091830209023891e-01 3.409425347322736499e-01 5.286596225032473839e-01 1.177834111753566781e-01
-8.903279477062520098e-01 3.707863330932240631e-01 -8.502124789817080419e-01 4.083691516510022934e-01 5.895183900887549511e-01 2.432893290188034019e-01 2.177428556271992499e-01
-6.461931198691550637e-01 4.247346207640376181e-02 -4.163089703265392960e-01 1.712320240128170357e-01 7.568532256923120594e-01 -1.779105279615357804e-01 4.273708231301017180e-01
-3.459226522900343270e-01 -2.970842806910167222e-01 5.013292032724284142e-02 -1.227260948079224034e-01 8.794187509501433242e-01 -6.074878504240576182e-01 6.407293729239428304e-01
-7.387929891512980130e-02 -6.846505583471659273e-01 5.918420922406818496e-01 -4.234320699656584086e-01 9.904937864177245643e-01 -9.423062375821360526e-01 8.212821529133785825e-01
1.089415940771456121e-01 -1.116984674985789017e+00 1.144835159431938365e+00 -7.263002664304368805e-01 1.072331745132462988e+00 -1.168677967315718380e+00 1.018267245877963578e+00
1.987160841201456585e-01 -1.499316454088952533e+00 1.552777749303437593e+00 -9.990418424601732461e-01 1.108998396929609997e+00 -1.289393898938912875e+00 1.247657306007772249e+00
1.922306495384443203e-01 -1.739637782883362016e+00 1.737565404476445474e+00 -1.148774527276940072e+00 1.139861907233193694e+00 -1.254334364419514403e+00 1.433262545782700403e+00
5.536151776040602185e-02 -1.841005668509998916e+00 1.764495582030221499e+00 -1.100806434367432640e+00 1.207952551178949951e+00 -1.026834593894878411e+00 1.504592078801614941e+00
-2.162476354336851092e-01 -1.856506912023369038e+00 1.718802521009339168e+00 -8.746546503488099589e-01 1.274159455669626739e+00 -6.905569709835268633e-01 1.499573021859872846e+00
-5.379901105082843804e-01 -1.785180425615463751e+00 1.579398369492725385e+00 -5.524070474893959526e-01 1.230085580270643852e+00 -4.109831194541322952e-01 1.513824185475937112e+00
-7.814801017474432010e-01 -1.574990971079032631e+00 1.272458135954593894e+00 -2.030496858729176068e-01 1.002677813681935648e+00 -2.898919367857514251e-01 1.580450622311748932e+00
-8.716440662157669550e-01 -1.223176992399553908e+00 8.159048293069485203e-01 1.347444749198689895e-01 6.229819210513178884e-01 -3.082179466780405885e-01 1.649728181543087979e+00
-8.138498509175147166e-01 -8.142642245029027004e-01 3.381926792567088724e-01 4.208720677601495708e-01 1.880072187550739515e-01 -3.958335988559660290e-01 1.661824103982113554e+00
-6.323457231166074166e-01 -4.368564746548415645e-01 -5.923338818635089098e-02 6.023311810883982265e-01 -2.279021904900510320e-01 -5.202715854887856040e-01 1.603372034304766158e+00
-3.247890413396827269e-01 -1.050113815794671002e-01 -3.994399191682118100e-01 6.461726614020255610e-01 -6.000375719057529089e-01 -6.926464379190178100e-01 1.492449664133005172e+00
1.043143709958191251e-01 2.139250910362499869e-01 -7.542745490940031550e-01 5.810237446799264571e-01 -8.980128283085861973e-01 -8.897709087431205921e-01 1.318462794966466678e+00
5.989165139281259487e-01 5.323123281466828338e-01 -1.125965058700488575e+00 4.978684233655353841e-01 -1.044977872755906478e+00 -1.006150484406811652e+00 1.017329008294330039e+00
1.057356073756494430e+00 8.163698580521838721e-01 -1.426602268872766865e+00 4.963833008891939125e-01 -9.502615803112626214e-01 -9.109822123150091988e-01 5.237924477066019380e-01
1.384439357895846046e+00 1.007242912559311643e+00 -1.545934195046542836e+00 6.162189986954628163e-01 -5.831835003355216873e-01 -5.646856796262833544e-01 -1.480487452699545126e-01
1.558118095307588380e+00 1.079016735544338967e+00 -1.452495473961532335e+00 8.211989777666824919e-01 -1.376450872289156427e-02 -7.223468172537901577e-02 -8.940200319338784674e-01
1.635779273537615763e+00 1.068133327142652966e+00 -1.221297728716979281e+00 1.045719954998225232e+00 6.330656273396161327e-01 4.006889597513009216e-01 -1.596673046210353109e+00
1.669420355484881435e+00 1.017531315598876773e+00 -9.385843663474434662e-01 1.236957263642088023e+00 1.257801536624867378e+00 7.487039742137314713e-01 -2.183218702960585844e+00
1.641730423608793732e+00 9.142272138012772498e-01 -6.135592525148051424e-01 1.355208444217602226e+00 1.804037444830268067e+00 9.443041414661469402e-01 -2.605513910460562688e+00
1.518017652065602130e+00 7.168074557196393304e-01 -2.188975646358068960e-01 1.366874355390364171e+00 2.217333653590090936e+00 9.701832903625540183e-01 -2.809512442952376343e+00
1.325846416031214448e+00 4.415196014612920439e-01 1.970632186899680394e-01 1.268381147466402181e+00 2.429507807626080762e+00 7.924770516567627432e-01 -2.760078575194634620e+00
1.135058477611510686e+00 1.849774854696207560e-01 4.933227934370075229e-01 1.117075108324181665e+00 2.404343249294521812e+00 4.236167634116974057e-01 -2.493725719440997413e+00
9.771061799033591289e-01 3.273721294122235170e-02 5.627177061863347651e-01 1.010621446659592637e+00 2.186142242114692991e+00 -2.624566172115677665e-02 -2.120550938528172669e+00
8.262862912075283894e-01 -3.161125174162293661e-02 4.439633287424775698e-01 1.011407086921201293e+00 1.880648436891101394e+00 -4.009639773323331324e-01 -1.759539201720460966e+00
6.497937895449097390e-01 -1.104238320751764896e-01 2.996654417919963898e-01 1.089718153980050674e+00 1.585599854053790558e+00 -6.015056577617123867e-01 -1.472756970327616433e+00
4.521400519082292568e-01 -3.055972555506947241e-01 2.951828954308330366e-01 1.137513624389682176e+00 1.335845115125917637e+00 -6.507208736679933603e-01 -1.240779481990679667e+00
2.837337939953092913e-01 -6.342458102557966271e-01 4.689889256078421109e-01 1.033212656265371621e+00 1.102394821563804417e+00 -6.639936276137232696e-01 -9.964299485695969905e-01
2.062503588203873639e-01 -1.004204159501704163e+00 7.137276342502610893e-01 7.248913338301867793e-01 8.488799320527717907e-01 -7.312177845892676720e-01 -7.108556563798129613e-01
2.285951902251107115e-01 -1.283014899216633253e+00 8.969342410699379098e-01 2.697316612589913398e-01 5.859049797856811237e-01 -8.307857900415749342e-01 -4.386216324273300993e-01
2.867900873459747757e-01 -1.399984395082177313e+00 9.769774744730402860e-01 -2.202001926023454681e-01 3.571410726202748354e-01 -8.662311092738275153e-01 -2.613120815025284926e-01
3.142729338293177022e-01 -1.367815436333310375e+00 9.736567207051578521e-01 -6.605801918574990550e-01 1.768629489028967772e-01 -7.720306529613776281e-01 -2.003211646260562862e-01
3.217477218954199469e-01 -1.205447357308930378e+00 8.566970257891894924e-01 -1.015508325964847414e+00 -2.822642830732579721e-03 -5.701965994696657214e-01 -2.029159742499657415e-01
3.694455756164943816e-01 -8.904402889027994705e-01 5.509591921469757514e-01 -1.253586273097982096e+00 -2.428782334553735156e-01 -3.108912581520082985e-01 -2.193984376941022219e-01
4.748270628100884072e-01 -4.246315996037489104e-01 7.418627378374582915e-02 -1.322172785498062497e+00 -5.450485596679436329e-01 2.479571720239158103e-03 -2.582980830826918650e-01
5.945865676813929523e-01 1.027575791195154825e-01 -4.096428410046838442e-01 -1.192600427097610494e+00 -8.558371505301179960e-01 3.743767331840506807e-01 -3.414677941560788077e-01
6.879621508863812407e-01 5.702431999283057440e-01 -7.231553667002843522e-01 -9.012899919422356909e-01 -1.128233801910725420e+00 7.330742822321983931e-01 -4.405966007503905879e-01
7.609929796063227281e-01 9.249235993957701796e-01 -8.229878576673252955e-01 -5.184798360685863861e-01 -1.350218328359475084e+00 9.559075455581121927e-01 -4.958914072534586492e-01
8.417718545115745465e-01 1.195887014889049471e+00 -7.742119610994935286e-01 -1.011802106975247667e-01 -1.516285195064815294e+00 9.853151888546431980e-01 -4.897594035580918881e-01
9.269424455954362596e-01 1.411290048817092746e+00 -6.216208010574759690e-01 2.947102533693916615e-01 -1.605661025298070310e+00 8.581249141442189865e-01 -4.489714295641255570e-01
9.737979844192881096e-01 1.545147555610462575e+00 -3.625738414396699749e-01 5.734299111744537436e-01 -1.620564568954665940e+00 6.001481105230057622e-01 -3.568952647438127790e-01
9.508159134325288031e-01 1.572208471504691563e+00 -4.132879598701665047e-02 6.233108971071149584e-01 -1.621684028234310349e+00 1.665944731663852318e-01 -1.358156037471721089e-01
8.643076601693268080e-01 1.522813762015096550e+00 2.184471373972668162e-01 4.159948991590137202e-01 -1.664356368458489666e+00 -4.438221157356308511e-01 2.337794978419277248e-01
7.189161716061571727e-01 1.429978134419368940e+00 3.195210836928151221e-01 5.454842479877285155e-02 -1.711330496597170514e+00 -1.075277112280321967e+00 6.403992589898084287e-01
4.898390921521790786e-01 1.262220010396516434e+00 2.830595853373097937e-01 -3.081717570232674341e-01 -1.659376463602383334e+00 -1.492393367398658688e+00 9.300054683032442648e-01
1.573570331256565757e-01 9.523882462655322012e-01 2.107330206804098327e-01 -5.791990869905181416e-01 -1.436101863389374733e+00 -1.539896533567177483e+00 1.019526884771672526e+00
-2.434858344389412288e-01 4.787423206477371962e-01 1.711085050712447542e-01 -7.586807091496267086e-01 -1.062276608867803951e+00 -1.229164693683345355e+00 9.326706936538142756e-01
-6.168446670477630844e-01 -8.076813260770432379e-02 1.308051421906009093e-01 -8.853089554346466050e-01 -6.350660393426171835e-01 -7.022948671547971644e-01 7.497495995006863145e-01
-8.571035420069785804e-01 -5.706286317567786925e-01 1.786483029157798566e-02 -9.455308102838314577e-01 -2.397071134098155698e-01 -9.650086744188292320e-02 5.007656600086369814e-01
-9.026899108984588471e-01 -8.494308200812208387e-01 -1.629975423584691663e-01 -8.645094340640998576e-01 1.044924914508574137e-01 5.287152408556414773e-01 1.428594402679401465e-01
-7.263569712600930206e-01 -8.489044901671998211e-01 -3.327308413959002564e-01 -5.969696145827294576e-01 3.924346678772654418e-01 1.104278046368995403e+00 -3.314975607019253756e-01
-7.263569712600930206e-01 -8.489044901671998211e-01 -3.327308413959002564e-01 -5.969696145827294576e-01 3.924346678772654418e-01 1.104278046368995403e+00 -3.314975607019253756e-01
3.194528646005884154e-01 -9.773405503858399734e-02 -4.148062846390258018e-01 2.392117276144087312e-01 5.826992020762999935e-01 1.419735411995409313e+00 -1.150401225550901296e+00
3.194528646005884154e-01 -9.773405503858399734e-02 -4.148062846390258018e-01 2.392117276144087312e-01 5.826992020762999935e-01 1.419735411995409313e+00 -1.150401225550901296e+00
1.546003094474039941e+00 7.077380768397423250e-01 -1.185114210459759232e-01 6.259379948618009060e-01 1.726610638409226406e-01 2.951461997586800612e-01 -1.088127373132467657e+00
1.761863044838639647e+00 7.634721236219417229e-01 5.537279871757817828e-02 4.567345414241952284e-01 -8.080562211934107231e-02 -3.539854338746231122e-01 -7.790036946247282934e-01
1.583355419908957673e+00 5.905292906125720886e-01 1.458249177594174439e-01 1.215834358911035556e-01 -2.575276243476860571e-01 -8.113017296381244137e-01 -3.910699404688647851e-01
1.027851212772347367e+00 2.826799545830607219e-01 1.195722148263322904e-01 -2.408047726748075434e-01 -2.944663866133340746e-01 -9.894035149824486064e-01 -3.124785169884288644e-03
1.900150319795333442e-01 -7.674695015667808151e-02 1.990283451046984120e-02 -5.040344012217573555e-01 -1.566009426730270993e-01 -8.737948732046290079e-01 3.178494209439363116e-01
-7.746662519018316928e-01 -4.555199203123480589e-01 -4.570895271154151035e-02 -6.091552550390009202e-01 1.360887654834377902e-01 -5.445594588059450292e-01 5.436225955744402594e-01
-1.670569553140893060e+00 -8.380639632711730513e-01 -8.455503614069671478e-03 -5.703938983210484759e-01 5.002532107079797896e-01 -1.532403474424878786e-01 6.815873378474105460e-01
-2.287025182604890627e+00 -1.149750844862302168e+00 6.904782302683795669e-02 -4.320786249057045336e-01 8.220980449666933643e-01 1.571967275245893525e-01 7.340424833973893115e-01
-2.457182755449637934e+00 -1.270503504221589752e+00 5.761102028936550962e-02 -2.302423157644643559e-01 1.016727010218985816e+00 3.124635548480824698e-01 6.774564854970612782e-01
-2.131992227734856638e+00 -1.140174678936616726e+00 -9.301607238754518170e-02 5.450717405427300127e-03 1.062688546749444463e+00 3.046902227909674132e-01 4.908062856610941882e-01
-1.414555704953538662e+00 -8.200323632381247840e-01 -2.973680890009997579e-01 2.364350639736327031e-01 9.952907953649069439e-01 1.705786767781950763e-01 1.878249505498615912e-01
-5.095565814777632818e-01 -4.359316727492344445e-01 -4.195934991613267662e-01 4.064594312765981710e-01 8.594806511926450510e-01 -4.554825181328280015e-02 -1.696968483955194618e-01
3.999040467863262394e-01 -5.804669801907556825e-02 -4.274029046057735148e-01 4.539484682625945511e-01 6.522496239112562932e-01 -3.311905714229420039e-01 -4.891640486459768455e-01
1.225015807750079233e+00 3.395664862476888146e-01 -4.244855573009393979e-01 3.634897208070081431e-01 3.462851416256853554e-01 -6.640199520033216452e-01 -7.200751684034497613e-01
1.922102209409576323e+00 7.900588875395524457e-01 -5.117907567403320312e-01 1.928998707927952749e-01 -3.465368437859478457e-02 -9.483848863784101191e-01 -8.946459825160810730e-01
2.423163159368700192e+00 1.245596866710878992e+00 -6.744298396217379699e-01 2.732117697161999190e-02 -4.125491737326332231e-01 -1.053087515403361651e+00 -1.066430595682476223e+00
2.648408073272777052e+00 1.594260759207502876e+00 -8.183066176575806150e-01 -7.864151436536351292e-02 -7.142917953699263744e-01 -9.023504200973787581e-01 -1.241992055514339333e+00
2.576048121667112945e+00 1.754718069419343607e+00 -8.949007621535522983e-01 -1.204324806911022949e-01 -9.227443216459484399e-01 -5.214948936625801723e-01 -1.378516409564113143e+00
2.273176466625679293e+00 1.744676144919473870e+00 -9.619406962568982644e-01 -1.233662085472024411e-01 -1.073623230526868255e+00 -2.098744581141716824e-03 -1.431321712902953180e+00
1.845155034642526726e+00 1.635048618015475075e+00 -1.088167224276946454e+00 -1.087594024966099665e-01 -1.187248429947360684e+00 5.723488543372048376e-01 -1.404632008479239413e+00
1.372022802232273797e+00 1.450425845478465758e+00 -1.227582548303087773e+00 -9.019013350321621048e-02 -1.221664394929073971e+00 1.149556571591606957e+00 -1.348048954623529916e+00
8.994271151260626596e-01 1.146872723180577314e+00 -1.231945373260796339e+00 -9.344572138820672613e-02 -1.114318500914172061e+00 1.670197677457198715e+00 -1.300904162531449026e+00
4.763280475731540009e-01 6.850822829886359377e-01 -9.937521020906106006e-01 -1.667722209572577163e-01 -8.613225957423356061e-01 2.032207525834372586e+00 -1.242251955882338388e+00
1.822032095347894676e-01 1.117790818583224988e-01 -5.599548337011165389e-01 -3.659320038324337387e-01 -5.429747311309049973e-01 2.118829359896734488e+00 -1.110786780143013797e+00
8.320051332978133096e-02 -4.493298735617750062e-01 -7.282355576283000564e-02 -7.081651000351074643e-01 -2.555898555981716558e-01 1.896782695991354073e+00 -8.889777973804914302e-01
1.555197346892171761e-01 -9.041197253736510397e-01 3.885868321568738959e-01 -1.142934667822721018e+00 -2.377468510248324438e-02 1.473126943722112614e+00 -6.355264639949029792e-01
2.921593473289307852e-01 -1.258953432931246397e+00 8.499625570252218321e-01 -1.589142140291746941e+00 1.924872473321314337e-01 1.012061533965408433e+00 -4.146368222029654937e-01
4.037711182028968504e-01 -1.551849370220170554e+00 1.315006924266278521e+00 -1.985890134309780786e+00 4.112429905541697406e-01 6.069924247185710664e-01 -2.322830221448207721e-01
4.818447594925531763e-01 -1.749817359143595041e+00 1.673241905816191810e+00 -2.286477767797700622e+00 5.927757815036054367e-01 2.742838741576923978e-01 -7.064682640101221933e-02
5.458855694867018604e-01 -1.768905505590778526e+00 1.791496647092561068e+00 -2.424565223547203274e+00 6.977603241763735697e-01 4.554894174293147580e-02 4.651272430417286580e-02
5.606175261899045692e-01 -1.580794432646574821e+00 1.657052384504410281e+00 -2.325702096539025376e+00 7.400528314820493669e-01 -3.163867119571595141e-03 6.762762718861514699e-02
4.347869182294755719e-01 -1.261903988101266583e+00 1.393554761015374677e+00 -1.968801214481049167e+00 7.594398877248981217e-01 1.687303684687178340e-01 -6.763869833969432185e-03
1.036423009699944664e-01 -9.306274648499142099e-01 1.142751585423311234e+00 -1.420009114024154417e+00 7.627576347734886797e-01 4.873689931013188148e-01 -8.775021670472550606e-02
-4.030337583798644929e-01 -6.568472329251999753e-01 9.470722973352728724e-01 -7.859671774479320971e-01 7.247452120831647804e-01 8.064103844173721169e-01 -6.719602621434528356e-02
-9.863123261074249193e-01 -4.546042072782749965e-01 7.702868957905595337e-01 -1.499275290194676258e-01 6.438726308593168968e-01 1.028568883165270620e+00 8.622410005915930042e-02
-1.549801481885890730e+00 -3.334653909115083970e-01 6.027294655476660434e-01 4.299541664163518684e-01 5.652090245824656911e-01 1.151785757440862534e+00 3.159958271937456376e-01
-2.027782832980886685e+00 -3.152241628239813576e-01 4.933873531535354906e-01 8.927938048455117404e-01 5.450597465854311041e-01 1.210242550125871119e+00 5.391475547600396157e-01
-2.358900965788521820e+00 -4.061982762209646602e-01 4.792145652012452239e-01 1.173447120433743551e+00 5.987248088151057024e-01 1.198163310919740265e+00 7.081635339579986921e-01
-2.473522152514358474e+00 -5.663427439460086976e-01 5.147044913816170020e-01 1.229061726661291321e+00 6.874889060386887296e-01 1.068168013863618926e+00 8.186293478945765312e-01
-2.346124302666215744e+00 -7.104870199872527214e-01 5.024822173389298374e-01 1.087824299184657839e+00 7.772525962529510668e-01 8.303857072277706086e-01 8.481239815060217513e-01
-2.048454876938254010e+00 -7.632638066939717580e-01 3.956954135852256416e-01 8.693490309804353666e-01 8.924240155374359995e-01 6.067984759634650338e-01 7.317365228017614909e-01
-1.719363318176309940e+00 -7.211798950743828485e-01 2.369066394474191040e-01 7.190885211081372574e-01 1.076327043231818825e+00 5.196157586947769413e-01 4.511443798288957141e-01
-1.467759883539368149e+00 -6.276728650724048286e-01 6.794858375576191822e-02 7.161052444038819020e-01 1.307877990601121088e+00 5.536157482140077191e-01 1.093298925931155269e-01
-1.290754691149720079e+00 -4.814289784305625375e-01 -1.676059698695404887e-01 8.502135416963074732e-01 1.483717538034055261e+00 5.749033342242813038e-01 -1.394880408495890456e-01
-1.101141562696914100e+00 -2.207446498408903723e-01 -5.666122630642465019e-01 1.074898961804178432e+00 1.499557612170155485e+00 4.782529849739974304e-01 -2.291521623560410503e-01
-8.446578049659363430e-01 1.749537597672168876e-01 -1.109581533078048077e+00 1.354173321714212230e+00 1.343786668083059910e+00 2.827367920245342781e-01 -2.192983991920565701e-01
-5.566681018156290905e-01 6.130439920395238662e-01 -1.622193957757980032e+00 1.645454817271767567e+00 1.088711828524258962e+00 7.531886420498645762e-02 -1.990129861439773884e-01
-2.984023834308914824e-01 9.580583641609411449e-01 -1.925242988107562114e+00 1.874924768179013546e+00 7.977754234536171829e-01 -1.039832790492090792e-01 -1.888480647593932249e-01
-7.926073651499174200e-02 1.144330120186170197e+00 -1.987961148569211467e+00 1.967070307187413158e+00 4.754255700030378118e-01 -2.887301850588172569e-01 -1.468526015074852475e-01
1.269680269437591658e-01 1.187119740971517956e+00 -1.900549258548220655e+00 1.893721378969246416e+00 1.138554966089101034e-01 -5.042687081035500674e-01 -4.435268948732280087e-02
3.147080249170036703e-01 1.118222505971344871e+00 -1.745516525154876097e+00 1.677684455008107367e+00 -2.485158522485217680e-01 -7.060390831331129213e-01 9.960720616563199792e-02
4.345912702347258239e-01 9.523641504033584226e-01 -1.540588251054245683e+00 1.354416783703125793e+00 -5.364345365032451296e-01 -8.137806668062584903e-01 2.501412961235233157e-01
4.401140378155170008e-01 7.050016869489960092e-01 -1.274521076837012101e+00 9.435488329699881493e-01 -6.936924039959503352e-01 -7.856850257759784295e-01 3.937983141770268203e-01
3.321720591031176451e-01 4.208382138988573939e-01 -9.790402191496309081e-01 4.553558240022771431e-01 -7.305441653610909025e-01 -6.683787436474742938e-01 5.555289068066310287e-01
1.648294227626045105e-01 1.797206746755117268e-01 -7.577539785746486567e-01 -7.366453252345722680e-02 -7.135362235352514793e-01 -5.615710813225236464e-01 7.686597476089900294e-01
1.303307396293551176e-02 5.545325264341251920e-02 -7.100361044978781289e-01 -5.598631776597197129e-01 -7.001006018992231850e-01 -5.233594550781791588e-01 1.013498400005889533e+00
-7.750056459256804420e-02 5.052936870500460836e-02 -8.307666817723516894e-01 -9.053716007105611085e-01 -6.878496960541335969e-01 -5.346663206459268958e-01 1.219480605061593836e+00
-1.321399489187761178e-01 7.789141618189017457e-02 -9.972918540698568757e-01 -1.057190708972359339e+00 -6.222499165048228642e-01 -5.342432741555943609e-01 1.331100482466107238e+00
-2.344672712589771224e-01 1.923349491097602407e-02 -1.043716024478496429e+00 -1.036095441408734663e+00 -4.456917106813380602e-01 -4.619430469708644127e-01 1.345340435944932356e+00
-4.463153688991682300e-01 -1.766031784918728198e-01 -8.843372474021287122e-01 -8.974517598618387826e-01 -1.447938445512824690e-01 -2.895781944759270310e-01 1.290137704521238105e+00
-7.422144349536895502e-01 -4.396074666010701959e-01 -5.879322542205489555e-01 -6.668984606292649442e-01 2.404976071270771565e-01 -3.078161375154364957e-02 1.184516673921996111e+00
-1.037885419463733916e+00 -6.395173706745457265e-01 -2.964123440370032281e-01 -3.389415062973230031e-01 6.479520830597726988e-01 2.787497167375813656e-01 1.022616094876550363e+00
-1.273099712005066220e+00 -7.014341250811013673e-01 -7.782669961829286054e-02 7.565432082776435418e-02 1.029476233010820696e+00 6.080918983703554881e-01 7.920118531343064427e-01
-1.439626838356512062e+00 -6.412930685789390850e-01 1.052512620930925458e-01 5.243006759382781157e-01 1.342506468132977693e+00 9.107169658517405564e-01 5.163737856567727214e-01
-1.518615799750066664e+00 -4.925202542626819224e-01 2.869854675727642190e-01 9.250112111133691473e-01 1.506769062352520505e+00 1.071725323122592943e+00 2.802083454330764334e-01
-1.424977739641998697e+00 -2.276079662427429595e-01 3.990520401372908976e-01 1.210369022660958915e+00 1.416830058636405765e+00 9.437437735997765698e-01 1.710023465616214156e-01
-1.068057912794804443e+00 2.197055354585062681e-01 3.249518303556893084e-01 1.377251390231146733e+00 1.029328168370938767e+00 4.977944506439017647e-01 1.753319159469352850e-01
-4.645417352801310407e-01 8.479775714165199707e-01 4.345708374968140775e-02 1.475910842235461651e+00 4.135033868340175500e-01 -1.002474772478619408e-01 1.761516285223209966e-01
2.626344867668904404e-01 1.531459274593821140e+00 -3.299253194274095469e-01 1.538761366504728167e+00 -2.955849287436483896e-01 -6.248504698658979839e-01 6.995780497944094345e-02
9.917548916250190638e-01 2.093110764356063136e+00 -6.490579484037164448e-01 1.549578189781949611e+00 -9.669538309078561378e-01 -9.686776468702543719e-01 -1.546177556160588940e-01
1.659368132921935635e+00 2.415078100968067076e+00 -8.396381483108354971e-01 1.483447098998551539e+00 -1.500611830987085504e+00 -1.143987310032515081e+00 -4.535689497732462994e-01
2.220270104097069375e+00 2.461320031975937184e+00 -8.711372136426377422e-01 1.346479382533404046e+00 -1.822685269075996928e+00 -1.173716448119493716e+00 -7.919377092934907214e-01
2.593772005363457644e+00 2.220525801974997826e+00 -6.777400638919561793e-01 1.170744739168385395e+00 -1.879459454012065933e+00 -1.054286436218287992e+00 -1.143383993854391045e+00
2.685886373406198846e+00 1.690223243378701001e+00 -1.952431827257848640e-01 9.756939922458953696e-01 -1.663127509749287469e+00 -8.117106106816240896e-01 -1.443182947273035310e+00
2.475003106698328459e+00 9.502822094759294513e-01 5.065389239838160584e-01 7.542827071375212133e-01 -1.251742431041249937e+00 -5.367576723100969671e-01 -1.592295724944441160e+00
2.031215948525158410e+00 1.911654156330610532e-01 1.208563114989297249e+00 5.177458796953596787e-01 -7.810926981028900595e-01 -3.195447157115392511e-01 -1.536152886502438752e+00
1.432691207522651666e+00 -4.018368002942858674e-01 1.706781641888487133e+00 3.200172576319912365e-01 -3.568823234774279318e-01 -1.681214759203346898e-01 -1.305120177348909172e+00
7.088017856424537744e-01 -7.776724973837598753e-01 1.954781726118642871e+00 2.012546479627885521e-01 -1.792428550152563166e-02 -3.358007589839801660e-02 -9.539677287220182933e-01
-1.110657073776199211e-01 -9.895646783829279425e-01 2.018773557762066684e+00 1.394849721918056673e-01 2.165986865163905539e-01 9.299632009109511099e-02 -4.991764236428348211e-01
-9.212712482666746139e-01 -1.053929982319619763e+00 1.919857996831887847e+00 9.712444682985006683e-02 3.048454524303155777e-01 1.441174936118445049e-01 5.384314268033511819e-02
-1.552170590485932644e+00 -9.073725810749141418e-01 1.586225400140683695e+00 8.903494091099527219e-02 2.115660627979080999e-01 4.585444599705432167e-02 6.477569069544262259e-01
-1.870639974642203773e+00 -5.141711170927928398e-01 9.772166337895391575e-01 1.672284694580729869e-01 -4.595508021476087113e-02 -2.020234406492912860e-01 1.177154532822165312e+00
-1.866046231642540576e+00 3.699499606808203528e-02 2.002714720487342448e-01 3.526231931162769895e-01 -3.946774295135334620e-01 -5.187127423678384863e-01 1.550203941809448427e+00
-1.646446221210632554e+00 5.558948479409395738e-01 -5.098955487960711297e-01 5.923520313555920014e-01 -7.357806347699988869e-01 -7.953938359006068604e-01 1.737248996962256653e+00
-1.347347929895057694e+00 8.664488095680141777e-01 -9.374736217350774226e-01 7.721521038212575405e-01 -9.953852068512143436e-01 -9.717135786932561414e-01 1.784110865031415027e+00
-1.040604659809523325e+00 9.215162894348064571e-01 -1.039208870590355271e+00 7.836887009841422280e-01 -1.161132070581994302e+00 -1.074281131551785284e+00 1.781469122885601664e+00
-7.486757094549295610e-01 7.995994584784658077e-01 -9.261367772447889335e-01 5.959384952717537987e-01 -1.251271418839908112e+00 -1.162112430264195195e+00 1.796914992607304029e+00
-5.255862516005850305e-01 5.874287717751696114e-01 -6.934595874553128869e-01 2.632040523390847264e-01 -1.252034603923047884e+00 -1.231220917616216326e+00 1.825752436459957107e+00
-4.566272517993988922e-01 3.078268894294748370e-01 -3.474177896557964496e-01 -1.302250079279521355e-01 -1.125340082409423959e+00 -1.205875317643235523e+00 1.810573273917133408e+00
-5.632132918905539132e-01 -2.689176268112529467e-02 8.127064709744041826e-02 -5.266350733727251932e-01 -8.845058324274910344e-01 -1.044037281364014857e+00 1.714771721820836037e+00
-7.643151116340338724e-01 -3.490345525868264187e-01 4.525320078474391328e-01 -8.933326786835312783e-01 -6.162914420351377487e-01 -8.019633530440566371e-01 1.559818293788607813e+00
-9.551966034667050964e-01 -5.698648693085283101e-01 6.180349472117638854e-01 -1.186370938306103628e+00 -4.093461863130213318e-01 -5.512562178022131221e-01 1.376622795251695175e+00
-1.087921148306023156e+00 -6.638146939924987056e-01 5.573304189908212525e-01 -1.361741484261595136e+00 -2.975768597154814787e-01 -3.059480064319742842e-01 1.174334289854207514e+00
-1.156537623599109388e+00 -6.715408952070558435e-01 3.490997391644307668e-01 -1.422297294544204060e+00 -2.829256894612791062e-01 -9.306084077984025371e-02 9.826877519049975751e-01
-1.131851528761855130e+00 -6.143311131436116623e-01 4.364172806418041561e-02 -1.406244789859425470e+00 -3.603936964190311842e-01 -3.320739908694283083e-03 8.482845184258773763e-01
-9.567801119086610795e-01 -4.654483783605281588e-01 -3.477961467261291850e-01 -1.321477975480141565e+00 -4.891430439907173966e-01 -9.744056992075555979e-02 7.603552550616202721e-01
-6.157948124531511525e-01 -2.318218212857751370e-01 -7.440102622363509166e-01 -1.132284358872130081e+00 -5.818272324358549907e-01 -3.280983741106127671e-01 6.479164614843512249e-01
-1.724843493257511018e-01 -6.040623075377273173e-04 -9.858438789027873517e-01 -8.189261621368608690e-01 -5.643769664620539306e-01 -5.922292272675037106e-01 4.645990410429038930e-01
2.792933939186068582e-01 1.425061203951593358e-01 -9.908283289059557353e-01 -4.163197289661770828e-01 -4.366565551332765582e-01 -8.147023652954415995e-01 2.346811738748349752e-01
6.745453545043462729e-01 1.992500389702531738e-01 -8.426792214793005220e-01 5.159060985135847065e-03 -2.658054422287375873e-01 -9.717865093783457642e-01 2.542650449315835698e-02
9.650082576197718254e-01 2.200242766494646396e-01 -6.681583774650430296e-01 3.759730726617989682e-01 -1.244442944752146563e-01 -1.056121007180992111e+00 -1.026333888892194540e-01
1.077349859625198469e+00 2.132237191760418815e-01 -4.900625026886552549e-01 6.472671667097481540e-01 -3.778743052849747180e-02 -1.041595295192111914e+00 -1.218509793837794092e-01
9.425771239110584121e-01 1.465640754831508130e-01 -2.680341484827370446e-01 7.777850953112589449e-01 -8.273453549157190265e-03 -9.218203086800754731e-01 -1.251978056780359873e-02
5.792558373334418809e-01 3.026309984659413324e-02 -3.308167396936449040e-02 7.236671188638050811e-01 -7.327232803500738356e-02 -7.694312556730606989e-01 2.580512242563869352e-01
9.824288698114705398e-02 -6.406349640391187372e-02 1.125143072755000612e-01 4.781880505555883287e-01 -2.708429780193342129e-01 -6.798789625023237138e-01 6.815399937436356081e-01
-3.967426615672888790e-01 -1.012195807836392264e-01 1.428727660358531937e-01 1.017851174583003088e-01 -5.527708391955322709e-01 -6.627759782559078383e-01 1.166377394369439324e+00
-8.798426259385333514e-01 -1.551720114074505164e-01 1.816614863349614584e-01 -3.222798610171864198e-01 -7.913827944476908849e-01 -6.436703919421292719e-01 1.595002053953573640e+00
-1.360143060800507619e+00 -3.340152584646541301e-01 3.767863453480662650e-01 -7.448280358641889976e-01 -8.732690629603887533e-01 -5.463985821989638669e-01 1.889001677943629831e+00
-1.795410851943485930e+00 -6.463825549664878878e-01 7.314557044173500833e-01 -1.147734345290460922e+00 -7.713368939703839633e-01 -3.456165109089692766e-01 2.005585141463485321e+00
-2.082384673051016488e+00 -9.772606455387321533e-01 1.099997403882194247e+00 -1.498365852193038306e+00 -5.328896108995464509e-01 -5.346021700765236223e-02 1.903943049414229982e+00
-2.129203428691948563e+00 -1.192746488153774154e+00 1.332030632599240594e+00 -1.729572621167611013e+00 -2.135083834624431354e-01 3.190685943273932068e-01 1.539120866859968295e+00
-1.915291168004708000e+00 -1.245609673120713801e+00 1.386941311493805618e+00 -1.779224864529417305e+00 1.572817320669661623e-01 7.685841472458947443e-01 9.014825082762353281e-01
-1.500798797279625285e+00 -1.187724720064421646e+00 1.329681691862668158e+00 -1.648802698792024124e+00 5.533641795062825830e-01 1.273345745137788754e+00 6.735435036490526606e-02
-9.907944573088368623e-01 -1.101190159936285440e+00 1.235670233627685244e+00 -1.417420912212940864e+00 9.122511570836971950e-01 1.755530508216821772e+00 -7.893351157106367477e-01
-4.654122858462582113e-01 -1.004808543874216920e+00 1.086919034343572177e+00 -1.176996474459174546e+00 1.135535456295809542e+00 2.096166156371500389e+00 -1.479041764738879605e+00
4.383444724835914436e-02 -8.341596925636258764e-01 7.855491748100439375e-01 -9.492245333749121938e-01 1.160675733299832757e+00 2.233367670401722016e+00 -1.924166211464701792e+00
4.971916300475801576e-01 -5.400138289660827429e-01 2.934718902636258564e-01 -6.939616774896300022e-01 1.027151109287845143e+00 2.214475784075561116e+00 -2.172349126153715559e+00
8.085608379173511162e-01 -1.757779959104241729e-01 -2.706876622810650557e-01 -3.863537005899919663e-01 8.474854958202598931e-01 2.134049698406554008e+00 -2.297926369869312868e+00
8.960085040681559088e-01 1.422741545059834634e-01 -6.957044290445721924e-01 -5.352632675734312478e-02 7.187215721735730201e-01 2.047191643895270641e+00 -2.331132636491993093e+00
7.678451792459431990e-01 3.329835596116462182e-01 -8.328240394066894758e-01 2.500572318368702862e-01 6.637483320370838324e-01 1.911146695115174765e+00 -2.243243277764539023e+00
5.304428427160448045e-01 3.904392843729015405e-01 -6.821590513968728287e-01 4.869200337818524460e-01 6.526904433881366430e-01 1.611759611436083706e+00 -1.981022064525009396e+00
2.800957760719620659e-01 3.483006557136396064e-01 -3.480709732974547888e-01 6.636100143284675568e-01 6.737556623595908345e-01 1.123959601403775155e+00 -1.557826707781629016e+00
2.146620046241434071e-02 2.256755930830374179e-01 5.429052298388212933e-02 8.041887840078528749e-01 7.551566885301972398e-01 6.091854054160921184e-01 -1.084277356991688812e+00
-2.661435071115386131e-01 1.556226874694643415e-02 4.453964716111089017e-01 8.955900168905742698e-01 9.090144172188721061e-01 2.647112568895845786e-01 -6.705601612827072344e-01
-5.235847493022808274e-01 -2.666015535497628930e-01 7.528820132356198735e-01 8.934267052224664774e-01 1.084441749071845651e+00 1.382517077841533826e-01 -3.555486599498662303e-01
-6.198892309103242182e-01 -5.424513115269673502e-01 8.823808933484174055e-01 7.855813778289237881e-01 1.195300077038401687e+00 1.443604289504556160e-01 -1.474941592100190713e-01
-4.513632867450760866e-01 -7.147650596239166765e-01 7.712089813484043210e-01 6.124767895320947231e-01 1.181520987726262906e+00 1.816471689946190793e-01 -6.348162577875614276e-02
-1.844671393069159671e-02 -7.507347830858990267e-01 4.665337819793033414e-01 4.194822952207287736e-01 1.038133434184495885e+00 1.951870206335373503e-01 -1.086611427338916303e-01
5.694494257594290287e-01 -7.078386298009256006e-01 1.276460679048836422e-01 2.147149725732795944e-01 8.049986235236490373e-01 1.800800289244375296e-01 -2.488630869812704094e-01
1.147265640048367175e+00 -6.799379202979022319e-01 -6.792901335351909931e-02 -2.370287428693348963e-02 5.335782760769636202e-01 1.443257601120697675e-01 -4.065277262166377414e-01
1.571673704750403244e+00 -7.127677001527583656e-01 -5.597866038156552176e-02 -3.134180994782716501e-01 2.532554182312763413e-01 5.827285433560104588e-02 -4.777274103000750949e-01
1.775720276296407496e+00 -7.567623242835098685e-01 6.795273926113457041e-02 -6.348340206558465981e-01 -2.591390230814757251e-02 -1.282534699547334678e-01 -3.908019503001701755e-01
1.764934954164814052e+00 -7.038324570355459775e-01 1.418329810726673690e-01 -9.248264361819884538e-01 -2.840850543175667542e-01 -4.143034040083881098e-01 -1.679467615974926387e-01
1.565622794900604520e+00 -4.865481165596958202e-01 6.797251570871698512e-02 -1.120728576134059740e+00 -4.845563165072531708e-01 -7.269729908723125966e-01 9.885232890998646438e-02
1.200590411828651227e+00 -1.358750828214996542e-01 -1.532916342124223674e-01 -1.211614109991761001e+00 -6.027982339680371116e-01 -9.778857005891270493e-01 3.335227402087028170e-01
7.274572410548509893e-01 2.661819253536785168e-01 -4.978739881005842527e-01 -1.227132470619441529e+00 -6.531977479104501549e-01 -1.126719689100203370e+00 5.149174440019973487e-01
2.512136838802686567e-01 6.631882579275172329e-01 -9.729632254738137531e-01 -1.177246476305346734e+00 -6.597589238048977567e-01 -1.159771686143090230e+00 6.248052290488516070e-01
-1.408622252115024898e-01 1.021968337715050579e+00 -1.561608142928827547e+00 -1.030912541611457955e+00 -5.988227554413182441e-01 -1.020623907789561580e+00 5.965441883695628000e-01
-4.434291695671940259e-01 1.265618752635818467e+00 -2.133977628790971082e+00 -7.733324352201483842e-01 -4.003075659541642239e-01 -6.275860363833238864e-01 3.684222140301663950e-01
-7.167132913306261122e-01 1.267059825752011593e+00 -2.467922475353053979e+00 -4.600983540605145250e-01 -1.418033448324895057e-02 2.777058135723405041e-02 -2.696244090550001249e-02
-9.958183976365144741e-01 9.566586504187301054e-01 -2.410725328846206938e+00 -1.866100210089543798e-01 5.245002694053586545e-01 8.146044436161187230e-01 -4.593970161918158879e-01
-1.225029313053507707e+00 4.158385726564213791e-01 -2.015242336956569069e+00 -1.228103530167359153e-02 1.098108536015786285e+00 1.510290391707930668e+00 -7.859231346392596684e-01
-1.312524604136751538e+00 -1.803074452458656163e-01 -1.467383070830865277e+00 6.837685608626091482e-02 1.581086367290252870e+00 1.940910091161912820e+00 -9.374210989015039353e-01
-1.238247045878743791e+00 -7.014936890960543625e-01 -8.990131970868046052e-01 8.737432569872667643e-02 1.904762759852477672e+00 2.075530323725234272e+00 -9.294164304436919322e-01
-1.073175534484695604e+00 -1.113382744089058907e+00 -3.190674801996815080e-01 5.997452305483483292e-02 2.053972065720390816e+00 1.996947761764577223e+00 -8.162390154474277182e-01
-8.981421624853354047e-01 -1.409218838435161603e+00 2.928156765072941758e-01 -1.836284231170986353e-02 2.020875013952927013e+00 1.805892316595481217e+00 -6.515292449066271141e-01
-7.207279615914158333e-01 -1.527544000805669322e+00 8.614065636193494191e-01 -1.424025445436308823e-01 1.775546262859749369e+00 1.540265837268249616e+00 -4.733982007000027692e-01
-4.821652337536210253e-01 -1.374536286918115247e+00 1.216051495694590479e+00 -2.690601199496279738e-01 1.308349909256153243e+00 1.180912071332904878e+00 -3.143705873896189273e-01
-1.468919426501557324e-01 -9.432057697769042903e-01 1.232996531961945141e+00 -3.390013526519454756e-01 7.025262757176417017e-01 7.307995920287133629e-01 -2.133248077721870972e-01
2.344359954161873982e-01 -3.703521172725949828e-01 9.420776765565095356e-01 -3.289973413873082952e-01 1.255493039168127656e-01 2.615598935384909618e-01 -1.998791711022387674e-01
5.542295885557740887e-01 1.388360387229337356e-01 4.886192817750947825e-01 -2.716648798139751908e-01 -2.652197981591040143e-01 -1.237871893070600499e-01 -2.654162295311429109e-01
7.277403975371103950e-01 4.202422159871804785e-01 2.065423848909254609e-02 -2.402504399540688063e-01 -4.100344959179266779e-01 -3.610067058162989562e-01 -3.508491768140034606e-01
7.390888562544692952e-01 4.131369951624499492e-01 -3.850801793677452456e-01 -3.061617248047567297e-01 -3.497621002000517176e-01 -4.398471997800799671e-01 -3.816576733284330336e-01
6.144796369115249624e-01 1.512694128463638321e-01 -6.831904606692871251e-01 -4.745207909409656089e-01 -1.451517880469176125e-01 -3.537120843674294579e-01 -3.382395166974040412e-01
6.144796369115249624e-01 1.512694128463638321e-01 -6.831904606692871251e-01 -4.745207909409656089e-01 -1.451517880469176125e-01 -3.537120843674294579e-01 -3.382395166974040412e-01
3.547164401220334606e-01 -1.601027899100571916e-01 -6.258613361205683789e-01 -3.294791387139457961e-01 4.325069826715995380e-01 2.099053364410390365e-01 -5.321702207083337521e-01
9.495324333254206994e-02 -4.714749926664781321e-01 -5.685322115718498548e-01 -1.844374864869258723e-01 1.010165753390116494e+00 7.735227572495074755e-01 -7.261009247192633520e-01
-1.648099534569494040e-01 -7.828471954228992669e-01 -5.112030870231312196e-01 -3.939583425990602489e-02 1.587824524108632840e+00 1.337140178057976359e+00 -9.200316287301928408e-01
-1.648099534569494040e-01 -7.828471954228992669e-01 -5.112030870231312196e-01 -3.939583425990602489e-02 1.587824524108632840e+00 1.337140178057976359e+00 -9.200316287301928408e-01
-1.789025761274189164e-01 -3.178390596255761258e-01 -6.490572321266360190e-01 2.472186288815562960e-01 1.511404408662625709e+00 1.353374815848230384e+00 -1.069344088923034342e+00
-2.771657467681737375e-01 1.310183160544629577e-01 -7.497952638707173767e-01 3.980856894731849005e-01 1.202970000640112502e+00 1.221561747592319058e+00 -1.022653239480276532e+00
-4.252716722668066218e-01 4.510670707164937121e-01 -7.641230233648581560e-01 3.932399106986328996e-01 7.250222390127544214e-01 9.810273809332258343e-01 -7.848914511717215436e-01
-5.477762109720071271e-01 5.851317427545498218e-01 -6.637860693745956109e-01 2.749750392196267379e-01 2.050128899795939652e-01 7.014452131769881582e-01 -4.577157660746140611e-01
-5.829265135863891389e-01 4.685947869198088811e-01 -3.784286266597174375e-01 9.654203103272490649e-02 -1.964449175357362021e-01 4.384735150477616084e-01 -1.554370381844538962e-01
-4.769238687376132213e-01 6.771647553391292595e-02 1.451143836069309911e-01 -1.174365304539611160e-01 -3.667029210119898130e-01 1.794714718287398758e-01 5.804694009858016313e-02
-1.758994990340272402e-01 -5.165101749882079485e-01 8.175353081280519740e-01 -3.641457928891450035e-01 -3.062002046596940530e-01 -1.406632433946098937e-01 1.690564206654154022e-01
3.267939839540053848e-01 -1.038035154723081943e+00 1.380744686792624520e+00 -6.231839977205481107e-01 -1.202745487925806767e-01 -5.553342287510729669e-01 1.950946764115637777e-01
9.409082020331364093e-01 -1.249540503674285041e+00 1.558556378411570131e+00 -8.379131499511836001e-01 5.894978623373561127e-02 -1.001465359019406032e+00 1.675843858463340608e-01
1.520380060496761221e+00 -1.067086714490247834e+00 1.249728623066754141e+00 -9.415967551411471570e-01 1.580839108121952219e-01 -1.347351415536919061e+00 1.053141333033137533e-01
1.937729292300230943e+00 -6.001215132535201446e-01 5.816472342473901769e-01 -8.885387356760541255e-01 1.907243230622896468e-01 -1.463933167310390582e+00 -9.838955471068366529e-04
2.102289746933594383e+00 -6.037905041225982705e-02 -1.750201888660823102e-01 -6.709224491389536027e-01 2.205805456217879712e-01 -1.274422184810924730e+00 -1.647559982764508213e-01
1.963931014616004500e+00 3.446287416787043312e-01 -7.292337794538453766e-01 -3.321305600376918132e-01 2.976101725314850288e-01 -7.909313978717857907e-01 -3.619467046714149316e-01
1.546185624780629375e+00 4.905037220064497050e-01 -8.973710546141839828e-01 3.394296320092904384e-02 4.092454047985462640e-01 -1.542618713541414888e-01 -5.031058749866166302e-01
9.677956026940024437e-01 3.968867390736764422e-01 -7.014953886026565888e-01 3.292685453616733815e-01 4.854176836326127287e-01 3.849399203908004941e-01 -4.692052674772404508e-01
3.935903217286010891e-01 2.254119925375602795e-01 -3.377325001038042340e-01 5.256455888636815121e-01 4.563682869591083047e-01 6.012759227246358140e-01 -2.165053735463037254e-01
-7.389881164446024386e-02 1.558969638636792387e-01 -8.968014299920836277e-03 6.689409606603150538e-01 3.077827576424524425e-01 4.439197760135676352e-01 1.747519874567394216e-01
-4.382866623959802421e-01 2.549142347466022973e-01 2.003315865079579872e-01 8.061083375157013231e-01 7.902790221793029590e-02 3.998201426003964581e-02 5.676518270041596148e-01
-7.149479948790488093e-01 5.129250939606776472e-01 2.510240771659925096e-01 9.501014923318169547e-01 -2.048384322951303793e-01 -4.459208816648614349e-01 8.566699033241198524e-01
-8.428456844143877857e-01 9.574559035661428519e-01 2.398373757171276890e-02 1.106051601557786146e+00 -5.822108856667131960e-01 -9.192371578450273528e-01 9.938332722339028313e-01
-7.438973527914510830e-01 1.618119357763050159e+00 -5.986545848292299521e-01 1.287168890704844193e+00 -1.088469294101417351e+00 -1.320002171486105214e+00 9.592963644319331129e-01
-4.301962748863147890e-01 2.394647348989343172e+00 -1.539483002839831638e+00 1.495892046568020550e+00 -1.655835194673822341e+00 -1.557457141935047362e+00 7.431899456765025391e-01
-1.247125133863180579e-02 3.045044308132970112e+00 -2.495659648618434368e+00 1.688218030798600777e+00 -2.129530003095346569e+00 -1.543850911622145272e+00 3.753074767219863328e-01
3.699568860414104710e-01 3.308334790414744209e+00 -3.087391339086124287e+00 1.761355861126825184e+00 -2.367324966042568146e+00 -1.268306410166364140e+00 -5.375475058619945401e-02
6.146905286347276176e-01 3.040814189180963911e+00 -3.057575564417226222e+00 1.614476649547986753e+00 -2.304648343717927705e+00 -8.002688682865497505e-01 -4.344959380998035803e-01
6.914958953150721621e-01 2.296659363401650999e+00 -2.419207874135769654e+00 1.239937902270124681e+00 -1.965219646524614783e+00 -2.382859111306313560e-01 -7.024200362935145714e-01
6.313861863718743805e-01 1.282829864441653589e+00 -1.404522192461415742e+00 7.319277272873611073e-01 -1.424939014585008934e+00 3.351892402926611170e-01 -8.609925567709091343e-01
4.765530085122346993e-01 2.069903272343572298e-01 -2.445596755844178793e-01 2.067262512805173313e-01 -7.492559026893269580e-01 8.731652124479596377e-01 -9.580391663535997582e-01
2.594616697126684857e-01 -8.115819606401687425e-01 9.549692432703157374e-01 -2.658377272262045232e-01 1.686506799168486365e-02 1.346830274842719000e+00 -1.042417011800748528e+00
3.826437638239244682e-02 -1.692068586611398695e+00 2.127094605896604040e+00 -6.632925568902303670e-01 7.899413584238390573e-01 1.707797641648281628e+00 -1.134920654695288134e+00
-8.456692921146129194e-02 -2.316633737284475636e+00 3.116705241279169591e+00 -9.710232384338659539e-01 1.422903288799249211e+00 1.881676895641255065e+00 -1.233235436378804284e+00
-3.058796594603981761e-02 -2.561422862163952985e+00 3.713119330141655183e+00 -1.157511791448061489e+00 1.783337337163038772e+00 1.828336697027057589e+00 -1.333242659958489895e+00
1.767807919876291933e-01 -2.401312670508447322e+00 3.795629827506924237e+00 -1.194071314893656588e+00 1.840794740192985612e+00 1.596099905125698770e+00 -1.426991790040075481e+00
4.466070007244063444e-01 -1.943742407528876059e+00 3.406672475296660174e+00 -1.096849682060181186e+00 1.659601133872992795e+00 1.275434648479657262e+00 -1.482081141282521664e+00
7.119328744302830803e-01 -1.368301458784394464e+00 2.725025019749637512e+00 -9.426912872323635062e-01 1.339329530262913792e+00 9.189692907714440695e-01 -1.449372354235459959e+00
9.710138214657204614e-01 -8.311634399727910738e-01 1.965468333926747135e+00 -8.268535403189439803e-01 9.572941713515568107e-01 5.289183215087454037e-01 -1.305494808478323110e+00
1.273999989098036911e+00 -3.725896047818335610e-01 1.233446038278393386e+00 -7.751050616083193789e-01 5.334103123541059643e-01 9.756439497276825357e-02 -1.090107052118869824e+00
1.658146054068110331e+00 8.048813950287492247e-02 4.933155485216851321e-01 -7.011969617133411159e-01 5.931697426370494824e-02 -3.462041505239594197e-01 -8.924454178016112404e-01
2.069421106739991689e+00 5.926207677388598549e-01 -2.989938853627770454e-01 -4.798554110961809616e-01 -4.366640149166646223e-01 -7.240370710992586334e-01 -7.861240717198766381e-01
2.365100734245503489e+00 1.116776740512646748e+00 -1.072769437243870083e+00 -6.582133233158571350e-02 -8.755299496267787696e-01 -9.528933666781022049e-01 -7.693026193713670136e-01
2.395183863702031068e+00 1.508473792872762509e+00 -1.647251344375816329e+00 4.522065289223780593e-01 -1.171728787147101158e+00 -9.941525817123081366e-01 -7.689546034216464543e-01
2.093088264206454774e+00 1.623814917382244261e+00 -1.841265225072031830e+00 8.991908603953360224e-01 -1.289312304270703535e+00 -8.720005766407146197e-01 -6.957507031812757425e-01
1.517195167370819053e+00 1.423812819965944332e+00 -1.608500057830187124e+00 1.127882134958432481e+00 -1.270803292740204427e+00 -6.904882593787597944e-01 -4.795054377578051308e-01
7.979847794733602173e-01 1.009478321113853605e+00 -1.076673900159397679e+00 1.117576897858131524e+00 -1.194902222487021604e+00 -5.892528106703833757e-01 -9.412832831825133917e-02
4.917867568856890831e-02 5.457597008049032139e-01 -4.420870123556256415e-01 9.672010491902226503e-01 -1.097312087263497160e+00 -6.154337742281448254e-01 4.003802864838044151e-01
-6.624650281112767214e-01 1.430593062461801013e-01 1.519959894712429316e-01 7.866752464044290960e-01 -9.611849700787766793e-01 -6.763415004190834745e-01 8.762057847444933989e-01
-1.279269055177812531e+00 -1.618910133704014043e-01 6.156257961111064603e-01 6.166618547020873420e-01 -7.805807773078585754e-01 -6.614927555803716830e-01 1.229902690402100429e+00
-1.708006358278020720e+00 -3.254533345589569748e-01 8.435309680521800857e-01 4.634212142308194449e-01 -5.929718003319831565e-01 -5.737432374758456577e-01 1.430722862846054433e+00
-1.855607326708956117e+00 -2.761276164675049993e-01 7.323671054713919437e-01 3.682033396265305680e-01 -4.345386949255830578e-01 -4.943220960291711541e-01 1.477609707103939130e+00
-1.714701516352148625e+00 -7.100312233476031160e-03 2.994768176095408685e-01 3.872422641828171530e-01 -2.832049034336192039e-01 -4.606837605858620233e-01 1.359033019349471738e+00
-1.383898961347978407e+00 3.568073005103239437e-01 -2.541278326265296039e-01 4.995200224384717669e-01 -7.510247886783651128e-02 -4.397458137203425488e-01 1.086100445281904525e+00
-1.006983483347341224e+00 6.317895383347946758e-01 -6.508957631111415010e-01 5.884113412386611230e-01 2.106269384177211490e-01 -3.994142758573155927e-01 7.361898914862152754e-01
-6.825807432458798063e-01 7.268326388689849704e-01 -7.435729941026021361e-01 5.604333261070671979e-01 5.015449155564115635e-01 -3.509602123602857393e-01 4.149567946737837687e-01
-4.200425755476027145e-01 7.048168006498733984e-01 -6.073433653674923383e-01 4.512801561370260450e-01 6.817032580782892426e-01 -3.129653106875704416e-01 1.726710018968641014e-01
-1.901411892206102405e-01 6.746665094185464451e-01 -4.047065706648261818e-01 3.697861562608140140e-01 6.740300326576031953e-01 -2.834360056420966445e-01 5.507129995950947078e-04
4.128659787460772605e-03 6.569047159676342229e-01 -1.995322463129987345e-01 3.650574546973079926e-01 4.642682785928025635e-01 -2.675641675069151959e-01 -9.517170588998266623e-02
1.248803445876036644e-01 5.796202895441975311e-01 7.330831766802585470e-02 3.771791880297523658e-01 7.667995313118319833e-02 -3.012988539408962829e-01 -5.955051213554142520e-02
1.590696709505357298e-01 3.841651242707134206e-01 4.833164316121644211e-01 3.077555511940463506e-01 -4.464069258963259679e-01 -4.467794466232584139e-01 1.692724829823353538e-01
1.710758935781004075e-01 1.187420921555368408e-01 9.745933831339342879e-01 1.326510390050424926e-01 -1.047576626025894964e+00 -7.703479067135609037e-01 5.955672144157904135e-01
2.591778440442076836e-01 -8.998813099797972614e-02 1.391610985513956678e+00 -6.486686417148780637e-02 -1.644381713321328986e+00 -1.283494501339666805e+00 1.135510709758727588e+00
4.422044097541534824e-01 -1.647125482965005050e-01 1.627216378387871254e+00 -1.785348520083190338e-01 -2.128922575841692311e+00 -1.885722472245864978e+00 1.652567765648168985e+00
6.327816857662846850e-01 -1.435360701917529902e-01 1.693287455214250503e+00 -1.757769895427880313e-01 -2.409266784939619654e+00 -2.406812338635451187e+00 2.034031812882007184e+00
7.447430063210130902e-01 -9.622387456987156751e-02 1.630624911497645213e+00 -9.407774751081982023e-02 -2.467067000784166186e+00 -2.725822259376921686e+00 2.236402318733708761e+00
7.913534229505850837e-01 -1.352655680043112624e-02 1.407132009389630900e+00 3.746807417093014902e-02 -2.361391583827295637e+00 -2.826835748519501035e+00 2.260643345455943365e+00
8.494613683138846350e-01 1.695644532341963884e-01 9.716087065978784576e-01 2.449521236861818552e-01 -2.162088464478570060e+00 -2.739019638982638671e+00 2.097907413536642895e+00
9.433244098045426851e-01 4.504809090776745739e-01 3.939611292819340527e-01 5.662449909492369704e-01 -1.889616316898413251e+00 -2.458039950993054834e+00 1.725679719457980710e+00
9.958278745009427890e-01 7.037820992763518246e-01 -1.013373254351817715e-01 9.568769117394563262e-01 -1.537824202672051666e+00 -1.963735399345018395e+00 1.175292777970822211e+00
9.102775720323111885e-01 7.829144120334945445e-01 -2.807252549337915792e-01 1.267990245424683415e+00 -1.150276813529297559e+00 -1.319780769936737874e+00 5.805553674396304320e-01
6.846359890084452449e-01 6.765755163199357325e-01 -1.009247224829222106e-01 1.356009182995431273e+00 -8.426485063791525620e-01 -7.003605783461697154e-01 1.156772996931266922e-01
4.076508878899145483e-01 5.169739435982866338e-01 2.692695457681186788e-01 1.198907332306907936e+00 -7.151716669332855991e-01 -2.677732976095779649e-01 -1.222341583659625475e-01
1.485549723923194065e-01 4.218389706298277808e-01 6.342435885722066402e-01 8.747598617033794932e-01 -7.591918468642390172e-01 -5.364478134096861695e-02 -1.452148322895853993e-01
-1.019476794018854965e-01 3.805630559119518308e-01 9.282651186352590678e-01 4.534384484937695192e-01 -8.843615883985227466e-01 2.033643938477510196e-02 -7.566873928120076455e-03
-3.806893441804067857e-01 3.049507423226153202e-01 1.186858906730617891e+00 -4.982631560113733038e-02 -1.014634201739820663e+00 4.114487852102748783e-02 2.532830621178509545e-01
-6.703024559771560975e-01 1.532941187498230717e-01 1.404040078492671650e+00 -6.212271150320528568e-01 -1.127438210185838896e+00 2.465512851433705743e-02 6.178301928610258065e-01
-8.764015963860877223e-01 -1.604511520211076778e-02 1.466851449539715802e+00 -1.181371601943179250e+00 -1.212979460901755457e+00 -8.143691958034729450e-02 1.047779125947066570e+00
-9.011148071844622409e-01 -1.168874119507461312e-01 1.268475788114887370e+00 -1.589252739585252039e+00 -1.218636003162463011e+00 -3.036284391269175043e-01 1.451269618149553686e+00
-7.391751027775901317e-01 -1.430421714477488893e-01 8.490565658734691157e-01 -1.718987835795123376e+00 -1.050263290013306428e+00 -5.573163707983285198e-01 1.697160444502879395e+00
-4.725725148291016198e-01 -1.692729620800611789e-01 3.691692893790441410e-01 -1.542925036518477455e+00 -6.514949240324503510e-01 -6.855101658470864612e-01 1.678808974547898680e+00
-1.755748897717712698e-01 -2.369233014795106007e-01 -5.479708947770536159e-02 -1.136685890010771249e+00 -8.651112276384576028e-02 -5.873466433425885702e-01 1.370887151818725114e+00
1.328133000440476497e-01 -2.726273229421771194e-01 -4.540607245906676526e-01 -5.968360625086236437e-01 4.761589834764477502e-01 -2.885506165687687918e-01 8.328313544586279926e-01
4.379279776220350029e-01 -1.541109822756875081e-01 -9.214966579500676325e-01 1.987645945352210092e-02 8.652265306156806668e-01 1.037228635044003255e-01 1.717860408133102257e-01
6.698133951138440789e-01 1.391825132197430648e-01 -1.433864345861848300e+00 6.520693601380480597e-01 9.882494957863575680e-01 4.673589926507593084e-01 -4.754030111438381501e-01
7.216706051788407406e-01 4.749428182211947735e-01 -1.806511597392736812e+00 1.169360033253079356e+00 8.378127313742207427e-01 6.835617223912959783e-01 -9.415982454752249708e-01
5.430350107711812147e-01 7.077636175189463419e-01 -1.867618300565960787e+00 1.427061061771998540e+00 4.580082338036946532e-01 6.466829847019079924e-01 -1.084926774925665471e+00
2.113902427188446564e-01 8.380057986619827703e-01 -1.646583244076249564e+00 1.394605808383966083e+00 -7.867950561834331780e-02 3.007107979667091313e-01 -8.783400880761262908e-01
-1.142056334358325376e-01 9.756751850733990095e-01 -1.332456360228155168e+00 1.183317718373317451e+00 -6.819993504431667297e-01 -3.245083112254352753e-01 -4.188740080272602140e-01
-3.186330686770342258e-01 1.176393388960766284e+00 -1.074922594282121224e+00 9.465831603985924714e-01 -1.252165336746338120e+00 -1.104468011556541507e+00 1.461322215966396332e-01
-4.040057020123228870e-01 1.368800336452451027e+00 -8.773125113505412243e-01 7.768342804663606049e-01 -1.686103117142302654e+00 -1.839608756585744409e+00 6.800711147284355107e-01
-4.424188969980993313e-01 1.435217602062032194e+00 -6.703411408771753344e-01 6.828914329049358134e-01 -1.895181853395691896e+00 -2.319794612737845263e+00 1.077679055799239061e+00
-4.748786726847056827e-01 1.330790698721201037e+00 -4.454801629320059297e-01 6.381208684465029535e-01 -1.834585815662570507e+00 -2.422795371838306178e+00 1.274186893860496772e+00
-4.816999012390560386e-01 1.113215382157828559e+00 -2.793622785601547198e-01 6.363964239719290816e-01 -1.509771078776312336e+00 -2.155777492138153839e+00 1.243721448106175131e+00
-4.489801604655314637e-01 8.584849461137245008e-01 -2.246998459218221555e-01 6.940160127862746720e-01 -9.484991090401431180e-01 -1.587328875959697072e+00 9.837251696208708651e-01
-4.181672858497711420e-01 5.699034768250677008e-01 -2.176678242929928619e-01 7.996673936799896243e-01 -1.916343639499990259e-01 -7.696780403041866281e-01 5.117271860544254647e-01
-4.344908954566943926e-01 1.961572323092438397e-01 -1.270613542385602701e-01 8.774339214429478506e-01 6.599344138719600572e-01 2.135342179484491509e-01 -9.717632228978566322e-02
-4.537866803495594348e-01 -2.587273323291672811e-01 1.071094169980543742e-01 8.057830748170979884e-01 1.388317639301603013e+00 1.115332495132479895e+00 -6.683202855007387422e-01
-3.339284516385714330e-01 -6.651184347385282747e-01 4.058215331000749604e-01 4.960577509572460242e-01 1.712842025221191111e+00 1.570092929455558339e+00 -1.000490168655689960e+00
2.843832191007056309e-02 -8.670858159261841669e-01 6.489581105416525331e-01 -1.355330446725292945e-02 1.506273608401573760e+00 1.415974078897684452e+00 -1.040132009360803522e+00
5.641950662711614495e-01 -8.426996644620056154e-01 8.007354574705878303e-01 -5.692793198755035089e-01 9.261742649673966321e-01 8.785085301294165427e-01 -9.203713052779127768e-01
1.087565373818674130e+00 -6.827031028278128799e-01 8.777852967027371944e-01 -1.008205238284723082e+00 2.668495215019484057e-01 3.306374874146864595e-01 -8.127413724058193401e-01
1.433705961185841815e+00 -4.618514674079305382e-01 8.632219237659568556e-01 -1.221115451175412314e+00 -2.366588061009680666e-01 1.521753246447356961e-02 -8.118883486584238529e-01
1.499983747453167426e+00 -2.311459456768682197e-01 7.412618936992435570e-01 -1.183637255924281151e+00 -4.568128617329858532e-01 1.524849461763838621e-02 -9.196019743664642920e-01
1.232171814577714297e+00 -8.934488253099448496e-02 5.779019539994382226e-01 -9.806852208762256717e-01 -3.498041213701690855e-01 3.085934883776975668e-01 -1.057235232354737153e+00
6.494366195232411654e-01 -1.520314745047223193e-01 4.743197635174608018e-01 -7.513460031349670221e-01 5.552802349253951192e-02 8.003772243260385277e-01 -1.121904944999255527e+00
-1.184144540215242708e-01 -4.313483222315899202e-01 4.355420367142269766e-01 -5.920428522189783438e-01 6.534345823437803791e-01 1.357699634708601888e+00 -1.067421466278010600e+00
-8.798843284825523803e-01 -8.136904189486092731e-01 3.651937569170065623e-01 -5.180376549925082008e-01 1.298894863585844606e+00 1.863278220873010982e+00 -9.278423139902166605e-01
-1.495882015427874245e+00 -1.169608492951820011e+00 1.888773352926343130e-01 -4.953992893996417290e-01 1.880010310215004310e+00 2.259198537815318097e+00 -7.686638123957372226e-01
