-3.733323026168447467e-01 -5.715740944374089194e-01 -5.527058405057792001e-01 -6.698724692663221569e-01 -3.970254340146974759e-01 -4.983858528388666054e-01 1.172534287597780889e+00
-2.160528984424411880e-01 -2.006752189156571220e-01 -8.224747181123563955e-01 -7.141444950378060819e-01 -3.155620467137237872e-01 -7.545297697869512987e-01 1.202813941738759773e+00
-8.351416759656322963e-02 1.273270170588280958e-01 -8.345828706544203834e-01 -4.781666428343608888e-01 -1.759872269851649462e-01 -7.649992995685178654e-01 9.689654573421717654e-01
8.881230068666390656e-03 3.731000065643291785e-01 -6.469032698703248707e-01 -1.317842280378393183e-01 -2.120602575209552809e-02 -5.833500650906009444e-01 5.566922988360957225e-01
3.751673002478284752e-02 4.865462768984600839e-01 -3.286119903211087157e-01 8.998587813469645369e-02 8.556814835460356539e-02 -2.812297221052932894e-01 1.348744073721116210e-01
-1.254203411862919205e-02 4.415361455212930553e-01 7.559550774051680688e-02 6.832185766606958810e-02 9.304733464250364294e-02 7.465344337376829398e-02 -1.662713324802779224e-01
-1.194280984396031142e-01 2.849214887282759956e-01 4.763948149132279375e-01 -1.164272277878222878e-01 -6.720825845820821952e-03 3.975955916541764057e-01 -3.551765480874211067e-01
-2.376760243826996355e-01 1.013534211186512685e-01 7.437825861239598657e-01 -2.716592616710263308e-01 -1.708601327846468731e-01 6.341325316340995499e-01 -5.348035242390933863e-01
-3.315788714883846633e-01 -7.878504811688943898e-02 8.227679555958201663e-01 -2.715431911875996196e-01 -3.396331122157102977e-01 8.087987343869837975e-01 -7.609517493846503777e-01
-3.824508306367837007e-01 -2.941876514330418746e-01 7.796664561077768507e-01 -1.364739548551993364e-01 -4.745416368907450222e-01 9.522787732086828161e-01 -9.829879356329617179e-01
-3.842601203499011464e-01 -5.721199839356403416e-01 7.101499048523562951e-01 5.496268785396844769e-02 -5.563380671311094483e-01 1.044876887232282447e+00 -1.113320007238511211e+00
-3.447013195165999910e-01 -8.805505488315080731e-01 6.516867501299983267e-01 2.682887358621652840e-01 -5.589176428134587926e-01 1.064105171548454409e+00 -1.104079302382156014e+00
-2.831593529727720049e-01 -1.171712589457042375e+00 6.073197150953388856e-01 4.898187184771736202e-01 -4.483806603341241037e-01 1.030483989053806670e+00 -9.454410968591290265e-01
-2.243387045071885411e-01 -1.425852894930696779e+00 6.075202427473955780e-01 6.436067009603869682e-01 -2.326402396302195419e-01 9.718697703262760834e-01 -6.404947576245525465e-01
-1.900665239121991645e-01 -1.621701681100089276e+00 6.926924233211975146e-01 6.197380301988174578e-01 1.105535199208352269e-02 8.651107107459877765e-01 -2.287886912354226421e-01
-1.847790105510041525e-01 -1.694830415179168659e+00 8.374511315884972662e-01 3.995158421407742910e-01 1.980780819437863161e-01 6.536312658117560126e-01 1.813805522269786863e-01
-1.823103715889698995e-01 -1.570313777659616772e+00 9.520489825385566318e-01 8.118270635377132505e-02 3.096813411564938168e-01 3.228982936977717322e-01 4.539843833387684491e-01
-1.381205677943073418e-01 -1.235553061377185458e+00 9.695039459245203828e-01 -2.205549605499041999e-01 3.948281673982035889e-01 -7.122136766996173263e-02 5.190775839647558954e-01
-2.710016773586334735e-02 -7.631860814584288111e-01 8.884218558457656068e-01 -4.470428069359655976e-01 5.109053982145286277e-01 -4.345107793136270824e-01 4.092484246063063380e-01
1.326551371286577574e-01 -2.666194066618646219e-01 7.410266348064679098e-01 -5.851092582345603921e-01 6.611703787160171375e-01 -6.814649689747768191e-01 2.099612580604321710e-01
2.945698289177245410e-01 1.679882783960510440e-01 5.417043500841450809e-01 -6.243676484858530218e-01 7.997420224863667215e-01 -7.794761637099558715e-01 1.927115165924461098e-03
4.119912646200242778e-01 5.154148822955616494e-01 2.665308514232331283e-01 -5.416982586829924839e-01 8.911242096615645814e-01 -7.503860615023922875e-01 -1.519636053380484242e-01
4.504981546167928785e-01 7.849286829066484117e-01 -1.014492100882736642e-01 -3.447431988268649938e-01 9.297323423951794341e-01 -6.294909528280834277e-01 -1.931799009302762327e-01
3.843993913140839047e-01 9.863638938324855721e-01 -5.292963012333442574e-01 -1.070706215333501327e-01 8.985971261312921676e-01 -4.453083421507204043e-01 -7.678656444383115398e-02
2.013253421052017544e-01 1.144682353033844580e+00 -9.744093117100767198e-01 8.452939187224270401e-02 7.541918773906021167e-01 -2.389333546201144742e-01 1.915520368672460061e-01
-7.565936598533842816e-02 1.313227102009351110e+00 -1.431116069986418937e+00 2.050855341607261129e-01 4.799980772196993928e-01 -8.658837265520048787e-02 5.556722222947232392e-01
-3.855604335233409619e-01 1.520707847611055596e+00 -1.890717120569731069e+00 2.790470223556136831e-01 1.260703110588421716e-01 -7.126553088235686173e-02 9.673795333449853873e-01
-6.671611526098947254e-01 1.723137368649167334e+00 -2.292419569018207870e+00 3.107947974458921125e-01 -2.366609387957475108e-01 -2.134318633714228641e-01 1.418208430325001324e+00
-8.878346212358599887e-01 1.858767018620578249e+00 -2.570863554781019911e+00 2.820975076275511473e-01 -5.744764460675033657e-01 -4.746681594797386716e-01 1.890108297472470555e+00
-1.025615126902451379e+00 1.934121430465117086e+00 -2.731269185819176215e+00 2.168075252113353668e-01 -8.704786579050007855e-01 -8.361943156809917843e-01 2.305319261357282823e+00
-1.042239995479774750e+00 2.005146399614439634e+00 -2.819442722584249328e+00 1.693415025854068112e-01 -1.085948922072887957e+00 -1.299173237711006346e+00 2.565902645171482810e+00
-8.905990127330893902e-01 2.084402620486253799e+00 -2.827818880294432624e+00 1.283382220647958094e-01 -1.189479731845761057e+00 -1.817442777281522481e+00 2.633297752194725838e+00
-5.500730249498124724e-01 2.114902355480157592e+00 -2.687788579838261249e+00 5.837917739517317801e-03 -1.203007143108751675e+00 -2.302702284545779854e+00 2.539262153488076823e+00
-5.107595209582158763e-02 2.041166759987900203e+00 -2.362095382597472426e+00 -2.537246775779350982e-01 -1.181613560959775544e+00 -2.687455747168984388e+00 2.326073907060761670e+00
5.410157137320753540e-01 1.870205551093045315e+00 -1.907064352398835316e+00 -5.995482499474071858e-01 -1.148154646148837887e+00 -2.944678347020182940e+00 2.000625260692338259e+00
1.154689893278281643e+00 1.639706879207753154e+00 -1.419723917067046148e+00 -9.268109620746050048e-01 -1.068697321975673686e+00 -3.050895265625833463e+00 1.560276241155968524e+00
1.715873697931131314e+00 1.349117818103265254e+00 -9.457883980758965414e-01 -1.176219983503025368e+00 -8.997229746273466278e-01 -2.965890241563601037e+00 1.049493858038016425e+00
2.146342058747217063e+00 9.640797375380621981e-01 -4.750342729816455223e-01 -1.350836821893667050e+00 -6.373662013626082423e-01 -2.672554192069141354e+00 5.569500290194193681e-01
2.383381718135669569e+00 4.865017532043033888e-01 -1.280011860061008866e-02 -1.449093939101061768e+00 -3.033533562752661616e-01 -2.216532710207972379e+00 1.609160954547852185e-01
2.403040412901020773e+00 -2.519745670017638911e-02 3.919810947850342897e-01 -1.435423056038253709e+00 9.664467786395247728e-02 -1.675086939982088019e+00 -9.409556023762144505e-02
2.223413848804891568e+00 -5.206133773356531602e-01 7.066437341454364640e-01 -1.307979381334763769e+00 5.645936890063212310e-01 -1.101375435876102316e+00 -1.800677390391360322e-01
1.885862338130410487e+00 -1.005611287389329478e+00 9.642027836144962949e-01 -1.159422592881128589e+00 1.052702936022150704e+00 -5.290369805652467283e-01 -8.736636102783877644e-02
1.432310172252942326e+00 -1.493232065101605555e+00 1.207058279256540523e+00 -1.104472223428615951e+00 1.453983099632792264e+00 -2.182419344705865266e-02 1.430007305823754737e-01
9.055829477679721018e-01 -1.924622516508433856e+00 1.392730613628553549e+00 -1.149294207996765849e+00 1.671575529748949185e+00 3.133439501200300237e-01 4.087950705268888485e-01
3.597646371140080235e-01 -2.173264551963139724e+00 1.403777436079491014e+00 -1.179377867222409337e+00 1.678830418658873835e+00 3.942993217309105347e-01 5.907803968090935554e-01
-1.437583696564514457e-01 -2.133032330056280124e+00 1.158746156431670338e+00 -1.080462493244541244e+00 1.514034765173200237e+00 2.382887985079077120e-01 6.271263096199422016e-01
-5.440442368856046595e-01 -1.800578959427887149e+00 6.895984278514839527e-01 -8.589830786234284865e-01 1.223512650564993143e+00 -5.671989010058964970e-02 5.495762957565301088e-01
-7.914145230379617812e-01 -1.268372946276018487e+00 1.115932272506276329e-01 -6.311923134507436695e-01 8.200181139442930256e-01 -3.907644858781530450e-01 4.368023850007423103e-01
-8.578161610727358388e-01 -6.495197327894043360e-01 -4.610096450255446454e-01 -4.920566505009690839e-01 3.198421508222258347e-01 -7.083211435267809941e-01 3.399777736591835797e-01
-7.331629498814142831e-01 -4.871859233865987598e-02 -9.434044413781390581e-01 -4.435786506886658653e-01 -1.970320799013299817e-01 -9.794452608003472172e-01 2.786192051399761227e-01
-4.322692039709515321e-01 4.190976636606555394e-01 -1.245711091452333275e+00 -4.585852126743717450e-01 -5.978202877631412226e-01 -1.159665138843950061e+00 2.849867231788896227e-01
-1.356109772168253777e-02 6.650417042648192334e-01 -1.285560116590188207e+00 -5.406598690160265841e-01 -7.774909829052047971e-01 -1.213195309763323015e+00 3.905454280413946933e-01
4.403533465561436655e-01 6.904470665579057753e-01 -1.059300545899652057e+00 -6.941537125510611750e-01 -7.214499349685831175e-01 -1.174576254614391413e+00 5.711498165638400071e-01
8.629974134331641622e-01 5.834392495703089043e-01 -6.659788382059281808e-01 -8.735430594617881184e-01 -4.827164986678036396e-01 -1.115817446428283954e+00 7.435037658324328280e-01
1.208312917371111128e+00 4.492005525690693224e-01 -2.433222689178592413e-01 -9.982154259736653046e-01 -1.232771033113924108e-01 -1.050811308541575340e+00 8.268857567295815336e-01
1.442205673885360806e+00 3.302136922157984378e-01 1.168594885971035863e-01 -1.022926818459280129e+00 2.972889461565343394e-01 -9.352091012317060859e-01 8.083853814878533273e-01
1.551604504466504109e+00 1.973148319441962451e-01 3.835349949030290029e-01 -9.556489153749235799e-01 7.071380755753130520e-01 -7.523585349556204394e-01 7.270311393961615964e-01
1.547633324188840698e+00 3.121771834086661465e-02 5.344741233896412869e-01 -7.939590390768186401e-01 1.049984581805247563e+00 -5.614835932293656962e-01 6.018973383068079164e-01
1.455801508204793482e+00 -1.297868887948081251e-01 5.459177179502003874e-01 -5.134271370554627234e-01 1.325349407706049920e+00 -4.499636426076101259e-01 4.262402162757257806e-01
1.306028700522463115e+00 -2.484188793414074670e-01 4.478102163772387789e-01 -1.470509027993939788e-01 1.560488609877321187e+00 -4.496767799504641783e-01 2.213811749401613238e-01
1.122098502248885410e+00 -3.471702543807718699e-01 3.300361578629246728e-01 1.903225365767683974e-01 1.749109904681047656e+00 -5.296497265512722930e-01 4.678188720006657558e-02
9.185367218272368905e-01 -4.658999044631149111e-01 2.617065857218562885e-01 3.829269278175642666e-01 1.845615833724180366e+00 -6.586278940322092268e-01 -4.937932023088450334e-02
7.062414623923398693e-01 -5.825754612144254940e-01 2.329337048891970130e-01 3.876482631828777614e-01 1.804707411277015838e+00 -8.236299842280865313e-01 -7.018745099957034161e-02
4.898080357976773436e-01 -6.343353034791310296e-01 2.007431946533324296e-01 2.185774312030963618e-01 1.605179441096976634e+00 -9.774338651385378052e-01 -3.740514045170999918e-02
2.661940209828282389e-01 -6.134939335506653935e-01 1.601640858066374906e-01 -1.149088145645430908e-01 1.240600877548899250e+00 -1.033490416260938849e+00 6.884098434696146740e-02
3.143360897206399357e-02 -5.644050744237507633e-01 1.244838705631337722e-01 -6.028753367139800812e-01 7.130631473813218157e-01 -9.674581571472583574e-01 2.960620188069107983e-01
-2.173203511760327111e-01 -4.797385728441204700e-01 6.316842137009996694e-02 -1.153984376716159943e+00 6.181376623109630791e-02 -8.727547939892639217e-01 6.521713029764937275e-01
-4.718291676968905946e-01 -2.892070004480972734e-01 -7.554068525632556819e-02 -1.602104216537118431e+00 -6.204336609056231300e-01 -8.601540744785621806e-01 1.084198864014546571e+00
-7.008043604932189252e-01 2.935442179246229577e-02 -2.799688991845633579e-01 -1.853174430265676742e+00 -1.247961494086805789e+00 -9.416282821011395798e-01 1.508364330685447952e+00
-8.692251847005568743e-01 3.993146711870122489e-01 -4.693222240974164738e-01 -1.950337918537339954e+00 -1.802807411901963697e+00 -1.047367182739065372e+00 1.838476650787372435e+00
-9.619127770604737337e-01 7.262120071872774085e-01 -5.910191367381840699e-01 -1.953625558755412772e+00 -2.287681044755649928e+00 -1.118669201573202043e+00 1.998821065171194178e+00
-9.753174700096060024e-01 9.691947425428638629e-01 -6.739333724504156242e-01 -1.847546917780193754e+00 -2.648552024431544805e+00 -1.131304990446752479e+00 1.934438523703179147e+00
-9.113044125436957632e-01 1.100649067139070070e+00 -7.485446109352186239e-01 -1.601453379380681108e+00 -2.786123980725992322e+00 -1.042975409816538912e+00 1.642121861005999994e+00
-7.784957091736033341e-01 1.043556399716612626e+00 -7.576269853039631075e-01 -1.254969482794770386e+00 -2.625785088712694115e+00 -8.063923114677261639e-01 1.199550659871533753e+00
-5.778694039417520134e-01 7.199204148912284884e-01 -6.109292931226570911e-01 -8.998115274998046420e-01 -2.159111990471132891e+00 -4.555408607174905589e-01 7.160616464019413652e-01
-3.093650841135039409e-01 1.673241747745094210e-01 -3.112010306769141810e-01 -5.913187738466715304e-01 -1.449385847150668871e+00 -8.511396358103297255e-02 2.302523274865651559e-01
-6.814624577609413236e-04 -4.599061071453243721e-01 4.484815179627548581e-02 -3.244250344244443141e-01 -6.190283604353133962e-01 2.645112786851981368e-01 -2.864890837433517468e-01
2.956488944439282784e-01 -1.017646372469155791e+00 3.784305831893032268e-01 -9.797817764588326317e-02 1.910627747434430201e-01 6.163414730526042273e-01 -8.135450593148371157e-01
5.258797613108691094e-01 -1.434161373963087627e+00 6.680981297511483508e-01 5.913605599428978232e-02 8.597433082131790139e-01 9.696509295023147956e-01 -1.256213428663080611e+00
6.518602250069950310e-01 -1.653557366007234020e+00 8.875557186758793460e-01 1.412628069353158988e-01 1.304266822917623525e+00 1.262119058861510101e+00 -1.535960168863684583e+00
6.642519340695799412e-01 -1.609092454849489151e+00 9.800664568486023853e-01 1.888577959926546757e-01 1.498436867309196563e+00 1.413457450983465424e+00 -1.625151972986669247e+00
5.792308442113173195e-01 -1.289106319216015928e+00 9.189823441241358193e-01 2.256649228001489094e-01 1.464195823767126869e+00 1.382242459213382180e+00 -1.505096759232045445e+00
4.205861683923590166e-01 -7.741013504808301748e-01 7.454832589481580341e-01 2.141351925235961129e-01 1.236811975575628608e+00 1.160644972637520755e+00 -1.155206004362588246e+00
2.153526861871372655e-01 -1.631638498822058914e-01 5.100493853345109407e-01 1.195173493827951933e-01 8.532228110013746480e-01 7.348255714056173282e-01 -6.104800785510088312e-01
-2.933694835738482904e-03 4.976263172537706558e-01 2.123204045303780374e-01 -7.769486722218283369e-03 3.704218995921347846e-01 1.140303836639744439e-01 3.875782003733894629e-03
-2.027061116095638382e-01 1.174400270115490308e+00 -1.655631351222308367e-01 -6.610856084693564338e-02 -1.164867413304394306e-01 -5.948201910774144618e-01 5.512640389911247496e-01
-3.509371873247984497e-01 1.763657405885665774e+00 -5.834529009988452808e-01 -3.533841243477664484e-02 -4.992791789408020375e-01 -1.217425216429471879e+00 9.857571510815805738e-01
-4.053575892842393724e-01 2.098744118283796478e+00 -9.307782838714590001e-01 -3.358957261277695228e-02 -7.181511661625410436e-01 -1.630853151407277046e+00 1.333011405252508164e+00
-3.388242604986813622e-01 2.063895937400960001e+00 -1.114425239303628690e+00 -1.906031105996926767e-01 -7.788422765078909515e-01 -1.802841196899649168e+00 1.589702728042461377e+00
-1.639588966860496544e-01 1.689438874842534188e+00 -1.134784439643652831e+00 -5.082811299295150187e-01 -7.101360801137234224e-01 -1.746254316830753162e+00 1.694182469436049443e+00
7.197046255644920509e-02 1.119182826776906392e+00 -1.042012294285278973e+00 -8.910793975915348719e-01 -5.415394080654780673e-01 -1.488620682573218001e+00 1.595672648654637982e+00
2.938958469022976971e-01 5.073610511260359113e-01 -8.671256140763258236e-01 -1.248982700406100932e+00 -3.299949349601848936e-01 -1.063604288656917252e+00 1.306651503838648365e+00
4.074123388294811354e-01 -3.373132882507358377e-02 -6.295152082386764603e-01 -1.527216549572559368e+00 -1.666016048640988900e-01 -5.210203240568119787e-01 8.888463883549088118e-01
3.461245744275516789e-01 -4.117045193604972342e-01 -3.764805064652796407e-01 -1.677596736209688411e+00 -1.285909462224172628e-01 3.333482468300723311e-02 4.148529791025920010e-01
1.261622697193404974e-01 -5.419223888728987859e-01 -1.820987039466130941e-01 -1.641405065296834609e+00 -2.354291994621439121e-01 4.421573749133043130e-01 -6.416160299414742918e-02
-1.674904983155809102e-01 -3.944582479173380785e-01 -9.677750416123273580e-02 -1.369320933057482037e+00 -4.402219990146923334e-01 5.948733551000215947e-01 -5.124595319283605788e-01
-4.432862365252331904e-01 -5.580045070311848154e-02 -9.941820193350942025e-02 -8.653840203514829854e-01 -6.488674102592861814e-01 5.222419773222697348e-01 -8.745835574540092860e-01
-6.462777972172731866e-01 2.811133140335170255e-01 -1.025090553227968326e-01 -2.196910948666991603e-01 -7.732567475740622642e-01 3.657229227581378916e-01 -1.076836553459594725e+00
-7.610470464564697002e-01 4.453600807184808219e-01 -2.744234887590489558e-02 4.246587709403725763e-01 -7.748556377895218228e-01 2.475575673941229071e-01 -1.077761737477605175e+00
-7.810347262933117207e-01 4.100015168636901297e-01 1.251946246353040915e-01 9.617745281369693977e-01 -6.521516626648494741e-01 1.977483026839730040e-01 -9.077830664858123066e-01
-6.860048059957182254e-01 2.528442274024846892e-01 3.093710815477079823e-01 1.361621950600695463e+00 -4.118913722799324995e-01 2.006820400234759771e-01 -6.458450351465438999e-01
-4.670690559030525879e-01 3.633555197569381112e-02 5.004536639946680632e-01 1.622491013637973767e+00 -7.009508441164977177e-02 2.520516926819094117e-01 -3.648495871195326923e-01
-1.609573021599247089e-01 -2.083659395306093065e-01 6.812295757485494763e-01 1.742127870905236353e+00 3.321606768113404828e-01 3.353645576782983695e-01 -1.181954905244656240e-01
1.663105477097999163e-01 -4.013281757716574694e-01 7.910778974217389514e-01 1.750780402801281888e+00 7.307524969926195713e-01 3.783533301812734284e-01 3.696769613111094976e-02
4.644413545912728924e-01 -4.215645247462471712e-01 7.484363342374928951e-01 1.708672214903970810e+00 1.062298548604022841e+00 3.020194966084012167e-01 4.621785156408078632e-02
7.071636729416869160e-01 -2.288653922482714875e-01 5.361153516479452152e-01 1.636166347681382582e+00 1.279494966482888296e+00 1.138959227871856605e-01 -9.675175504776632740e-02
8.693828600155617536e-01 1.072446467861104952e-01 2.129892599804819320e-01 1.499961580292953789e+00 1.338184886308070753e+00 -1.034952830668485479e-01 -3.507892079949033737e-01
9.270908667353751076e-01 5.155101637474664988e-01 -1.661059906846807932e-01 1.293788638254422807e+00 1.194268312866326731e+00 -2.698883270795880418e-01 -6.889636689718393603e-01
8.810696568060107925e-01 9.600722600461282230e-01 -5.757189665628557051e-01 1.072005617040284076e+00 8.359456707814666432e-01 -3.128176828748487348e-01 -1.112849139569959789e+00
7.535320777216277799e-01 1.362793551209708687e+00 -9.609315696613075497e-01 8.781858347573852086e-01 3.022663062109133270e-01 -1.504746608698653565e-01 -1.598162048463244611e+00
5.457598830260761424e-01 1.597832803785118827e+00 -1.231844906337620005e+00 7.132883975671185928e-01 -3.263011142356473382e-01 2.476532012856940412e-01 -2.067700117245060198e+00
2.302621712647247021e-01 1.598081258264024029e+00 -1.346869763801910258e+00 6.025019867766565618e-01 -9.364316043367961750e-01 8.073773655692235707e-01 -2.438932815204000626e+00
-1.937356111611837350e-01 1.399361357902665137e+00 -1.337768523775980656e+00 6.057243496146043071e-01 -1.407234107382616450e+00 1.405033205862205925e+00 -2.668166319096201278e+00
-6.732034364183506758e-01 1.058416953504565106e+00 -1.225109624056393454e+00 7.220674717182998803e-01 -1.654302037148077886e+00 1.955367182540697746e+00 -2.708922095885849757e+00
-1.145233934041098633e+00 5.745447004059194285e-01 -9.669371634428125528e-01 8.302535552161279808e-01 -1.663366993059753440e+00 2.434453356190924289e+00 -2.474137746780906699e+00
-1.587459336186581638e+00 -7.482413227097130248e-02 -5.118828610175227833e-01 7.523674311607154719e-01 -1.495189582269634387e+00 2.832037447872372660e+00 -1.898608062728771584e+00
-2.015976053007733526e+00 -8.244498895060572430e-01 1.177298502560357313e-01 3.920573977231852081e-01 -1.258314275164040374e+00 3.090162954118512939e+00 -1.032469504661099213e+00
-2.436876521907825222e+00 -1.486504293651904396e+00 8.002073950194874552e-01 -1.858675244129411597e-01 -1.065419738116637038e+00 3.123083630226352270e+00 -6.023913435668021982e-02
-2.812221115599464749e+00 -1.847226426106622688e+00 1.374297410992600277e+00 -8.062466617135600755e-01 -9.844453087456452867e-01 2.906823054178560906e+00 7.896794106147392300e-01
-3.072723643330390164e+00 -1.793425012837190025e+00 1.723712052164821262e+00 -1.290738999608200821e+00 -1.011346414115866343e+00 2.517863514913944556e+00 1.366009067485965955e+00
-3.153159177014982717e+00 -1.372467001109754836e+00 1.813547560141655079e+00 -1.530995289750790800e+00 -1.085171132737435151e+00 2.073255588980055908e+00 1.637719110284415081e+00
-3.020553681995511219e+00 -7.426077352332084436e-01 1.658876429729444935e+00 -1.488148714005249396e+00 -1.120977538791646522e+00 1.639227826191350879e+00 1.638445829478738514e+00
-2.679020689600831062e+00 -4.808234655700453775e-02 1.261734804587492542e+00 -1.144418329808110757e+00 -1.038059904552693258e+00 1.212247584705336667e+00 1.380413326440813826e+00
-2.159294032136989561e+00 6.448355351925655343e-01 6.120692161604220916e-01 -5.029155655349824006e-01 -7.808538662111113027e-01 7.863349399477735924e-01 8.509026427840092888e-01
-1.512153825819431585e+00 1.287334530723561077e+00 -2.305036328676345891e-01 3.534477139827278402e-01 -3.399332215557633319e-01 4.084372154149677470e-01 8.888216887975503022e-02
-8.142036181273599738e-01 1.779937680222684726e+00 -1.094850650359357580e+00 1.244585534141510186e+00 2.291957048997792235e-01 1.491317981285333882e-01 -7.735068082610290219e-01
-1.683322588709320333e-01 2.021752350652747499e+00 -1.762090254285392232e+00 1.956117745733829683e+00 8.092238950215426829e-01 2.233281368691170110e-02 -1.544265727178870007e+00
3.368647416896011215e-01 2.003329179002204974e+00 -2.075256695768316728e+00 2.338102903393677767e+00 1.259149139567668163e+00 -3.440906263491026046e-02 -2.061132454261052960e+00
6.821098161136018856e-01 1.790111768311259954e+00 -2.008888422482897340e+00 2.369603619428510832e+00 1.478581028507202744e+00 -7.227042051612463103e-02 -2.289551670108098236e+00
9.066538228149482181e-01 1.431341393344826685e+00 -1.640464149555700413e+00 2.125361960234832814e+00 1.450681026035117061e+00 -6.706793091248514083e-02 -2.317026933356140184e+00
1.037073187542166819e+00 9.440532430684605014e-01 -1.067998229645229280e+00 1.694323688782305659e+00 1.226754162396489711e+00 2.256681038406388451e-02 -2.241013906949696821e+00
1.058266001688157987e+00 3.809108712979890621e-01 -3.928810335408269849e-01 1.165052461016558905e+00 8.859072300225714347e-01 1.892685610518634320e-01 -2.108214327986998704e+00
9.634203812942844225e-01 -1.581394703093724208e-01 2.634740443502399110e-01 6.379897753579184538e-01 5.113065013317128482e-01 4.003263496691253920e-01 -1.936114619870542786e+00
7.850006816265696630e-01 -6.105225243540366442e-01 8.192851420165462306e-01 1.692979662407153307e-01 1.707601632657121116e-01 6.453288919940481927e-01 -1.712168200384135863e+00
5.405886388092305816e-01 -9.890918610323167215e-01 1.284470597632694222e+00 -2.630152428873547277e-01 -1.057429015934360089e-01 9.361000336302387481e-01 -1.387529358863601292e+00
1.952357370862040087e-01 -1.296698146037803090e+00 1.691851930778857982e+00 -6.861115829581636572e-01 -3.238072880821441513e-01 1.256968000143626307e+00 -9.292991126494457577e-01
-2.650262324340565967e-01 -1.452897008454563599e+00 2.001788086548217827e+00 -1.054216706585373586e+00 -4.967745306828327267e-01 1.526824572134115154e+00 -3.870416199131807011e-01
-7.558654013058015986e-01 -1.366560324954047223e+00 2.122148346623861315e+00 -1.267319326184707329e+00 -6.179816455079969462e-01 1.641953309810692430e+00 1.160825066471830452e-01
-1.141943268939449529e+00 -1.053275039119683898e+00 2.010994780534846260e+00 -1.260538850456176529e+00 -6.558564794369019513e-01 1.554400863847414938e+00 4.727870279152676658e-01
-1.332814055782088225e+00 -6.260779845938333477e-01 1.715926754081253724e+00 -1.055333743443261918e+00 -5.752702011670230986e-01 1.275030120400609368e+00 6.555593404767428023e-01
-1.293090083791760048e+00 -1.917476535329316056e-01 1.313411312628856242e+00 -7.233633294604989716e-01 -3.632955703098614819e-01 8.148008037204871323e-01 6.872016248685226536e-01
-9.983944436187704996e-01 1.988535192821257180e-01 8.539765339596347982e-01 -3.373764415004064099e-01 -4.511797749005964919e-02 1.921289184912876591e-01 5.845054145838649573e-01
-4.478330466674663168e-01 5.050966365697970861e-01 3.899852539689369069e-01 2.494246206725930434e-02 3.160153020698227566e-01 -4.969909161126275232e-01 3.616962887667090065e-01
2.788383921378378427e-01 6.617592052080503162e-01 1.079906006333781858e-02 2.735025974119449366e-01 6.374428806550885840e-01 -1.092194228505372289e+00 6.290272593077469998e-02
1.029420229712647794e+00 6.449560434657662933e-01 -2.200464414362410248e-01 3.601705513279644943e-01 8.467541508645725079e-01 -1.480501603300802715e+00 -2.571372318691232395e-01
1.669938559484986262e+00 5.307671638373275824e-01 -3.328361778045239583e-01 3.259565193689047957e-01 9.157146300490257573e-01 -1.657120113363013791e+00 -5.703570218767567424e-01
2.137862237756308126e+00 4.179266499473022201e-01 -3.898040989427586367e-01 2.546051154343736966e-01 8.781121251780280579e-01 -1.660490729939228194e+00 -8.501647660928933758e-01
2.404469651696003574e+00 3.223436459264948928e-01 -3.884738346174032020e-01 1.910375142215707811e-01 8.030052141530045207e-01 -1.508269836137467346e+00 -1.024802604860881150e+00
2.435020091477906323e+00 2.041447701198930986e-01 -2.804331515056518453e-01 1.372322344326817878e-01 7.366005616602936401e-01 -1.237071586888218722e+00 -1.013811933839509738e+00
2.211152789542158548e+00 7.162948741000448039e-02 -7.288300778075437747e-02 1.230091734162597067e-01 6.689402652092018009e-01 -9.307680353072604884e-01 -8.292090120085712224e-01
1.775977884682171659e+00 -1.371136516131100762e-02 1.446331819697261600e-01 2.182655522267890058e-01 5.627017326271760433e-01 -6.529561593719586110e-01 -5.904206881419520325e-01
1.219886343957643282e+00 -3.387880200615341758e-02 2.941741551340019134e-01 4.498596656244734926e-01 4.045976140336643434e-01 -3.865409857097488189e-01 -4.098690386040833022e-01
6.056387155919545906e-01 -4.336578930835804230e-02 3.776287751832589912e-01 7.583792573132321913e-01 2.072958773391437026e-01 -6.992600465426242196e-02 -3.042545646753107014e-01
-5.086835590695693715e-02 -8.299493031397647824e-02 4.227536001307139468e-01 1.052774551552860371e+00 -3.053553729274353229e-02 3.101729764896112296e-01 -2.450818515964997557e-01
-7.135539588709373104e-01 -1.102021686178868282e-01 4.016515220095739913e-01 1.280887887258013613e+00 -3.315498165981420886e-01 6.815722355759946671e-01 -2.517192133017407407e-01
-1.289887612463836541e+00 -3.858136679406753977e-02 2.442852154806317566e-01 1.441274800105087017e+00 -6.961520644968216542e-01 9.547947856124230359e-01 -3.812322715947450424e-01
-1.661130461293382377e+00 1.583304391590427684e-01 -7.041459513472540788e-02 1.522716668662009942e+00 -1.077360297095361519e+00 1.103935459471440783e+00 -6.445428791786159683e-01
-1.740635564285295978e+00 3.784268971605368459e-01 -4.504587287804712181e-01 1.450142832191058329e+00 -1.409101316475602106e+00 1.171916680733414262e+00 -9.653014499185470498e-01
-1.546802743253200774e+00 4.460364091913999185e-01 -7.306853591791456770e-01 1.150835543422419116e+00 -1.632822303636442207e+00 1.213981224321180497e+00 -1.221773895372875396e+00
-1.208118590529932979e+00 2.715293711946660249e-01 -8.130119879480164347e-01 6.905795219483643610e-01 -1.697998417742681232e+00 1.244207286661442424e+00 -1.346225387154856845e+00
-8.674174722245185931e-01 -6.107458549377726281e-02 -7.594341446400126872e-01 2.845674269626001229e-01 -1.568914981491305261e+00 1.255539120333749148e+00 -1.377532891557227357e+00
-6.144573795370906755e-01 -3.811831357962910394e-01 -7.026331585487620712e-01 1.305155504887704210e-01 -1.244617056718251069e+00 1.268740151066779509e+00 -1.380391091079567367e+00
-5.091390768068491113e-01 -5.657230957850586384e-01 -6.926802999971501951e-01 2.503119829553815956e-01 -7.750446200147151909e-01 1.302236745035045606e+00 -1.329124304858398276e+00
-6.001172517532484818e-01 -5.665787238766462064e-01 -6.798027556128674043e-01 5.163355105827952540e-01 -2.524208945221488309e-01 1.311215098527868328e+00 -1.116887893103171603e+00
-8.769399000678783640e-01 -3.601753727873078792e-01 -6.173606867040437596e-01 7.920584249775536323e-01 2.174113746625832011e-01 1.211641456297038344e+00 -6.843368703394735464e-01
-1.221552562363505512e+00 5.337699404887275012e-02 -5.276199107177373948e-01 1.005516244568780637e+00 5.439982400007461472e-01 9.598197279417771677e-01 -1.041356306075540139e-01
-1.445926738410208134e+00 5.989543349560287888e-01 -4.736275725704816586e-01 1.134260954530844634e+00 6.841047141014180433e-01 5.928823160322912456e-01 4.668457030728342949e-01
-1.411937937899746087e+00 1.134913659325276880e+00 -4.967152620647146688e-01 1.182359343896992598e+00 6.624640821691269998e-01 2.045483415559081197e-01 8.888127552350093552e-01
-1.117026986204511685e+00 1.537677306870542493e+00 -5.887079679335290860e-01 1.170071956785655676e+00 5.558726098475281763e-01 -1.275023640102710409e-01 1.100916168389022287e+00
-6.458743342233080886e-01 1.764118519104951988e+00 -7.220178129000638378e-01 1.133862461016049483e+00 4.484012884130393339e-01 -3.972132103793955538e-01 1.112039940540304528e+00
-8.036466669058114909e-02 1.827747914681264740e+00 -8.739824721920947947e-01 1.118800477119268999e+00 3.938397000958750449e-01 -6.313738331054822295e-01 9.590748258293450013e-01
4.969539902800543252e-01 1.728424827888241033e+00 -1.002762457746013913e+00 1.135973152724901736e+00 4.069158650687318968e-01 -8.138758657718913048e-01 7.024091310640373509e-01
9.627740306055114772e-01 1.439895826054765404e+00 -1.049072123611905383e+00 1.143444237043474088e+00 4.728758822733669653e-01 -8.956742449842107767e-01 4.376287582607943927e-01
1.188652158539563519e+00 9.785182907332637958e-01 -9.947613439266007607e-01 1.092279698448022529e+00 5.553672948928679576e-01 -8.594915684760859875e-01 2.553601504946264589e-01
1.121444430301025363e+00 4.366459608751334653e-01 -8.771092994818319166e-01 9.524922312578500971e-01 5.989640701745365670e-01 -7.323183183124784001e-01 1.914664137987403258e-01
8.118152971893194403e-01 -8.373479126259750216e-02 -7.236804270739400913e-01 6.901997111805937557e-01 5.439573332095689606e-01 -5.501558618175987903e-01 2.378940117655407027e-01
3.716003994865303417e-01 -5.432187939689907541e-01 -5.152587172292595330e-01 2.813148120535985397e-01 3.620540752509013860e-01 -3.386585773066776994e-01 3.659495295915241031e-01
-7.821054480121479580e-02 -9.480897381598972773e-01 -2.310533218657818966e-01 -2.237067532495519706e-01 9.543959951734437563e-02 -1.346212942650763245e-01 5.153379591183121500e-01
-4.140832222070006119e-01 -1.287460290593653633e+00 8.848647138950463398e-02 -6.592388749731705744e-01 -1.367798380676792380e-01 5.738258383917266454e-03 5.742245572481888827e-01
-5.152527495133297775e-01 -1.526681397643400384e+00 3.490045465736279495e-01 -8.070229223569045374e-01 -1.902130458039383298e-01 5.580687093999297382e-02 4.119464138870230219e-01
-3.412430457942656203e-01 -1.649073601787203858e+00 4.837681663052211256e-01 -5.720234836923523414e-01 -4.758246570010637479e-03 5.474236859838689517e-02 6.154727494335811462e-03
-6.648175257565311401e-04 -1.664324378597507925e+00 5.113921618758223708e-01 -1.056754052579021996e-01 3.076040059426884965e-01 7.088111474848368676e-02 -4.688523266214267293e-01
3.140429765329614265e-01 -1.581649263265291205e+00 5.066612309264989511e-01 2.970872154153426092e-01 5.236658170951844493e-01 1.434198448094011202e-01 -7.462108532681872575e-01
4.682542803335876247e-01 -1.403770781628745246e+00 5.336070408388658981e-01 4.223574561601166621e-01 4.768146811470887481e-01 2.698630924326713143e-01 -6.649113037898333189e-01
4.638312071331405217e-01 -1.152288258612498284e+00 6.236071337963287053e-01 2.491763579493996850e-01 1.604556990187246956e-01 4.226359750120370906e-01 -2.664680382972881012e-01
4.013741421387030939e-01 -8.785067892259509348e-01 7.863975003846614964e-01 -9.805297269088884826e-02 -2.966690139281119576e-01 5.524688215870040553e-01 2.588487589855791859e-01
3.739619186976708698e-01 -6.189066352652370373e-01 9.915850009020585887e-01 -4.452523925742170041e-01 -7.300523643100232940e-01 5.973413458249440255e-01 6.852146046500804388e-01
3.945087547753019508e-01 -3.377061883861303127e-01 1.147905979541206989e+00 -6.381046967565769945e-01 -1.030871863212476702e+00 5.244433249944284725e-01 8.373923327000699635e-01
4.122880370971389041e-01 3.521725769704671383e-02 1.150220240116850867e+00 -5.893583339746674143e-01 -1.156918143506568963e+00 3.715249365761312816e-01 6.616930379954291119e-01
3.822988212673396058e-01 4.796700267093183534e-01 9.788011805618890282e-01 -3.229357563833190059e-01 -1.094068667359455738e+00 2.267356261970587539e-01 2.741562755469330592e-01
3.136382582619761106e-01 8.445896993080550530e-01 7.327726345556840881e-01 2.368136897239632097e-02 -8.615928014283614766e-01 1.485284378696544449e-01 -1.081137051956104767e-01
2.477580404685337800e-01 9.767700166738517709e-01 5.347143506940166269e-01 2.949281668566039460e-01 -5.284913208613721824e-01 1.077972268126827088e-01 -3.263512337771411476e-01
1.950435658803535699e-01 8.683313392904170591e-01 4.200036226375660764e-01 4.432052477786030398e-01 -1.721124893699679803e-01 3.265458877537141813e-02 -3.687802605419944202e-01
1.162369186328849890e-01 6.327656312126470617e-01 3.428982189223930277e-01 5.399177423558145783e-01 1.696495238634169733e-01 -9.016633647732757995e-02 -3.157620783243756390e-01
-3.061343213003040256e-02 3.605689487905539559e-01 2.603766962180372735e-01 6.614273659668155059e-01 4.980405739504000229e-01 -2.017575583389848159e-01 -2.196478937613342841e-01
-2.493774026336440519e-01 6.357005806643728496e-02 1.720341903788672189e-01 8.037314802110661072e-01 8.190063501173089344e-01 -2.515595376323362387e-01 -5.870122983978686565e-02
-5.084809991646415117e-01 -2.505037216373706133e-01 8.413302699318582489e-02 9.306391211638662675e-01 1.114330661688650137e+00 -2.403924788144275182e-01 1.855821256667794517e-01
-7.559851821003635841e-01 -5.240396484946842071e-01 -2.944453403621821383e-02 1.060222323330376470e+00 1.358278474323890483e+00 -1.898731226010065276e-01 4.530343128666945440e-01
-9.320203616855703421e-01 -6.886976482656486098e-01 -2.042532164183033239e-01 1.242579614945381827e+00 1.541706405264304358e+00 -1.082201348668817703e-01 6.414677974648721470e-01
-9.913073956981794943e-01 -7.105704303833858537e-01 -4.517279308989258779e-01 1.487647925785485992e+00 1.655160677632342647e+00 -5.472630315233936856e-04 6.782399414526946169e-01
-9.287734899356853147e-01 -5.908303069806747354e-01 -7.693058977678107757e-01 1.768445398527336510e+00 1.684898488708447495e+00 1.028867465359374345e-01 5.479779986743463782e-01
-7.766616366061648291e-01 -3.586573754798094149e-01 -1.139909162074626670e+00 2.038574087484481545e+00 1.627214199247643212e+00 1.558661366924150860e-01 2.916226189813069247e-01
-5.794965134666071327e-01 -6.782612169858152906e-02 -1.511065744991469506e+00 2.225560036687385335e+00 1.479065249719533348e+00 1.545498623352907774e-01 -2.506204534952701304e-02
-3.878366760401010249e-01 2.118541454150384695e-01 -1.802755264771624955e+00 2.260824007151672976e+00 1.239019819953919077e+00 1.732823646738144985e-01 -3.457246852259082681e-01
-2.551501182215209496e-01 4.109174370520095598e-01 -1.933490577574950686e+00 2.114174993753887399e+00 9.250700339198988376e-01 2.922326292825451199e-01 -6.229361183454075190e-01
-2.092170422275730357e-01 4.927502317375616059e-01 -1.858075716452281645e+00 1.806895619715535695e+00 5.770230875946755766e-01 5.021516268223052970e-01 -8.206439502781803785e-01
-2.305039287495929123e-01 4.723333877427418059e-01 -1.599420155286763068e+00 1.414577343670141429e+00 2.457246344971295016e-01 7.332303208523865967e-01 -9.316168088702782013e-01
-2.654121195022743906e-01 3.825452406356394941e-01 -1.221578915147913724e+00 1.028722462620288658e+00 -2.091943558735493564e-02 9.452111551648291199e-01 -9.726522190022526271e-01
-2.503455295630535593e-01 2.285336229996460244e-01 -7.783894977541261362e-01 6.935427260911591896e-01 -1.895890112675666928e-01 1.121432632930820406e+00 -9.523472442991118836e-01
-1.295608387798727057e-01 5.639289658687463534e-03 -3.107776883992178218e-01 3.809984314940760286e-01 -2.607620343853753742e-01 1.191112500130037999e+00 -8.495393731009893701e-01
1.095590260169750779e-01 -2.339478777127586007e-01 1.169112522134423404e-01 4.340800022754959936e-02 -2.923115570665846263e-01 1.050790106621918740e+00 -6.506929188517542872e-01
4.065119974720609042e-01 -3.858585235229949895e-01 4.204742579274531877e-01 -3.147792154466803605e-01 -3.718638444255458753e-01 6.872056024267719776e-01 -3.928790292413854024e-01
6.637289617277387643e-01 -3.890339012211737058e-01 5.604787558071946396e-01 -6.504204150315749944e-01 -5.502280738529868875e-01 2.157522644377838916e-01 -1.267018137700492431e-01
8.133275130912182016e-01 -2.697010003489469510e-01 5.695908750523144271e-01 -9.352815452666523033e-01 -8.225659198764121438e-01 -2.168573585448770324e-01 1.395479117703799787e-01
8.397509464579696603e-01 -8.889192175218611769e-02 5.050774144670753252e-01 -1.160391377847731498e+00 -1.147844152515649530e+00 -5.460965616444367621e-01 4.307079612992825157e-01
7.648479720124938819e-01 1.085299702631561669e-01 4.082045521827348256e-01 -1.314129337562666588e+00 -1.458459315161920067e+00 -8.045944529237593068e-01 7.513012498870840217e-01
6.302356029740902033e-01 2.946510303198275893e-01 3.090339794613208846e-01 -1.381844834379861497e+00 -1.681953045965742355e+00 -1.031134798560815025e+00 1.058567616316552051e+00
4.824753240919377739e-01 4.435318212788989523e-01 2.379274475270129752e-01 -1.376407048163826197e+00 -1.788759350829632222e+00 -1.199179857578609898e+00 1.297777831586571784e+00
3.522193665050123434e-01 5.285007633328694387e-01 2.160797354638490930e-01 -1.346819888814392074e+00 -1.810383273645935764e+00 -1.258987050564406518e+00 1.446844539102870586e+00
2.315481760487762830e-01 5.332753335455562294e-01 2.402549410099424076e-01 -1.332229212971755228e+00 -1.792591347980930561e+00 -1.212953650972724118e+00 1.516210345162135376e+00
8.113821650966067389e-02 4.778698555485810240e-01 2.771231767494244380e-01 -1.327113269351711589e+00 -1.753704356766011774e+00 -1.111870760106293821e+00 1.517254898856767120e+00
-1.287044372139515835e-01 4.218008808277149968e-01 2.788920495067058747e-01 -1.299959356083189244e+00 -1.690001868265966767e+00 -9.908732997796534381e-01 1.445059167319792781e+00
-3.874320610623386285e-01 4.037970056454308621e-01 2.231344700178926332e-01 -1.232531975728449636e+00 -1.588959312423662507e+00 -8.331831703908797460e-01 1.301599364199612863e+00
-6.471802454333998034e-01 3.790764140496306056e-01 1.389116519731842248e-01 -1.146724985763184934e+00 -1.444242172381092093e+00 -6.061148577655469660e-01 1.123003723534011344e+00
-8.562484987469110020e-01 2.607641923025109665e-01 7.513907638280158119e-02 -1.085370972264384060e+00 -1.267350319089285859e+00 -3.301542610171993020e-01 9.615259375121937291e-01
-9.992733260984886234e-01 3.838129960135074764e-02 3.019993772560213008e-02 -1.046757637649200490e+00 -1.082326093967652447e+00 -8.104559516482991166e-02 8.306623611476878777e-01
-1.093736703539734734e+00 -2.026734751606892870e-01 -5.145560318647968839e-02 -9.765665540947729983e-01 -9.170897250341362161e-01 9.527330263362711327e-02 6.926171521925553742e-01
-1.149878003852410124e+00 -4.069490278743950196e-01 -1.804733718480876770e-01 -8.602603425433521522e-01 -7.897129247496150750e-01 2.291681731381714493e-01 5.314461675265090834e-01
-1.159014484043448201e+00 -6.159742046310535679e-01 -2.775041356148590377e-01 -7.711950905732777306e-01 -6.964346569347780180e-01 3.657235166667088810e-01 4.093534602199243588e-01
-1.111742654463344637e+00 -8.687238721063937907e-01 -2.743963510103706871e-01 -7.953914524346673565e-01 -6.183899053014221270e-01 4.860028027351536162e-01 4.167896382986204795e-01
-1.000474411104313566e+00 -1.119157216689715018e+00 -1.935603150554676133e-01 -9.519481248587176037e-01 -5.291514676404641682e-01 5.172800780915504104e-01 5.860083144452190584e-01
-8.133884621757067057e-01 -1.307312672941516318e+00 -7.996293736685990139e-02 -1.191525246649447256e+00 -3.878317877682456727e-01 4.300077823874225436e-01 8.663892551421709110e-01
-5.377420168854144533e-01 -1.456416793792190134e+00 8.539758898773676388e-02 -1.435286721362742490e+00 -1.384820623948311014e-01 2.770061624448004189e-01 1.175129953066776922e+00
-1.657150248055458963e-01 -1.647185701833310256e+00 3.659799084733819652e-01 -1.609426228098074674e+00 2.643745322780162166e-01 1.024281678316280031e-01 1.454763999571810462e+00
3.006508498255208162e-01 -1.916921132371524283e+00 7.912222826926850194e-01 -1.655904409304085112e+00 8.212108213192262918e-01 -1.238347810354619855e-01 1.670537984714051349e+00
8.506533518742527278e-01 -2.234206873665934179e+00 1.329675419428524741e+00 -1.540047127580919994e+00 1.482517041408961456e+00 -4.504830498146625284e-01 1.793545669725281400e+00
1.458501563792663713e+00 -2.553668737480053963e+00 1.922046705479800943e+00 -1.273070223399442424e+00 2.166488871974256103e+00 -8.661336218287127853e-01 1.813528857028589458e+00
2.062573363718770203e+00 -2.829774351321595827e+00 2.494306661267421177e+00 -9.164904155733817337e-01 2.770512157612813553e+00 -1.299587959247614055e+00 1.736754448692031438e+00
2.567066727414697436e+00 -2.987230259730189186e+00 2.945584719421862729e+00 -5.450219319200126922e-01 3.194414925870846744e+00 -1.679623032455603182e+00 1.563659005903334842e+00
2.876724788997775395e+00 -2.928890027129590123e+00 3.161999934965551873e+00 -2.028969232400699707e-01 3.370101128296531190e+00 -1.946672812387584051e+00 1.277167101680442451e+00
2.928830615304388374e+00 -2.595469492847286563e+00 3.077181205060944169e+00 9.167031337683749503e-02 3.267871319230144955e+00 -2.018563411452660716e+00 8.627893858760165013e-01
2.703189237052587846e+00 -2.023913658223664758e+00 2.726456304546243992e+00 3.150874224847526328e-01 2.904713116721012067e+00 -1.824365913638748005e+00 3.594151015356489287e-01
2.221501007253546156e+00 -1.325761825537288052e+00 2.210214735341019310e+00 4.497473069805361101e-01 2.352640105760585687e+00 -1.374513520712608461e+00 -1.397031080127094649e-01
1.546542902427181509e+00 -5.933238377955278864e-01 1.601500312302818640e+00 5.249205297764876210e-01 1.703890010868519100e+00 -7.495597031111977948e-01 -5.671149046803529714e-01
7.720993933999180658e-01 1.359061320502866488e-01 9.267234470640408617e-01 6.129052898335664024e-01 1.042609659945262779e+00 -4.436181400652985246e-02 -9.059458534338582503e-01
-5.358032882274431884e-03 8.160949363365432863e-01 2.390021331374971580e-01 7.611012089018760474e-01 4.576290608908487600e-01 6.550215333168427634e-01 -1.113197788782923414e+00
-7.146458627499086003e-01 1.351991032894357403e+00 -3.404456632854247489e-01 9.310093382870893164e-01 2.396443367966144197e-02 1.265788172280746249e+00 -1.092312055222466993e+00
-1.314484328958189563e+00 1.653846132313807171e+00 -6.996631251183947908e-01 1.038927516317492472e+00 -2.315701558337427690e-01 1.692126677824849823e+00 -7.725592218715338078e-01
-1.773134446539168074e+00 1.725626299122192009e+00 -8.555625343148884898e-01 1.065292973899645279e+00 -3.266450216205885049e-01 1.843525578046349978e+00 -2.089799883886985787e-01
-2.038621738677774076e+00 1.667253535675752518e+00 -9.482895454910520439e-01 1.079127645708443328e+00 -3.055051811885206026e-01 1.689422569299939392e+00 3.978153025237898821e-01
-2.049928173969279843e+00 1.576596324617182576e+00 -1.098132255752023445e+00 1.148187037207716310e+00 -2.117835444138869150e-01 1.275655389942001561e+00 8.255999845435122442e-01
-1.807862721241134230e+00 1.484939408513159531e+00 -1.308437354141102738e+00 1.251417398848211127e+00 -7.521752312511920113e-02 6.990604096329745554e-01 1.007029450682923377e+00
-1.408108989052049287e+00 1.380353753080520551e+00 -1.497157674313092768e+00 1.274371796202427243e+00 7.227521480033516355e-02 7.747684028007595369e-02 1.058319960637176038e+00
-9.735453349817946300e-01 1.238287198990275950e+00 -1.569426713272775054e+00 1.083945761225500126e+00 1.993218682205348258e-01 -4.984929563922583240e-01 1.132204999939889545e+00
-5.732044568735926715e-01 1.030021749624311589e+00 -1.461438288590294121e+00 6.200609355789715726e-01 2.922296492348204766e-01 -1.001433529573450221e+00 1.279368931866628367e+00
-2.070643190885683438e-01 7.393142296938421953e-01 -1.159232842708400213e+00 -4.711442720936314527e-02 3.605458966855196734e-01 -1.429497944590016445e+00 1.427845100692674007e+00
1.536393379338344412e-01 3.787014681017537576e-01 -6.955937706214181393e-01 -7.341574145586681199e-01 4.360145224240618567e-01 -1.741217228422191621e+00 1.452383215828055185e+00
5.072740370377631924e-01 -1.424490838969145155e-02 -1.210321023133710955e-01 -1.261091193113694997e+00 5.421261756830990652e-01 -1.856120225558354875e+00 1.286928944723740198e+00
8.033842557225219227e-01 -3.866505006486168350e-01 5.097537194572275832e-01 -1.557148145381844317e+00 6.551926785948968268e-01 -1.737166348981945552e+00 9.812647758083838934e-01
9.859292813233955233e-01 -6.774767149050210380e-01 1.118625445991571432e+00 -1.634395551897364962e+00 7.217959489955357855e-01 -1.452330306556811834e+00 6.398403826907185232e-01
1.029316388742170796e+00 -8.442447402425692360e-01 1.611742946768733198e+00 -1.514249633957060803e+00 7.111937731933782869e-01 -1.103037537174407889e+00 3.452825257053048769e-01
9.321602192368927398e-01 -9.066056920180691758e-01 1.932981560200302651e+00 -1.228607126876167133e+00 6.455107884041785260e-01 -7.209650383390325823e-01 1.622479835977010398e-01
7.096959537870547452e-01 -9.437323352343236493e-01 2.087669412843779604e+00 -8.572555814255302664e-01 5.864429721266417594e-01 -3.016699420983458557e-01 1.521987548803300228e-01
3.974355334972002329e-01 -1.018290647883365541e+00 2.097646817976753564e+00 -5.090947833660958155e-01 5.816443443806129654e-01 1.067157107463750643e-01 3.274661863568211762e-01
3.672118110024417265e-02 -1.111740888286123718e+00 1.954114214343181777e+00 -2.462418485113075650e-01 6.299266981802819076e-01 4.212318538576187432e-01 6.150911196246147128e-01
-3.568572741008838034e-01 -1.160686502712451995e+00 1.648257410474268880e+00 -5.748560094110041069e-02 7.087481862260394117e-01 6.172981164804173249e-01 9.077934676558412352e-01
-7.869842909522068997e-01 -1.149816761280539446e+00 1.249888047736737340e+00 6.608600374128587029e-02 7.968454096260477737e-01 7.672007256810492448e-01 1.144834172071869549e+00
-1.225885997988881648e+00 -1.128182487464902906e+00 8.948702679776874280e-01 8.296150589128564734e-02 8.469596855853004369e-01 9.609387275834027076e-01 1.317704683528663656e+00
-1.601416392907596853e+00 -1.123058328259493699e+00 6.573025058693346967e-01 -2.630786335965713471e-02 7.890245145708661978e-01 1.197088198466577769e+00 1.410776278482295476e+00
-1.833321905509526673e+00 -1.086184292091860737e+00 4.825224387108693058e-01 -1.902746302834837089e-01 5.887173787054580387e-01 1.382107922153674062e+00 1.371690637396718371e+00
-1.863904632814493478e+00 -9.569158342615911028e-01 2.765045094392452607e-01 -3.030925867181012978e-01 2.725587572922666402e-01 1.421031628391450363e+00 1.155810117909195522e+00
-1.679040869531912561e+00 -7.453775114438073723e-01 2.685610464468665345e-02 -3.361383472154904628e-01 -1.010745620892127550e-01 1.281358590326559410e+00 7.885431420321342699e-01
-1.314766984092612612e+00 -5.188920639786602784e-01 -1.941793092725707659e-01 -3.508940218980773906e-01 -4.751597558107816255e-01 9.925044502312946326e-01 3.425268285506635757e-01
-8.437949376648150590e-01 -3.309415827452496517e-01 -3.210007976298369647e-01 -4.048165702942196909e-01 -8.112982995256180496e-01 6.334735259790497119e-01 -1.421046636154570664e-01
-3.610230242743491802e-01 -2.059301177698126262e-01 -3.365227631592723756e-01 -5.067206652093404484e-01 -1.085285802551285705e+00 3.147494624803537366e-01 -6.409515537481236258e-01
4.045976525097710885e-02 -1.641284111252481193e-01 -2.435348542138704164e-01 -6.531583271734824336e-01 -1.279228116902018986e+00 1.074661622323952459e-01 -1.069347751420082648e+00
3.044835610085003252e-01 -2.036250659624740666e-01 -6.394018116169188082e-02 -8.278763943060034602e-01 -1.389781637596146258e+00 -1.597272016746719217e-02 -1.326033826596645815e+00
4.169245791783743882e-01 -2.845858436769314048e-01 1.439809385390647400e-01 -9.755863826699130437e-01 -1.418406582591340115e+00 -1.170631705672648543e-01 -1.392629351995707143e+00
3.759831919265653188e-01 -3.755857846870380157e-01 3.272858203179601078e-01 -1.037884989889743315e+00 -1.345766240390985136e+00 -1.803254073984886796e-01 -1.311610206344242302e+00
1.791624145660034584e-01 -4.837376023896238220e-01 4.867269207971766098e-01 -1.006074756566468054e+00 -1.140137432353982128e+00 -1.382279373098637409e-01 -1.096271768982572725e+00
-1.542854394065327761e-01 -6.057116505118966820e-01 6.341038520856560057e-01 -8.981946191623439990e-01 -7.899788869032232652e-01 5.642553708595818111e-03 -7.415043034927158994e-01
-5.633296785931043438e-01 -6.819826825867865150e-01 7.273923977394493035e-01 -7.004312925818688695e-01 -3.225932815992650360e-01 1.610484881338973273e-01 -3.163526334835316534e-01
-9.575065059945864210e-01 -6.427720793341694661e-01 7.073254939726956181e-01 -3.845456901373388581e-01 1.979725287241710652e-01 2.601984321042160597e-01 4.967357632498717313e-02
-1.247339467055775808e+00 -4.899459266548595315e-01 5.814197319850312740e-01 1.301344512728199940e-02 6.904931343860081228e-01 3.059265318785197030e-01 2.954718859656169649e-01
-1.371143990690295578e+00 -3.030132343561273700e-01 4.295076541739805687e-01 3.716497565202839803e-01 1.082116301835598149e+00 3.077844852463588743e-01 4.705021491969064718e-01
-1.310438835883210640e+00 -1.583968400031111889e-01 3.222088281215361727e-01 5.680959132001989209e-01 1.312925223477312775e+00 2.476312521866956551e-01 6.358815762853451403e-01
-1.089084371048671729e+00 -5.833160504144692393e-02 2.576675227066458906e-01 5.605482280416129726e-01 1.326682288138237631e+00 1.271876818910421536e-01 7.794491163519237098e-01
-7.612659893547955026e-01 4.701722620002162650e-02 2.025246844719791883e-01 3.685508132239532220e-01 1.082658178227558388e+00 -1.517648618857449141e-03 8.480478802865705212e-01
-3.969914102153022650e-01 1.802280364590376494e-01 1.630191750416336294e-01 6.997344213533839008e-03 5.849832283512375053e-01 -8.092040017593508938e-02 8.253769728831450436e-01
-7.074080759172307609e-02 3.062880696259739355e-01 1.719060952360983163e-01 -4.942534719103814922e-01 -9.337197974914268617e-02 -9.956289572403624610e-02 7.419066459739154240e-01
1.510580303840898808e-01 3.903065439419615701e-01 2.206502610189697566e-01 -1.025092717349286309e+00 -8.233772471611163768e-01 -7.376785227346481510e-02 6.101094921745496835e-01
2.319429259619353312e-01 4.564449040353974474e-01 2.458350204933645033e-01 -1.416927773320387773e+00 -1.472573022816594301e+00 -1.133172072172615322e-03 3.887333388887077579e-01
1.837942442736438808e-01 5.537323767018819121e-01 2.006620291055745686e-01 -1.542682259133786093e+00 -1.930586872199777426e+00 1.411790826603588067e-01 4.505920258046976906e-02
6.388334159156010272e-02 6.743072619090060282e-01 1.227273088399560841e-01 -1.385453474093614856e+00 -2.102516216877216682e+00 3.687988703061309548e-01 -3.726030258228841818e-01
-5.351209715943967132e-02 7.259872076004145747e-01 1.263823703879944083e-01 -1.034575592734079619e+00 -1.935675570411665269e+00 6.651573432570646593e-01 -7.498478024752023297e-01
-1.214617371057176431e-01 5.948774728046601901e-01 3.263200141169811386e-01 -6.215899312057986403e-01 -1.458769668840399492e+00 9.709092870774533868e-01 -9.823062890561775617e-01
-1.445168959135262610e-01 2.569049723252083695e-01 7.305048662682398497e-01 -2.256033538737700628e-01 -7.845826460845799488e-01 1.214718981841292234e+00 -1.053177979426940025e+00
-1.574904201885583277e-01 -1.740336627329705232e-01 1.200712625087406726e+00 1.686203684846705464e-01 -7.547885230433702686e-02 1.361608527685360226e+00 -1.052350851992715608e+00
-1.868405083358815610e-01 -5.254207640290168291e-01 1.540042019090068992e+00 6.213462530152038532e-01 5.248430944318629443e-01 1.429506599332767802e+00 -1.102461186111510338e+00
-2.246276569756927299e-01 -6.958033893373657408e-01 1.626007524170864027e+00 1.145823929010756359e+00 9.443932207694997194e-01 1.462938850384096545e+00 -1.254796319036347585e+00
-2.290866425938372364e-01 -7.165492208799147944e-01 1.479642886210150055e+00 1.641022834163375244e+00 1.174428248636334438e+00 1.465680623138547967e+00 -1.445853125099414216e+00
-1.615181365429754767e-01 -6.924785092692905542e-01 1.220686019993433069e+00 1.932955607671191345e+00 1.232429928873844283e+00 1.365304407498100003e+00 -1.554295566224052960e+00
-2.735950468992400311e-02 -6.778202793408127924e-01 9.496077654889457653e-01 1.918553752796632983e+00 1.131491816761452052e+00 1.095286399688933932e+00 -1.520701587422559564e+00
1.173639889565002009e-01 -6.229518649323088075e-01 6.804934247395206803e-01 1.650308890022010200e+00 8.845704087967162232e-01 7.049937127726837449e-01 -1.394817032731157314e+00
1.957720158409588240e-01 -4.496954412146942359e-01 3.863579780393746055e-01 1.255979416358961265e+00 5.388808493182940529e-01 3.385664932456526333e-01 -1.248299331751441477e+00
1.557730894384654896e-01 -1.417231245368472947e-01 5.489249983870608113e-02 8.211106219127005668e-01 1.640908951520887449e-01 1.149666273243291487e-01 -1.094626817544961606e+00
-1.887265625742076593e-03 2.639420532066194536e-01 -3.301328816598551041e-01 3.896240752969144516e-01 -1.969150901260687259e-01 5.627459356496049281e-02 -9.191334853250406889e-01
-2.253952141377313367e-01 7.206612901721048958e-01 -8.002163465405585097e-01 1.744273004209538278e-02 -5.284415852146555626e-01 1.087656192466324168e-01 -7.361991529749944974e-01
-4.380799394223673371e-01 1.153814411809999774e+00 -1.343606332396637182e+00 -2.439188126881084162e-01 -8.115630405083240628e-01 2.143805798483306158e-01 -5.808918738222955680e-01
-5.829529811743430212e-01 1.433396993358453164e+00 -1.855608737078819903e+00 -4.011937710179023231e-01 -1.024830031240510531e+00 3.535897088813557132e-01 -4.489378533842930952e-01
-6.509909036134041704e-01 1.442094666534059488e+00 -2.198197122168348727e+00 -4.964991993870923048e-01 -1.167036095065051571e+00 5.131263623986264122e-01 -2.930935053845616922e-01
-6.721859719578870962e-01 1.194924389250998420e+00 -2.324499572446730777e+00 -5.223976808771468860e-01 -1.267525715390074303e+00 6.522448744359757855e-01 -1.092369714516088636e-01
-6.950276751310255907e-01 8.407860270709911488e-01 -2.295525858945567599e+00 -4.240946495011984618e-01 -1.366388798262726745e+00 7.323211361604724523e-01 3.477172428813550542e-02
-7.662265590875501076e-01 5.327628879895488501e-01 -2.180200093807279860e+00 -1.909832379150186443e-01 -1.477948334069664638e+00 7.580774602768447501e-01 7.841925547836839372e-02
-9.041575576921925261e-01 3.390945405883700192e-01 -2.002462620262371651e+00 1.083463232123065556e-01 -1.577356903149814471e+00 7.620801775007457479e-01 2.703384307136228598e-02
-1.084728644968400602e+00 2.608333151918821868e-01 -1.772825851397125563e+00 3.732986109962658228e-01 -1.626648283014527019e+00 7.470898486854480325e-01 -6.645403053998900911e-02
-1.252581442317011184e+00 2.864730275646524271e-01 -1.525148400193802045e+00 5.316771259106963798e-01 -1.615106138392401691e+00 6.768084521033935763e-01 -1.683165022087814156e-01
-1.344860990265617673e+00 4.060003570445249732e-01 -1.304515127968009169e+00 5.586500136180240217e-01 -1.562764597260685395e+00 5.375112420958132464e-01 -3.000696136462843167e-01
-1.315969555606205654e+00 5.696901061350924111e-01 -1.115533246299601933e+00 4.283998276900233271e-01 -1.484884390352088746e+00 3.515312259651001137e-01 -4.614652628574703597e-01
-1.147366267204589674e+00 6.883883683165820111e-01 -9.149772491501504401e-01 8.730914714946994004e-02 -1.382921201727739247e+00 1.080552302180793206e-01 -5.683652182043190670e-01
-8.446929278280622677e-01 7.166484969759322476e-01 -6.780444520094707217e-01 -4.583893300870302001e-01 -1.261790881450643109e+00 -2.382288201443488462e-01 -5.540844886140334768e-01
-4.529288103563299250e-01 6.890514578017696845e-01 -4.294869255241009487e-01 -1.064016658907155799e+00 -1.122155864006758375e+00 -6.494524806937423955e-01 -4.748167027327823142e-01
-7.128374211527045701e-02 6.476920080282605463e-01 -1.866013483684563490e-01 -1.523770593264536011e+00 -9.464153900754883608e-01 -9.540691565084500336e-01 -4.359298051749785352e-01
1.819803499935838120e-01 5.867614309623896407e-01 7.345549556048641682e-02 -1.695123668772624770e+00 -7.098472466017323734e-01 -9.832422709805929140e-01 -4.612718242948200542e-01
2.322428180410759657e-01 4.920136348550269711e-01 3.619963208387958487e-01 -1.517007308365330598e+00 -4.050556482321616691e-01 -7.111696592422998009e-01 -4.974676737992164144e-01
7.545973541744828428e-02 3.933915532676866000e-01 6.354407604817408073e-01 -9.698189329048467755e-01 -5.619588679353699351e-02 -2.153374485077350076e-01 -5.158631390066737987e-01
-2.360143591287173215e-01 3.390583138128671070e-01 8.334021345587705465e-01 -8.811539533805029523e-02 2.955137858377751559e-01 4.231429011467554568e-01 -5.367351651697773729e-01
-6.136221924800210337e-01 3.178749324808078369e-01 9.534575912145897281e-01 9.751286453879026705e-01 6.100297959239828760e-01 1.114284788771906509e+00 -5.498808537741238789e-01
-9.566081779200209523e-01 2.533887369851496318e-01 1.052417225206919271e+00 1.964224643603801335e+00 8.450970474705744584e-01 1.718726089581477101e+00 -4.918797877968843490e-01
-1.184861756324397719e+00 1.042354733769802616e-01 1.152553240450116645e+00 2.669631628382465927e+00 9.570667151416669682e-01 2.092200441095378949e+00 -3.460605021863016884e-01
-1.257761921422404283e+00 -7.490884984248233347e-02 1.197073178030645835e+00 3.025034072054264556e+00 9.221129932973214371e-01 2.173593441175838414e+00 -2.035218373172585637e-01
-1.167392098338818851e+00 -2.063825377071307476e-01 1.129092897880743962e+00 3.039446838866686651e+00 7.538958566850982868e-01 2.006597532438143094e+00 -1.777014710229810057e-01
-9.204033435844672928e-01 -2.829842737317286860e-01 9.656896522219641232e-01 2.713739133198372233e+00 4.889135028670911765e-01 1.676667923868686572e+00 -3.041857556727636247e-01
-5.319535118246471184e-01 -3.579957535363573196e-01 7.733353444670721943e-01 2.065800404388671296e+00 1.631823328812746221e-01 1.246030232255364245e+00 -5.477597142622915305e-01
-3.455331086282201897e-02 -4.659642880214717175e-01 5.986968578951388231e-01 1.201034527689600839e+00 -1.804114392008435430e-01 7.561665492725979654e-01 -8.680086137122814405e-01
5.132978717983832651e-01 -5.969652683509121260e-01 4.471372777132214815e-01 3.066067149182662988e-01 -4.755449343527200501e-01 2.802560947629439414e-01 -1.236304951986350931e+00
1.026785756889746049e+00 -7.390188116245679506e-01 3.211459166503137230e-01 -4.413067664411083335e-01 -6.548054999511835339e-01 -5.685494677207810627e-02 -1.602375047905147065e+00
1.417321964312743710e+00 -8.789718367062154813e-01 2.373526453208513742e-01 -9.417156394254692087e-01 -6.939757131005432900e-01 -1.600846217374534142e-01 -1.901481743516363565e+00
1.630360771839607148e+00 -9.650176741027883809e-01 1.924844255274873461e-01 -1.145859726291631464e+00 -6.015325773271910093e-01 -6.526836079393089074e-02 -2.087699555095474224e+00
1.660514724639679196e+00 -9.262015706059097964e-01 1.507865678898522577e-01 -1.028843025073456596e+00 -3.721714261473124119e-01 8.851801496926066382e-02 -2.125715294030517288e+00
1.544315618242621868e+00 -7.305792081294630869e-01 9.175564051362473939e-02 -6.275170591550539578e-01 -3.237004602611519527e-04 1.683326356877819230e-01 -1.977023577789628561e+00
1.347566627558714369e+00 -4.112892043369963946e-01 3.888445587241475682e-02 -7.556225062099748702e-02 4.678702897966917074e-01 1.017711712155945497e-01 -1.626488374904506484e+00
1.134534898150755478e+00 -3.504745610531290190e-02 7.683209615080354576e-03 4.574872202087707507e-01 9.353354768368224992e-01 -1.251397732423824571e-01 -1.113573475017795023e+00
9.387421726760553087e-01 3.573625451022758859e-01 -4.226504057169962192e-02 8.609395447126567680e-01 1.303060535414097609e+00 -4.811794466169284079e-01 -5.228952292858903839e-01
7.734761524796130994e-01 7.523292005348831690e-01 -1.620047417066814988e-01 1.089462807474129047e+00 1.506459321083121639e+00 -8.997036535540816615e-01 5.357242927271579913e-02
6.527648376714804135e-01 1.110397156101247562e+00 -3.431188739285565559e-01 1.103382437871521571e+00 1.513276674505268593e+00 -1.283907730379434620e+00 5.465808675825494234e-01
5.874114412551239006e-01 1.362131010782374529e+00 -5.249147492052030906e-01 8.581050284687282703e-01 1.306827878590292480e+00 -1.546195775828335117e+00 9.249009417609064254e-01
5.735383345754473394e-01 1.460078922147158398e+00 -6.538867921589369692e-01 3.673203404217983414e-01 8.988998984471041620e-01 -1.673605472496587643e+00 1.191240699891560784e+00
5.826742003395464220e-01 1.413873634459159367e+00 -7.240395341668187656e-01 -2.469440421178681622e-01 3.596350778916457269e-01 -1.700335733267218430e+00 1.342179261367252074e+00
5.602106280241432312e-01 1.263222093379914979e+00 -7.554683995473053804e-01 -8.108876363757628880e-01 -1.910831524969846262e-01 -1.595549755162841921e+00 1.351169178457250375e+00
4.556287020064412330e-01 1.025661740450875659e+00 -7.389087354090319026e-01 -1.220505596408394622e+00 -6.415710160068391898e-01 -1.276625359277414606e+00 1.225175806721247262e+00
2.606055975146314707e-01 7.189040215540034584e-01 -6.586734620925075445e-01 -1.450715017997563638e+00 -9.411403228621109118e-01 -7.541364401490263658e-01 1.017512702202559849e+00
6.108350903159353966e-03 4.370032866905076974e-01 -5.780057311033932610e-01 -1.439813845099857881e+00 -1.090604189878291663e+00 -1.570523610873482134e-01 7.349214949086551041e-01
-2.619131864993439196e-01 3.239868560620017268e-01 -6.132608817856304295e-01 -1.084355139559005865e+00 -1.100931015644921906e+00 3.883566246102799768e-01 3.174093704891213785e-01
-4.869002807633014407e-01 4.370041841462115051e-01 -7.963698757282480223e-01 -3.937955570019849305e-01 -9.879661663450881592e-01 8.132531053046541114e-01 -2.370017130008988671e-01
-6.127794706705298466e-01 6.916961507461537595e-01 -1.033402475042732860e+00 4.556060556913866799e-01 -7.836949517568218004e-01 1.059509935791820956e+00 -8.063848529052729530e-01
-6.150917353411393673e-01 9.624781325215524541e-01 -1.209481255067012873e+00 1.249419226141460948e+00 -5.268374418682716387e-01 1.065593172582978809e+00 -1.239779858199037132e+00
-5.103384952391708529e-01 1.191571043090668303e+00 -1.269622895211362623e+00 1.841504927638752287e+00 -2.634183711097698999e-01 8.202550994652264560e-01 -1.464171557153790104e+00
-3.359437572542286476e-01 1.380097093448358070e+00 -1.197569761351123807e+00 2.142178371482073462e+00 -5.778233964973140263e-02 3.941704283033565792e-01 -1.471502473690565527e+00
-1.269153619091667740e-01 1.504705086266531877e+00 -9.815119836418106924e-01 2.083610054489167585e+00 3.015014822756007309e-02 -1.149730545666203807e-01 -1.247067707619296195e+00
9.268267498214009803e-02 1.501114802423694661e+00 -6.333592985818510268e-01 1.653248097268689376e+00 -8.374514741622374192e-03 -6.527826791515051186e-01 -7.819760531661750225e-01
3.047651059006192265e-01 1.346899579426807048e+00 -2.246416987309015900e-01 9.581858598838651764e-01 -1.265116097803521966e-01 -1.191847138883892709e+00 -1.616011758338977700e-01
4.975268752512565507e-01 1.101556781258249851e+00 1.374448302564752478e-01 1.975511581570368602e-01 -2.707887364533410057e-01 -1.668324401462283335e+00 4.321165962635187263e-01
6.716034555300947062e-01 8.315262329158156218e-01 3.839543407734123392e-01 -4.665151003360189508e-01 -4.173866452942848748e-01 -1.987329360638757425e+00 8.466371420009758397e-01
8.295428774792180660e-01 5.508707542942524737e-01 5.003277467033094839e-01 -9.752184741237607257e-01 -5.601999406893648503e-01 -2.093542252927406366e+00 1.044378283621952175e+00
9.556580786106995129e-01 2.655254340447388284e-01 4.660200430627478574e-01 -1.304798160920567218e+00 -6.732515877445875985e-01 -1.996666400415683995e+00 1.053070223876602984e+00
1.025400967418836906e+00 1.498131683415988846e-02 2.428554023728727307e-01 -1.413358460117563276e+00 -6.973338880259614125e-01 -1.726902290085659653e+00 8.954571474400377928e-01
1.039525650891335973e+00 -1.741577216570094622e-01 -1.480072676875696380e-01 -1.290020003727544884e+00 -5.774293014989801964e-01 -1.299206953079432125e+00 5.964970834065674854e-01
1.037138085008540767e+00 -3.500132703312921478e-01 -5.857849841271866032e-01 -1.012539560875696187e+00 -3.090675886272708506e-01 -7.411930086016588204e-01 2.290737060265000957e-01
1.073335381161280910e+00 -6.168769803200648827e-01 -9.113733655087424834e-01 -7.313550559823778219e-01 6.254275312516326124e-02 -1.532247545899132479e-01 -8.757135146982544804e-02
1.182848494836640674e+00 -1.031951701363367002e+00 -1.028082799777220169e+00 -5.743270699964135861e-01 4.759110048430204021e-01 3.090724344902447962e-01 -2.829566712109097826e-01
1.356816003920582547e+00 -1.528477663488129412e+00 -9.534102283740462092e-01 -5.514243811842873821e-01 8.730214593867938744e-01 5.579380501037588536e-01 -4.163167102521430074e-01
1.553363402714741826e+00 -1.968927340125536274e+00 -7.649142425395755174e-01 -5.778759461588496293e-01 1.211986104300132983e+00 6.485017261583877479e-01 -5.972678372787277867e-01
1.730383527030433743e+00 -2.256449963465504194e+00 -5.028426499491135404e-01 -5.861405494481839451e-01 1.470147710080615289e+00 7.030020683890270128e-01 -8.507369124946817518e-01
1.859542480635683503e+00 -2.376305685288103042e+00 -1.553664715832170640e-01 -5.717779040565247328e-01 1.627019638518729217e+00 7.856152263181925832e-01 -1.104109817612587419e+00
1.920843191545564155e+00 -2.345942721042480361e+00 2.615326795600638743e-01 -5.248050985467787033e-01 1.668350491115809797e+00 8.584420464378448301e-01 -1.276850752000846745e+00
1.906140080918413915e+00 -2.148880279877259714e+00 6.511891580701413274e-01 -3.684152865691008305e-01 1.606347857050717476e+00 8.431940747241150058e-01 -1.364797629560090320e+00
1.821220059914019362e+00 -1.747880745920913137e+00 8.979682183713457722e-01 -1.901314085656314115e-02 1.471596225067526742e+00 7.147315009681095566e-01 -1.426439690631381652e+00
1.681584538933188711e+00 -1.165186290527603807e+00 9.656532750834676548e-01 4.927530016331171936e-01 1.283178306514712874e+00 5.144452064237492461e-01 -1.479158448437561280e+00
1.514829674113789881e+00 -5.131318379571713217e-01 9.071024081099892111e-01 1.002503795230909489e+00 1.030380914403541182e+00 2.789317334189112541e-01 -1.451311102322038638e+00
1.353350745006370648e+00 7.581841550351155201e-02 7.889379678109084137e-01 1.332665765427180293e+00 7.018307365005107545e-01 -1.272605421962464105e-03 -1.253379830809108419e+00
1.213753867727751512e+00 5.257848710445700569e-01 6.467851427892350458e-01 1.400672868299055462e+00 3.361764702485079970e-01 -3.363525849977469506e-01 -8.571956869616551566e-01
1.095667234030508919e+00 7.979536039940730019e-01 5.264801307791435736e-01 1.200695318312072768e+00 1.297667091794615056e-02 -6.802190768614757577e-01 -2.960588885608906318e-01
1.001076122797764256e+00 8.346722582646414201e-01 5.115884300529570661e-01 7.471293421565542436e-01 -2.074849787326974448e-01 -9.593800310254685382e-01 3.745902205962842180e-01
9.330960990750795103e-01 6.055506540663201376e-01 6.427806005614414842e-01 1.016995713236813065e-01 -3.093547132345468853e-01 -1.148341501294277256e+00 1.068640450972786704e+00
8.818327964300146649e-01 2.057811663039353645e-01 8.322725635934683508e-01 -5.672518652959038787e-01 -2.930553917700012279e-01 -1.259685873095814035e+00 1.617899386972314613e+00
8.325677159552281603e-01 -1.829153026853446440e-01 9.242032674442817175e-01 -1.034724813589440684e+00 -1.527009356153251618e-01 -1.260227736617738792e+00 1.813067770729584138e+00
7.693396953361746338e-01 -4.364533241437318356e-01 8.248514674246585354e-01 -1.160793620356349587e+00 1.002159300220297200e-01 -1.069789516030318133e+00 1.562001694106401883e+00
6.588630899743586067e-01 -5.244417849879227100e-01 5.377007549322974089e-01 -9.625521163243430101e-01 4.002294751768044612e-01 -6.759126265592304561e-01 9.755876210152577555e-01
4.583661717799889512e-01 -4.373901227991944252e-01 1.218119873486668142e-01 -5.601201346326353248e-01 6.446810526642061667e-01 -1.986150133806633133e-01 2.855518269563281364e-01
1.701891679951739178e-01 -1.840058379615625850e-01 -3.258277772768516378e-01 -8.928066976894305506e-02 7.589094889063700000e-01 2.042254865352844395e-01 -2.912097102015897554e-01
-1.060304984698977743e-01 1.382941999589371029e-01 -6.625302440396453330e-01 3.318490740861809174e-01 7.304196456823133232e-01 4.659186746667594581e-01 -6.369174341051532240e-01
-2.276458812054588388e-01 3.644803456975808653e-01 -7.351850221805882324e-01 6.056814789295268397e-01 5.926881702647551764e-01 5.987607101906526896e-01 -7.366870996248434666e-01
-1.383920249171262107e-01 3.894020777576034376e-01 -4.833612215985064187e-01 7.015943841874423548e-01 4.065650247611860002e-01 6.017937035724435502e-01 -6.435431159833940873e-01
1.035799279781787208e-01 2.421545170927967561e-01 -1.273916817205623594e-02 7.044061662376720490e-01 2.357118541220410424e-01 4.737689414148827383e-01 -4.727838429814326116e-01
4.012427489206543130e-01 2.714747760057695941e-02 4.791187718614816071e-01 7.560978449496784659e-01 1.207287205308213707e-01 2.899957371286552288e-01 -3.661486900317888482e-01
6.690499326888820208e-01 -1.848354108431680409e-01 8.555777157925302800e-01 9.235773699457356933e-01 8.460510933909005937e-02 1.728523476280365845e-01 -3.912918850712012730e-01
8.412124068074141592e-01 -3.860622208166895053e-01 1.091312430485375851e+00 1.143718758921054013e+00 1.347693045543678081e-01 1.796983567332742227e-01 -4.989238892765153754e-01
8.760865211085937521e-01 -5.667370520820192992e-01 1.198561660750540936e+00 1.298897093165445327e+00 2.443230073003769820e-01 2.601439369118078160e-01 -5.897509960368750859e-01
7.660844397589279264e-01 -6.774037731104174398e-01 1.172295269192710432e+00 1.312688027964133752e+00 3.587012960065006917e-01 3.258488681365965256e-01 -5.952480274036469066e-01
5.376077377705611449e-01 -6.782248347132961985e-01 1.020534242944208803e+00 1.167753582192798234e+00 4.329011143949611506e-01 3.376532651937077523e-01 -4.895963758780273456e-01
2.288399216694866067e-01 -5.727411785073022177e-01 7.816142576681928134e-01 8.879063633690830182e-01 4.470727305682595243e-01 3.050599466135322513e-01 -2.681201310010933869e-01
-1.268847844390569857e-01 -3.673904629648258591e-01 4.778283836182674604e-01 5.358527482169737066e-01 3.831321426025551813e-01 2.229756347345465128e-01 4.529159389068163066e-02
-4.902024294845241936e-01 -4.452717127563991795e-02 9.047424996586153623e-02 2.039346033778493272e-01 2.157840291828525547e-01 6.369074615458711341e-02 3.740542602236608394e-01
-8.101190246499150316e-01 3.964395040236822765e-01 -3.974236120504187619e-01 -1.555424756134831527e-02 -4.779842813242343030e-02 -1.569774924748027767e-01 6.042359712869004307e-01
-1.040988342437189296e+00 8.838859531324587682e-01 -9.331351977625425009e-01 -8.400103706604551690e-02 -3.428838924249616449e-01 -3.467182809234349294e-01 6.576551375828670887e-01
-1.153080998009056835e+00 1.278871717676483444e+00 -1.379046496220710738e+00 -5.653540299656575202e-02 -5.912399214346537590e-01 -4.119779866854555994e-01 5.489914986809598663e-01
-1.134226001535694417e+00 1.456499453666115995e+00 -1.597637150076810508e+00 -3.362358371561716130e-02 -7.522001577779277026e-01 -3.548848251209951732e-01 3.528756922744905600e-01
-9.978022307257048418e-01 1.377118010213934207e+00 -1.544515585591553775e+00 -6.795481194700618566e-02 -8.195364915258249727e-01 -2.463166391094616936e-01 1.286731166527025905e-01
-7.879766649206630946e-01 1.060723369026410401e+00 -1.250640659976986813e+00 -1.444417806268280258e-01 -7.885282090911296393e-01 -1.134540386966432918e-01 -8.931715387546763918e-02
-5.746903335154515124e-01 5.334918011958206252e-01 -7.564827089074233069e-01 -2.344920661062910583e-01 -6.496318065129765840e-01 9.045637343741107228e-02 -2.488050506096875780e-01
-4.378251273487455131e-01 -1.481206429690352655e-01 -1.148933962770230105e-01 -3.289103878223627042e-01 -4.265047357162337627e-01 3.973861913156068182e-01 -2.858657417948330948e-01
-4.389589522152584355e-01 -8.481367137509052689e-01 5.617763949869629680e-01 -4.119112211786726263e-01 -1.916175857141801109e-01 7.482689096350362279e-01 -1.744291213978254595e-01
-5.938271671470364277e-01 -1.392095464527780324e+00 1.115653842565923926e+00 -4.420748735609068558e-01 -1.823677467895442467e-02 1.030865505722046604e+00 5.838042755229382735e-02
-8.682069298440046046e-01 -1.675859618478588775e+00 1.437971619192384587e+00 -3.875292859366771814e-01 6.529622429655525251e-02 1.170910712809366316e+00 3.589921599683008058e-01
