4.943966418201128921e-01 5.232551072063684749e-01 6.480510412413216237e-01 5.270004054499179968e-01 -1.273964882995591630e+00 -8.751843982476131822e-01 -4.776868836907751520e-02
7.139726896155313973e-01 4.326632407813875703e-01 5.926347464867238735e-01 7.999494685174937669e-02 -1.311648160085856274e+00 -1.138819849720635213e+00 2.998093079293447372e-01
7.688548462428138608e-01 3.004739390695634338e-01 4.662891238566725383e-01 -2.724420455350959336e-01 -1.232209288646797907e+00 -1.172077459864399041e+00 6.020811260847274138e-01
6.071739888752538672e-01 1.470917059914125247e-01 2.656075498364599552e-01 -4.283607287974904310e-01 -1.000089256841513841e+00 -9.498785597111095713e-01 7.840498267290286760e-01
2.476686361786154256e-01 -5.224559916201637275e-03 3.383729112530313443e-02 -3.608353394931511082e-01 -6.308881731242610424e-01 -5.424614802990461726e-01 8.125644819310166023e-01
-2.111122631808469430e-01 -1.433661381097313392e-01 -1.585260823393953300e-01 -1.716987445113445920e-01 -1.768329461307430461e-01 -6.441079362151974630e-02 7.108062191719617395e-01
-6.532671695465421813e-01 -2.615627429564768014e-01 -2.666733559375194518e-01 -2.002240883728603413e-02 3.032761256646194781e-01 3.981589350126749083e-01 5.342254566955133566e-01
-1.011304528509827438e+00 -3.588236817514434684e-01 -2.890783078916172033e-01 2.310819666463363384e-02 7.430698895164307149e-01 7.981585146475824732e-01 3.418862188963512350e-01
-1.258622408321101505e+00 -4.409930650680715103e-01 -2.382915833144184370e-01 1.505570251096113345e-02 1.070365640539477248e+00 1.091304359153620895e+00 1.784140701571677590e-01
-1.357423883155064237e+00 -5.150956881846752156e-01 -1.185511680349085051e-01 2.193144176796707479e-02 1.231819117927981155e+00 1.220372551699530961e+00 6.965527915522268243e-02
-1.257477878825482565e+00 -5.785931215500048630e-01 5.799135034005278855e-02 1.722161269389401936e-02 1.214089518025627479e+00 1.146239536429190187e+00 2.546181165814763100e-02
-9.572379917294275842e-01 -6.173770188856824159e-01 2.505396667642573183e-01 -6.590216139394440564e-02 1.038565013640029289e+00 8.841067696820757993e-01 4.286939191148121664e-02
-5.313539778397665669e-01 -6.100758028170041314e-01 4.028569137737092465e-01 -2.203572866930940122e-01 7.446798538088130748e-01 5.064537409444715976e-01 9.502043828403347603e-02
-8.023786198978895279e-02 -5.368411259705894167e-01 4.780949951989175162e-01 -3.499237354736683958e-01 3.847198324957409876e-01 1.116706742296228183e-01 1.220513778001717647e-01
3.284673049159164693e-01 -3.958538006580079593e-01 4.815777804741516732e-01 -3.676278212546894575e-01 1.845039847623276483e-02 -2.188590291266987453e-01 6.429697725706555456e-02
6.656435054409325369e-01 -2.149905636243065743e-01 4.535946995098428802e-01 -2.715144761042046495e-01 -3.001104157547417883e-01 -4.405235492123895091e-01 -9.115930216843881606e-02
9.144401557748725873e-01 -4.108944542690992630e-02 4.359568619448194737e-01 -1.125094379058280969e-01 -5.274811899187453745e-01 -5.409627740009819163e-01 -3.116328703517599052e-01
1.056185930204825985e+00 8.867302112136607462e-02 4.394943673210093271e-01 7.592513314470220043e-02 -6.319223920580594456e-01 -5.353543953203655503e-01 -5.558722013593027089e-01
1.083507957532848565e+00 1.669542469190850309e-01 4.424673976586941948e-01 2.804261638496159947e-01 -6.034660640527028663e-01 -4.581510587050148242e-01 -7.958521950491901364e-01
1.015779693339886380e+00 2.089657855233404138e-01 4.094858697061202202e-01 4.625621954643898692e-01 -4.517124449580787737e-01 -3.414706809544976740e-01 -1.013063838773749614e+00
8.850273149990270927e-01 2.349396810587768558e-01 3.006152289645741549e-01 5.742880601824099651e-01 -1.884467464625212696e-01 -2.032068544238159746e-01 -1.194417651935693936e+00
7.097518933414659337e-01 2.645198282629870890e-01 8.049463884291391258e-02 6.271674831856224319e-01 1.679432292618520950e-01 -6.170762267512089339e-02 -1.332869563299515336e+00
5.030699292833576974e-01 3.134925070502069810e-01 -2.541139331822971914e-01 6.853640672523720889e-01 5.703829540062477221e-01 4.605256389749128737e-02 -1.418121758591595949e+00
3.069207315036095451e-01 3.924912646204810063e-01 -6.567820282285025124e-01 7.653531839129864567e-01 9.414840638049553068e-01 7.198824244128367023e-02 -1.432143898322173037e+00
1.890674722946717456e-01 5.096609523266497632e-01 -1.050545911050942749e+00 7.881642827683477126e-01 1.195841887290873151e+00 -9.348362604817046090e-03 -1.358750920843166732e+00
1.972104593796575045e-01 6.594899454187342913e-01 -1.358961398331101744e+00 6.572703382478548573e-01 1.268127847767333671e+00 -1.786518197414667386e-01 -1.188604739438330560e+00
3.257985018983152181e-01 8.132726126437480607e-01 -1.526981377391994688e+00 3.665713578959544638e-01 1.126861191152235264e+00 -3.883514135048333760e-01 -9.210093226933107058e-01
5.167124267596613363e-01 9.388087791983851238e-01 -1.540186712698650151e+00 1.814539585002953107e-02 7.674903145814180316e-01 -5.934450315469798065e-01 -5.672905198413530359e-01
6.893614875132418884e-01 1.024962621792970152e+00 -1.424491254758004422e+00 -2.650556365254658209e-01 2.108918357176444713e-01 -7.672001370179218904e-01 -1.490167113694463585e-01
7.801336779481153894e-01 1.073606579185670817e+00 -1.212922318681806333e+00 -4.333801923775393861e-01 -4.846989622891838545e-01 -8.935192933817236449e-01 3.101059782567384127e-01
7.572179692645361060e-01 1.079146015758779997e+00 -9.249037538230436839e-01 -5.064982573958081158e-01 -1.232351487959230996e+00 -9.556209799029931062e-01 7.874480117580706651e-01
6.144591325933420611e-01 1.030859450758965457e+00 -5.759297416024787841e-01 -4.928721158367407873e-01 -1.949516560980898428e+00 -9.503906870379882355e-01 1.252395512268499544e+00
3.728508156237367310e-01 9.211173113343732455e-01 -1.831951026657934467e-01 -3.698311215498590321e-01 -2.571763858610370601e+00 -9.043150591835661389e-01 1.665416465188134909e+00
9.010494222011297683e-02 7.406080309911937665e-01 2.386549170594651492e-01 -1.668029875877904689e-01 -3.034176994499358404e+00 -8.518939984417500666e-01 1.994508367814128214e+00
-1.556437828254033096e-01 4.822956515152816426e-01 6.739407254389646607e-01 -1.568865648988471053e-03 -3.264972041262458990e+00 -8.068216530527221320e-01 2.224455336685981610e+00
-3.100517949893824010e-01 1.610285217365291510e-01 1.091995388812763590e+00 2.213818946199547916e-02 -3.212845207694059457e+00 -7.688483807906680845e-01 2.343898905001398081e+00
-3.600787591941711496e-01 -1.845372078158534768e-01 1.442341095517422733e+00 -9.266633290574910475e-02 -2.873192875200012875e+00 -7.437450010553957602e-01 2.335643756821474515e+00
-3.104061500523619399e-01 -5.114420146988918336e-01 1.677196560859485874e+00 -2.843057277714692854e-01 -2.295511902173802632e+00 -7.421302521796393492e-01 2.193090837912534230e+00
-1.671224832770470403e-01 -7.814860886772960757e-01 1.777672936034258688e+00 -5.267147326492122028e-01 -1.574485749973729476e+00 -7.626843792339589312e-01 1.937038998780072907e+00
4.686773922514846785e-02 -9.609720958222403020e-01 1.746532058909485041e+00 -8.363774535006236466e-01 -8.221767600180394098e-01 -7.833363034798943580e-01 1.608983839140156968e+00
2.744916044107608144e-01 -1.026744745504742262e+00 1.584411940175070477e+00 -1.195907976310299548e+00 -1.400633656906812852e-01 -7.772926637631216717e-01 1.250679209966068628e+00
4.495559257858804392e-01 -9.743661240148161484e-01 1.295814459565494792e+00 -1.514867426630685410e+00 3.982925054289063738e-01 -7.383776204282704869e-01 8.865935745982002070e-01
5.449863411809617864e-01 -8.210740012782474784e-01 9.124050823167484392e-01 -1.708965162813687932e+00 7.633635177855138121e-01 -6.791382714903375639e-01 5.271585961995263192e-01
5.741286867112485037e-01 -6.033414621062641592e-01 4.908852488748800535e-01 -1.785527492343658817e+00 9.731194998068571911e-01 -6.068685053233975335e-01 1.912851717239497096e-01
5.492372458137441127e-01 -3.697428866878371134e-01 9.114239206686752803e-02 -1.793045930294253187e+00 1.067503487312736699e+00 -5.206556642431184878e-01 -8.536745966009240405e-02
4.637507917145383129e-01 -1.694101443388807970e-01 -2.408066512674414406e-01 -1.718318400993053441e+00 1.075293019282332230e+00 -4.289728379802688063e-01 -2.679402452213101582e-01
3.116892503188816721e-01 -4.317617696822572543e-02 -4.786610423823430271e-01 -1.496618086470690390e+00 1.009399964280313311e+00 -3.502691211035793839e-01 -3.349080856484417668e-01
1.094945480765172341e-01 -1.412212523091055556e-02 -6.171766740757302916e-01 -1.105869437718697279e+00 8.919634175999173742e-01 -2.945133909492564928e-01 -2.826284045588078331e-01
-9.679497443544241020e-02 -6.926998928170056968e-02 -6.754338034585452011e-01 -6.090102237597131429e-01 7.750431739278610399e-01 -2.481225767544353311e-01 -1.463576095055675041e-01
-2.479435406409503106e-01 -1.563237228184197192e-01 -6.944895452063489794e-01 -1.038042375138834433e-01 7.259661434622193266e-01 -1.755575532457321897e-01 -1.062094057175496341e-02
-3.124067524766669934e-01 -2.174870857747358555e-01 -7.186612255467733634e-01 3.600188635213207866e-01 7.852331502315468281e-01 -4.709633861757004519e-02 3.414577252178016553e-02
-3.005237050433888779e-01 -2.263945427470357985e-01 -7.621442599092936865e-01 7.944356198508754074e-01 9.385636164950198479e-01 1.259650435890490305e-01 -4.894013632140868653e-02
-2.230215832646394170e-01 -1.891493075482796327e-01 -7.940948511581154001e-01 1.182517446891552915e+00 1.136174970950944108e+00 2.974742467877523611e-01 -2.371175992178953251e-01
-6.739733659555327550e-02 -1.215996886582927233e-01 -7.779546126049163846e-01 1.412569819787535597e+00 1.333135783113101214e+00 4.288352561149332276e-01 -4.833262934078471074e-01
1.553098522028569239e-01 -3.230905945887777020e-02 -7.267437605809489165e-01 1.377126112044837036e+00 1.490002365619005342e+00 5.034348783586397591e-01 -7.346991922604408920e-01
3.733386879768735844e-01 7.588661292525819557e-02 -6.992367440562653469e-01 1.107095707214482472e+00 1.544488439445322214e+00 5.050000987911713590e-01 -9.269446140633847975e-01
5.089825714953239988e-01 1.929253189852891404e-01 -7.416263343163518318e-01 7.139273058661430582e-01 1.428304049090842742e+00 4.179480048561396988e-01 -9.949349197928817334e-01
5.526256928164576809e-01 2.947630728317394144e-01 -8.453659620479740955e-01 2.461985172585308967e-01 1.131313362446368709e+00 2.582823527281745135e-01 -9.088488388268494145e-01
5.378295598953236611e-01 3.441031994677783423e-01 -9.479269035412252187e-01 -2.984196335529112343e-01 7.227359800716125493e-01 7.739861179188037288e-02 -6.782461221948336005e-01
4.516949366655959586e-01 2.877260141681137751e-01 -9.492114937862098367e-01 -8.435397504747728092e-01 2.967776024842879723e-01 -7.592522633816428668e-02 -3.074559776239340070e-01
2.193261977533905172e-01 6.602433597040555102e-02 -7.324773404997533266e-01 -1.195929445661101154e+00 -7.090259736133813773e-02 -1.767571129401559471e-01 2.076661206523402470e-01
-2.072943497267371871e-01 -3.562317344246105355e-01 -1.812868459946019029e-01 -1.176247023302969152e+00 -3.006903830844628867e-01 -1.953500874119999120e-01 8.177445211602633046e-01
-7.474140265997137877e-01 -9.428400796418869856e-01 7.526174422648913565e-01 -7.925674835081950587e-01 -3.001583517231484199e-01 -9.070176177113528637e-02 1.389534218869210580e+00
-1.135549029048769976e+00 -1.488502635036900612e+00 1.814109258565566263e+00 -2.955096866556009561e-01 -6.000804276954222610e-02 9.384143496299840459e-02 1.724368547278717356e+00
-1.135549029048769976e+00 -1.488502635036900612e+00 1.814109258565566263e+00 -2.955096866556009561e-01 -6.000804276954222610e-02 9.384143496299840459e-02 1.724368547278717356e+00
-3.779461556425011692e-01 -1.046313679599290669e+00 1.775350217164865629e+00 4.568640474870065693e-02 4.617426791612404546e-01 -9.820175693530554598e-03 9.842547770926982631e-01
4.185104130526124400e-01 -1.241309245870639288e-01 4.099539534657250517e-01 -1.068615468205124167e-02 4.862851607162542722e-01 -3.610144024602041646e-01 1.712664813971927213e-01
8.918483703115078765e-01 5.324103641142886589e-01 -8.708499132767119066e-01 -8.053789548212426930e-02 4.390711011967473043e-01 -6.218636393156955489e-01 -3.711429335352593450e-01
9.348699851881433487e-01 6.143438029340031470e-01 -1.450138289999045593e+00 -1.835719861177886880e-01 4.135676965949883210e-01 -6.207044139224545676e-01 -4.899338940353571425e-01
6.977664429592079776e-01 3.301436078022141896e-01 -1.353896178678593687e+00 -2.360540944398593355e-01 4.103256920994785562e-01 -3.736400633294577056e-01 -4.101611616789397341e-01
3.525010997491214160e-01 2.923087903543163807e-02 -9.219988750575005554e-01 -1.267849323760035229e-01 4.061709555240604064e-01 2.871277084154567633e-03 -4.034451357119687165e-01
4.430232622588428648e-02 -1.463047522980419624e-01 -4.388448582236115225e-01 7.852178592219351272e-02 4.181741394499951525e-01 3.840169037485623438e-01 -5.272835244967413182e-01
-1.223754723577339665e-01 -2.535399971928660179e-01 -4.882061281086806648e-02 1.987573389147856140e-01 4.830403498626967829e-01 6.674214607333316396e-01 -6.606180553291458590e-01
-1.186629165426789784e-01 -3.390174231256303239e-01 1.606270710129125145e-01 1.586343838122075689e-01 6.115164589345292168e-01 7.872020314297474286e-01 -7.115649028288497657e-01
1.743043828143581511e-02 -3.409178928465725344e-01 1.202008121086787368e-01 5.425221629459375805e-02 7.528603995039460095e-01 7.140118267574119271e-01 -7.025859873503975672e-01
2.313448104416535867e-01 -1.824897147768791417e-01 -1.655082366910226310e-01 1.361073882171243143e-02 7.994909954243478722e-01 4.410734124089379371e-01 -6.698026228279270189e-01
4.921162495971214690e-01 1.296826527807213303e-01 -5.950464927101735135e-01 6.430423984494106071e-02 6.721179121935613177e-01 -2.123050923419200937e-03 -6.032116598560544052e-01
7.889592715893006813e-01 5.125266440932430001e-01 -1.029704555704756608e+00 1.492495364848356321e-01 4.019202653304111972e-01 -5.339540786113553539e-01 -4.939915218014696019e-01
1.097306216764424969e+00 8.699894734870474711e-01 -1.357331885532274018e+00 2.295946361123059887e-01 9.280674668026354934e-02 -1.057076225924651780e+00 -3.620107703400149979e-01
1.365129864566005491e+00 1.136849744036541043e+00 -1.508550748457116120e+00 3.142874817429081036e-01 -1.745460272323688666e-01 -1.506414537113345276e+00 -2.257051196050688935e-01
1.547494343530064986e+00 1.269882422769700092e+00 -1.453546253199951233e+00 3.691538421102258383e-01 -3.681340307523250921e-01 -1.848740534230754795e+00 -7.162089350198115600e-02
1.627998169288785268e+00 1.233753911241099122e+00 -1.211602781959211228e+00 2.875947707591609004e-01 -4.732732335315889549e-01 -2.055660631891038204e+00 1.329302040637481419e-01
1.588626245417695371e+00 1.031741856465864249e+00 -8.530212301110802198e-01 1.747427412075155603e-02 -4.837201163450246533e-01 -2.097343844787785905e+00 3.897576109221640439e-01
1.392926212815959852e+00 7.297326930223609898e-01 -4.756121171336164521e-01 -3.490345065123598989e-01 -4.200260511126877594e-01 -1.964789025730685923e+00 6.516723562461921304e-01
1.017435277399102667e+00 4.118304045701043914e-01 -1.647112868849624212e-01 -6.705371739007274234e-01 -3.324697881447962744e-01 -1.687328638915648549e+00 8.781802668928240241e-01
4.852857973905724265e-01 1.189633294991089690e-01 4.125508525918203384e-02 -8.946839816929657019e-01 -2.603333008144702587e-01 -1.304845177727388617e+00 1.072734832123906301e+00
-1.429487080069883898e-01 -1.529338377624583079e-01 1.479794835459101732e-01 -1.046967017644616416e+00 -1.964792527061808014e-01 -8.348370427706636177e-01 1.245989004118859933e+00
-8.071164948119604610e-01 -4.068341798049635583e-01 1.727235735431570662e-01 -1.123206444643361834e+00 -1.242880974476247985e-01 -2.983715171384404563e-01 1.387203807209459683e+00
-1.447241131929114299e+00 -6.183243845976147401e-01 1.325791333671267336e-01 -1.078274835406114907e+00 -5.899107296299130332e-02 2.491532432682782849e-01 1.472028168331462661e+00
-1.968523776134840642e+00 -7.661263567426146448e-01 6.672341122819976100e-02 -9.207529932078871715e-01 -8.927336450944872714e-03 7.484181330187884562e-01 1.471446108855538393e+00
-2.259946796652506862e+00 -8.707108646837742327e-01 3.973089755254108346e-02 -7.427277010462236539e-01 6.836431487986797950e-02 1.172457627411242376e+00 1.369561084130692885e+00
-2.268601715693248977e+00 -9.734299216311578240e-01 9.921819599141394608e-02 -6.230543630391859322e-01 2.250112239898852673e-01 1.507688812092202735e+00 1.183989208370205271e+00
-2.033071466645345549e+00 -1.084144907026883820e+00 2.410760201995858221e-01 -5.427515056356861933e-01 4.537774189149839654e-01 1.717343785121300037e+00 9.583000434525179578e-01
-1.632581737446322512e+00 -1.166829504261817974e+00 4.233493677562376600e-01 -4.371195263493869998e-01 6.936945182784730601e-01 1.748053660551948330e+00 7.253648540059405292e-01
-1.125621203868871767e+00 -1.173574113881768133e+00 6.017560445865725027e-01 -3.060244971241401490e-01 8.911259246462928107e-01 1.570720479748726417e+00 4.891354933273517336e-01
-5.576934682804720600e-01 -1.085308449117410312e+00 7.478575210724769384e-01 -2.198842047918136977e-01 1.017909557179785152e+00 1.198911625654484503e+00 2.582792948194811422e-01
-1.198397716340239214e-03 -9.120476052578377901e-01 8.411184864327084787e-01 -2.142443701392421906e-01 1.040223364665921135e+00 6.712453954155239710e-01 6.852875353898126021e-02
4.590911226884446528e-01 -6.694472330712396557e-01 8.668785739335446161e-01 -2.413852078554368230e-01 9.171445116899612504e-01 3.746547354697893351e-02 -4.906638186496434934e-02
7.869758282380650005e-01 -3.890493304046867551e-01 8.434732308925049216e-01 -2.702205248725514375e-01 6.495657800975869200e-01 -6.286942263336845471e-01 -9.062323864318524991e-02
1.010741961712735115e+00 -1.445596899255360557e-01 8.332682737196698275e-01 -3.801905141856254944e-01 3.122307298390870067e-01 -1.217626865232386502e+00 -5.984394645844040572e-02
1.171057239782812065e+00 -3.056283384642182605e-02 9.006779603362292663e-01 -6.839577921174820885e-01 1.452263831890170109e-02 -1.615920927041989863e+00 4.686899824568172696e-02
1.268149213697221223e+00 -1.035651746029094267e-01 1.058956592342948477e+00 -1.163864517378540686e+00 -1.813008120560017922e-01 -1.770056520574536441e+00 2.349978721202520826e-01
1.261731187699847823e+00 -3.542054948177018603e-01 1.269987001595676679e+00 -1.652210123096137684e+00 -3.008367213717593747e-01 -1.712568067386869952e+00 5.127330694480626283e-01
1.120168217044257730e+00 -7.378235207762987580e-01 1.495264762332312980e+00 -2.000611435328951249e+00 -4.013456246979870690e-01 -1.512103830461342335e+00 8.877756580151898724e-01
8.570472536174660316e-01 -1.210558665882725649e+00 1.720900656278983920e+00 -2.197429777235128334e+00 -4.845545777144283361e-01 -1.208408375623944986e+00 1.340413689048171708e+00
5.176272788586120388e-01 -1.720715730802970134e+00 1.935073961200376447e+00 -2.284552603302822948e+00 -4.968807081833025996e-01 -8.170616691567994527e-01 1.799001468350097666e+00
1.572167094759439332e-01 -2.190708809394235512e+00 2.115680977636494209e+00 -2.254597147677984914e+00 -3.979638297813984926e-01 -3.731008408805054910e-01 2.153502240580282834e+00
-1.566346539462368792e-01 -2.537695279944641058e+00 2.242130617744563903e+00 -2.100013797252179959e+00 -1.854478632786090153e-01 7.107632334647659422e-02 2.298200133186828698e+00
-3.505427111675539775e-01 -2.720635526979683583e+00 2.314039943265330024e+00 -1.901919367751957690e+00 1.307702627205607759e-01 4.810614945954504451e-01 2.181540152587004844e+00
-3.922793569589049234e-01 -2.762336683147823546e+00 2.354555614085758641e+00 -1.779661591525015574e+00 5.274173646704320984e-01 8.459609528312493909e-01 1.843936617998304772e+00
-3.255501181107066655e-01 -2.707711398409312409e+00 2.374427838457597417e+00 -1.750784743736877314e+00 9.408339878790932254e-01 1.152503747490302155e+00 1.390000873423827832e+00
-2.329015655070781066e-01 -2.568952466563300785e+00 2.346222562622230168e+00 -1.707943103651763161e+00 1.276048384571003336e+00 1.372225428522251933e+00 9.136224329611614126e-01
-1.795207772130301971e-01 -2.336247490970387641e+00 2.236375729617310792e+00 -1.549508497351807401e+00 1.456898568948415740e+00 1.484068567616948275e+00 4.770556977001770838e-01
-1.987223926618738867e-01 -2.018598313481547279e+00 2.036695959262525779e+00 -1.276376777743966739e+00 1.469713068828421454e+00 1.504490288186273617e+00 1.284071576460972253e-01
-3.032362490921535758e-01 -1.642780277787861509e+00 1.749627356386562971e+00 -9.397423603729718744e-01 1.352600694319527674e+00 1.480162618236115391e+00 -1.103607698518492691e-01
-4.990023908141157372e-01 -1.232970992241023023e+00 1.372580196830786914e+00 -5.472986513176146817e-01 1.139402770693330513e+00 1.449603953292705860e+00 -2.481762780434538795e-01
-7.782121872524121464e-01 -8.124426381097354932e-01 9.097833226315480415e-01 -7.767527438386473415e-02 8.431604607287199737e-01 1.426644600208904601e+00 -3.088587039437735160e-01
-1.091442423015015928e+00 -4.177533169726344586e-01 3.894506610109548794e-01 4.262525510750045932e-01 5.048028145836367386e-01 1.421481730010512035e+00 -3.307331867403657255e-01
-1.357822552191155552e+00 -9.990695082508112279e-02 -1.328154296085534147e-01 8.521324889538264280e-01 2.093533045199965359e-01 1.455224047000751586e+00 -3.595837105388524080e-01
-1.520074840856694420e+00 1.042322670821557579e-01 -5.962804187001232714e-01 1.133131199504701758e+00 2.295073712385124406e-02 1.536876366318105092e+00 -4.268210607553264424e-01
-1.562033562524908659e+00 2.025145279977809687e-01 -9.655965131757743292e-01 1.304359887253846439e+00 -5.454575654230515991e-02 1.639842705265825984e+00 -5.482982441313012378e-01
-1.474390877564442537e+00 2.341459560385155680e-01 -1.234235289924098256e+00 1.417048869125739685e+00 -5.470623487226630721e-02 1.720191071803435667e+00 -7.320975849132628221e-01
-1.248538791936634196e+00 2.301768660769875074e-01 -1.409400218689774942e+00 1.464532114743130720e+00 8.241274455382635936e-03 1.749308776754824324e+00 -9.644291553654176230e-01
-9.139875929714180725e-01 2.013926270292061560e-01 -1.506460762324931979e+00 1.430156512565559757e+00 1.280139573006229825e-01 1.717671889655730366e+00 -1.196785455061093462e+00
-5.529921195525699940e-01 1.566889675360834955e-01 -1.551612964341607004e+00 1.357370341522759372e+00 2.636318177491075443e-01 1.612594348022106772e+00 -1.359196033581416385e+00
-2.539749288061582400e-01 1.116750393760401194e-01 -1.568206629398719798e+00 1.312038847844619216e+00 3.365402492464669715e-01 1.408715529013844669e+00 -1.388830687296303656e+00
-4.681326659538314477e-02 7.592002063093854225e-02 -1.550499468359142652e+00 1.291853126579119326e+00 2.961232403362107357e-01 1.098312502509039446e+00 -1.267516490563902476e+00
9.697922518379112344e-02 5.173805902019232988e-02 -1.470126258965557486e+00 1.248792382751120256e+00 1.669570618998516276e-01 7.183787611914348448e-01 -1.043638861010627084e+00
2.058865683577750516e-01 5.872169489202518078e-02 -1.316297291968229866e+00 1.200697208006482830e+00 -3.368651983218348168e-03 3.233036628075944829e-01 -8.077265868383859404e-01
2.825361960045778553e-01 1.430515926077659261e-01 -1.114668630238718761e+00 1.230243692384483944e+00 -2.089276366197304335e-01 -5.163922225177109554e-02 -6.448514409704410033e-01
3.251627084340884544e-01 3.408140774533117145e-01 -9.072862242299190028e-01 1.360091721502757700e+00 -4.602202699076085035e-01 -3.745622747495830906e-01 -6.017269708931060057e-01
3.367080526378497529e-01 6.389507725909193692e-01 -7.288018152694470952e-01 1.514746997881973645e+00 -7.394808679981380584e-01 -5.939112205118701748e-01 -6.756284935622075549e-01
3.105221930167829103e-01 9.906374023976323162e-01 -6.034244445194372197e-01 1.634247641698892917e+00 -1.024881771202519776e+00 -6.723626260761917939e-01 -8.279173085220875583e-01
2.323746557205760843e-01 1.358238182057686982e+00 -5.509504960316473632e-01 1.749920996764418701e+00 -1.314682850607318265e+00 -6.249627955391517942e-01 -1.018723681651220625e+00
1.048141739364188280e-01 1.717352239831522631e+00 -5.793763768039780215e-01 1.900283832188635058e+00 -1.590556431407795346e+00 -4.936998195394193822e-01 -1.223668559682348667e+00
-4.986599977849063420e-02 2.032864395751487585e+00 -6.735902279745584753e-01 2.048673885277719098e+00 -1.799146144597124630e+00 -3.096190264049782370e-01 -1.413896576503832714e+00
-2.142771845179546053e-01 2.269698402205932553e+00 -8.082457320106616327e-01 2.148324164238036182e+00 -1.895551400384592577e+00 -1.018719995690399865e-01 -1.554518406355287485e+00
-3.773961689897626370e-01 2.426813749431494749e+00 -9.667480367380699713e-01 2.219377738987001525e+00 -1.880143516723615349e+00 8.272108355321895756e-02 -1.639486402676961552e+00
-5.117865194825226283e-01 2.527340013455307233e+00 -1.135085601748662798e+00 2.291402431333650291e+00 -1.779605779194621817e+00 1.977844968916309676e-01 -1.693414135112814245e+00
-5.797969207823689963e-01 2.573416880104490989e+00 -1.284169776061966362e+00 2.321923386789391586e+00 -1.608809217917635204e+00 2.353332614143165136e-01 -1.730971334765057712e+00
-5.748552664119452871e-01 2.539475535030539355e+00 -1.370678842079098736e+00 2.255877847303533468e+00 -1.377582432872104468e+00 2.278518645105262197e-01 -1.741518349820222022e+00
-5.405412474395274725e-01 2.410956196280853892e+00 -1.360794002974022865e+00 2.130905244391434472e+00 -1.130208505555138965e+00 2.020279535455954956e-01 -1.706099042292059886e+00
-5.250665986291596088e-01 2.198919096339440937e+00 -1.244258353472578627e+00 2.028063984024206068e+00 -9.314229793765325116e-01 1.529193612941508185e-01 -1.611784106460846466e+00
-5.221836140936900739e-01 1.909911412340157710e+00 -1.021311346600467740e+00 1.939922826783719190e+00 -8.004261141800558255e-01 7.583715181602632138e-02 -1.457451987642476965e+00
-4.816099435015036012e-01 1.534317093045032054e+00 -6.961815927600049081e-01 1.778377848131559302e+00 -7.073295992449488701e-01 -1.559555185861956003e-02 -1.249141973557890140e+00
-3.650179351082711299e-01 1.086639821946126183e+00 -2.991943336539189535e-01 1.505190924081144965e+00 -6.417784327602980010e-01 -1.169077594159254052e-01 -1.000363207812124955e+00
-1.643927309683668736e-01 6.304428916781924519e-01 1.003688798050212383e-01 1.165719321303558376e+00 -6.363595615673580674e-01 -2.418794312442605898e-01 -7.394504429513149013e-01
1.185727637090675107e-01 2.371435612736178533e-01 4.280516557006113776e-01 7.896428099108407928e-01 -7.161890298076762917e-01 -3.946094160374324367e-01 -4.942672897000787158e-01
4.763467243956370223e-01 -5.905038176922274007e-02 6.453450397307342046e-01 3.577445628150491275e-01 -8.608629143292756414e-01 -5.532782264323228283e-01 -2.746608928888794598e-01
8.746004800092148646e-01 -2.553191641619063090e-01 7.451513063387864566e-01 -1.079078356595381122e-01 -1.030437504189105846e+00 -6.943043759718381391e-01 -7.871592884366515608e-02
1.255044799106351805e+00 -3.525091561181190047e-01 7.263035467181022664e-01 -5.047541923753333659e-01 -1.200234415519376263e+00 -8.216768035023432892e-01 8.919411092658531548e-02
1.572487397491385330e+00 -3.498197304187330436e-01 5.959793188703355060e-01 -7.477436942492097227e-01 -1.343897928155815213e+00 -9.510004824667447343e-01 2.088565147217388285e-01
1.803189547105959578e+00 -2.657333384519799946e-01 3.903003256821171996e-01 -8.521247235861004743e-01 -1.417653703917194363e+00 -1.075717573532595006e+00 2.705485094410194913e-01
1.912713375180920661e+00 -1.299313257543085187e-01 1.584764560663763089e-01 -8.598171171418584890e-01 -1.399117663617086116e+00 -1.175833381796563160e+00 2.935155828394800936e-01
1.856018494510134786e+00 5.862612763380713882e-02 -8.041977640181871556e-02 -7.461232341395419576e-01 -1.316801989015780494e+00 -1.247700568434668700e+00 2.914448535166943022e-01
1.624407313981110379e+00 3.263862640662316128e-01 -3.300879346426146554e-01 -4.819694023773752889e-01 -1.212713264516591449e+00 -1.296715797717322260e+00 2.494749429128725049e-01
1.265855380088483528e+00 6.757813385336283174e-01 -5.701700153914096569e-01 -1.276664771124311482e-01 -1.092114887643079735e+00 -1.313141868857510053e+00 1.474120568533293651e-01
8.373353959702213301e-01 1.065236897035461761e+00 -7.552283474361640714e-01 2.186078841456702837e-01 -9.408157036832996978e-01 -1.286558127858092648e+00 -1.585596360631615163e-03
3.604493512790061249e-01 1.438034677311862408e+00 -8.591838417958487240e-01 5.310914946008266080e-01 -7.795774476815362508e-01 -1.231377624579577557e+00 -1.463327489620712130e-01
-1.403406944582032412e-01 1.757236252071399996e+00 -8.892809178036147344e-01 8.420216752460718546e-01 -6.550961120164769946e-01 -1.168662451989841644e+00 -2.498954170916930506e-01
-5.892325259694393136e-01 1.992862410655495520e+00 -8.547527045338734197e-01 1.129114620604849017e+00 -5.806346082682879439e-01 -1.095582759391210192e+00 -3.113661449501547995e-01
-8.929988850911833032e-01 2.097974663883440893e+00 -7.512638179561607066e-01 1.298040314875263057e+00 -5.283393701676676324e-01 -9.940863732172012801e-01 -3.273019669471780024e-01
-1.003549706634524474e+00 2.036688967944779272e+00 -5.832203357663456877e-01 1.289945851475885030e+00 -4.838031680111551935e-01 -8.644890171130618084e-01 -2.805668880638446661e-01
-9.312009951256700058e-01 1.817483857004842163e+00 -3.813978931016311358e-01 1.138827449378203793e+00 -4.787514462822780592e-01 -7.393753345802168697e-01 -1.601857808941133943e-01
-7.110604886764367860e-01 1.474143295082179339e+00 -1.835450366705253522e-01 8.947907492131701446e-01 -5.536880042165870375e-01 -6.583823429769406488e-01 3.664685477910394756e-02
-3.756448164732514861e-01 1.036221936199977378e+00 -4.523871082012970689e-03 5.558459730473914728e-01 -7.064904825710047742e-01 -6.354470139959441655e-01 3.068868987760688394e-01
3.023936040731200689e-02 5.462558515066827658e-01 1.551718781402617320e-01 1.327003959630609076e-01 -9.031833435035048208e-01 -6.649574761148411284e-01 6.265589048956087259e-01
4.355576451429539753e-01 8.671783179091581417e-02 2.799674534436500384e-01 -2.840894325185872593e-01 -1.120919638511710170e+00 -7.532158977641093545e-01 9.408723382308032956e-01
7.775528101663422564e-01 -2.506262814697787777e-01 3.491857382188155445e-01 -6.016040017818735652e-01 -1.343227147746960393e+00 -9.157580846416996101e-01 1.182978255266123657e+00
1.038067127265160039e+00 -4.267409062251869556e-01 3.743660737993708687e-01 -8.305586936151881927e-01 -1.527391768780940851e+00 -1.138497006461830940e+00 1.308448006302228350e+00
1.221245287920426525e+00 -4.707080079580079346e-01 3.940284356588570347e-01 -1.042657970279907698e+00 -1.624978711027976752e+00 -1.369601369061024920e+00 1.319067861099758154e+00
1.313707097331362261e+00 -4.279823046873540981e-01 4.209470095161685355e-01 -1.233920333014780102e+00 -1.637866412796239679e+00 -1.560880848363282336e+00 1.244801744023435575e+00
1.303960472322847286e+00 -3.085424519486965056e-01 4.211931168345327547e-01 -1.309117743205599815e+00 -1.613606375231200429e+00 -1.694708138280422105e+00 1.093552112611742011e+00
1.224441546055782482e+00 -1.077358853048023951e-01 3.600808057982896049e-01 -1.216287345997491443e+00 -1.578713845703352048e+00 -1.761254721533355383e+00 8.475020718653404339e-01
1.125957067168219305e+00 1.387703673742766153e-01 2.445562915952526339e-01 -1.013657607260503024e+00 -1.512792646067615099e+00 -1.736724570040344418e+00 5.234781364837854944e-01
1.023063552111789898e+00 3.635297958396834783e-01 1.058835449905319998e-01 -7.742613457901736940e-01 -1.393123779457825950e+00 -1.605838654588792602e+00 1.895395990454912527e-01
9.035971222339900244e-01 5.265022836482352586e-01 -3.507928471586894276e-02 -4.974714434365386517e-01 -1.228867227224080816e+00 -1.392603332736605637e+00 -9.804268217148204290e-02
7.757007679077967399e-01 6.258519548576298996e-01 -1.638955660890079047e-01 -1.659018590314606800e-01 -1.038637152173712330e+00 -1.145952371723298446e+00 -3.269250255860042809e-01
6.685826796188587551e-01 6.648345701830536969e-01 -2.555807793563871777e-01 1.736861509729776265e-01 -8.203018004160296250e-01 -8.977076782146478084e-01 -4.995934389132710152e-01
5.901436312026064890e-01 6.548929188589694972e-01 -2.938621555053539391e-01 4.591675295777127297e-01 -5.673710605652760863e-01 -6.548095640784264981e-01 -6.232648079662875817e-01
5.161324056643639135e-01 6.387109863916201613e-01 -2.966500741248792039e-01 6.909716571998802959e-01 -3.040354822234289656e-01 -4.217592793553891495e-01 -7.254880835190122834e-01
4.300579578379304935e-01 6.670691147868758053e-01 -2.949571836723420826e-01 8.919027576488380848e-01 -7.427525438240548117e-02 -1.994391915924231540e-01 -8.460275317964478514e-01
3.481684569293006515e-01 7.485622447843384153e-01 -2.962577553136636621e-01 1.030729683724578516e+00 1.021427924662589720e-01 3.044090656389271399e-02 -1.005219809894465355e+00
2.911167652329870181e-01 8.473575298934831190e-01 -2.923589868189108709e-01 1.060400534630874247e+00 2.304912103889890929e-01 2.874853961490371201e-01 -1.188443783082786975e+00
2.533374688077065784e-01 9.337010897351204486e-01 -2.947869306396658229e-01 1.008513974076444608e+00 3.049855739992892167e-01 5.557681640921714461e-01 -1.367302621055349610e+00
2.187469266410238256e-01 1.002651277984605516e+00 -3.351894976431150641e-01 9.426533073566251142e-01 3.184277835447602012e-01 7.870035711057166150e-01 -1.520151273589288587e+00
1.855992323553466439e-01 1.037618002829791219e+00 -4.251103751888807292e-01 8.639116106586884891e-01 2.995405570940760653e-01 9.424308083594736818e-01 -1.617607485550735635e+00
1.520835250635168556e-01 1.004499020666835385e+00 -5.456838618658119699e-01 7.308169032055138459e-01 2.971295739225350285e-01 1.007419901483773028e+00 -1.617959366643004326e+00
9.959120292881025460e-02 8.957195683258275531e-01 -6.848252552232781953e-01 5.559300376919815712e-01 3.443955028299299226e-01 9.729732415455797367e-01 -1.508082709818936662e+00
2.257247662610699021e-02 7.382503864052354370e-01 -8.331604940252300695e-01 3.773262573146576315e-01 4.700404212945679117e-01 8.435173829364499554e-01 -1.333266831493792548e+00
-4.809073027950163531e-02 5.471855831683520854e-01 -9.358046879679261520e-01 1.685639999939605171e-01 7.152279705459106962e-01 6.621060396369551349e-01 -1.158209386708899613e+00
-8.482335517714091611e-02 3.038039435678225320e-01 -9.073820156479095456e-01 -1.378963695051205751e-01 1.099664084656873930e+00 4.920776277614349326e-01 -1.001766970910981103e+00
-9.955162163299363653e-02 -1.188906175468703620e-02 -7.007714029548338663e-01 -5.525634617115448011e-01 1.577610769432102433e+00 3.687699141925899204e-01 -8.327706992375005779e-01
-1.155402965611543042e-01 -4.001641085941704534e-01 -3.223427088850830402e-01 -1.022574907181058146e+00 2.056217681124719920e+00 2.902649090490773132e-01 -6.110054246708677139e-01
-1.400633939018003926e-01 -8.600832736414701918e-01 2.028859611088446313e-01 -1.521781053848408227e+00 2.457218871135955052e+00 2.520869866818728489e-01 -2.971029244097354582e-01
-1.929256703844432208e-01 -1.382759666181785585e+00 8.262016618523363443e-01 -2.049496729548762275e+00 2.741996281720922024e+00 2.627415539785255549e-01 1.415140552872114488e-01
-3.266201210091730922e-01 -1.907904675613957934e+00 1.440283632925003943e+00 -2.520905667448392062e+00 2.883695568155749012e+00 3.166378452843359725e-01 6.892316692161239988e-01
-5.743228785452931806e-01 -2.326886624859904718e+00 1.912792270748638002e+00 -2.780758537814874476e+00 2.850363760691470016e+00 3.800317400353931396e-01 1.266393531993459387e+00
-8.903679677993715513e-01 -2.564666539286048152e+00 2.177828711640041881e+00 -2.769265860721103145e+00 2.638377987381092193e+00 4.273177982133378183e-01 1.784184251949486377e+00
-1.179557281076846431e+00 -2.648937732417392610e+00 2.263697761082699156e+00 -2.589572061040199102e+00 2.300610436751765242e+00 4.748945494799743372e-01 2.214886262406476902e+00
-1.380881066910883748e+00 -2.657180733968021791e+00 2.225271233420915262e+00 -2.372250828327441496e+00 1.912185585305221647e+00 5.596920432806493650e-01 2.577328572735976486e+00
-1.499433989923766974e+00 -2.600229188659705759e+00 2.072601351036106987e+00 -2.134225250731745405e+00 1.514389468567471919e+00 6.905170748493281163e-01 2.855963308458270511e+00
-1.562716626656311503e+00 -2.416317735864881300e+00 1.781599133687751468e+00 -1.826168629982278135e+00 1.112744094464059197e+00 8.362301920143908607e-01 2.987352117130738893e+00
-1.572814272732069529e+00 -2.085328086720966478e+00 1.370488393940163974e+00 -1.468490752758021101e+00 7.281750509203464006e-01 9.686764071196179993e-01 2.931823009496931309e+00
-1.519701079224792917e+00 -1.688535135220252448e+00 9.225302104589298002e-01 -1.156530947739436765e+00 4.249404189648275376e-01 1.101497657794760832e+00 2.714541396847102384e+00
-1.427305997587710484e+00 -1.329811919793413733e+00 5.129801298845124702e-01 -9.317638841332316346e-01 2.724504602168209000e-01 1.268119362323162580e+00 2.381653578036098118e+00
-1.353438147560286575e+00 -1.047808716896476922e+00 1.642745921746069371e-01 -7.242832000983376872e-01 2.880607589519558753e-01 1.469027140821966837e+00 1.957370512414822628e+00
-1.335788910153586473e+00 -8.357629846353205050e-01 -1.138130244510731359e-01 -4.645884867870027080e-01 4.396932157661234686e-01 1.666246800898207203e+00 1.463544946868181151e+00
-1.360993559799445141e+00 -7.038458439383881160e-01 -2.899096445023439661e-01 -1.987325595079729723e-01 7.020806058835832308e-01 1.833800723833079349e+00 9.428570159928926220e-01
-1.400783125113748362e+00 -6.892877627085844949e-01 -3.291785149826538803e-01 -4.567742244631289167e-02 1.066863281203500380e+00 1.983494811707172012e+00 4.575390828653396191e-01
-1.458865511209805232e+00 -8.123052869366804707e-01 -2.259391907708496738e-01 -5.440362024567935856e-02 1.485444796885671437e+00 2.125918488379858751e+00 7.745928613265312679e-02
-1.557969227144115010e+00 -1.039020475853098535e+00 -8.615300046049082297e-03 -1.506016114975067544e-01 1.850379055492598734e+00 2.233106447884379175e+00 -1.475153155354276824e-01
-1.690813967539606333e+00 -1.301710221188279837e+00 2.842276910254240563e-01 -2.554793838466926093e-01 2.065691075102979557e+00 2.270515330112531593e+00 -2.077029485495638650e-01
-1.820452598206527606e+00 -1.544420269869451801e+00 6.103912424630644207e-01 -3.833872356526008551e-01 2.115484069711371262e+00 2.247295947825547202e+00 -1.216154276598966355e-01
-1.933137847376456442e+00 -1.732255903172199574e+00 9.002569910035091993e-01 -5.530221959316590219e-01 2.046483060348185834e+00 2.197745169001806165e+00 8.317375331449283760e-02
-2.053745176859982369e+00 -1.828880119159387974e+00 1.057087946977644188e+00 -6.858672909807590479e-01 1.907510331008463789e+00 2.131380433222199056e+00 3.623633029214330947e-01
-2.206718221621309262e+00 -1.796405230739871239e+00 1.010834639883622321e+00 -6.754696409076172969e-01 1.723291713358648725e+00 2.034220489416819877e+00 6.517511344083364300e-01
-2.388968415878174323e+00 -1.629984144655101996e+00 7.717020702644227237e-01 -5.059166636908112302e-01 1.513507873369933199e+00 1.908760886274240010e+00 8.970849181175213349e-01
-2.572183020814119647e+00 -1.371830861193211071e+00 4.171460995065937594e-01 -2.508045531753719248e-01 1.313834735306716128e+00 1.787796838860180149e+00 1.069130230043535468e+00
-2.714688341391866100e+00 -1.076450766035429885e+00 3.140304748866001167e-02 2.248608594043024350e-02 1.155478777372424659e+00 1.699574929198293782e+00 1.146851856217868226e+00
-2.774607323160915850e+00 -7.711108930462088340e-01 -3.339374559501671058e-01 3.116660738693454169e-01 1.035527971603123598e+00 1.633480051364328167e+00 1.105069114679403386e+00
-2.718449606341565072e+00 -4.580004248008764933e-01 -6.566474396871744279e-01 6.265608411400146460e-01 9.411642984925023825e-01 1.563503552110171668e+00 9.196946724698453757e-01
-2.529634837018388094e+00 -1.494792013751884141e-01 -9.261649593486266374e-01 9.084880945621975901e-01 8.985856508052582070e-01 1.502154579090116515e+00 5.844702515260065123e-01
-2.221997638015428933e+00 1.146470921289431538e-01 -1.139138744157684568e+00 1.055970034558711079e+00 9.659103170419831574e-01 1.504153865988431926e+00 1.268547162474897849e-01
-1.850756295572399956e+00 2.916001641824546020e-01 -1.307899787755644638e+00 1.050095055825275514e+00 1.165425413199292493e+00 1.606587276954602128e+00 -3.897575418834968719e-01
-1.495952429373076153e+00 3.780071332204801848e-01 -1.462497160753117198e+00 1.017172423965743588e+00 1.434547574472285980e+00 1.774188730014248483e+00 -8.898038046249636679e-01
-1.212028383580306512e+00 4.225118740017829722e-01 -1.629411164027224412e+00 1.108203770970749291e+00 1.660669220853026040e+00 1.917577056711897043e+00 -1.322025903434681959e+00
-1.001228300785814040e+00 4.722501230364333780e-01 -1.801931491231321791e+00 1.329053460953398158e+00 1.769003183287896963e+00 1.972676015456267695e+00 -1.657002194560946551e+00
-8.452000832520348839e-01 5.225306476627579189e-01 -1.948200070885809598e+00 1.550412858455390230e+00 1.759357966189066813e+00 1.941833742339642566e+00 -1.861954290132951106e+00
-7.393453708487730536e-01 5.563284368554003434e-01 -2.053526655004204393e+00 1.673551862444097260e+00 1.659525881418852489e+00 1.851092181682998383e+00 -1.923719687019815883e+00
-6.782401747267379211e-01 5.978632430377845974e-01 -2.127718346656922055e+00 1.710968746606255309e+00 1.481500443674740763e+00 1.703163674870993294e+00 -1.884816319348221247e+00
-6.209696081294001635e-01 6.875483384142422327e-01 -2.167478531321112456e+00 1.696015418670863806e+00 1.234448472627324378e+00 1.491103026691779299e+00 -1.820610303414826658e+00
-5.013877251091857223e-01 8.295521774303776796e-01 -2.140454699767915248e+00 1.596060421829766485e+00 9.508428188184344654e-01 1.237085072279456854e+00 -1.786250903648282318e+00
-2.905487074112853563e-01 9.860933902577110333e-01 -2.007112247582135911e+00 1.363677258823439820e+00 6.727110594530957277e-01 9.872681391585218513e-01 -1.786187496329964652e+00
-3.180635969950817293e-02 1.115090212508103695e+00 -1.742837689690458491e+00 1.034069941228372702e+00 4.173598660263665439e-01 7.671155940813573215e-01 -1.787908270925140597e+00
2.030168248855962754e-01 1.194101863200630609e+00 -1.343929089928295850e+00 7.049123755653718959e-01 1.805426571190653640e-01 5.672741268286077831e-01 -1.756649698004382421e+00
3.734854291352700528e-01 1.192021949993288921e+00 -8.197227303969664147e-01 4.052584943284027741e-01 -2.988380574515030891e-02 3.756823494389056051e-01 -1.648925153954115874e+00
4.767918204569904783e-01 1.049235603547853612e+00 -1.915543403178367465e-01 5.752424548678030519e-02 -1.856309961611135317e-01 1.999052368791013889e-01 -1.398332471152464507e+00
5.150770709709727724e-01 7.405503026612789697e-01 4.802237493857528516e-01 -3.644978047033102797e-01 -2.731085932034685859e-01 4.226172001294305203e-02 -9.734134022084609539e-01
4.798584005178219147e-01 3.425801141097196134e-01 1.084733681412608508e+00 -7.126088944104008727e-01 -3.312252155153005972e-01 -1.368920543677334400e-01 -4.325714235003751407e-01
3.771112266452106843e-01 -9.578190179492974618e-03 1.510263259762420596e+00 -8.012000328129064153e-01 -4.283091548642076196e-01 -3.974132782434638966e-01 1.166620418163556577e-01
2.507103495819713590e-01 -2.228585866257455361e-01 1.703306525251499393e+00 -6.203888541688888925e-01 -5.849680169591940926e-01 -7.430030125717630440e-01 5.808173380843143496e-01
1.533652374786899086e-01 -2.843045350010194872e-01 1.669079326809981501e+00 -3.368812428342023990e-01 -7.474879948868348167e-01 -1.091460399875630927e+00 9.020710229266919455e-01
9.264305387885875265e-02 -2.233100026396755144e-01 1.431805794634928519e+00 -1.101498492839391857e-01 -8.521188486967411491e-01 -1.334971896292457938e+00 1.058187108831003975e+00
3.244118802542263896e-02 -6.471848147401929041e-02 1.018106077317691760e+00 4.114106538823276982e-02 -8.885878490881587988e-01 -1.411729029926596324e+00 1.046211439310857250e+00
-4.384559222695309094e-02 1.742027478432980059e-01 4.862630087002127732e-01 1.842401369610438544e-01 -8.915889464002386688e-01 -1.324195636762987682e+00 8.720050760543793800e-01
-9.354928119105099249e-02 4.438784246454242632e-01 -3.821332951761473307e-02 3.334588800998218860e-01 -8.845952148235755041e-01 -1.114302156072062511e+00 5.730375665228102378e-01
-4.616710426531268202e-02 6.433995377811100314e-01 -3.891760374068780615e-01 4.145637445082970829e-01 -8.431380689714605969e-01 -8.313276324868486000e-01 2.343529493395197505e-01
1.490639394926200900e-01 6.845456068046128495e-01 -4.627446142551875918e-01 3.457303332806492824e-01 -7.072799824869436813e-01 -5.165201626071050933e-01 -6.717146412912443354e-02
4.950827438448833218e-01 5.839100367426909299e-01 -3.051921492373735334e-01 1.288638637821143129e-01 -4.343351553167728585e-01 -2.118415776964165387e-01 -3.374591441667469938e-01
9.169835562373568338e-01 4.511604442114587332e-01 -7.547227685236335137e-02 -1.333710598589265828e-01 -6.538961037655105502e-02 2.802880878218333080e-02 -6.244018910458819516e-01
1.291400436798161744e+00 3.623364736826316101e-01 9.991558168292415110e-02 -3.428879150571982892e-01 2.906724570047923839e-01 1.619538638038265366e-01 -9.075510475923201925e-01
1.531950311922009478e+00 2.988377017792863688e-01 1.990505161898033504e-01 -4.939804702051011631e-01 5.554292588998174240e-01 1.969068375565724283e-01 -1.102556028118425457e+00
1.598380875253110567e+00 2.419025331140253199e-01 2.263034829773738210e-01 -5.794327975043281898e-01 6.984353053975350667e-01 1.593836596735484501e-01 -1.166721379357690935e+00
1.468784155094183141e+00 2.431146751708734288e-01 1.589060473983358868e-01 -5.196448739887168378e-01 6.812698074293729311e-01 4.837051629316182350e-02 -1.134832718244633165e+00
1.171108253783276210e+00 3.592602152369481217e-01 -2.946554851627784994e-04 -2.870189136893231407e-01 4.782298243901718093e-01 -1.415367414286195225e-01 -1.066713808001925390e+00
7.934495276071504843e-01 5.761009630143063553e-01 -1.919292709527426755e-01 1.327933829752659875e-02 1.339282758065799828e-01 -3.750594120982227997e-01 -1.001469141339581315e+00
4.211930354887062355e-01 8.206928703865028485e-01 -3.436484654422619633e-01 2.639190871254066262e-01 -2.679114826294645701e-01 -5.998662172148516714e-01 -9.414103175680537117e-01
8.872916036950957708e-02 1.024722913153108150e+00 -4.207894688855201570e-01 4.652461695567741695e-01 -6.751823686787019607e-01 -7.971345632549496907e-01 -8.658207321130549916e-01
-1.945888165166079209e-01 1.156845271123916108e+00 -4.266350971406394077e-01 6.798413442750523838e-01 -1.059861684289636230e+00 -9.715376999771458966e-01 -7.669248431173402158e-01
-4.046355627652016840e-01 1.195177902587076346e+00 -3.645856447326454863e-01 8.864547481171312082e-01 -1.361632770321530517e+00 -1.100482271401297174e+00 -6.549146981328344275e-01
-5.165700022265971025e-01 1.106884735430541111e+00 -2.297000611036983386e-01 9.784674603353141764e-01 -1.491783368681996791e+00 -1.124391217679487021e+00 -5.361146408608481462e-01
-5.410544241325292436e-01 8.825736285968788231e-01 -4.171986386142757103e-02 9.108696912633292841e-01 -1.402523710389726785e+00 -9.960609564315899833e-01 -4.160563935584686290e-01
-5.170911238001547616e-01 5.672067284970752077e-01 1.412849105772907565e-01 7.691214367071537161e-01 -1.125089739813668999e+00 -7.261536621732358476e-01 -3.178151111731622458e-01
-4.684027318579679355e-01 2.352038366127802427e-01 2.560121429774477320e-01 6.656393253660303211e-01 -7.326068892769220797e-01 -3.705934072282737746e-01 -2.755675029686413535e-01
-3.865705959334718167e-01 -6.163381640365889202e-02 2.783615120108188234e-01 6.274197238518408604e-01 -2.942347127374274063e-01 1.196976022081307385e-02 -2.983410412367533682e-01
-2.622717016176726590e-01 -3.103487621285519471e-01 2.304619609160546145e-01 6.259149332349954742e-01 1.178533219730873299e-01 3.666401940176328700e-01 -3.458496159873511444e-01
-1.212132824384112295e-01 -4.994721229139114094e-01 1.524883059864465817e-01 6.721997468844442825e-01 4.017765936053437903e-01 6.171007446698544285e-01 -3.502408885252590309e-01
-9.212672895659914166e-03 -5.915752371976767954e-01 8.279794594940226293e-02 8.099108534998600284e-01 4.535681604725303462e-01 6.779994801326034715e-01 -2.638403777111516524e-01
6.143467695605667883e-02 -5.546643504040550399e-01 5.757050845022783359e-02 1.006144255499607176e+00 2.488102369130483216e-01 5.204803877054259287e-01 -8.893794909783811486e-02
1.181380790451146134e-01 -4.087994049088759518e-01 1.101486178915419278e-01 1.126833016423841594e+00 -1.247992724243497664e-01 2.063380689196167850e-01 1.439606086765075621e-01
1.802625972502789609e-01 -2.175280896162065936e-01 2.527545017265459548e-01 1.074050111473007885e+00 -5.417224334090772198e-01 -1.702189277759474373e-01 4.111885699557099594e-01
2.413783945187497060e-01 -3.003912789208681294e-02 4.534252865949082723e-01 8.836228467585378610e-01 -9.238712844997470919e-01 -5.540057133431115499e-01 6.865100073207227593e-01
2.945114902816889924e-01 1.379813758324036632e-01 6.524596296230333881e-01 6.286393617082502994e-01 -1.233889383038300869e+00 -9.179796504968869009e-01 9.313674369382936025e-01
3.473355847406084385e-01 2.660042970569904686e-01 8.045289701898530321e-01 3.107684863298097455e-01 -1.425134948352036357e+00 -1.216325395122600295e+00 1.115582406473720534e+00
4.074153987082773654e-01 3.312282866828501482e-01 8.763547328600141961e-01 -6.421038362182514281e-02 -1.451151220219581983e+00 -1.395869821575323577e+00 1.210581354220402028e+00
4.747372911228309178e-01 3.582789876495430792e-01 8.195833088969727287e-01 -3.890178664246207729e-01 -1.312549135982298720e+00 -1.445030149005133824e+00 1.163514938444024205e+00
5.671593910573939912e-01 4.109946478316926499e-01 5.933139015006031469e-01 -5.439770665742782452e-01 -1.053533698991752088e+00 -1.396373441160601248e+00 9.190892144603577396e-01
7.267455260557729169e-01 5.218872320865570735e-01 2.117338726285839245e-01 -5.372930902062078573e-01 -7.162290718732438055e-01 -1.283549939247307758e+00 4.780970063092347400e-01
9.787554474758158873e-01 6.540603552817788602e-01 -2.510780937431288939e-01 -4.946298330401875942e-01 -3.175065288492544546e-01 -1.113659546743561490e+00 -8.079145570990090008e-02
1.298712080358614740e+00 7.397407024185658209e-01 -7.005025537639830713e-01 -5.294883181471241596e-01 1.215054776328904629e-01 -8.829278493751896439e-01 -6.422145750663154073e-01
1.625426397216981345e+00 7.411583490775192073e-01 -1.060960204180367406e+00 -6.482483352618718664e-01 5.277873559931030023e-01 -6.129592319880805551e-01 -1.105745449702370875e+00
1.907784163233485986e+00 6.640344621209715026e-01 -1.285067017582511406e+00 -7.914136216088065723e-01 7.961091137238449633e-01 -3.556533677317103570e-01 -1.411924379159751108e+00
2.137542407841121594e+00 5.265427557502501132e-01 -1.339333722891064227e+00 -9.362074782232532311e-01 8.677853046660793934e-01 -1.551026754585583534e-01 -1.544006641668482338e+00
2.321641956793793593e+00 3.366067088480279024e-01 -1.201026613185603775e+00 -1.104023661235282727e+00 7.576295040862774943e-01 -1.974634576298517699e-02 -1.506767413639538589e+00
2.427363376929277283e+00 1.069293621684183349e-01 -8.846736490385200824e-01 -1.276794935692654231e+00 5.109869852457400441e-01 5.977434874929254960e-02 -1.313135153423319768e+00
2.381772962113790193e+00 -1.167129200726592930e-01 -4.637029528801134282e-01 -1.357373378963879329e+00 1.697866142399292733e-01 8.151928224791667177e-02 -1.005490774869669091e+00
2.128817651171765579e+00 -2.595266479590340181e-01 -4.926586708443228546e-02 -1.232676920558974043e+00 -2.245130491107991955e-01 3.557187715823132562e-02 -6.671710314200041125e-01
1.669307123252779190e+00 -2.619981521890808462e-01 2.611366160365488631e-01 -8.683126330677640725e-01 -6.208530320679355174e-01 -7.072933233461789482e-02 -3.815385135328293598e-01
1.056521276689867062e+00 -1.171899624824509351e-01 4.250829981777255462e-01 -3.434079433673874471e-01 -9.583845319123444062e-01 -2.017093448761629326e-01 -1.881602511148550705e-01
3.722974533868513292e-01 1.306506813284313284e-01 4.604219867827258339e-01 1.934225354402178132e-01 -1.175540191438761317e+00 -3.074747788067815901e-01 -8.203492795768038692e-02
-3.038606046184624265e-01 4.105971181933155689e-01 4.182064873027897534e-01 6.128565238811659599e-01 -1.230531761172933836e+00 -3.479367575042459637e-01 -3.625754784686949922e-02
-9.123461847044631590e-01 6.569679468833454772e-01 3.485990501738953640e-01 8.691201199849202252e-01 -1.126941460349450086e+00 -3.112979955913938168e-01 -2.570275836655971577e-02
-1.401170136888828077e+00 8.259491460044698918e-01 2.861544821618388079e-01 9.786548182427124987e-01 -9.090457537763209084e-01 -2.138999450368563315e-01 -3.677437605763642092e-02
-1.712917303933713331e+00 8.893802422656525986e-01 2.508180656169000655e-01 9.680858337919967527e-01 -6.174610274596086246e-01 -7.842587077460380640e-02 -6.821449114077451914e-02
-1.801752907612602428e+00 8.404617375368023113e-01 2.425468612737895213e-01 8.831331117401104436e-01 -2.647673873665977728e-01 7.924805375776511340e-02 -1.392312288682801824e-01
-1.662149568715081127e+00 7.075580089758887192e-01 2.371317458730337335e-01 8.059351843840265595e-01 1.339863122339969015e-01 2.330346760600714717e-01 -2.767097575472921012e-01
-1.330079522200806830e+00 5.432812674400382402e-01 1.982234304417183623e-01 7.968690841288261772e-01 5.259113699295703270e-01 3.351946980401159237e-01 -4.762701541032418606e-01
-8.501522438623883016e-01 4.017376294824329119e-01 9.505296555578804374e-02 8.309188438829302470e-01 8.392729508736401778e-01 3.438586328822390570e-01 -7.020415829679235165e-01
-2.496668031580498714e-01 3.212904469362515281e-01 -8.501630922063467544e-02 8.219282580564125640e-01 1.036139237778241240e+00 2.565914735194918528e-01 -9.259989218755064755e-01
4.436553961868552887e-01 3.128544190501650335e-01 -3.328560733692107476e-01 7.061431337174312040e-01 1.124738138018567479e+00 1.062920759190848496e-01 -1.134685112192517442e+00
1.166315267766086627e+00 3.584012622592599451e-01 -6.193613515112900147e-01 5.023539271380347282e-01 1.118634120142829591e+00 -7.509276459221483901e-02 -1.296334989213798750e+00
1.826641655753344695e+00 4.283065016107341361e-01 -9.000892711428986059e-01 2.946093405014319488e-01 1.006220737221930062e+00 -2.855522036124653606e-01 -1.357576274460108312e+00
2.352589991964177063e+00 5.080609007347945960e-01 -1.130979353921424124e+00 1.566849512416419177e-01 7.691162956580429588e-01 -5.417543435899919713e-01 -1.287568602172599608e+00
2.710206416681792962e+00 5.922977301553298268e-01 -1.275288453291628210e+00 9.581741096682527825e-02 4.150455449963069698e-01 -8.459545308489305748e-01 -1.087566744309394151e+00
2.883213984084621373e+00 6.621403750292808033e-01 -1.297745074503712237e+00 7.785446949004178052e-02 -1.741388607713102027e-02 -1.176834893162441720e+00 -7.664568674326011077e-01
2.868803412833489830e+00 7.030865262414959238e-01 -1.184556550951234799e+00 9.972874839024674365e-02 -4.792667130032909339e-01 -1.507786290432735044e+00 -3.613424454056372026e-01
2.692722828388802725e+00 7.269902272222484862e-01 -9.643058446961598751e-01 1.874770055697506654e-01 -9.291603571394676520e-01 -1.819875775538167817e+00 4.917472851947112672e-02
2.411954480321290895e+00 7.493440005194423881e-01 -6.886413307834036157e-01 3.085333680082275598e-01 -1.323167390015737688e+00 -2.090310897632221554e+00 3.898152185922399982e-01
2.101611429566185851e+00 7.616881768942028730e-01 -4.048186993425882396e-01 3.457093190595589838e-01 -1.592905759720667280e+00 -2.274391556608196918e+00 6.167368267345910704e-01
1.822919575150354188e+00 7.395919325097323194e-01 -1.456269767610975374e-01 1.996431655201698352e-01 -1.666075371686806195e+00 -2.315859845915896997e+00 7.064824686821203903e-01
1.587009187663951604e+00 6.604521200743010967e-01 7.637232826358608673e-02 -1.097728204496891125e-01 -1.519619581003918141e+00 -2.185502709708000868e+00 6.614799524438380596e-01
1.365658894908363008e+00 4.992453944936421362e-01 2.745786032070486882e-01 -4.836626697163299848e-01 -1.194391195635041036e+00 -1.901679077407545604e+00 5.295177380651248100e-01
1.138780583496947996e+00 2.251610925934884877e-01 4.774239004329742797e-01 -8.555937672683460171e-01 -7.579732475648951473e-01 -1.508533186378071766e+00 3.886834549629956115e-01
9.066322963682694747e-01 -1.722221856085422442e-01 7.002529189656556685e-01 -1.212420492740521549e+00 -2.758486809348452695e-01 -1.050887627946370362e+00 3.060867615681724940e-01
6.673322484670409782e-01 -6.551250615373830355e-01 9.341711325939950905e-01 -1.535878288271942838e+00 1.854171556609851834e-01 -5.720052175969103647e-01 3.115952674445442994e-01
4.157058983776438787e-01 -1.145927404992912013e+00 1.156246648635855578e+00 -1.766482776119375320e+00 5.558559586796029128e-01 -1.185629680392936147e-01 3.951606194998084631e-01
1.587835883829183115e-01 -1.543310256245127077e+00 1.316277970297824007e+00 -1.795314614236210637e+00 7.645376887525250353e-01 2.545645193162528463e-01 5.101596450890146794e-01
-7.517787413611322356e-02 -1.731161565915293021e+00 1.317354394224216518e+00 -1.506461337769503528e+00 7.618039523356948672e-01 5.000830345562871093e-01 5.755082170862269031e-01
-2.307410470004501168e-01 -1.617132728290693100e+00 1.057736859846192701e+00 -8.866793557086319888e-01 5.730132537280293592e-01 6.136622230980112169e-01 4.942327325895939372e-01
-2.523034354794946865e-01 -1.173877412659297681e+00 5.053329047620964687e-01 -5.216839583811977432e-02 2.998352153830865507e-01 6.289066942707154384e-01 1.929221691561593677e-01
-1.475650032251619170e-01 -4.465244681630347046e-01 -2.662937643094426265e-01 8.520392225351505200e-01 3.261245348203451605e-02 5.684639702150577900e-01 -3.274016393890123999e-01
2.491691496879886499e-03 4.479469416513144897e-01 -1.094149153570408872e+00 1.693392645295795251e+00 -2.070456555210270777e-01 4.299572388619803953e-01 -9.604185536916115540e-01
1.304710178890677030e-01 1.322513677555010814e+00 -1.779335454880300205e+00 2.272789084140744542e+00 -4.021828160033733002e-01 2.346405169405616220e-01 -1.533030141756382081e+00
2.404781878125661909e-01 1.945232438850091894e+00 -2.135993590903400463e+00 2.323030437717797714e+00 -4.688647664337861065e-01 5.889806058263320071e-02 -1.877959934253706997e+00
3.373551159493288210e-01 2.098152422615888302e+00 -2.026875406362301124e+00 1.715706597276007717e+00 -3.150976574633424510e-01 -1.621605342734066743e-02 -1.867848224876437202e+00
3.564927420885379283e-01 1.674045835662999027e+00 -1.433000096914416543e+00 6.528616106993712087e-01 4.665477487572013832e-02 2.139479251430388348e-02 -1.445385546267003107e+00
2.131125466475342067e-01 7.724640782792590032e-01 -5.149095839109066874e-01 -4.339288801106911397e-01 4.840850522511479515e-01 1.129143972117334638e-01 -6.865392130421884564e-01
-1.205458888297534226e-01 -3.195748933079915477e-01 4.391884547650642956e-01 -1.165307695540246602e+00 8.416969737810729990e-01 1.994144517396015392e-01 1.944020414365394411e-01
-5.892170621147583276e-01 -1.279715250667604387e+00 1.150571303211844087e+00 -1.396603816561399203e+00 1.034868523539738350e+00 2.737416451586340838e-01 9.502547508879496396e-01
-1.057275376148659962e+00 -1.883288742333734778e+00 1.450200236455911451e+00 -1.234455453214801768e+00 1.067214089028044377e+00 3.626408477987317358e-01 1.409024882702387460e+00
-1.354979958624345393e+00 -2.041925850638717232e+00 1.310798309262902084e+00 -9.236947391177270372e-01 1.006516940503346058e+00 4.882501451472382459e-01 1.498346468891657901e+00
-1.364401536391403269e+00 -1.797227441835878015e+00 8.456111171080729072e-01 -6.607747040569289521e-01 9.277212534364133178e-01 6.438205529071640010e-01 1.231769550684855385e+00
-1.065081796079871523e+00 -1.278678408566747304e+00 2.571989886388442170e-01 -4.849612235953005279e-01 8.335833034532166286e-01 7.776268915901966006e-01 7.032029982967590298e-01
-5.140027678535278310e-01 -6.372012812677657623e-01 -2.521334696201241732e-01 -3.407346741882328334e-01 6.509272611658065699e-01 8.091577494295312256e-01 6.992061303452920540e-02
1.780048421754676924e-01 -1.297563344769168091e-02 -5.444149324018148217e-01 -2.082903885686452905e-01 3.302514685204211431e-01 6.817430583144183931e-01 -4.853242297095222146e-01
8.470236126639821839e-01 4.745275971143678162e-01 -5.836095156545478835e-01 -1.232839341518994353e-01 -7.374169269040489749e-02 4.009290844079357874e-01 -8.101676868096211459e-01
1.313932231684285412e+00 7.666674644538773453e-01 -4.490710406922429065e-01 -7.818006381589784337e-02 -4.492124945919528933e-01 2.365397565939305127e-02 -8.466540431032459901e-01
1.482625560639420303e+00 8.937791564276044154e-01 -2.732334709866457989e-01 5.960211702047968352e-03 -7.450259905825181717e-01 -3.924836210331693054e-01 -6.443320316279729232e-01
1.399220979610819482e+00 9.243939174748957432e-01 -1.365068824362291322e-01 1.645708677015925991e-01 -9.966146752582969448e-01 -8.233695059315212506e-01 -2.973316227307665760e-01
1.197917471260846245e+00 8.833753726230756387e-01 -2.641248581297868034e-02 2.940906609453159959e-01 -1.231199404236954731e+00 -1.249458091620599287e+00 1.228769619692768739e-01
9.917493330931623774e-01 7.447655182672856533e-01 1.125112678181683090e-01 2.335183895992136993e-01 -1.409944972495989823e+00 -1.618149491255375105e+00 5.737253512778285325e-01
8.049929465816649810e-01 5.042585573339902760e-01 2.944764041576354296e-01 -4.492803157343514681e-02 -1.490649586244706892e+00 -1.864259058802581803e+00 1.010030466484346245e+00
6.021783878060603667e-01 2.264210872146365239e-01 4.631021317463556164e-01 -3.900558099540673562e-01 -1.490416727187050761e+00 -1.945587312068123964e+00 1.363860184428057787e+00
3.643892086284177823e-01 8.690484225250401720e-03 5.388186286428641170e-01 -6.257318066509770516e-01 -1.440097351369417300e+00 -1.836157096536085387e+00 1.547652992345013301e+00
1.143196789544097536e-01 -9.042063952873341526e-02 4.702020039559354769e-01 -6.898305839596338140e-01 -1.308702989675699424e+00 -1.510922376112526999e+00 1.491529730886392402e+00
-1.138265949723406140e-01 -9.559717488293531518e-02 2.671631589187019595e-01 -6.450375815082562969e-01 -1.008866357093192168e+00 -9.582211214961617873e-01 1.195705248952833921e+00
-3.149391006319831043e-01 -9.605172088859341428e-02 1.336360804098197727e-02 -5.841477567123194437e-01 -4.766839701183506195e-01 -2.023719161542620604e-01 7.364222329505251130e-01
-5.279923448964416455e-01 -1.812961377946284702e-01 -1.732476074883575190e-01 -5.252091735943607009e-01 2.455232920364628368e-01 6.767694179791083897e-01 2.337896791797300922e-01
-7.965289743594561322e-01 -3.956412271613826137e-01 -1.971583385595026550e-01 -4.259991708712423941e-01 1.003277022197012203e+00 1.546765094295155185e+00 -1.817153893396877551e-01
-1.115945243417056698e+00 -7.295873508703430987e-01 -2.214499799716933975e-02 -2.639769614722248248e-01 1.614908349625284734e+00 2.266138507171329586e+00 -4.181886124584901498e-01
-1.429567402536190857e+00 -1.127926974488626444e+00 3.123979452623144026e-01 -6.188186178195178438e-02 1.961301983004879679e+00 2.730320433230928767e+00 -4.571613866282778216e-01
-1.664441536329113402e+00 -1.505886653986203694e+00 7.137965879656410495e-01 1.316388986739366607e-01 2.008175598611765533e+00 2.881029027451062596e+00 -3.376272704365496646e-01
-1.765377294274576903e+00 -1.767007159558926288e+00 1.081351576718834417e+00 2.728370353832794137e-01 1.779006393235335937e+00 2.698445604506251705e+00 -1.257133735704764887e-01
-1.703287324289910032e+00 -1.837953614515791090e+00 1.338314890719402239e+00 3.308100730546394419e-01 1.339877258976385210e+00 2.212600986843554551e+00 1.084081564330303116e-01
-1.472372689103634169e+00 -1.712019398049368313e+00 1.446476107463630090e+00 2.725621150361423051e-01 8.001974771075358595e-01 1.522478772460894136e+00 3.158889474098824368e-01
-1.097406965374383203e+00 -1.449487882393380112e+00 1.402338330390875853e+00 7.738350640728962337e-02 2.882258917860635039e-01 7.766652759699798070e-01 4.795034333984535824e-01
-6.382304985414257725e-01 -1.127649191278375040e+00 1.220163391872390424e+00 -2.287718806439349162e-01 -9.597389247462456696e-02 1.171117065042331790e-01 5.960792110987420678e-01
-1.785272558352404282e-01 -7.905555303341800233e-01 9.209188308250995103e-01 -5.606881497693387839e-01 -3.194547871644988768e-01 -3.637668429651772506e-01 6.559090850669249129e-01
2.001917466220430319e-01 -4.407534994094423064e-01 5.286038606848042498e-01 -7.925534679899539636e-01 -4.158123709501369003e-01 -6.281647819358004980e-01 6.377956028496715168e-01
4.501473010348150949e-01 -7.148324043549769691e-02 7.455028823066982280e-02 -8.136539074831852236e-01 -4.395429841151728967e-01 -6.814927285594978290e-01 5.200278049922443246e-01
5.735729297835321372e-01 2.965514007050879530e-01 -3.850960221077021073e-01 -6.087810789091491204e-01 -4.232600683575729605e-01 -5.624740438096456074e-01 3.077328052135240299e-01
6.063958243908867951e-01 6.098874729065829614e-01 -7.672655595672711604e-01 -2.774154320205193813e-01 -3.804515624514570038e-01 -3.334164839486711829e-01 5.286710142553641828e-02
5.830987691906331927e-01 8.179460908185166579e-01 -9.957162655030892262e-01 5.949679252666894430e-02 -3.346472975874967837e-01 -7.387410327820544131e-02 -1.711349447125264100e-01
5.209804168470835162e-01 9.081291457804498979e-01 -1.036870883192063220e+00 3.413420600138057370e-01 -3.233701460207629719e-01 1.352869082441246207e-01 -3.160982646079749658e-01
4.312404172582091633e-01 8.878519159555179341e-01 -8.993066072372964959e-01 5.364366141368673846e-01 -3.611855705308404940e-01 2.500552051743938908e-01 -3.642752743937008875e-01
3.312919299229732939e-01 7.504856706472800010e-01 -6.086843832736000826e-01 5.965823407860098015e-01 -4.119752033181494077e-01 2.842961626742879777e-01 -3.105126090780178649e-01
2.402576525315469891e-01 4.941172579887208038e-01 -1.997771695141854209e-01 4.952839269140507650e-01 -4.249018169762615593e-01 2.725660453480408529e-01 -1.673316240818801259e-01
1.653695504541612404e-01 1.587272686675527400e-01 2.688491398987807868e-01 2.744718974558122415e-01 -3.930983100050655654e-01 2.173548654659475943e-01 3.372251603818406801e-02
1.038734173311281345e-01 -1.907684203218079078e-01 7.146560662271884690e-01 2.395992145491804802e-03 -3.420535826740213614e-01 1.030463685084303943e-01 2.597738428642559771e-01
5.812764415692881631e-02 -5.055780210986320355e-01 1.057932417787917023e+00 -2.861584113823852915e-01 -2.715950341080379249e-01 -4.646098346793705453e-02 4.768500021188142313e-01
3.421308668476098769e-02 -7.474623445302632785e-01 1.244162683592671792e+00 -5.576439243086509512e-01 -1.622824275254508564e-01 -1.748940748419253455e-01 6.360924596067136783e-01
2.754691987462014671e-02 -8.673855383157216270e-01 1.250696704346073052e+00 -7.308769443101211793e-01 -3.777099150940212147e-02 -2.638082004711994055e-01 6.941655413339782310e-01
2.942216080081600307e-02 -8.319108846662862655e-01 1.095022513623864269e+00 -7.373883173650513934e-01 3.420285855599310143e-02 -3.450174312471055438e-01 6.518557432679539243e-01
3.664602624578341961e-02 -6.702840771240544671e-01 8.356961167107237465e-01 -6.140542593402409377e-01 1.953410817235275154e-02 -4.269707055065229406e-01 5.549962805691199819e-01
2.313783112939200512e-02 -4.672157532154220250e-01 5.435740716213721679e-01 -4.576741364102288601e-01 -4.517813648870195459e-02 -4.559292370495324764e-01 4.613012374499380064e-01
-7.679238074010261150e-02 -2.933325515923005389e-01 2.597345343383219429e-01 -2.864400940420347985e-01 -1.110436821319474437e-01 -3.728712563021457926e-01 4.026913933639537646e-01
-3.124313525282332860e-01 -1.616520822362473575e-01 -1.380600229684881761e-02 -2.738782676022685769e-02 -1.711055402469101316e-01 -1.720352705053979359e-01 3.700223221316568112e-01
-6.533139431811018083e-01 -5.604163461563568122e-02 -2.837391215747524509e-01 3.528505500937931250e-01 -2.326765234375208768e-01 1.136890430692232140e-01 3.326726853615111223e-01
-1.008097944726303652e+00 3.121011021354951759e-02 -5.395459922234102645e-01 7.777523915004993516e-01 -2.747301405327365331e-01 4.502378241828251526e-01 2.698340862360862902e-01
-1.286189720014620619e+00 1.004058887225051239e-01 -7.553815339450852262e-01 1.111213230979681610e+00 -2.755463332810448862e-01 7.884305703619063355e-01 1.899386550362881787e-01
-1.412211193880505977e+00 1.586096333084069110e-01 -8.957379297746643765e-01 1.219568318714338462e+00 -2.601361220609861302e-01 1.035026416694124318e+00 1.209567383277571351e-01
-1.318157698970712444e+00 1.997735925503404120e-01 -9.051586145305146047e-01 1.007775019881145928e+00 -2.691358104984609145e-01 1.099506264925007359e+00 8.784196673932219424e-02
-9.906515744781221322e-01 1.757272749591838046e-01 -7.166823542105706935e-01 4.769435545162245549e-01 -3.005247973829597852e-01 9.677364180389593784e-01 1.156809965334587992e-01
-5.248763093827043535e-01 4.224514686152391896e-02 -3.071231836147362282e-01 -2.082780470328085276e-01 -3.229847135356687104e-01 6.964537495246169163e-01 2.154691247719157932e-01
-8.804799263857568392e-02 -1.720883946747771009e-01 2.622900819641098558e-01 -7.630614386482074130e-01 -3.199535348869922413e-01 3.594844566097966654e-01 3.513611863112006128e-01
1.765528791868732905e-01 -4.032111022332981465e-01 8.714226952225995193e-01 -9.773659508957293074e-01 -2.870265225167341061e-01 3.247830846784006270e-02 4.811472176266085587e-01
2.073488550017652254e-01 -6.319182335447887100e-01 1.384004065721395671e+00 -8.625778865080475644e-01 -1.952898101144977527e-01 -1.847771366819561112e-01 6.102943544610153204e-01
2.177095022024880949e-02 -8.615140810730829157e-01 1.661864156186786845e+00 -5.761535197015150711e-01 -8.513611574945900706e-03 -2.018000871595143075e-01 7.552613678150564835e-01
-2.984604798040358387e-01 -1.033178351659371996e+00 1.584321008493354555e+00 -2.516330746652407080e-01 2.418929997969938295e-01 -2.912469123587048403e-02 8.768253106914808415e-01
-6.180920049147003992e-01 -1.040349322411681987e+00 1.123590981986468673e+00 4.558379480923238636e-02 4.679462764028615718e-01 2.253857672907015330e-01 8.773259426185737730e-01
-7.977215125102367077e-01 -8.502082453564664410e-01 4.171799950478073393e-01 2.455067903571665766e-01 6.255207898188743787e-01 4.733242182789488273e-01 6.811907973765518598e-01
-7.825482390570774882e-01 -5.481702729316781930e-01 -2.913710655011358952e-01 2.836577201712779384e-01 7.284197865983786935e-01 6.984669785271723219e-01 3.123527804939373320e-01
-6.378571997115557446e-01 -2.401093576690327136e-01 -8.031969911263040496e-01 2.109089238549067546e-01 7.682403410874021343e-01 8.917193736526863868e-01 -1.312186159086907999e-01
-4.702699806551523531e-01 3.052723033326551830e-02 -1.037451291990454161e+00 1.717793976330283523e-01 6.971552716935828231e-01 1.002147317231204759e+00 -5.551749819837338285e-01
-3.263009755436551695e-01 2.537919895251835034e-01 -9.904854090838444147e-01 2.315676470707334067e-01 5.002803214432767209e-01 9.798294539103981071e-01 -8.943182152805037033e-01
-1.957482960717668030e-01 3.920762507929674290e-01 -6.827744440761894795e-01 3.102373099714189619e-01 2.408064810113934862e-01 8.317984722813581699e-01 -1.087444924848834260e+00
-8.756941744836087282e-02 3.837137754477282225e-01 -1.572598648441136948e-01 3.013347286596048669e-01 1.911871120318241191e-02 6.097920537026254584e-01 -1.074521312646425031e+00
-4.282097589823141010e-02 1.968476836627940652e-01 5.092987574377568771e-01 1.783558774941703118e-01 -9.958600290695433788e-02 3.580233781434677409e-01 -8.326976214488355232e-01
-7.405245164229790067e-02 -1.450584738597764101e-01 1.213388715408419305e+00 -4.090963136928563171e-02 -1.093094754680688369e-01 9.400337832237423696e-02 -3.951988396908567291e-01
-1.443067808420563647e-01 -5.785436640591761215e-01 1.836315853915899243e+00 -3.526349181606409644e-01 -3.307490499370385056e-02 -1.681002293261706915e-01 1.625423875821748465e-01
-2.143005572212527965e-01 -1.016336400241804050e+00 2.268778496271620870e+00 -7.294439166546463627e-01 9.221570121244755669e-02 -4.036763527596489709e-01 7.435230877377313474e-01
-2.733069120950758490e-01 -1.359563855550964151e+00 2.440434182522703388e+00 -1.081324502545529587e+00 2.035640175362583015e-01 -5.909573191811191561e-01 1.250179989430219241e+00
-3.167590453651196736e-01 -1.521284084190962504e+00 2.320338253755743541e+00 -1.308648385491802735e+00 2.346290154562730712e-01 -7.143959594730796558e-01 1.601575938437034052e+00
-3.253237628290072680e-01 -1.452595924544271000e+00 1.906971500482880444e+00 -1.363503659755543662e+00 1.679554672613189081e-01 -7.509013948945023609e-01 1.739455700829161344e+00
-2.819920279687495590e-01 -1.147102629983850930e+00 1.238149255494187306e+00 -1.226149584985536833e+00 3.600572815438642105e-02 -6.822789847621784087e-01 1.628674248883608122e+00
-1.944370833845875113e-01 -6.289136897002073345e-01 3.989497994874652842e-01 -8.605797552910551262e-01 -1.309618757208385054e-01 -5.274632792342839327e-01 1.265367198258658732e+00
-8.605691074414095754e-02 4.403773455129950803e-02 -4.910891656667440985e-01 -2.566580118360707319e-01 -3.220897496699199336e-01 -3.313464797212001822e-01 6.938005039330796819e-01
2.140056649363666560e-02 7.692111043669280779e-01 -1.300292481869876893e+00 5.005689888584540226e-01 -5.129131756002638376e-01 -1.229715685652008894e-01 9.151075214023635454e-03
1.024703854606285602e-01 1.421871069179015956e+00 -1.909707067154355009e+00 1.270247432821656197e+00 -6.612635609670393100e-01 8.492579465983775278e-02 -6.714463668217174330e-01
1.236311564889420456e-01 1.906027932683373782e+00 -2.246056372723168160e+00 1.953730454492427882e+00 -7.529188723891991897e-01 2.638066385680873926e-01 -1.246758281692492698e+00
6.092759833203844483e-02 2.178957965166898880e+00 -2.308855709705209591e+00 2.497254856745666718e+00 -8.173239352442170924e-01 3.732382284972851072e-01 -1.642704545380425651e+00
-8.762377298259746428e-02 2.230902304192931229e+00 -2.155131323582245795e+00 2.835582113354159439e+00 -8.769307861988646646e-01 4.043286444314888040e-01 -1.809119508229514395e+00
-3.147572700802972467e-01 2.072293112615741340e+00 -1.857867534836269652e+00 2.920232107807244848e+00 -9.116098903130004372e-01 3.934644212394780016e-01 -1.734758685039504478e+00
-6.088182241788017146e-01 1.747482537988984452e+00 -1.484687686557253805e+00 2.779750895895128249e+00 -8.916749026775615539e-01 3.823987092050891712e-01 -1.462683114549769403e+00
