-1.246913302959539394e+00 -3.245412667346690982e-01 6.816089569245126212e-01 1.319195542579743918e+00 -3.132341334392156895e-01 1.534845656172699968e+00 5.302795172686610714e-01
-1.003352486530234344e+00 -3.075494321271862730e-01 6.241644384401993095e-01 1.061094520042702216e+00 -3.359848598564597055e-01 1.352323167011627136e+00 2.319871395749583676e-01
-6.692693487414744791e-01 -3.027702736121020699e-01 4.785861886243113483e-01 6.597214751723390336e-01 -3.119482541950475141e-01 9.533958689433087441e-01 -5.829031006502684992e-02
-3.170845171137416929e-01 -2.816909725925782482e-01 2.685136974157023571e-01 1.602730504655080490e-01 -2.522972727572351803e-01 4.291426135765794014e-01 -2.787365598155857049e-01
-4.034782601318931926e-03 -2.038130689354447078e-01 4.921944968186762331e-02 -3.415786993647126901e-01 -1.625871704079802360e-01 -6.155729181504089598e-02 -4.130042046898034225e-01
2.480131419375211088e-01 -4.862183439963374543e-02 -1.426589874470103048e-01 -7.308358919860753478e-01 -5.156782609955676971e-02 -4.027537103792118156e-01 -4.712244760642259611e-01
4.266136494335776574e-01 1.632494311972496615e-01 -3.057671829677778841e-01 -9.106530413617972552e-01 6.399208933787980946e-02 -5.663664565590322830e-01 -4.384577806944306988e-01
5.228427630591196973e-01 3.640720477791795084e-01 -4.380590476156411839e-01 -8.460203194306983310e-01 1.893047083524407037e-01 -5.814824281304348252e-01 -2.801026110141273118e-01
5.440292973519811337e-01 4.604622018239680759e-01 -5.282934127734973950e-01 -5.984700844770893813e-01 3.548527214581037592e-01 -5.164669661323991745e-01 1.975751471950508084e-02
5.095128325074788078e-01 3.796413267878825937e-01 -5.851075757325032711e-01 -3.013739412979931642e-01 5.538617533626358780e-01 -4.693581559562787220e-01 4.280583851128103023e-01
4.371017746446657082e-01 9.837285693333584768e-02 -6.365507876572731316e-01 -8.599334806927060038e-02 6.988883299920647385e-01 -5.260242071918975748e-01 8.548583826979089251e-01
3.424026137714951123e-01 -3.570615404026346029e-01 -6.957028816477235367e-01 -2.686613235341947861e-02 6.716776133347198696e-01 -7.114139796988195874e-01 1.182415380499850510e+00
2.397535200375406350e-01 -9.164362945720103681e-01 -7.452377016212740068e-01 -1.332693857224581391e-01 4.007846165953449225e-01 -9.792902356738674152e-01 1.316092118559770485e+00
1.339936460681603325e-01 -1.479900527220253670e+00 -7.491420931842622810e-01 -3.688898283951473345e-01 -1.073163962277930844e-01 -1.245211334059524777e+00 1.222690642231552438e+00
1.569060389192897947e-02 -1.947837093764990923e+00 -6.676097800988086695e-01 -6.773725198223063959e-01 -7.664136806792695156e-01 -1.422596178190590033e+00 9.359704414242362436e-01
-1.317448005727972493e-01 -2.239585773807125424e+00 -4.718681457077306129e-01 -9.953094177610397608e-01 -1.426121460533279928e+00 -1.437267085923024101e+00 5.328734362100481237e-01
-3.125346867458728140e-01 -2.290848063219854236e+00 -1.603000861476713279e-01 -1.252115585718400093e+00 -1.924331740272475999e+00 -1.246933867077557379e+00 9.858444492225029721e-02
-5.054408735908594297e-01 -2.063273733750822014e+00 2.390854522875097421e-01 -1.373499581569443295e+00 -2.148123139123111702e+00 -8.609402614749712690e-01 -3.019806624971827502e-01
-6.760490770464465671e-01 -1.576795029482783717e+00 6.823270670762670020e-01 -1.297003022397681393e+00 -2.058948015702463774e+00 -3.347283012817464654e-01 -6.351125516339563015e-01
-7.967668784453195707e-01 -9.248646869449739238e-01 1.121879873474622036e+00 -9.988469685564521638e-01 -1.692141817898539236e+00 2.456265501451017075e-01 -8.893334984720890901e-01
-8.530956742478040811e-01 -2.405782685667355592e-01 1.514587753201093623e+00 -5.144557412599943813e-01 -1.140172294336397885e+00 7.884926098256437310e-01 -1.057150781776179826e+00
-8.402700474057658298e-01 3.648849220310481645e-01 1.825374921718265098e+00 7.666171255765596992e-02 -5.136849231457473186e-01 1.226220537740775551e+00 -1.121924617046937689e+00
-7.627043859946356363e-01 8.354187919959492614e-01 2.022221632167936711e+00 6.862362507359069941e-01 9.558709100587903240e-02 1.512983982654254378e+00 -1.056571848953098636e+00
-6.387793514886648261e-01 1.163904959500831948e+00 2.067125957159646976e+00 1.236695691700516075e+00 6.295766961200124356e-01 1.611478016506663113e+00 -8.380375037625941159e-01
-4.982894786098227558e-01 1.378207514450876081e+00 1.917695239863373979e+00 1.663567912036496343e+00 1.059338476345011992e+00 1.509872679287790787e+00 -4.750069925750596833e-01
-3.674557821277654734e-01 1.520663728298236705e+00 1.552936843025200853e+00 1.916509704276349479e+00 1.370750939370187771e+00 1.246111787535339577e+00 -2.779672921271285693e-02
-2.604440088871989301e-01 1.624710667779849960e+00 1.001004178673395195e+00 1.969026695854312115e+00 1.552495117877936259e+00 9.108625725292944786e-01 4.063473797368934437e-01
-1.838462771300300169e-01 1.705297709516494731e+00 3.472159257753346662e-01 1.832431413894774375e+00 1.588804290100457095e+00 6.337159364729454403e-01 7.295763037874416490e-01
-1.372976747796080255e-01 1.750282150517096902e+00 -2.631667660864749347e-01 1.561404944943573625e+00 1.457763062290646339e+00 5.542870619704181046e-01 8.603960593511332799e-01
-1.123500104175663289e-01 1.710437597087074657e+00 -6.533419662951294171e-01 1.233367010054515323e+00 1.148239522109345767e+00 7.620874459348014884e-01 7.556629640928410607e-01
-1.019270257828347320e-01 1.516850302818739671e+00 -7.090599585142134398e-01 9.014940080495248420e-01 6.983761520280623580e-01 1.211253677233836257e+00 4.738105420398365242e-01
-1.088987290675200725e-01 1.143152062389444668e+00 -4.848590029666060564e-01 5.670970460289012083e-01 2.194630695722998848e-01 1.683526474252645899e+00 1.954385515296367948e-01
-1.340206610420043021e-01 6.624170114301882739e-01 -2.237426925940037559e-01 1.883080043483138233e-01 -1.461633869365080440e-01 1.867000725082027524e+00 1.047870577802093722e-01
-1.460581617104297070e-01 2.117660242709873131e-01 -1.947430316886182289e-01 -2.710020311230456613e-01 -3.106215799063846150e-01 1.547113103997457939e+00 2.107847625071579689e-01
-7.956873696383250094e-02 -8.677606380055180590e-02 -4.433664256379856172e-01 -7.338749134970682375e-01 -2.764673288648342719e-01 8.079631459566724017e-01 3.272547390961115243e-01
1.103379920085372362e-01 -1.550063031108633582e-01 -7.755658440087174199e-01 -9.914049137361068409e-01 -1.080832771289281929e-01 9.536447107605357330e-04 2.574021150309363515e-01
4.028329897896257283e-01 2.013074628713756517e-02 -9.851746242866197267e-01 -8.800709847893353199e-01 1.178602272954134278e-01 -5.561358962362051850e-01 -4.704051279850642725e-02
7.415427435787012023e-01 3.809347234454413256e-01 -9.968399169252994962e-01 -4.256647887377061346e-01 3.712863384914591447e-01 -7.798251494462572486e-01 -4.871376358957191788e-01
1.083722175396087506e+00 8.491268532616624842e-01 -8.410414806919348507e-01 2.104066527249882634e-01 6.724497867039629373e-01 -7.391599028597981569e-01 -9.167272409123420340e-01
1.391788145450015168e+00 1.345529235141792679e+00 -5.883151355271737382e-01 8.466312921298831951e-01 1.008443037898450800e+00 -5.112456577113451139e-01 -1.247938663323733932e+00
1.602516049962523281e+00 1.768313166516852553e+00 -3.058947177297073883e-01 1.343962397677562093e+00 1.285223560636695961e+00 -1.390336949022484281e-01 -1.465984541550714448e+00
1.643445766207533687e+00 2.007419929072408848e+00 -4.842432764040659199e-02 1.617421406474604861e+00 1.393043678511668881e+00 3.310449262872540710e-01 -1.564195879295522396e+00
1.482615872242867727e+00 1.989068550447710582e+00 1.365421062601101243e-01 1.625864656571137656e+00 1.296517663664380260e+00 8.163887094998611982e-01 -1.520143790079355295e+00
1.147844362792978412e+00 1.704277859227938619e+00 2.111645765528535890e-01 1.373402544202613207e+00 1.044166673004036650e+00 1.225654833202400429e+00 -1.338494785703715495e+00
6.963980643832552442e-01 1.203384657624027687e+00 1.621103358184327603e-01 9.186695137255681542e-01 7.008916859385624365e-01 1.506946331545746087e+00 -1.074519509723101063e+00
1.818531346697632167e-01 5.736430737236529742e-01 1.292436817959093098e-02 3.632115972845518792e-01 2.987176911788337330e-01 1.660320132465899157e+00 -8.013215448750051761e-01
-3.498174786038177331e-01 -8.670800023645494625e-02 -1.801682069908292771e-01 -1.859883385652912613e-01 -1.368796211379228467e-01 1.722791889594189385e+00 -5.661357189348124042e-01
-8.508370497386346099e-01 -6.959625415631676137e-01 -3.520239805613097350e-01 -6.554338031631562478e-01 -5.458710689238749358e-01 1.734748845922838623e+00 -3.722569407795957019e-01
-1.262275848429643910e+00 -1.189318291898502800e+00 -4.686343811499852352e-01 -1.011085379987108457e+00 -8.492270048786708658e-01 1.697830298475551114e+00 -1.939282528658468618e-01
-1.521722416764184072e+00 -1.504645185738521240e+00 -5.413870102278195429e-01 -1.234900755879730028e+00 -1.003187280043014828e+00 1.581219754730143867e+00 -1.724250144768249560e-02
-1.593603995272255158e+00 -1.600602289383264099e+00 -5.911122216685981146e-01 -1.315914655392588228e+00 -1.023730023367885655e+00 1.373527279529766387e+00 1.359800364586915000e-01
-1.487112036400118464e+00 -1.479008967799171126e+00 -6.161220325756923133e-01 -1.259587658937235899e+00 -9.609088238534783111e-01 1.105660353082223768e+00 2.307635543916931042e-01
-1.242369043153597863e+00 -1.172603523900356048e+00 -5.989018791321276680e-01 -1.082532837029938078e+00 -8.700930649248621584e-01 8.226295958095325433e-01 2.520949655254056676e-01
-9.064325794616112653e-01 -7.271275128965924983e-01 -5.164810407055023811e-01 -8.042226532994622978e-01 -7.947810692181499492e-01 5.502445061405636384e-01 2.140101931914722699e-01
-5.186899585308722971e-01 -2.006203473346005184e-01 -3.380554191210891624e-01 -4.607646785974926495e-01 -7.406444976983529438e-01 2.881394125931479033e-01 1.534729365314517480e-01
-1.045791221403904458e-01 3.357880496012971561e-01 -3.426171360942117938e-02 -1.138023430752414522e-01 -6.709974224419554822e-01 1.164096618667181428e-02 1.132779432353467064e-01
3.183302785349103048e-01 8.055855783748743226e-01 4.046697608063535845e-01 1.750223826954636352e-01 -5.499769496368822619e-01 -3.100257507692233960e-01 1.154428319382709150e-01
7.221183656456586775e-01 1.139972280109901037e+00 9.613919126841035112e-01 3.732127890875018839e-01 -3.794167269447942803e-01 -6.698976717996646402e-01 1.558416777718348856e-01
1.063829132768527641e+00 1.296098887661010890e+00 1.587136425804339890e+00 4.751606890378725079e-01 -1.894224376814740429e-01 -1.006799318936740573e+00 2.274999553362488103e-01
1.305296244500453229e+00 1.272903407014615018e+00 2.198884397249685652e+00 4.870209220815707729e-01 -1.824544717999252580e-02 -1.242666247794431245e+00 3.305195748373631615e-01
1.429795559852077069e+00 1.105711689517398622e+00 2.697536924689071025e+00 4.188322302117976070e-01 1.017313572362986279e-01 -1.324868132600646842e+00 4.611464547201283293e-01
1.433413924895842628e+00 8.402767707169589428e-01 3.005480803132702050e+00 2.790161703583416419e-01 1.664995130031808601e-01 -1.231603992845624163e+00 6.181744440389947970e-01
1.320709053778111874e+00 5.176231616211538489e-01 3.086956689031160828e+00 6.965191085522018377e-02 2.162882337724715276e-01 -9.734886850867748853e-01 8.150718739488186371e-01
1.121692674946552559e+00 1.874871124781713472e-01 2.930124438676399379e+00 -2.118648448370147597e-01 3.131711525073623825e-01 -6.158539753982728016e-01 1.059512126653670228e+00
8.850810750176743014e-01 -8.492196053567782621e-02 2.530786226410156381e+00 -5.587455345417430275e-01 4.829133249800314220e-01 -2.665357501977472787e-01 1.321750085065245051e+00
6.452178926275352611e-01 -2.511912873207644004e-01 1.913996444542059194e+00 -9.392636525758440991e-01 6.883408535507086201e-01 -1.641730423836805855e-02 1.534619987850728950e+00
4.138518818237184593e-01 -3.119144673742456075e-01 1.154188473369086587e+00 -1.300881985463839596e+00 8.723115579623310634e-01 1.010195714664902933e-01 1.624216218508283127e+00
1.996803777104857180e-01 -3.042719287932070804e-01 3.578885115931701444e-01 -1.588733907923543187e+00 1.005151045516203379e+00 1.048852495834973336e-01 1.537026674731786668e+00
2.130598765065891062e-02 -2.679218607319318046e-01 -3.696827388696639627e-01 -1.761529553316025787e+00 1.083515441848978522e+00 4.184151935462104843e-02 1.252024706904246498e+00
-9.852998095000264911e-02 -2.319061686932712141e-01 -9.527642980549060336e-01 -1.804429605222766630e+00 1.104591581725349769e+00 -4.487149776956398523e-02 7.966594295622940747e-01
-1.417550903857138778e-01 -2.191392696498990766e-01 -1.357719529186922180e+00 -1.726650171312900994e+00 1.057943144276802583e+00 -1.400168819645256912e-01 2.555657121089526251e-01
-9.568805629232787768e-02 -2.446151515120107145e-01 -1.580367742589623870e+00 -1.539327569868724543e+00 9.434817316624267702e-01 -2.521288043063307782e-01 -2.577188514131499297e-01
4.413635053960051485e-02 -3.142343924533880783e-01 -1.625831409996716825e+00 -1.254936555289081657e+00 7.824711811813260809e-01 -3.899561028542787300e-01 -6.461302168740821195e-01
2.670868771462702185e-01 -4.259108802004507588e-01 -1.513825299414671477e+00 -9.118133707760566198e-01 6.030627948598438204e-01 -5.551480765374764426e-01 -8.536621369288625027e-01
5.483209842536888035e-01 -5.623419148162132064e-01 -1.296173911831290049e+00 -5.745388784515939040e-01 4.190605951681558028e-01 -7.514370196993429563e-01 -8.726274040162812495e-01
8.544682845848826647e-01 -6.874777058607286495e-01 -1.049945353710944884e+00 -3.084228096487939830e-01 2.218896495991617146e-01 -9.821596422279676997e-01 -7.413163952662122913e-01
1.144124100534770205e+00 -7.533561002845683419e-01 -8.534452290228080606e-01 -1.592972472867381362e-01 -1.063341321467100795e-02 -1.235120748198951457e+00 -5.205934453956209129e-01
1.371624076643641832e+00 -7.170077020135787738e-01 -7.650785617890207835e-01 -1.474512668762930911e-01 -2.993742013158657289e-01 -1.484686290431003419e+00 -2.631670398660501120e-01
1.497550541164829552e+00 -5.709250989155967293e-01 -7.981075325186698377e-01 -2.708341437536408436e-01 -6.430385248408365673e-01 -1.703107749055994047e+00 -7.647801525201950584e-03
1.492795119810810256e+00 -3.675573575724120912e-01 -8.935169202584293258e-01 -5.106847869790875905e-01 -9.923609375534048205e-01 -1.844570547557257800e+00 2.037760549619148653e-01
1.343103986824789153e+00 -2.023184827985768652e-01 -9.296860570583472816e-01 -8.331649679304934386e-01 -1.255032111057091226e+00 -1.835626195131667249e+00 3.162569660340405764e-01
1.062411669990817265e+00 -1.571224747777127673e-01 -7.839257842205875626e-01 -1.183063757731130705e+00 -1.342945886694768776e+00 -1.614750602713220795e+00 2.819651438832660451e-01
7.026206802828016684e-01 -2.552665837696505013e-01 -3.999397039197510884e-01 -1.479754932803861500e+00 -1.216270898014847335e+00 -1.191846190254986393e+00 8.942782828798151451e-02
3.467897928933934559e-01 -4.577711337918747292e-01 1.802376814625279156e-01 -1.635631999378367452e+00 -8.986045452509224818e-01 -6.741459230126169988e-01 -2.224566629705184428e-01
7.920816853027937143e-02 -6.812285278462426596e-01 8.212072777556705949e-01 -1.600120628911402942e+00 -4.712709006035924464e-01 -2.222883524130420396e-01 -5.583456903324492959e-01
-4.189618389550006650e-02 -8.019777145346498326e-01 1.309834597173267445e+00 -1.391509067761834695e+00 -5.935887110619967461e-02 2.658405948113035794e-02 -7.723328833432848706e-01
1.142581440226613562e-03 -6.881895198340161057e-01 1.413872067066106686e+00 -1.075336640724124493e+00 1.953760495064484626e-01 1.951479365841059938e-02 -7.214061065753785140e-01
1.541820444544307056e-01 -3.381586706156429201e-01 1.052318568341939597e+00 -7.196995097947678222e-01 2.060137608183695845e-01 -1.637810601098984298e-01 -3.709862533386237282e-01
2.961545184575995471e-01 3.035410133184331810e-02 4.125930582504004351e-01 -3.811181722912258540e-01 -1.758259347197618609e-03 -3.497299254870100405e-01 1.385721580342675618e-01
3.189834780886866006e-01 1.349660899533612068e-01 -1.968718024112980358e-01 -1.163503223039211304e-01 -3.311503001187552919e-01 -4.290077330521305798e-01 5.855691412346871738e-01
1.852287508873641242e-01 -1.362463482582355889e-01 -6.012950089817844512e-01 1.431271336975812637e-02 -6.823360574098976672e-01 -4.599628661901817850e-01 8.443083564040142486e-01
-7.980572524055289108e-02 -6.661295655363310697e-01 -8.445141585961616348e-01 -3.892593576751775253e-02 -9.796763029686775814e-01 -5.988617231999455726e-01 9.205306668136872261e-01
-4.235112128198848525e-01 -1.241486031835911330e+00 -1.043510897041419083e+00 -2.835188301015490464e-01 -1.197484805462153634e+00 -9.180469265121466993e-01 8.460210175451616799e-01
-8.078615120285247420e-01 -1.695836176859674582e+00 -1.207773451452468505e+00 -6.271627738035014943e-01 -1.374903791950090381e+00 -1.286308604536370082e+00 6.310184627381210110e-01
-1.220602923393352857e+00 -1.942711864298467983e+00 -1.252197030540886269e+00 -8.827281195464493635e-01 -1.568563258973989516e+00 -1.472872132301368486e+00 3.088574200874991127e-01
-1.643231222426807747e+00 -1.976857568065681470e+00 -1.107327926159526799e+00 -8.982832703502239280e-01 -1.755287443118294988e+00 -1.344481947042599490e+00 -3.467662129108796398e-02
-2.021719181266262044e+00 -1.862141938912056149e+00 -7.608998085279222723e-01 -6.685867471844604282e-01 -1.799461825567117534e+00 -9.211460906197190823e-01 -2.852950828937196870e-01
-2.284539513553574874e+00 -1.671358192780302510e+00 -2.780288799665432964e-01 -3.185355897996795527e-01 -1.574094225444783168e+00 -3.181100636743603438e-01 -3.609311830457812564e-01
-2.385435583308117113e+00 -1.453687171411396584e+00 2.129113280391645158e-01 -1.087989003502561926e-02 -1.096912296951529697e+00 3.311007361958194228e-01 -2.705797581805630125e-01
-2.310443505593726243e+00 -1.244843408430399645e+00 5.968214462817473809e-01 1.401391054213645126e-01 -4.955682808737903455e-01 9.398965822250462399e-01 -1.058442226043248280e-01
-2.046883623863264390e+00 -1.053454404342989426e+00 7.906053878732375306e-01 8.658387396442578099e-02 1.154526703137687543e-01 1.436185983898393692e+00 3.014760449620342356e-02
-1.569539200234478793e+00 -8.377001724519701487e-01 6.926565844094449975e-01 -1.748648060853203179e-01 6.632209443842856933e-01 1.669154797873438456e+00 7.265033974868029265e-02
-8.807868997341180561e-01 -5.274735553396441290e-01 2.052764629893453485e-01 -5.787052446263879490e-01 1.058540351019217507e+00 1.447626098361921354e+00 -5.309356752368515897e-03
-6.259236947699906017e-02 -8.242416167126051518e-02 -6.491804130366929382e-01 -9.481825574718688587e-01 1.185816296808968051e+00 7.109845983294251770e-01 -2.066244790555632482e-01
7.188105472146008035e-01 4.577078001747149072e-01 -1.643038505712965280e+00 -1.044087667383082785e+00 9.807660839293917965e-01 -3.645878794379118215e-01 -5.147031960649005589e-01
1.249313657895219087e+00 9.470915157358579251e-01 -2.391590485276419820e+00 -7.245718624785870698e-01 4.882875389215982631e-01 -1.425082319483337301e+00 -8.738539734548413929e-01
1.249313657895219087e+00 9.470915157358579251e-01 -2.391590485276419820e+00 -7.245718624785870698e-01 4.882875389215982631e-01 -1.425082319483337301e+00 -8.738539734548413929e-01
9.483746253272153925e-01 9.080441649630850431e-01 -2.094292586624642460e+00 4.749176851514338438e-01 -8.719691593202001378e-01 -2.244953730253344215e+00 -1.167957541803301691e+00
9.483746253272153925e-01 9.080441649630850431e-01 -2.094292586624642460e+00 4.749176851514338438e-01 -8.719691593202001378e-01 -2.244953730253344215e+00 -1.167957541803301691e+00
-8.687010343093128917e-01 -1.171359650287986387e+00 3.452301879511185945e-01 3.099271948708195445e-01 -1.637632434049406838e+00 -6.580189320037493905e-01 3.608363144231106490e-01
-8.687010343093128917e-01 -1.171359650287986387e+00 3.452301879511185945e-01 3.099271948708195445e-01 -1.637632434049406838e+00 -6.580189320037493905e-01 3.608363144231106490e-01
-9.309451593050600549e-01 -1.360968770323814026e+00 7.700748274129607385e-01 1.142901001810333744e-01 -1.112562804549551920e+00 -1.464462236656354499e-01 7.636954861334951383e-01
-7.729725224626354807e-01 -1.217810126189376563e+00 9.303827527268284658e-01 3.685211559084405203e-02 -3.169055877945037292e-01 2.560729194653873497e-01 9.163801344261366388e-01
-5.713184714819096177e-01 -9.079512443752209006e-01 8.792090639463617796e-01 3.577346378729240328e-02 5.579505520769340032e-01 5.930797835397033646e-01 8.660814427251327663e-01
-4.410688014793749390e-01 -5.826759522494285859e-01 6.962293376498853714e-01 6.461410964562840087e-02 1.346555006635349550e+00 9.001957845048341733e-01 6.880894602944727101e-01
-4.123406790423904678e-01 -3.483937803235325203e-01 4.697804160853384925e-01 8.514655165047226026e-02 1.950925652594547310e+00 1.166597632706248611e+00 4.584500828630412306e-01
-4.499994394720986945e-01 -2.527527692238720203e-01 2.580838448279630937e-01 5.960530249831294536e-02 2.348090055579571622e+00 1.328263618961112780e+00 2.476699577866383339e-01
-4.839674129600703423e-01 -2.712208252236514849e-01 7.245560288180707964e-02 -3.065847695103993131e-02 2.552370769081696800e+00 1.314757740485232640e+00 8.318269731088265284e-02
-4.459926965036609126e-01 -3.267493532327152561e-01 -9.552192321478572556e-02 -1.559352009762018931e-01 2.565321688124475141e+00 1.112594506328882460e+00 -7.717784254712724279e-02
-3.051200753145812405e-01 -3.283928021585865165e-01 -2.501287897794234327e-01 -2.383137562719105929e-01 2.368534296961556596e+00 7.883730134884086027e-01 -3.003280886641884195e-01
-6.950048927090447803e-02 -2.020526537050754134e-01 -3.906180191387854661e-01 -1.918980038996784820e-01 1.952141501916829114e+00 4.413845180930479062e-01 -6.187611184767024541e-01
2.444736112043580101e-01 8.525873205773937258e-02 -5.109846763523541169e-01 2.806277729808984850e-02 1.342063383840756519e+00 1.319340767534529502e-01 -1.021327781235930487e+00
6.292059403271151874e-01 5.055730056481408941e-01 -5.970068708321443207e-01 3.923400942589379548e-01 6.212492054554304977e-01 -1.409834090152539687e-01 -1.462491508760196846e+00
1.072216068078451823e+00 9.745891832618417405e-01 -6.366643283711375112e-01 7.948475144032851603e-01 -7.659214190915800136e-02 -4.183125023685480559e-01 -1.865606385502921238e+00
1.533349889844603631e+00 1.392729391037845765e+00 -6.400504555275398078e-01 1.098945632961233931e+00 -6.340441591698411372e-01 -7.440567589852786767e-01 -2.145224085686973758e+00
1.937875132209264439e+00 1.683589123681937583e+00 -6.344526135455254012e-01 1.204345799170709386e+00 -1.018216131282839054e+00 -1.119925877358382893e+00 -2.245505660637124645e+00
2.201721150257877735e+00 1.799544319005248028e+00 -6.398503424616400759e-01 1.079087246429131230e+00 -1.273036095445567950e+00 -1.496723116023742195e+00 -2.163128772842960679e+00
2.267923465602661448e+00 1.719804522854902595e+00 -6.583215603364114266e-01 7.587673979001059443e-01 -1.467694912373940008e+00 -1.806062481773557993e+00 -1.941854660853778780e+00
2.117894925511537352e+00 1.456227527961565515e+00 -6.750138013984633423e-01 3.354448205063773614e-01 -1.659031127857537813e+00 -1.982313910788119582e+00 -1.637374052697754712e+00
1.765061123795869769e+00 1.045748375513916972e+00 -6.607101164839179752e-01 -7.834887783158903107e-02 -1.865072001660534662e+00 -1.985874210735255829e+00 -1.276757935937540500e+00
1.251082731899677558e+00 5.361075616646527875e-01 -5.880340174017213428e-01 -4.062328131827177002e-01 -2.044574960468250158e+00 -1.830619409732640701e+00 -8.565386962086446454e-01
6.329266892030745995e-01 -1.340127851772269368e-02 -4.561071310782319199e-01 -6.299316272837224284e-01 -2.117486104350402965e+00 -1.566590259180894007e+00 -3.786314155660587266e-01
-4.190952517303995345e-02 -5.367789770972685170e-01 -2.887555472883330254e-01 -7.538328497297236419e-01 -2.028436967330926599e+00 -1.231775191037408845e+00 1.221016098775229292e-01
-7.444138923681422604e-01 -9.790434132848666593e-01 -1.148072157634199980e-01 -7.670852562571458533e-01 -1.785932763854513938e+00 -8.351389936409632231e-01 5.896157299201569835e-01
-1.447172885376869944e+00 -1.308458025991907636e+00 4.193571640576989473e-02 -6.468692681619103713e-01 -1.441874404339810178e+00 -3.752483284132874242e-01 9.750320432586665476e-01
-2.104128067051347362e+00 -1.517766141059958773e+00 1.713513794251309286e-01 -3.798132147133425063e-01 -1.055764093230307843e+00 1.408804503205603187e-01 1.246095571382773493e+00
-2.645354709214159161e+00 -1.606285593170502013e+00 2.779425133340394649e-01 2.728660812507629693e-02 -6.798911840626082892e-01 6.891394846643997818e-01 1.385728868094159072e+00
-2.985737239549776767e+00 -1.558612944691030622e+00 3.663360838212655901e-01 5.418183270517293870e-01 -3.528352853646729570e-01 1.221289492812010158e+00 1.393470380819921361e+00
-3.042250841687221374e+00 -1.354447735791017404e+00 4.325874057704627851e-01 1.088562307829335829e+00 -8.357865225652857943e-02 1.659405113265188803e+00 1.281913798765278223e+00
-2.764496121041461585e+00 -9.943748331877410029e-01 4.667596365260815450e-01 1.545482866991610971e+00 1.490312435251675283e-01 1.905326562719334982e+00 1.076519934238931775e+00
-2.174679359866825479e+00 -5.036806043049962822e-01 4.572007877695222766e-01 1.794655707696782176e+00 3.484597267597269177e-01 1.880280289655655857e+00 8.228600257186995393e-01
-1.374958706808949493e+00 7.764140144573584978e-02 4.034856404423263210e-01 1.784419953814212922e+00 4.640267165600926447e-01 1.575290905140711573e+00 5.767154513252915615e-01
-5.017022206140894225e-01 6.994137270448466115e-01 3.238455435530416260e-01 1.531661556459500861e+00 4.335964658331029065e-01 1.060092026622063699e+00 3.817490360689572149e-01
3.273565097231450616e-01 1.309638464303427341e+00 2.360331996187939596e-01 1.101458619392850391e+00 2.456700745780459605e-01 4.425215155394138233e-01 2.593734048398281811e-01
1.042893254421945137e+00 1.866659626565311036e+00 1.410999094924361430e-01 6.112008445522736366e-01 -5.306094007537181384e-02 -1.832271052788906895e-01 1.991071906486862886e-01
1.627768568313338271e+00 2.336558349724623618e+00 3.511029771061715404e-02 2.087724859132966959e-01 -3.854272317791216373e-01 -7.582336633117355840e-01 1.534593156865526054e-01
2.086410850063993738e+00 2.679989138099767576e+00 -6.647404903264000908e-02 3.707925522540908049e-03 -6.593179284440024990e-01 -1.222270294904318488e+00 6.303819338353346124e-02
2.409910419046422003e+00 2.854658970571170684e+00 -1.181384738625113201e-01 2.782545894928473498e-02 -7.754706866844345292e-01 -1.475698460256015476e+00 -1.074961730477631827e-01
2.575566638392667418e+00 2.834386677069592242e+00 -7.222717783903637168e-02 2.481967034307864806e-01 -6.697655307588102902e-01 -1.429183895064788157e+00 -3.439186557072484995e-01
2.565376952006062528e+00 2.623740937340029333e+00 7.256502495923032592e-02 5.826326687147097561e-01 -3.665016658756385382e-01 -1.087560876729746662e+00 -5.723695996002675646e-01
2.374285473020899317e+00 2.253276172308687819e+00 2.678329525369774200e-01 9.213579294398330788e-01 3.745665868774709223e-02 -5.473717711459684665e-01 -6.894021407169437232e-01
2.012629685579874650e+00 1.756033796168353867e+00 4.595097190873328463e-01 1.169464374729898726e+00 4.463288104402469703e-01 6.266203712761994615e-02 -6.180397957416955412e-01
1.508906496802520980e+00 1.151784475264555851e+00 6.073573057845610412e-01 1.275336017808018640e+00 8.096266646026264446e-01 6.104998362863693906e-01 -3.374636937592928598e-01
9.037809090044898186e-01 4.572018405311617517e-01 6.758711781028078347e-01 1.220894503222289318e+00 1.118281718229752197e+00 9.825841328666258256e-01 1.201723508028283705e-01
2.488905141956296585e-01 -2.921437826625132850e-01 6.398653352671298533e-01 1.004273015416788484e+00 1.384651349676944809e+00 1.120046635794347711e+00 6.741825781278629748e-01
-3.807838914868610924e-01 -1.030160224941255587e+00 5.002823153174240645e-01 6.524914748998418279e-01 1.616142835810479461e+00 1.031604582461735919e+00 1.198694194076096897e+00
-8.907294449486548027e-01 -1.659395573108352950e+00 2.841329305275020478e-01 2.431387339540508896e-01 1.788508434474934239e+00 7.782082248067410113e-01 1.555227776797697192e+00
-1.191241853982049959e+00 -2.055181026692299184e+00 2.839760366746969800e-02 -1.004441576290124732e-01 1.836597364855728998e+00 4.467613990172099592e-01 1.638524481702049451e+00
-1.219562723345761768e+00 -2.101422472524359097e+00 -2.121859343528028907e-01 -2.358571105431520598e-01 1.683809922034043671e+00 1.388452149129894009e-01 1.385012916461077381e+00
-9.662528608903139249e-01 -1.748632577854603687e+00 -3.628592962625069029e-01 -5.139962844408545173e-02 1.294431424588548873e+00 -3.922479507900177714e-02 7.915783559911652167e-01
-5.069135603976938631e-01 -1.038802284033396361e+00 -3.925023325193786050e-01 4.527280888559685468e-01 7.061748730133602381e-01 -3.098498191736291998e-02 -9.156841874918148980e-03
3.815754790201910177e-03 -1.001855373570344210e-01 -3.489362263862596514e-01 1.116381340308008729e+00 4.188635424768210463e-02 1.308716820330323161e-01 -7.604147997292746153e-01
4.014254362154069389e-01 8.776365329144157901e-01 -3.061813454743974039e-01 1.693328265061338822e+00 -5.167873152907340728e-01 3.659733118903663596e-01 -1.244128792804402472e+00
5.876892119912450196e-01 1.700853374468977330e+00 -3.009602799018084029e-01 2.011469127667673273e+00 -8.180495467316292180e-01 6.270153429154624591e-01 -1.399637217327739158e+00
5.536175459227978823e-01 2.220237267568994977e+00 -2.978398157010531677e-01 2.065374766447214849e+00 -8.133810921959632179e-01 9.388846901484450003e-01 -1.287478205405347520e+00
3.628779561843053503e-01 2.351152415006178664e+00 -2.222248609274287134e-01 1.950925359668851611e+00 -5.463579345691904621e-01 1.324610780926366527e+00 -9.960961322613378632e-01
1.256640274336571772e-01 2.099308446123570704e+00 -5.108342270095649756e-02 1.735763186686878567e+00 -9.903077225155401675e-02 1.696533721560292252e+00 -5.973414683433320160e-01
-3.735886067740114280e-02 1.580745913714251660e+00 1.486072537138583838e-01 1.420350195367277024e+00 4.328396696308901004e-01 1.874209508397714607e+00 -1.630058484365879967e-01
-5.003164243165693359e-02 9.824020432857722973e-01 2.766931754460263959e-01 1.006760500988345131e+00 9.214949502416152072e-01 1.717979623767367237e+00 2.219927701405931264e-01
7.694295344640553203e-02 4.731547342207502727e-01 2.854107270877751512e-01 5.602389171564615689e-01 1.216586773930108611e+00 1.236952540428763125e+00 4.857033743659966984e-01
2.647870502214284549e-01 1.463083618011716269e-01 2.003451330081568171e-01 1.837809478593552259e-01 1.221351912006673146e+00 5.718351519775284331e-01 6.035159339203995943e-01
4.221988347062592406e-01 2.528383382991194334e-02 6.600262615984080206e-02 -5.837277821083593915e-02 9.540277951702058612e-01 -1.144581778509683040e-01 6.104351447515518059e-01
4.815055081866311260e-01 8.743582034876952458e-02 -9.821523272273198490e-02 -1.773626411605561115e-01 5.198996673286931935e-01 -7.142581548784737722e-01 5.715076778595368223e-01
4.082881358779046899e-01 2.764805707161310799e-01 -2.857267211687042896e-01 -2.161534887276340133e-01 2.924643668701270779e-02 -1.172589165151583845e+00 5.246731768553550834e-01
1.984295359419689375e-01 5.072462371635652056e-01 -4.684103614920334668e-01 -1.920185352220664388e-01 -4.477767208956359157e-01 -1.455162993249815795e+00 4.642980106528006301e-01
-1.256739546675288699e-01 6.741701871167078419e-01 -5.832929241346104243e-01 -1.010559520306986564e-01 -8.621344391921357264e-01 -1.537489985756845146e+00 3.794344823757708207e-01
-5.109535815353423160e-01 6.849106600051747540e-01 -5.645389105601616997e-01 4.297299760367967458e-02 -1.165937358770361865e+00 -1.431599629380354566e+00 2.826573028256484932e-01
-8.777615517556560665e-01 5.111363758634069887e-01 -4.007649393623204381e-01 2.006829708070953233e-01 -1.334466536870391407e+00 -1.206523518358537439e+00 1.987997144047255749e-01
-1.148156836549701465e+00 2.066795923572015137e-01 -1.539598769567158409e-01 3.411477537461968246e-01 -1.399142664614793752e+00 -9.531701796988814035e-01 1.394000249950408943e-01
-1.275310350671018833e+00 -1.309039201357299620e-01 9.017621321536536949e-02 4.757554774096485195e-01 -1.434805164572099390e+00 -7.288671959292220004e-01 9.397530438877080283e-02
-1.247355460468476451e+00 -4.211464287558858710e-01 2.966154646560440478e-01 6.429556824405640025e-01 -1.497139554995817523e+00 -5.379339994422248639e-01 4.506930009877858911e-02
-1.073051314669154710e+00 -6.260643519785079603e-01 4.997542241746873448e-01 8.612101713554842775e-01 -1.574518307787750704e+00 -3.585185614755966865e-01 -7.500065359639774762e-03
-7.732470317758148859e-01 -7.299264883066240994e-01 7.440432597131727555e-01 1.097132275596579332e+00 -1.588474342155952401e+00 -1.881540697980182697e-01 -3.392423263416308177e-02
-3.950371334203376938e-01 -7.237386883559366879e-01 1.022916180406732822e+00 1.260032255554277780e+00 -1.438450794830886892e+00 -6.105591086741658097e-02 1.266245908604021059e-02
-2.769998583122129654e-02 -6.186829888541904854e-01 1.292210139516757561e+00 1.240734934328642236e+00 -1.076280923642335408e+00 -4.725754179062189968e-03 1.567880621518444595e-01
2.373566128213851489e-01 -4.527963995638316641e-01 1.513030321229860364e+00 9.863447943361387527e-01 -5.492009273040854289e-01 1.237261429828598845e-02 3.612431958575667013e-01
3.759354985277179595e-01 -2.645142012536764176e-01 1.629508416214020539e+00 5.393049320116908296e-01 1.881871861575395988e-02 4.689896703152354046e-02 5.435526895059042962e-01
4.263928961129727080e-01 -7.450635365796381970e-02 1.561592977521677916e+00 9.629061084799670281e-03 4.919845708149734320e-01 1.231312394806497734e-01 6.322386751796692517e-01
4.322267882527243144e-01 9.935999612567020245e-02 1.288476807055160434e+00 -4.822299728704569355e-01 8.049291284422485093e-01 2.397666940674891833e-01 5.978636653194431272e-01
4.255002160957189750e-01 2.418680116542201997e-01 8.698391359553098168e-01 -8.578872631022665951e-01 9.880990223828637342e-01 3.662862264867892126e-01 4.623233716689277850e-01
4.379618232381236598e-01 3.542758459160763040e-01 3.759770009341781849e-01 -1.097692991575121235e+00 1.115749155638374956e+00 4.347369651769483201e-01 2.754041968527139450e-01
4.921994996106623943e-01 4.419479460581031138e-01 -1.301981799881492818e-01 -1.205708253487552284e+00 1.239529807913914983e+00 3.962045396187888202e-01 6.063332455300571300e-02
5.866738235809985103e-01 4.991857747794148370e-01 -5.755464884694648786e-01 -1.170936427146803904e+00 1.361555197540105899e+00 2.714992169718271620e-01 -1.911920353819272778e-01
6.932661288842389968e-01 5.131513297731473688e-01 -8.930840913409666681e-01 -9.716944841460457560e-01 1.453962656099515582e+00 1.392356335703521797e-01 -4.717400305664661286e-01
7.635038872016260969e-01 4.669819301811456991e-01 -1.041285566687507824e+00 -6.069237301612135926e-01 1.486864284148990745e+00 9.069761476040373582e-02 -7.267910435401511160e-01
7.454094594706338617e-01 3.430052470543613063e-01 -1.007219889260419610e+00 -1.200697601683375637e-01 1.441074172477654347e+00 1.821624918784282843e-01 -8.822119361093536671e-01
6.054293045289915742e-01 1.342425758589545493e-01 -8.081848550179183688e-01 3.982650769835647253e-01 1.320733731924889520e+00 4.120243696415145651e-01 -8.824476412865385200e-01
3.417742852019112765e-01 -1.478649286858179090e-01 -4.954735143732354463e-01 8.276301503435125051e-01 1.160988037412157059e+00 7.205074741661094961e-01 -7.079179556436288046e-01
-1.926781879051369870e-02 -4.708249722315736019e-01 -1.529311082820936085e-01 1.058180196868040213e+00 1.001602229990093296e+00 1.007459897953517203e+00 -3.777806328958872584e-01
-4.410290920821956506e-01 -7.895663255456858431e-01 1.373694954772740340e-01 1.038310493244982924e+00 8.528009514000599589e-01 1.184248347868677609e+00 5.025181264770401529e-02
-8.873068748577984666e-01 -1.067213194257084607e+00 3.464137928990356219e-01 7.914128542890331852e-01 7.067166056650802108e-01 1.227712844665746372e+00 4.880346400297136400e-01
-1.312866255569523632e+00 -1.278581671556676902e+00 5.016874669298576617e-01 4.040317454042408607e-01 5.689657074168229522e-01 1.182242226483062986e+00 8.381288499244821111e-01
-1.650260364856198425e+00 -1.400022173587775143e+00 6.440643103259595659e-01 8.379072987703729131e-03 4.649129464581938653e-01 1.112076032037174311e+00 1.013220478124214230e+00
-1.827849949839066124e+00 -1.419847977552265883e+00 7.877991763729198516e-01 -2.587125709770763393e-01 4.208239818994801706e-01 1.055505499623327292e+00 9.597303984703879909e-01
-1.817984708333235666e+00 -1.361031730703867737e+00 9.083127032724742644e-01 -3.253549117687212222e-01 4.337036415425037372e-01 1.016370077071873990e+00 6.983582069511163892e-01
-1.660052450112793343e+00 -1.278380542101620332e+00 9.642013423693521768e-01 -2.174739697760177115e-01 4.697316593541671637e-01 9.842168054989844928e-01 3.309338983736412887e-01
-1.435468594729719438e+00 -1.228226773695226370e+00 9.380693767384701287e-01 -1.495581521469871791e-02 5.096056521553140595e-01 9.693843845574369178e-01 -1.965399658886248999e-02
-1.227772003559884695e+00 -1.242464087767328307e+00 8.558897932887432614e-01 2.125649386997058021e-01 5.745365287409389676e-01 1.015882020024109211e+00 -2.747658579288219105e-01
-1.091082771765938819e+00 -1.318351166374097216e+00 7.619001695356607540e-01 4.219507111551087375e-01 6.906018190244200827e-01 1.155093727697896089e+00 -4.157488470529415170e-01
-1.037926103203496542e+00 -1.419541858846556259e+00 6.799204872921331688e-01 5.704377675634829670e-01 8.494517348250595346e-01 1.360303975289570033e+00 -4.632673350947663082e-01
-1.050609837309169903e+00 -1.484992726657327067e+00 5.978758971045621262e-01 6.105190747291368014e-01 1.011931042181541063e+00 1.564078722769449925e+00 -4.483397114620991664e-01
-1.101697675416034583e+00 -1.444587875882503258e+00 4.758801257806357099e-01 5.192533092291289343e-01 1.130823963832660706e+00 1.699623114939877055e+00 -3.871142239087210224e-01
-1.167909438140908307e+00 -1.249353861597609194e+00 2.766927849131118333e-01 3.071436252155436142e-01 1.170597627286100062e+00 1.723107910674926524e+00 -2.756271505265490696e-01
-1.230395740015082451e+00 -8.993857264626047288e-01 1.957944987747895123e-04 -1.709333600012291968e-03 1.122419617401490211e+00 1.619950473850213291e+00 -1.169452237342235856e-01
-1.264224578608328819e+00 -4.355792910159034248e-01 -3.233853575448483175e-01 -3.779825862028929895e-01 1.000177273060992134e+00 1.398233445392067065e+00 4.680811046388326513e-02
-1.234809662760435689e+00 9.390009846813951455e-02 -6.701657606923349109e-01 -7.777464154050104383e-01 8.175614647403511848e-01 1.081237867170458555e+00 1.402924402201424503e-01
-1.114677775684788097e+00 6.470696098495897219e-01 -1.026058081618494988e+00 -1.144220907946683630e+00 5.785125841623275367e-01 7.182644899742135491e-01 1.034413984436834549e-01
-8.966976586688066853e-01 1.169008202574892241e+00 -1.355369831794610125e+00 -1.429624291239734779e+00 2.894064093071121446e-01 3.777456224624952119e-01 -6.890619283818234797e-02
-5.860912956545296648e-01 1.575322672051204131e+00 -1.587866288535656478e+00 -1.609267346223353989e+00 -2.601775961576418064e-02 1.075532901585672385e-01 -3.392351883734210372e-01
-1.959006835216210163e-01 1.770531146890250485e+00 -1.646921216125730725e+00 -1.680584664194440858e+00 -3.150229779245334316e-01 -8.210654884798489206e-02 -6.557868979968589640e-01
2.482497767765994290e-01 1.701054651229470860e+00 -1.503895443273603139e+00 -1.651006764695942985e+00 -5.100487395296231519e-01 -2.102220251384996075e-01 -9.619169548602787279e-01
7.108029500039440007e-01 1.400707097325827766e+00 -1.207757354945188322e+00 -1.507208183182580097e+00 -5.830566821854623605e-01 -3.125840001971184612e-01 -1.207309907203012012e+00
1.156103074698911826e+00 9.773950331378477019e-01 -8.499000393220172977e-01 -1.210381870293829376e+00 -5.793516333650833294e-01 -4.239900677653439809e-01 -1.357165578221780855e+00
1.553114980533742751e+00 5.560455663776270319e-01 -5.099928333321011031e-01 -7.530367396139089342e-01 -5.821191350369406825e-01 -5.746364205663374580e-01 -1.375775362399085600e+00
1.864846811782924219e+00 2.308961404191908207e-01 -2.398472502284753338e-01 -2.137086447865265415e-01 -6.492125339312738719e-01 -7.921656409575312807e-01 -1.210778097496393091e+00
2.040421552645416359e+00 4.840757476599717724e-02 -6.644078270220349358e-02 2.613114425642270588e-01 -7.797056851155118595e-01 -1.082183085893996477e+00 -8.213571112206573543e-01
2.034849732626062835e+00 6.423395291482339280e-03 2.804272427313469693e-02 5.299034947525826933e-01 -9.299436241134192427e-01 -1.394664886621026278e+00 -2.394040375614078231e-01
1.840934205627755116e+00 4.656315451026445118e-02 1.297317150398579200e-01 5.080081251396147968e-01 -1.052539439124461129e+00 -1.618563253169525318e+00 4.156231737758136480e-01
1.498498487074072516e+00 5.889713544424262509e-02 3.503749113245647195e-01 1.722555484390106140e-01 -1.108144401360017905e+00 -1.657913669030860904e+00 1.006905526764636516e+00
1.075938583034693474e+00 -6.239982889024205115e-02 7.219575926435454205e-01 -4.552013535462984262e-01 -1.050390051904507294e+00 -1.532350172411603539e+00 1.450607854593342072e+00
6.528398371677199830e-01 -3.433167222250015360e-01 1.142010702697108249e+00 -1.294072597558016735e+00 -8.419045078654938674e-01 -1.365190753927237433e+00 1.707643995788378222e+00
3.097860682431473056e-01 -7.151460011096657521e-01 1.458015465402884070e+00 -2.178396945099247972e+00 -5.090457431687502865e-01 -1.251422920438446162e+00 1.741862069873451935e+00
9.927817539405658920e-02 -1.073426031412884285e+00 1.608319715550670770e+00 -2.882436995446159056e+00 -1.510789972969480977e-01 -1.150117375280505838e+00 1.535791247647631419e+00
1.842968672291650858e-02 -1.345955773390167476e+00 1.650569102794128273e+00 -3.228907137805596239e+00 1.381467885957022856e-01 -9.397061680662924799e-01 1.148697254390570466e+00
3.238553698143042253e-02 -1.514685516541631971e+00 1.669463691465291166e+00 -3.184994667251616285e+00 3.506401560540289286e-01 -5.782621594279537813e-01 7.073199133219973955e-01
1.155008778765218985e-01 -1.574409964653348259e+00 1.671312737253356051e+00 -2.831716254657825615e+00 5.296014440495376840e-01 -1.763556814072757828e-01 3.234914698101364339e-01
2.399646137787124767e-01 -1.493199636778308914e+00 1.562955804336459531e+00 -2.261783236783755591e+00 6.585233298067730834e-01 9.887004742774384292e-02 5.018393364219557451e-02
3.467642147545678677e-01 -1.250542402716658952e+00 1.261555998840993675e+00 -1.540809246383970432e+00 6.508694463451730750e-01 1.864485821846011415e-01 -9.537596712240800634e-02
3.766746419856619732e-01 -8.810896527498222053e-01 7.928263513641737870e-01 -7.414727396225125888e-01 4.495037112378032496e-01 1.604713729462746152e-01 -1.048729466941296790e-01
3.292633780500964225e-01 -4.482193019802764855e-01 2.458623954010259738e-01 2.118503319717696121e-02 8.912006380114075033e-02 9.244452568947533755e-02 2.518351586638413811e-02
2.675460946840138021e-01 -7.959976333211951638e-03 -3.105331455977148325e-01 6.034592023923026627e-01 -3.253452792828402940e-01 -4.267913025830254170e-02 2.738209138206177395e-01
2.559352098458535507e-01 3.897965822297009275e-01 -8.392960226255451461e-01 9.029840956563832677e-01 -6.908490162879509233e-01 -3.000835223903832172e-01 5.774404461434112790e-01
3.019035994831318903e-01 6.904248702735226173e-01 -1.294687247438678357e+00 9.228312236186623219e-01 -9.581098836236966454e-01 -6.486978201852987569e-01 8.533785096375815504e-01
3.714603923205765934e-01 8.407912878232836063e-01 -1.596776816562872181e+00 7.523099792470372416e-01 -1.104854696385421997e+00 -9.514813216434575560e-01 1.034764319173729019e+00
4.470054118606229809e-01 8.134272386871906901e-01 -1.671316280691127920e+00 4.799966294561841540e-01 -1.089986044884534433e+00 -1.072836853497954435e+00 1.082668763779998544e+00
5.494807474543441650e-01 6.314498482884441932e-01 -1.524521843134287513e+00 1.346595397418624551e-01 -8.690275600137535861e-01 -1.001420314968499481e+00 9.906296971612527091e-01
7.037790556367415906e-01 3.687604081260496547e-01 -1.260142684471754038e+00 -2.867230568647832212e-01 -4.544276122502382553e-01 -8.428576110490234585e-01 7.808057878556795561e-01
8.933558268000862945e-01 1.145313856860015606e-01 -1.005316265830718869e+00 -7.498033009120929071e-01 6.355288310676925068e-02 -6.913065871042187727e-01 4.866707621831687924e-01
1.059971158443381967e+00 -6.786158770687343578e-02 -8.259881579541320518e-01 -1.160709406292952162e+00 5.700178316028149395e-01 -5.422058415699148037e-01 1.418970171795317647e-01
1.139883403704901710e+00 -1.518489144590041695e-01 -7.208669338372646340e-01 -1.417895744251784107e+00 9.838609269939353474e-01 -3.336428346944089740e-01 -2.107965791739436212e-01
1.097495571381551294e+00 -1.420696812756651606e-01 -6.677322983480293850e-01 -1.490911292538098065e+00 1.277326654029670383e+00 -4.344375208139017452e-02 -5.151274515220660710e-01
9.435026971422852959e-01 -6.977319442585477871e-02 -6.501661882160172379e-01 -1.450355313842357718e+00 1.464614861334539775e+00 2.641449639757733059e-01 -7.297628322083538066e-01
7.264461836186334454e-01 2.357499885947858878e-02 -6.586908868716196963e-01 -1.405531784082528102e+00 1.552975507495240270e+00 4.797891663472864110e-01 -8.614343794977102897e-01
5.020169943605633511e-01 1.068248906295297257e-01 -6.841647998163978839e-01 -1.410830035347183653e+00 1.504826117772850802e+00 5.272168831642758402e-01 -9.554982664096945966e-01
3.088962943726046850e-01 1.619835533183975329e-01 -7.105408757261577612e-01 -1.440326866518724991e+00 1.267033826416266606e+00 3.997621135442170903e-01 -1.053824461720586303e+00
1.593605291786575617e-01 1.768903302583884896e-01 -7.202633240000823056e-01 -1.427885532487628950e+00 8.205687330140510882e-01 1.436289743223707061e-01 -1.161477969411315092e+00
4.107438039107617900e-02 1.438532057117968554e-01 -7.054716007472014994e-01 -1.315483163665664534e+00 2.082401646502494430e-01 -1.714101928739290015e-01 -1.242902378634333616e+00
-6.385148004177712555e-02 6.768577115209051254e-02 -6.693527492398853029e-01 -1.085998943079083068e+00 -4.498327516359497680e-01 -4.775266007231706022e-01 -1.250130232141531517e+00
-1.533998789779166816e-01 -2.083398984196376327e-02 -6.235232871454903236e-01 -7.546279300881009178e-01 -9.820962663713280749e-01 -7.315286991203657774e-01 -1.172715555520871700e+00
-2.070396599526946046e-01 -6.916880173264101928e-02 -5.840382671584734009e-01 -3.284102251889565727e-01 -1.251614795546467374e+00 -9.149108245477434176e-01 -1.062012086339737094e+00
-2.202103841367334391e-01 -4.164776686090655017e-02 -5.572717386400903861e-01 1.885226648025221940e-01 -1.230065275075255649e+00 -1.005738777531298922e+00 -9.850912968322023122e-01
-2.223606840900550219e-01 4.928289487376438793e-02 -5.245110722789471103e-01 7.529615652765534461e-01 -9.862598572201644043e-01 -9.680148508574695221e-01 -9.623278816259052126e-01
-2.519655945570423161e-01 1.635825934650117497e-01 -4.553442792813025553e-01 1.294437763184105084e+00 -6.244863345781076491e-01 -7.865983039842382452e-01 -9.633414030544305007e-01
-3.329283326904011742e-01 2.685118723640902982e-01 -3.414176659930764912e-01 1.757991337936001264e+00 -2.452558913784574357e-01 -4.891052295624598867e-01 -9.383925865655856624e-01
-4.750812622453449707e-01 3.413725214557756238e-01 -2.027265038831657928e-01 2.107560225723124070e+00 6.944360146285138979e-02 -1.182560632635634851e-01 -8.458140567783851704e-01
-6.719236486285160570e-01 3.652252147502870749e-01 -7.103473112922366328e-02 2.313498848305034716e+00 2.670361007578596624e-01 2.849686091890771267e-01 -6.687612341733296661e-01
-8.955933972855258940e-01 3.388398469518847378e-01 1.921083354373149046e-02 2.354743434780067979e+00 3.246578006524173388e-01 6.665381917420714064e-01 -4.122151965415188912e-01
-1.101236597630205205e+00 2.754325329698129599e-01 4.165268420169920133e-02 2.216553457162218077e+00 2.429658024785835979e-01 9.532602599792452391e-01 -9.517829023591088677e-02
-1.232931382674967713e+00 1.853043386263719949e-01 -7.249460461784579431e-03 1.884517381808220815e+00 4.627426576121660556e-02 1.069593434324496828e+00 2.422908829766703964e-01
-1.237696644398960544e+00 6.867221510880852642e-02 -1.093934127344086821e-01 1.352845286822790705e+00 -2.201749404557987455e-01 9.723410242299772577e-01 5.424581168747585336e-01
-1.088604069563936738e+00 -7.252639269305791170e-02 -2.441163502101436622e-01 6.399606219649706107e-01 -5.065407376471855461e-01 6.707110321015075094e-01 7.603046335116818710e-01
-7.950354901636490501e-01 -2.232372323225046973e-01 -4.025440414641823783e-01 -2.009942479577941088e-01 -7.739463750749474569e-01 2.090087178583116267e-01 8.883662332034101272e-01
-3.971514808365435578e-01 -3.643014314941450671e-01 -5.790699605703317765e-01 -1.081324876392203427e+00 -9.951174784566026998e-01 -3.535615787364000395e-01 9.546478121271910755e-01
4.204881771455833833e-02 -4.929088452727198311e-01 -7.521720230071377022e-01 -1.891800994334100317e+00 -1.148916392844004486e+00 -9.453354869907255598e-01 1.008978623237030581e+00
4.473700371579546475e-01 -6.281986257249151384e-01 -8.806277624097499368e-01 -2.529715301840059105e+00 -1.218565841487211809e+00 -1.490805776765217416e+00 1.107251183409656337e+00
7.494990955021769707e-01 -7.914104167105343590e-01 -9.250887304606306705e-01 -2.921416553251554582e+00 -1.195450343335598298e+00 -1.935556628092452769e+00 1.292163519654005110e+00
9.047483303944062749e-01 -9.775188055683226018e-01 -8.738177505009634416e-01 -3.032008911509852744e+00 -1.088888926278474445e+00 -2.262228124727160505e+00 1.578388871501130719e+00
9.009444842759974925e-01 -1.152519747594598520e+00 -7.381389086714033043e-01 -2.865381687584159121e+00 -9.302246224603892832e-01 -2.469474223810649072e+00 1.951659667846731505e+00
7.437639561712575675e-01 -1.281992381806950965e+00 -5.269503715324631576e-01 -2.457422584438309077e+00 -7.599768836989736487e-01 -2.536122949767421364e+00 2.381333453059415017e+00
4.450610413596634563e-01 -1.355934341166237456e+00 -2.415420298081064621e-01 -1.868847514610243898e+00 -6.081008049920582081e-01 -2.425897257352357617e+00 2.830405819461939476e+00
3.101185652700788262e-02 -1.384166477608600676e+00 1.056036262089937727e-01 -1.183542166704475651e+00 -4.827632468221912387e-01 -2.130148852445826524e+00 3.246912971097725364e+00
-4.440041018098493941e-01 -1.372570453723672701e+00 4.797268751936595299e-01 -4.980123565633936544e-01 -3.777788516375605865e-01 -1.693642737246090935e+00 3.548715420926638497e+00
-9.034934341116390710e-01 -1.312049072694660090e+00 8.408245079533526178e-01 1.095046834549930903e-01 -2.914715121393995911e-01 -1.183816407385716918e+00 3.634886275828592694e+00
-1.275222347662988920e+00 -1.192184333175827060e+00 1.167847825942013529e+00 6.043076581245082624e-01 -2.267231012280553071e-01 -6.300921155648193661e-01 3.431387563831541865e+00
-1.512117975881407617e+00 -1.019146537173946543e+00 1.453895108526871649e+00 9.824042395254225513e-01 -1.719627438934835106e-01 -2.412547949433438074e-02 2.934826877074931506e+00
-1.598772427265524376e+00 -8.214277718832322384e-01 1.680725791976947159e+00 1.231392087635623245e+00 -9.212095283017403269e-02 6.114414967910382082e-01 2.220220850149280611e+00
-1.550386920401951585e+00 -6.391261683132715143e-01 1.810360649595823990e+00 1.322469506826227992e+00 5.473702155509202472e-02 1.199300754831815086e+00 1.400744983985958259e+00
-1.396760518678086260e+00 -4.943124158478992003e-01 1.794916251510800365e+00 1.252734479650408295e+00 2.690782368429396332e-01 1.653286072141517904e+00 5.626848127006034428e-01
-1.157980870200744805e+00 -3.631544236108084078e-01 1.581187779593750564e+00 1.074133254184901576e+00 4.741850382277990050e-01 1.905426224913314925e+00 -2.515065930042855169e-01
-8.452520667704471746e-01 -1.937493251524265159e-01 1.125453473211430744e+00 8.640004759738469930e-01 5.567115244446388944e-01 1.908765871125487568e+00 -9.968789017987765844e-01
-4.888217000898680831e-01 2.971889904936450902e-02 4.416362355753535307e-01 6.648507988817786707e-01 4.556320588637416402e-01 1.663408139251320472e+00 -1.597787884852472695e+00
-1.454454408055856629e-01 2.488966414223316437e-01 -3.636375266274940454e-01 4.473682840469604960e-01 2.154842488845133408e-01 1.230185030466526719e+00 -1.980455176571826792e+00
1.336214826787115451e-01 3.767595230140626250e-01 -1.134604759131502716e+00 1.503447086955277401e-01 -5.191666599292373702e-02 6.928332794535060346e-01 -2.129935443107640047e+00
3.280154668139679819e-01 3.860459160377969212e-01 -1.747515783914067589e+00 -2.166030530164826939e-01 -2.694852565130808064e-01 1.264364430472981748e-01 -2.107287384853380630e+00
4.416907806978713213e-01 3.473600686887315936e-01 -2.136162964016266042e+00 -5.323443904549723937e-01 -4.439746247129064405e-01 -3.938168618696910595e-01 -1.988912914759375150e+00
4.859515881007711036e-01 3.699847635952290825e-01 -2.266011110702248477e+00 -6.530123527367380776e-01 -6.105680748725116347e-01 -8.005323668723783870e-01 -1.790306005154025826e+00
4.602036360927835856e-01 4.987794917800174033e-01 -2.105288053681197979e+00 -5.197712391987450165e-01 -7.527755501196934373e-01 -1.045281238517877131e+00 -1.464604708695794955e+00
3.448498082980154811e-01 6.795913964489197490e-01 -1.615610246381077753e+00 -1.771013288162876509e-01 -7.899622790937030903e-01 -1.067542408747155003e+00 -9.674265737481012595e-01
1.283879725560914398e-01 8.155932893088969626e-01 -7.786863609279806031e-01 2.783167376885978261e-01 -6.535151030540039541e-01 -7.868876634327789388e-01 -3.249431281319952181e-01
-1.622669979448403688e-01 8.206378056838560253e-01 3.387109999693054263e-01 7.418751629677604598e-01 -3.708966890473878730e-01 -1.724461157064708927e-01 3.622800408524640692e-01
-4.525708580168407713e-01 6.403649565937097332e-01 1.479031230136421016e+00 1.083113193157765775e+00 -6.714635769073661054e-02 6.200609658221784004e-01 9.807568724477081501e-01
-4.525708580168407713e-01 6.403649565937097332e-01 1.479031230136421016e+00 1.083113193157765775e+00 -6.714635769073661054e-02 6.200609658221784004e-01 9.807568724477081501e-01
-5.145776575106143502e-01 -6.574673144449649786e-02 2.014006321775130282e+00 8.278420689836661905e-01 8.983816785737529231e-02 1.087279050279285286e+00 1.495534009576995782e+00
-1.716529170195067733e-01 -3.321930208647275728e-01 1.069101505549206577e+00 2.486674374770345419e-01 -6.101103572163119049e-02 3.708899240267367614e-01 1.096724577011211510e+00
-1.716529170195067733e-01 -3.321930208647275728e-01 1.069101505549206577e+00 2.486674374770345419e-01 -6.101103572163119049e-02 3.708899240267367614e-01 1.096724577011211510e+00
4.221952880072468717e-01 -4.669882099411532539e-01 -1.161145568130058203e+00 -7.617433100419588321e-01 -3.162507600540613861e-01 -1.036402463301568488e+00 -6.671178046610694023e-01
3.571097283941372935e-01 -3.072399271229255824e-01 -1.738614750380913287e+00 -8.084989121319786642e-01 -4.525291223630669157e-01 -1.087300342130416375e+00 -1.432973806556364638e+00
9.285711865978352186e-02 8.161065080223013635e-02 -1.956532118305717383e+00 -4.342418826293480971e-01 -7.405113896804489393e-01 -8.161604055962385917e-01 -1.791936561003131478e+00
9.285711865978352186e-02 8.161065080223013635e-02 -1.956532118305717383e+00 -4.342418826293480971e-01 -7.405113896804489393e-01 -8.161604055962385917e-01 -1.791936561003131478e+00
-3.065959866999655170e-01 8.088148544992280753e-01 -1.707599744463387914e+00 5.052824354973688425e-01 -1.196449780706651422e+00 -5.596170224907153212e-01 -6.566869362918338338e-01
-7.060490920597148889e-01 1.536019058196225640e+00 -1.458667370621058446e+00 1.444806753624085616e+00 -1.652388171732853461e+00 -3.030736393851919952e-01 4.785626884194642550e-01
-7.060490920597148889e-01 1.536019058196225640e+00 -1.458667370621058446e+00 1.444806753624085616e+00 -1.652388171732853461e+00 -3.030736393851919952e-01 4.785626884194642550e-01
-6.068932047721737888e-01 9.147170996088027639e-01 -7.514221122443716094e-01 8.924015058132740430e-01 -1.003571272697794559e+00 -8.764838701196556170e-02 9.087577881129922375e-01
-3.270136253422765149e-01 8.330126688640418497e-02 2.537479170368629466e-01 2.592513733238546170e-01 -1.100738136749323526e-01 2.102587769764193704e-01 1.004446764797993996e+00
5.161141120349368311e-02 -6.314521542487147032e-01 1.256855689640895335e+00 -1.694832687743314525e-01 6.831390265432762954e-01 4.166815007812950111e-01 8.056473156521085643e-01
3.857622184245277919e-01 -9.740628467571971205e-01 1.842406781505797397e+00 -3.138857981616864912e-01 1.057835859447991744e+00 3.579141771948919915e-01 3.847322389811523857e-01
5.543881380211153065e-01 -8.879674437424350808e-01 1.784486326806648204e+00 -2.499921330784978524e-01 9.188714872617439466e-01 1.437277199393301695e-02 -1.354853681179826741e-01
5.282859292389818773e-01 -5.077674644254115410e-01 1.191057384598934066e+00 -8.721364251052722560e-02 4.321511381019920162e-01 -4.490212093904891733e-01 -5.981703915546948691e-01
3.563066387545721914e-01 -3.046118852944761091e-02 3.515764877778759234e-01 1.034029452455964837e-01 -1.396796635337250458e-01 -8.131484117364212727e-01 -8.898514773060623995e-01
9.150385117512371824e-02 3.787494774968727662e-01 -4.591988625837759574e-01 2.806443854941887972e-01 -6.001914413348354849e-01 -9.178181993108185388e-01 -9.782528000779900923e-01
-2.376637859152418986e-01 5.953495606489697112e-01 -1.033801829493793178e+00 4.014166719092507885e-01 -8.462357071662619523e-01 -6.919291840945420713e-01 -8.835575067533637528e-01
-6.001493846022561973e-01 5.364348193514826280e-01 -1.247452228233180804e+00 4.112049116997003040e-01 -8.474537876846428563e-01 -1.828965192108097382e-01 -6.401243214248917290e-01
-9.303472046861345213e-01 2.015376217617815546e-01 -1.104766132263494960e+00 2.752956279500186065e-01 -6.425079622415809100e-01 4.255271860306010234e-01 -2.843213376179226648e-01
-1.135471856700315696e+00 -3.040387719315773007e-01 -7.266446384226311617e-01 2.826492472045892546e-02 -3.274017261251395139e-01 8.922719439666536578e-01 1.373143927898300976e-01
-1.148353217376333113e+00 -8.091358794225234075e-01 -2.731438179963396329e-01 -2.203236822247015003e-01 -3.048843382255115794e-02 1.052309210125776051e+00 5.643936854600409836e-01
-9.727575814137702226e-01 -1.143620505736365089e+00 1.048493638347334223e-01 -3.482269873731891341e-01 1.195227861861964808e-01 8.702170433625562307e-01 9.370036807169189741e-01
-6.836475355530983178e-01 -1.189297487564380251e+00 2.781879426882348794e-01 -2.877601183749959879e-01 2.781019991926654208e-02 4.020028906851202399e-01 1.217300186833575326e+00
-3.939663084434718021e-01 -9.262623445119835264e-01 1.786590913373067857e-01 -5.168617862872905422e-02 -3.282554525686358082e-01 -2.462102023252814020e-01 1.396913511135017272e+00
-2.022323604930014451e-01 -4.637988491978437544e-01 -1.495752243947942317e-01 2.685461606580444860e-01 -8.552313271160970620e-01 -9.355359987367740660e-01 1.486019854020969921e+00
-1.426507379748698234e-01 3.077806076458648645e-03 -5.572548907257088846e-01 5.450452087004703516e-01 -1.341508136176343235e+00 -1.508380375838517473e+00 1.500307284507429895e+00
-1.845244669924598069e-01 2.972484004016427983e-01 -8.664155288259892673e-01 6.894665742051341306e-01 -1.555794217670767976e+00 -1.816915573064804335e+00 1.455803089634052583e+00
-2.738156846346251339e-01 3.397361587069972488e-01 -9.577838882550541166e-01 6.891702265076345979e-01 -1.387027946748837781e+00 -1.775490180014143160e+00 1.360832034766694676e+00
-3.554095698613981558e-01 1.608302836947911874e-01 -8.080878931474707594e-01 5.769713004351831875e-01 -8.913291830298701868e-01 -1.405233988925289390e+00 1.202582882720240498e+00
-3.767841833270724194e-01 -1.390433559128695096e-01 -4.773230029365289062e-01 3.972441354728565854e-01 -2.327773204469782697e-01 -8.288411208969558297e-01 9.526587112848161620e-01
-3.086977750228967476e-01 -4.343568000218164804e-01 -7.888589264866867345e-02 2.069467876498985726e-01 3.980193361835081545e-01 -2.123089174764703213e-01 5.953346214843727724e-01
-1.674179479325151876e-01 -6.056097418453592063e-01 2.553496071605669826e-01 7.755392659950073597e-02 8.448147073604114210e-01 3.069598458151684417e-01 1.501786401331189902e-01
-7.417603205630362607e-03 -5.695524033967244160e-01 4.134296343821831088e-01 6.675722727438551662e-02 1.025203461076194644e+00 6.566075727265091588e-01 -3.262210841046649379e-01
1.091687074101901633e-01 -3.170624804455561274e-01 3.512710339655955027e-01 1.753966576895132912e-01 9.580958916582238416e-01 8.379348566396260800e-01 -7.537758621388839231e-01
1.447006660698226810e-01 7.893195445658914011e-02 1.182000872331557817e-01 3.394846727212791349e-01 7.535164969364211984e-01 9.162986551057774598e-01 -1.060287622738109503e+00
1.004709657776540754e-01 5.125518513453600766e-01 -1.826584691093962320e-01 4.840762608417554236e-01 5.375603545218767820e-01 9.776542480369929677e-01 -1.221336891491609178e+00
1.309797022032499004e-03 8.975366401615316736e-01 -4.515552040168226977e-01 5.811355047102272353e-01 3.795888350191045646e-01 1.086590264888074531e+00 -1.262013336334672831e+00
-1.219144089806248610e-01 1.185383953543630353e+00 -6.251898076227422330e-01 6.447711450559384661e-01 2.804883354047351673e-01 1.259697019924183925e+00 -1.218750873696141213e+00
-2.316391871554891180e-01 1.369090632275505204e+00 -6.991004644805076662e-01 6.944626861719765953e-01 1.917284384736419323e-01 1.445872140021967178e+00 -1.116513513546703251e+00
-2.851670615286311938e-01 1.475943299895821959e+00 -7.218015031033562234e-01 7.430645210845726600e-01 4.645389635689633340e-02 1.547781194364112434e+00 -9.746348360348375817e-01
-2.428937795317125115e-01 1.546813927251440735e+00 -7.577901495111668551e-01 7.961418638032223827e-01 -1.971873635431802552e-01 1.474101266890765816e+00 -8.188061681802597525e-01
-7.926039766689231547e-02 1.610910982605474384e+00 -8.494046555555420097e-01 8.428998817042961944e-01 -5.236695633735082289e-01 1.181828068430462064e+00 -6.885076375398347936e-01
1.995596032209199788e-01 1.671498997557762989e+00 -9.995055216160028122e-01 8.589279583524136452e-01 -8.635144829767772423e-01 6.998067321885586001e-01 -6.279606724556430208e-01
5.437927541763539763e-01 1.711760760896855471e+00 -1.179182976108410275e+00 8.175750438273822196e-01 -1.130577296533741949e+00 1.262694803385148168e-01 -6.569800551389587406e-01
8.707314998199869871e-01 1.701763177527291448e+00 -1.336765274291792371e+00 6.965986299688028405e-01 -1.258966995633209018e+00 -4.017716193946003211e-01 -7.537190432324627487e-01
1.093467631150743857e+00 1.605853776530651755e+00 -1.410985257960829742e+00 4.912387835214110932e-01 -1.222557810444784288e+00 -7.549782814043062285e-01 -8.696218306935774578e-01
1.150493976398945906e+00 1.404568355902144017e+00 -1.363082644684872502e+00 2.187865873163179209e-01 -1.044752552500665566e+00 -8.584928917773293477e-01 -9.520665252436079085e-01
1.025900488637959240e+00 1.108362333735280369e+00 -1.190055430631541844e+00 -9.661317830568141862e-02 -7.882206706161409837e-01 -7.139975490353609455e-01 -9.605310298046429995e-01
7.550910274744407902e-01 7.500548977552913277e-01 -9.056050176113020767e-01 -4.262017691972743161e-01 -5.242845463993903721e-01 -3.850488033907069063e-01 -8.816168049458866784e-01
4.147812264119792314e-01 3.816074540254283387e-01 -5.284180227170068855e-01 -7.196135317017400279e-01 -3.103527009385848023e-01 3.271213108387005519e-02 -7.384290298372603312e-01
9.769385165691506223e-02 7.343085399902132826e-02 -8.042769374408136052e-02 -9.040446601570214513e-01 -1.798361540896053212e-01 4.478453397261560331e-01 -5.862876712189942774e-01
-1.213006205030009721e-01 -1.131123955830765776e-01 4.206851728690288450e-01 -9.148393024126030282e-01 -1.364583129210645840e-01 8.095145806953099044e-01 -4.989579983818474007e-01
-2.023998041744175247e-01 -1.506587447148200198e-01 9.510278087211425646e-01 -7.251441849229046666e-01 -1.716982359562302940e-01 1.108869497797361880e+00 -5.560238628735844069e-01
-1.378315366781223406e-01 -4.264206062425560800e-02 1.462250317893171170e+00 -3.482452510626172781e-01 -2.879568779274733759e-01 1.348961253970432761e+00 -8.153105529334736534e-01
4.575618312688304462e-02 1.672960844055367546e-01 1.898776417026274421e+00 1.644400628092028693e-01 -4.791805799515963527e-01 1.519370728109312951e+00 -1.258523809933270288e+00
2.937198115081489092e-01 3.951210556292126808e-01 2.230663615404280264e+00 7.197643481247733011e-01 -6.737555007501658810e-01 1.591474495069132411e+00 -1.762698445574671036e+00
5.585896882824238352e-01 5.745173874782667500e-01 2.451372043147735269e+00 1.200068870227573914e+00 -7.129532099341790996e-01 1.532722328487287067e+00 -2.154758561244726867e+00
8.211073820378800292e-01 7.134187663493790632e-01 2.539482898519704879e+00 1.512723906831923593e+00 -4.483530155304008002e-01 1.323325690191011539e+00 -2.322021747811518821e+00
1.069648072547189299e+00 8.686667979820117402e-01 2.454851261860480971e+00 1.643919868300288689e+00 1.186447186693371791e-01 9.835346301383843803e-01 -2.278586231176467969e+00
1.271856501117157423e+00 1.063936902210986801e+00 2.189641041267257560e+00 1.653659536470053038e+00 8.314983166766228839e-01 5.933009141854629354e-01 -2.116870459175472341e+00
1.370631295285182683e+00 1.243944646035560986e+00 1.789111257769986141e+00 1.603963170829729945e+00 1.498281015626671930e+00 2.448425987416341099e-01 -1.905506716265147338e+00
1.313464368574898344e+00 1.309541042877206518e+00 1.327878135485274669e+00 1.510699051335641530e+00 2.007508806981121552e+00 -1.626679273219294730e-02 -1.645746609185180453e+00
1.094341757290888451e+00 1.192658157787474638e+00 8.855236370774546284e-01 1.367613635298117414e+00 2.358893535257773788e+00 -1.817981751677828217e-01 -1.305052894071818237e+00
7.597123387676870676e-01 8.981007125193112284e-01 5.172746955161173776e-01 1.192304648295783531e+00 2.585307681114175971e+00 -2.554289795065145530e-01 -8.800981728848948915e-01
3.687150854380399356e-01 4.785923847390071151e-01 2.436876059461331456e-01 1.035835797089327937e+00 2.668177970438278201e+00 -2.450834788487617488e-01 -4.244123463918759165e-01
-4.155820790434037321e-02 -1.471458327277305397e-02 7.407256761357912389e-02 9.438857620013356708e-01 2.562677374394552565e+00 -1.518078728703142477e-01 -4.571830831623723695e-03
-4.474877029950737883e-01 -5.440610486192166695e-01 1.497448466466916490e-02 9.108677344114997076e-01 2.273579513241978045e+00 2.139147382670319661e-02 3.561372605523299706e-01
-8.088696301438053071e-01 -1.061368999639398236e+00 5.626440987942986360e-02 8.789988167853896028e-01 1.866840530004589827e+00 2.377066853910617117e-01 6.680241472706555106e-01
-1.062374409363561423e+00 -1.488779870897160684e+00 1.605052539550343438e-01 7.869090653809416303e-01 1.408795957063609494e+00 4.158275653446663056e-01 9.175774216910064229e-01
-1.144896889648820082e+00 -1.723569975412955868e+00 2.649249599790037268e-01 6.189276258610515447e-01 9.214130250734068328e-01 4.632953631935865513e-01 1.048920883449341090e+00
-1.018746005886384642e+00 -1.680663901190849518e+00 3.167719656049606813e-01 4.033143562476142474e-01 4.158199326837003218e-01 3.324443757043830106e-01 1.004843551709404093e+00
-6.842776653064012171e-01 -1.350807723679192662e+00 3.191655903209609235e-01 1.711733540030249967e-01 -5.768724909922414573e-02 4.777913612366543883e-02 7.664387395103725575e-01
-1.784772470153370705e-01 -8.070614803809678106e-01 3.238301759524284118e-01 -6.138735633658862906e-02 -4.199984071078229353e-01 -3.183122640124678715e-01 3.609881582302646996e-01
4.334073747037781033e-01 -1.522076219931595698e-01 3.790632337750975411e-01 -2.680096048592351954e-01 -6.103722396841406717e-01 -6.809510790788458889e-01 -1.511644315163540309e-01
1.061880721086721602e+00 5.182419410060551401e-01 5.024001441196412898e-01 -3.990441884276384465e-01 -6.111991029285933630e-01 -9.515391857237570639e-01 -6.957446510198829204e-01
1.605612781707598913e+00 1.110424510917934482e+00 6.966976564610638523e-01 -4.121907468624343429e-01 -4.416189842689378642e-01 -1.045062648843921860e+00 -1.192111288347680542e+00
1.980030245250825160e+00 1.535299676586248996e+00 9.602042480722304818e-01 -3.067410706505997453e-01 -1.444983468638896540e-01 -9.136879737849536998e-01 -1.553971310024314656e+00
2.140998532552512490e+00 1.736962353492545130e+00 1.266960402962422405e+00 -1.274467685810962703e-01 2.269049887055031578e-01 -5.801157848119768978e-01 -1.704372034266757874e+00
2.090059990851766525e+00 1.709913220874229811e+00 1.553723197643551268e+00 6.258160007450322415e-02 6.225124283926528612e-01 -1.366477061688740335e-01 -1.605670647950883989e+00
1.862024596824076728e+00 1.490139603436121840e+00 1.744497660932019523e+00 2.194697379085014111e-01 1.000961519565776392e+00 3.015687831457450341e-01 -1.281082465957854133e+00
1.504819448626275369e+00 1.131091844370576194e+00 1.796059609654357736e+00 3.315950349591205715e-01 1.327753192992595865e+00 6.611208814629239150e-01 -8.068602210857164225e-01
1.069610409502446791e+00 6.826799857713649056e-01 1.717443746353520151e+00 4.077838740609113222e-01 1.571190599580910119e+00 9.250200471515362954e-01 -2.809841765803612890e-01
6.077665500058724302e-01 1.900537724708792620e-01 1.547051072321005361e+00 4.667404284766534239e-01 1.701840163776349835e+00 1.096962643584404429e+00 2.100447887581678719e-01
1.642292665241717464e-01 -2.983834938331265119e-01 1.324500249997153878e+00 5.256292915753469908e-01 1.703417479630103593e+00 1.175205088974695888e+00 6.074868502299023421e-01
-2.233640117288705484e-01 -7.290051159800807756e-01 1.076163364483819551e+00 5.875421936509696019e-01 1.584015262354893983e+00 1.141161122495499169e+00 8.754768384773140566e-01
-5.246743479497003593e-01 -1.043124793200182809e+00 8.024541155711910623e-01 6.484355965965783453e-01 1.367139356400679739e+00 9.614432140799328286e-01 9.939016039453438811e-01
-7.297576145899105082e-01 -1.191555489032209536e+00 4.868914028999762333e-01 7.111194866220618138e-01 1.079485623505035186e+00 6.303098867430985131e-01 9.605158654346614977e-01
-8.581825871998554067e-01 -1.164378622184234491e+00 1.311741307994208627e-01 7.780492510634209324e-01 7.580497985628916746e-01 2.103528924343570639e-01 7.946762567497610563e-01
-9.475500950002462286e-01 -1.004486075467409423e+00 -2.290618843615692124e-01 8.365457481860254507e-01 4.516458783253563536e-01 -1.978376343532138593e-01 5.376088910370492302e-01
-1.039729519895931986e+00 -7.952735085723545705e-01 -5.408032564305609302e-01 8.619891741491302328e-01 2.038523927218655329e-01 -5.131632223579005725e-01 2.466459870092969631e-01
-1.173562880939789554e+00 -6.230571309440473549e-01 -7.647216494661749353e-01 8.355849449712431376e-01 4.548765386653457615e-02 -6.865148101704804384e-01 -1.549602125058202606e-02
-1.369215066798703972e+00 -5.283501473707614693e-01 -8.996561654963534105e-01 7.562577821570599657e-01 -4.559007754163750883e-03 -6.891737584133447170e-01 -1.982860256070401173e-01
-1.612403377350925870e+00 -4.933658551292810501e-01 -9.738194930254148174e-01 6.384100556119074454e-01 4.414320993704000384e-02 -5.028940028310124877e-01 -2.839282361177514202e-01
-1.857493487141545829e+00 -4.792915918304487266e-01 -1.015207540819918375e+00 5.011183767162694647e-01 1.430395765703937061e-01 -1.202554792564826114e-01 -2.854419595564087198e-01
-2.043099208479476570e+00 -4.774901968511209849e-01 -1.025298559499391970e+00 3.451906523398198257e-01 2.461154522947419376e-01 4.238684280925739678e-01 -2.245934411103685524e-01
-2.097909065306273302e+00 -5.223082668270696560e-01 -9.760873368182049203e-01 1.301892987246774935e-01 3.714820337324956090e-01 1.011258341941255967e+00 -1.228130543181638612e-01
-1.946552055598021580e+00 -6.422245918452482716e-01 -8.607070771253534369e-01 -2.052186231441580078e-01 5.892974618376768392e-01 1.444913799453222181e+00 1.213323240729761738e-03
-1.550753866359804389e+00 -8.054776344622975870e-01 -7.360478435331267999e-01 -6.646676351869289512e-01 9.225250339970828550e-01 1.535934935255206524e+00 1.409626212726391992e-01
-9.486609074672479602e-01 -9.218797964330733841e-01 -6.727243988426842014e-01 -1.131128608768576571e+00 1.275040165280804105e+00 1.226002328941199426e+00 2.905094382312161660e-01
-2.398060365217221657e-01 -8.985772343450356692e-01 -6.845747602509320018e-01 -1.427270963378459490e+00 1.478865075411684105e+00 6.246033612172149363e-01 4.257736113396510813e-01
4.502407871892142310e-01 -7.128879901118020390e-01 -7.252329405077687641e-01 -1.461747815914675952e+00 1.411164355118195157e+00 -7.341858220883369646e-02 5.260441104535441559e-01
1.004830286949348173e+00 -4.299762516051909844e-01 -7.205599920341713149e-01 -1.286384849239376349e+00 1.074192873335607201e+00 -6.898097098771019953e-01 6.040773100049193767e-01
1.356978474755261121e+00 -1.325078110113167562e-01 -6.110272239464294985e-01 -1.014950837899485814e+00 5.701033368852816974e-01 -1.107461744927010550e+00 6.898493783838152149e-01
1.499881696698429856e+00 1.436639421437089781e-01 -3.896615543292965000e-01 -7.317326970163546829e-01 -2.971593151165526081e-03 -1.272934684118236071e+00 7.872195900839329408e-01
1.457631344487596570e+00 3.917882351224634130e-01 -9.495423640985732605e-02 -4.816027704682100952e-01 -6.081118688311195619e-01 -1.184186059062005913e+00 8.697968955985202477e-01
1.258734020139625542e+00 5.894417114389128853e-01 2.198638433670007386e-01 -3.097632990577829371e-01 -1.225980690841332654e+00 -8.871352846776228152e-01 9.334779777613267937e-01
9.408817817915879900e-01 6.991877498193753704e-01 4.955937694941316973e-01 -2.778573030601015348e-01 -1.794296334626226397e+00 -4.842424607255627622e-01 1.029429977112345629e+00
5.653352623207251737e-01 6.959473821613854083e-01 6.793858676767022819e-01 -4.291344961309380701e-01 -2.207077013926236120e+00 -1.067417222628444656e-01 1.216659281443192020e+00
2.034695622907924384e-01 5.682690034621878938e-01 7.570384908740853680e-01 -7.398018756048241329e-01 -2.377242841372118498e+00 1.505315816745347313e-01 1.485373376144973889e+00
-9.221953654203601802e-02 3.164391539550945320e-01 7.535522984149252146e-01 -1.114188256351054784e+00 -2.297890787311852812e+00 2.620967429851096542e-01 1.753248280663184389e+00
-2.992169747467888219e-01 -2.940727662489948935e-02 6.977119258044002237e-01 -1.444966509903667928e+00 -2.032822164670190723e+00 2.506660912000391317e-01 1.941636632579523569e+00
