-5.180766521884309084e-01 5.708539066406935758e-01 -8.434648401078629343e-01 6.145541590231612394e-01 5.316701349476873339e-01 -6.722716099077244989e-01 8.748224374159003780e-01
-8.301082051873721612e-01 6.041710570598417540e-01 -9.399169176049424479e-01 6.314049441210868308e-01 7.177024760777759305e-01 -2.155337259319780596e-01 4.754197846057802157e-01
-1.044449196470754293e+00 4.087304751707609429e-01 -9.275357981320863088e-01 4.101283205769788442e-01 9.808662276322149820e-01 3.782221209314494681e-01 -3.643043272623128822e-03
-1.163623221338409008e+00 -2.107536804344331896e-02 -8.007401563456292282e-01 6.450162008500156044e-03 1.281369802264334723e+00 1.069324315149135840e+00 -4.811772411602421862e-01
-1.208001338738421859e+00 -5.706619902821423729e-01 -5.816619296624574442e-01 -4.169179733380070640e-01 1.531658901941621798e+00 1.743888661546142416e+00 -8.662162958436205873e-01
-1.202120485987548282e+00 -1.078329827935077256e+00 -3.275857133553928824e-01 -7.134110819674033266e-01 1.647545127421075950e+00 2.267838847109162614e+00 -1.084957539835684992e+00
-1.153304016705020141e+00 -1.434842548988179978e+00 -9.813818253339780251e-02 -8.288328006137998250e-01 1.592296755827731225e+00 2.548760200376650964e+00 -1.100435495690534449e+00
-1.026667165939204818e+00 -1.578307729715089369e+00 9.031273703834383215e-02 -7.501058286033260858e-01 1.364283102488194954e+00 2.522578186349044405e+00 -9.401569318940662390e-01
-7.871155723327060150e-01 -1.461231874151180055e+00 2.350679138357264220e-01 -5.019385451485158800e-01 9.860389700985437988e-01 2.157676328785276265e+00 -6.894119797801494531e-01
-4.629012652723075716e-01 -1.079434925736850959e+00 2.971076642626946374e-01 -1.996690508003836628e-01 5.145121080615820963e-01 1.507675971458691366e+00 -4.317932051846940511e-01
-1.118348677765947513e-01 -4.955025623003967428e-01 2.442738110859566936e-01 3.427196592262905100e-02 1.986660194867203091e-02 6.924062252169277398e-01 -2.060939418363487985e-01
2.391159796204794519e-01 1.988316677134046584e-01 1.014155657921029519e-01 1.931507178138872627e-01 -4.455297323776785112e-01 -1.753015732012739580e-01 -2.490275603646642175e-02
5.616940005374442269e-01 9.134781405871152948e-01 -1.008389261808940868e-01 3.195744102676941201e-01 -8.359818479805039004e-01 -9.910320908977852117e-01 1.004514343588025493e-01
8.056723115909737443e-01 1.549656140257824610e+00 -3.552998531532517434e-01 4.134216121478003214e-01 -1.099437456281965986e+00 -1.639444271717199308e+00 1.640218039877747169e-01
9.667534969549221868e-01 2.010771108629119119e+00 -6.138849292110512001e-01 5.035032749484744663e-01 -1.199593881410131457e+00 -2.041705142695714237e+00 1.566768569950785228e-01
1.086766468607568203e+00 2.232869764781642452e+00 -7.904906060325526118e-01 6.580538163175198019e-01 -1.132116953113724511e+00 -2.176099414717286074e+00 6.246005404547782386e-02
1.164407556547671696e+00 2.183047118045410517e+00 -8.510263182310460195e-01 8.533533218099695894e-01 -9.184178924241223063e-01 -2.039131099102723610e+00 -1.002117708552150155e-01
1.153478925170469793e+00 1.866124042351023249e+00 -8.200741998753923179e-01 9.853203161756277639e-01 -6.077626582950667045e-01 -1.659550826268089585e+00 -2.656225115134516201e-01
1.031032605178402894e+00 1.351071142095606525e+00 -7.192616388396997351e-01 1.012299105515529485e+00 -2.773893940741109509e-01 -1.132943155397877266e+00 -3.751708360141466359e-01
8.044508509626602244e-01 7.316966415971286608e-01 -5.567922192579257690e-01 9.466490132761569143e-01 2.470589075447251343e-03 -5.791560282829130157e-01 -3.980011561267152720e-01
4.921920214330069987e-01 6.529562360124016585e-02 -3.433247493933227479e-01 7.741384400695353607e-01 2.020242083190519899e-01 -9.507792944403066493e-02 -2.959005939588369993e-01
1.379298608577001206e-01 -5.984047560766607710e-01 -8.529373394226753835e-02 5.001329361090459669e-01 3.186808064199726509e-01 2.362181466825668263e-01 -4.141997777578065865e-02
-2.007556081351342947e-01 -1.175821105362891528e+00 2.031771867320459335e-01 1.734899994655915989e-01 3.593466254783034830e-01 3.638153973871660618e-01 3.314023335625174149e-01
-4.930060077769038429e-01 -1.587105506854540105e+00 4.762140571308813852e-01 -1.838541538643918838e-01 3.422832804011349261e-01 3.181580931965883874e-01 7.483145588931290337e-01
-7.196708540958984823e-01 -1.791919529667986843e+00 6.986054698459401857e-01 -5.521065257708414054e-01 2.771791927655373189e-01 1.705553675665544278e-01 1.148573930020272416e+00
-8.406149669644482625e-01 -1.783372826065692029e+00 8.957219276751697823e-01 -8.484386926997724565e-01 1.499483608294157611e-01 -5.369941923195553635e-02 1.493264960279604203e+00
-8.269658399034500729e-01 -1.598444225755473402e+00 1.108989883077303062e+00 -1.006337375838716186e+00 -3.726399127427342667e-02 -3.516155673597729514e-01 1.747307064261730325e+00
-6.863206739862240946e-01 -1.324675498614414693e+00 1.348394567772365438e+00 -1.052621808487641752e+00 -2.344028003295945406e-01 -6.699842875773471818e-01 1.872565012208192714e+00
-4.205599973983615847e-01 -1.053086493431929727e+00 1.622735128565393259e+00 -1.015115720605373140e+00 -3.833418957677847128e-01 -9.356324412713939997e-01 1.829788571678685249e+00
-2.287728583141665148e-02 -8.222617291872318379e-01 1.937120167490935296e+00 -8.535594440407344718e-01 -4.651094022349263613e-01 -1.122858756325263885e+00 1.593943192075149673e+00
4.512554019095798563e-01 -6.239461389375093869e-01 2.228343206631906437e+00 -5.625516547702599235e-01 -4.883680747673104228e-01 -1.232195047028576074e+00 1.190210305307713323e+00
8.795020807671567464e-01 -4.489004818940078856e-01 2.377511961990126377e+00 -2.384341743399981950e-01 -4.634159874059419759e-01 -1.246065074598406319e+00 7.112560923524909873e-01
1.164915163918157859e+00 -2.893113633584273314e-01 2.302463766938860346e+00 3.521115667966981388e-02 -4.107805459768978373e-01 -1.156593759335268645e+00 2.678122250818610328e-01
1.279782449535637356e+00 -1.126261340058645616e-01 1.986404880473188195e+00 2.683890356064502214e-01 -3.654400732109947536e-01 -9.935612986292088333e-01 -7.940506086825409315e-02
1.218983600102647502e+00 1.112112982533883104e-01 1.441830343737374065e+00 4.604176149671780349e-01 -3.541204619446201574e-01 -7.885865742299821290e-01 -3.133114513237667542e-01
9.911563912035823432e-01 3.718953936002230010e-01 7.265783095938339597e-01 5.455281944920186143e-01 -3.950508632301276135e-01 -5.559611207205354955e-01 -4.268524002473916834e-01
6.640745473717850622e-01 6.380493220200912363e-01 -2.393130872465891457e-02 5.090142544203640762e-01 -5.126552690087301523e-01 -3.220349439988558493e-01 -4.343000990088942137e-01
3.329329942093628980e-01 8.799097404806973666e-01 -6.656449525374266152e-01 4.152257574636769033e-01 -7.065772547584630026e-01 -1.203611117139013892e-01 -3.642918132751233884e-01
4.515082715507513084e-02 1.067950407292599158e+00 -1.136052583431490737e+00 3.102226363503453044e-01 -9.187333227302451055e-01 4.762448480045860383e-02 -2.372652358695555019e-01
-1.902184694113019936e-01 1.188544784387389086e+00 -1.436261646896848321e+00 2.255110049349630663e-01 -1.065631528901286984e+00 2.061605465312368324e-01 -9.498987468930664146e-02
-3.712211315594374783e-01 1.250436131926313976e+00 -1.587347520503390452e+00 2.067073707884353739e-01 -1.076929040174770202e+00 3.822084648960235032e-01 -1.961781296947380515e-02
-5.168500965296906058e-01 1.249569237019482859e+00 -1.634340964820059305e+00 2.472287364422901257e-01 -8.987320195615896568e-01 6.172330711937612513e-01 -8.578089357347619404e-02
-6.476532537339446671e-01 1.162529464775655885e+00 -1.616237305708920546e+00 3.093816032465322996e-01 -5.144812615376133103e-01 9.392428233646947788e-01 -3.101563643988136110e-01
-7.509411978592878123e-01 9.944787550294412748e-01 -1.528280630289460262e+00 4.248014711530825882e-01 2.854442096532279136e-02 1.300199401898973761e+00 -6.533399573770189983e-01
-8.138542898943018633e-01 7.801568822413225135e-01 -1.360843073581776252e+00 6.380983617792703733e-01 6.423024833051234062e-01 1.597606057286494963e+00 -1.039476126065133510e+00
-8.534566758639139383e-01 5.420228700706377634e-01 -1.133659399111780708e+00 9.106732520813159981e-01 1.229642261850312890e+00 1.749153682731523718e+00 -1.375778044668342748e+00
-8.856941088398690987e-01 3.151396892337705036e-01 -8.693467464502060427e-01 1.179706749927943443e+00 1.682623439510596342e+00 1.717085854758119590e+00 -1.603917009718907716e+00
-9.281969068667977885e-01 1.713991639870260930e-01 -5.952974988818098279e-01 1.378491252817749979e+00 1.901220877650746433e+00 1.507829724379785796e+00 -1.705616360199443404e+00
-1.034916388983673663e+00 1.509864606466179149e-01 -3.709056710794338407e-01 1.369388425974310319e+00 1.842930402134840717e+00 1.179350744109864291e+00 -1.625064319460725937e+00
-1.242974182267537531e+00 2.214241759439802004e-01 -2.346300441536686987e-01 1.047516068292930980e+00 1.529745249258913420e+00 8.019551723935628429e-01 -1.271042175210340686e+00
-1.494324314002427156e+00 3.343512341951661027e-01 -1.382623963149103852e-01 5.239519307892047673e-01 1.007322284903787279e+00 3.901512044955995906e-01 -6.260586373083079081e-01
-1.683731903032131827e+00 4.604134010422893941e-01 -4.668517972734201847e-03 5.388874874885797583e-02 3.306468466603361134e-01 -8.492736041335739727e-02 2.197153112877382741e-01
-1.759508903137388725e+00 5.632720272913327442e-01 1.874001836893941508e-01 -1.998365001137074326e-01 -4.211010967060193066e-01 -6.172972235908006367e-01 1.135171849862367077e+00
-1.725707086106578414e+00 6.047877488220090303e-01 4.260680296076301832e-01 -2.233691696145241878e-01 -1.161236315371920069e+00 -1.155845459727963043e+00 1.993137695503105933e+00
-1.603078956774958819e+00 5.688404155691063613e-01 7.040469256532964071e-01 -7.225788872026149556e-02 -1.816144419182654790e+00 -1.652764343447186590e+00 2.689345768106187862e+00
-1.431378663705971555e+00 4.435728113317301546e-01 9.948372420468170052e-01 1.396090415926604655e-01 -2.307339618212705279e+00 -2.061139927630141866e+00 3.159492120298438955e+00
-1.246949224853722393e+00 2.149614485428035515e-01 1.262660400793957471e+00 2.758878672605680760e-01 -2.553307440984998955e+00 -2.314242491865086127e+00 3.357395797248486691e+00
-1.052675210908005310e+00 -1.117188473309813218e-01 1.491455223510880668e+00 2.591128210301903434e-01 -2.503283372756464509e+00 -2.337597983360224951e+00 3.238203448364632031e+00
-8.440021448281740390e-01 -5.096530926922842042e-01 1.657226982167609330e+00 7.799202158261062112e-02 -2.153729250848485322e+00 -2.069831494929917248e+00 2.791970837363796143e+00
-6.167590765536312691e-01 -9.250573980529543938e-01 1.728954035580512860e+00 -2.075425331082222657e-01 -1.562416688483547977e+00 -1.514759732672847914e+00 2.069445145770761219e+00
-3.531929526196451730e-01 -1.276071282467166279e+00 1.696684919942623493e+00 -4.751345453162255650e-01 -8.473902231123967566e-01 -7.788388947733612122e-01 1.174717343595044650e+00
-5.618946156454642654e-02 -1.502689041734750930e+00 1.543928982258319094e+00 -6.573095106611479554e-01 -1.312475388486365191e-01 -1.311867552235162701e-02 2.562947866133152841e-01
2.371905276332116619e-01 -1.597559534807325043e+00 1.247042110003295790e+00 -7.882842966569701959e-01 5.027308923006333918e-01 6.472539158904734302e-01 -5.182425073453563735e-01
4.991242969438351995e-01 -1.563027290885099951e+00 8.259024899764983996e-01 -8.942999806133097307e-01 9.953414707374108605e-01 1.084070638786842622e+00 -1.029639300030203319e+00
7.116379416550584480e-01 -1.391646928832297236e+00 3.308927438888976669e-01 -9.643588204607198566e-01 1.305864327765142052e+00 1.229393419544028365e+00 -1.251992382322426378e+00
8.356811739111149606e-01 -1.106220096741646453e+00 -2.043650772498491752e-01 -1.017966621618347611e+00 1.435883816524478940e+00 1.110099610187300634e+00 -1.216503928326090112e+00
8.447426357383859274e-01 -7.632779106626567112e-01 -7.390898266904784020e-01 -1.062389388323458306e+00 1.424531302706325553e+00 8.132462907681669018e-01 -9.743284480078765464e-01
7.534247606851562917e-01 -4.164244230369587574e-01 -1.207280651043572517e+00 -1.040834708332092795e+00 1.325098564910847099e+00 4.369990536418426053e-01 -6.022734835551857291e-01
5.755415845133179387e-01 -1.096311728884741959e-01 -1.572323328081022487e+00 -9.168684339548560658e-01 1.200542589001160065e+00 8.931202943527002946e-02 -1.911133804594099539e-01
3.187548819297602032e-01 1.204463061061105400e-01 -1.829901210755130903e+00 -7.195668102245407205e-01 1.107012526043819722e+00 -1.337425560503989752e-01 1.793643010392516890e-01
2.498636077100274341e-02 2.493902360766520887e-01 -1.952039293441042433e+00 -4.934975710802839699e-01 1.066604474461968044e+00 -1.902273327964921767e-01 4.557604468386293739e-01
-2.351735452907095236e-01 2.672480104805948220e-01 -1.895743441925800354e+00 -2.701830449187919148e-01 1.069178208724288481e+00 -8.826578111385198488e-02 6.072183967844533292e-01
-3.978328472700161100e-01 2.008963703826326108e-01 -1.650445945335807130e+00 -5.500115857274789910e-02 1.086044165756542945e+00 1.325625639421062762e-01 5.954643968316067904e-01
-4.309850789961636730e-01 1.097126324339100789e-01 -1.245489512207441640e+00 1.557803092443345305e-01 1.082002557102341278e+00 4.028370458454270664e-01 3.833867395026248626e-01
-3.317300667408101811e-01 3.326574420428626139e-02 -7.133877376001692694e-01 3.534640179291865247e-01 1.029019200185042449e+00 6.341718518802362814e-01 -1.210937214447153736e-02
-1.135498733620277784e-01 -2.808788826269394828e-02 -6.923822048253878980e-02 5.385215041561732807e-01 9.106725799272434863e-01 7.466365584114545983e-01 -5.071125958232245434e-01
1.767623943010488974e-01 -8.839412540720308076e-02 6.537809404913318412e-01 7.124829153142592242e-01 7.247218712559624354e-01 7.035452027035620226e-01 -9.892520077380495547e-01
4.606480934319359122e-01 -1.478420633545760587e-01 1.381859729558818417e+00 8.640027729524852873e-01 4.888176579516098075e-01 5.257443774069984199e-01 -1.371338606069627319e+00
6.691127387832712659e-01 -1.868405071853622978e-01 2.025504743164839638e+00 9.849579274681538044e-01 2.426111062932016504e-01 2.782087280989557487e-01 -1.620680667900831207e+00
7.757838415341558047e-01 -1.900193673470676470e-01 2.518229223592598487e+00 1.076344584319918196e+00 2.750232383740810679e-02 4.613511889246349473e-02 -1.743606734543661441e+00
8.020548048701752197e-01 -1.624635911523268361e-01 2.839004343010926412e+00 1.146128465215028758e+00 -1.459346995825199500e-01 -9.464743678004668148e-02 -1.759980782238814268e+00
7.889332214018301981e-01 -1.203682188324117497e-01 2.991030465583278009e+00 1.185708324360801980e+00 -2.923766850521312688e-01 -9.340338055511333837e-02 -1.696303016447426648e+00
7.702387717468159867e-01 -5.854757901458555042e-02 2.976701167383677404e+00 1.174295175661686841e+00 -4.267975642552691018e-01 6.520506838259970683e-02 -1.596892028272917319e+00
7.601597240598539917e-01 6.245069282702680330e-02 2.788972910602671273e+00 1.122495081257507632e+00 -5.542617197895519654e-01 3.475632172140204479e-01 -1.512619143633990415e+00
7.388696635098546128e-01 2.673696368273746349e-01 2.401964690940783687e+00 1.062455035103864409e+00 -6.582916466860163629e-01 6.976404822785421400e-01 -1.469146329619575697e+00
6.788768112676379918e-01 5.377035959936021792e-01 1.807229763483144236e+00 1.027551494457276560e+00 -7.060918127506967679e-01 1.068960531157521876e+00 -1.480388112072552165e+00
5.777663102170252918e-01 8.357187195156471349e-01 1.053992918506907017e+00 1.045582574490141470e+00 -6.706358467752662200e-01 1.413718647233117798e+00 -1.559811808033634506e+00
4.445319211575486928e-01 1.113812214057261052e+00 2.295272710027876917e-01 1.107223775820572742e+00 -5.405234843590311922e-01 1.684822326027304307e+00 -1.694637291745466179e+00
2.982832550534498806e-01 1.322716569099194439e+00 -5.592914268126302213e-01 1.172585639205284913e+00 -3.270843874676574448e-01 1.852654243230346554e+00 -1.853459339470009404e+00
1.628628682438520714e-01 1.423895524450547567e+00 -1.210637318491879055e+00 1.185360985877986550e+00 -5.989526726835178033e-02 1.909387051287154469e+00 -1.996704917587226902e+00
4.140894613531009155e-02 1.380536667976651533e+00 -1.667688503664841893e+00 1.085389792345650140e+00 2.248413190359005165e-01 1.875477727059236210e+00 -2.062938274315569753e+00
-7.062591428808778771e-02 1.175663827206292700e+00 -1.915018880586610184e+00 8.794435044851577343e-01 4.759837391493420000e-01 1.782109878650966373e+00 -1.998373182726660424e+00
-1.831864072609809546e-01 8.405407248603764536e-01 -1.981464205630055098e+00 6.333516299703833008e-01 6.392106394107531786e-01 1.654465744451380393e+00 -1.792944182556545973e+00
-3.167703238448389969e-01 4.270239994932898964e-01 -1.944356408848588513e+00 3.947900771025693589e-01 6.952347587321318079e-01 1.524974528041605382e+00 -1.470686878483326687e+00
-4.509193878006542699e-01 -1.218491622734918685e-02 -1.860170338807060952e+00 2.310677682849263948e-01 6.615021863844103844e-01 1.410452646398784315e+00 -1.087044398152477997e+00
-5.255329925035693295e-01 -4.093934314591489154e-01 -1.728599663385312679e+00 2.391662571623450750e-01 5.683871855892459468e-01 1.286880028050983338e+00 -7.181231732914471477e-01
-5.210036151154883166e-01 -7.091154971478519364e-01 -1.544280173779091658e+00 4.281641731813393137e-01 4.501765294934436668e-01 1.127578864418325999e+00 -4.089892301367613059e-01
-4.661717304374865534e-01 -8.890599817816279282e-01 -1.310265165431481416e+00 7.221710451902918493e-01 3.342450259025120385e-01 9.218188940403936327e-01 -1.597517590239330432e-01
-4.018487733719989796e-01 -9.347279358497802004e-01 -1.027621488300837882e+00 1.060691227294465522e+00 2.345935934688286317e-01 6.603075414384886876e-01 4.065749197653255320e-02
-3.989828744665270266e-01 -8.602612280701110725e-01 -7.294569566137789618e-01 1.348285603950328371e+00 1.750654175065095852e-01 3.652843864172395372e-01 2.169540066542622880e-01
-5.441810308556725984e-01 -7.390812920922734675e-01 -4.748631631504945938e-01 1.415388974460415117e+00 1.935733375971673831e-01 1.105395239650274197e-01 4.123111494980300495e-01
-8.536443178789570041e-01 -6.462368232324688933e-01 -2.799555098672816267e-01 1.170957480493657998e+00 2.989520071929039347e-01 -3.744866707671656164e-02 6.411535886575235876e-01
-1.254716875370849749e+00 -6.067388219142146877e-01 -1.132889497915388066e-01 6.764132862667303625e-01 4.640112214400507473e-01 -6.299011565745035734e-02 8.695778299275629397e-01
-1.656899968170522985e+00 -6.237748880555097353e-01 3.528767936016291573e-02 4.171432335958701748e-02 6.659966658037541620e-01 3.249915791704386520e-02 1.050871318554996936e+00
-1.975073804630386842e+00 -6.912885544774742819e-01 1.508146150443248346e-01 -6.024418282526450286e-01 8.820438937016534808e-01 2.338885475284799564e-01 1.145733807988594366e+00
-2.123114582145360529e+00 -7.745567000219611975e-01 2.269851452551481241e-01 -1.098201587373964561e+00 1.066150729707195044e+00 4.802480805952922260e-01 1.128533842764605000e+00
-2.059074427961148146e+00 -8.381546365500482931e-01 2.493047494245691775e-01 -1.370550819034046075e+00 1.172829890956392340e+00 6.972849681787356424e-01 1.007673398076594617e+00
-1.793085235251012488e+00 -8.641421826821757968e-01 2.057824000683028953e-01 -1.435653299896114010e+00 1.167990652225294301e+00 8.330483484285311491e-01 8.134520789962746967e-01
-1.345504216694202393e+00 -8.092191798835459693e-01 1.186871440125404353e-01 -1.275247402530593099e+00 1.011521889505208716e+00 8.410654994718324007e-01 5.554948624095928933e-01
-7.661139945899778647e-01 -6.182420383246556295e-01 1.305074745663661537e-02 -8.841269697583070686e-01 6.803580076028091783e-01 6.854116146934264853e-01 2.450400406881485527e-01
-1.594743127610342426e-01 -2.909168035447279310e-01 -1.085548104010834181e-01 -3.835200049760653096e-01 2.029407981287759954e-01 3.682195451864741509e-01 -5.705429276995269139e-02
3.634419943671410302e-01 1.221505392221258202e-01 -2.385741839263012809e-01 6.230530408371203616e-02 -3.517830829238389745e-01 -7.039399239237369155e-02 -2.782357156264230746e-01
7.234277700465160388e-01 5.454994591709335650e-01 -3.542343443609171638e-01 3.346918535486833601e-01 -8.955158582901167064e-01 -5.571173315201487508e-01 -3.796390786015034213e-01
8.771790768707120600e-01 8.800046264682640507e-01 -4.289920831911601673e-01 3.605073282363684961e-01 -1.342679992665484212e+00 -9.903114817479662380e-01 -3.414220322499077476e-01
8.361861348005075190e-01 1.043794323520991663e+00 -4.358855506544452862e-01 1.580866774489001203e-01 -1.646457799728541005e+00 -1.275831971376415908e+00 -1.648164347936968976e-01
6.609889126937786852e-01 1.007857350604923097e+00 -3.616308938864840061e-01 -1.796456622767780564e-01 -1.800434307185660332e+00 -1.363889544638878348e+00 1.217719725422757998e-01
4.367436663530400165e-01 7.890883473774779056e-01 -2.118148688779473987e-01 -5.595025249177155713e-01 -1.817409532887259482e+00 -1.263895810307123169e+00 4.804255043522672741e-01
2.693311526254642541e-01 4.581569974130544898e-01 1.408361131085088865e-03 -8.702249658933578491e-01 -1.733106541118883959e+00 -1.047840968496354330e+00 8.514580822335615640e-01
2.386180675831463538e-01 1.271461922810099010e-01 2.372643735208917470e-01 -1.006652053164256211e+00 -1.598022229603046407e+00 -8.144529650933987064e-01 1.153896157118818211e+00
3.449467902877665915e-01 -9.896667184825580499e-02 4.146026191766938873e-01 -9.332621160287581930e-01 -1.454492993518035959e+00 -6.399246115371990395e-01 1.321991314412480634e+00
5.504562600363412939e-01 -1.517069670628699851e-01 4.762523495698710585e-01 -6.305430624743710855e-01 -1.331738949069775524e+00 -5.737908944300341707e-01 1.303043595860789106e+00
8.046196409663807225e-01 -2.825575201670298478e-02 4.189676978771359472e-01 -1.029863709874450917e-01 -1.225438143484235409e+00 -6.274349190572765522e-01 1.050362541707859032e+00
9.798063579574364246e-01 1.830671218081845741e-01 2.203711336974424340e-01 4.721628284094148698e-01 -1.071953023165036267e+00 -7.188027809694674808e-01 5.758467687378735489e-01
8.922323800885614276e-01 3.394185898381902322e-01 -1.688846417619937479e-01 7.391370843161151338e-01 -7.890950500115007094e-01 -6.794860695690360108e-01 1.626448835021124598e-02
4.843122285173150354e-01 3.465049602574226673e-01 -6.862778617289768679e-01 4.405422425661823516e-01 -3.634364730491932982e-01 -3.848543230517411651e-01 -4.118231746645918956e-01
-4.778027653957944015e-02 2.347577874052990399e-01 -1.102809507414264534e+00 -2.776145060737980619e-01 1.137371883518001198e-01 1.252005211006381180e-01 -5.968876585363643850e-01
-3.805688969328304139e-01 1.181972782163115271e-01 -1.202181645220280037e+00 -9.078073861473697770e-01 4.883134349474230751e-01 6.681641505418702831e-01 -6.287949047706924421e-01
-3.252770578079281494e-01 9.015652545410778040e-02 -9.661722763886310128e-01 -9.865483015347420448e-01 6.223103123437027095e-01 1.034305828122535464e+00 -6.638668237956789620e-01
5.331853540535744923e-02 1.597816322640554787e-01 -5.341643006490748302e-01 -4.502018330989385753e-01 4.657374492728044157e-01 1.082752275533402475e+00 -7.536320382144353625e-01
5.344214640444124864e-01 2.778045279903954556e-01 -4.362462633888294222e-02 4.065316331750339907e-01 6.245988163493378098e-02 7.777746595131110885e-01 -8.255291888726291605e-01
8.875764333956630558e-01 3.897925983608997447e-01 4.195990568345052130e-01 1.197923300469779351e+00 -4.925860869366429640e-01 1.867822422835834772e-01 -7.591376171151861252e-01
9.539964535854542627e-01 4.396600268132610512e-01 7.732111927184968092e-01 1.603257394888039533e+00 -1.071848885142527852e+00 -5.428439407839584785e-01 -4.545248982600403331e-01
6.831361747959697750e-01 3.913602356387546055e-01 9.478232500712940878e-01 1.439129507888596837e+00 -1.532613584548946140e+00 -1.233512255261904889e+00 1.099016009025642060e-01
1.217132170082407677e-01 2.548513631709274918e-01 9.234376477694596907e-01 7.164355669880514421e-01 -1.759696781814326316e+00 -1.723018340873042398e+00 8.581946141435273789e-01
-6.199188795831466203e-01 5.282538053953917540e-02 7.261112807250530432e-01 -3.778472980586322083e-01 -1.708334231618013677e+00 -1.898197884546309666e+00 1.662797257646631888e+00
-1.380494378278065648e+00 -1.891785246969121537e-01 4.286244220103235247e-01 -1.552078133513466796e+00 -1.429813251726695045e+00 -1.739498358600658712e+00 2.385067235000948749e+00
-1.987710184506727984e+00 -4.353302665731472731e-01 1.277188313328073976e-01 -2.531103690990825772e+00 -1.040385842270877381e+00 -1.322344913746982042e+00 2.893386253345320291e+00
-2.307451853011625698e+00 -6.507926156423956554e-01 -1.023375288391858290e-01 -3.139065383627021699e+00 -6.618085019414072789e-01 -7.747041855997521820e-01 3.096008798099751491e+00
-2.255292160864363016e+00 -7.856831133834828451e-01 -2.223868527344249335e-01 -3.272944686442850415e+00 -3.962516127374925423e-01 -2.485502174746512527e-01 2.956212267362205548e+00
-1.830582891887609698e+00 -7.874156655644586333e-01 -2.367292671207448795e-01 -2.934796220949916989e+00 -2.962475653113554874e-01 1.313098977319856198e-01 2.483949095841579080e+00
-1.131390696463747902e+00 -6.451289442747009106e-01 -1.802820448219318861e-01 -2.269520147895520701e+00 -3.467220951529527140e-01 3.138784816082296203e-01 1.741681099260430576e+00
-2.943667599230653242e-01 -3.747913935778874328e-01 -7.594554843776689379e-02 -1.450837372755334975e+00 -5.061454748939835380e-01 2.971978171669196200e-01 8.453618982884912869e-01
5.328183839781563957e-01 -1.426065190339328645e-02 4.364274451012215700e-02 -6.244276417231715559e-01 -7.160459984240786779e-01 1.116779857246624347e-01 -5.260066734110036696e-02
1.202260798351188598e+00 3.402620735256202122e-01 1.098601523183679318e-01 5.583547916113973386e-02 -8.826083220608599289e-01 -1.696198531548338273e-01 -7.946516561495965414e-01
1.638889060190035663e+00 5.872737080548252608e-01 8.453051703337385869e-02 5.056461262628677567e-01 -9.284222796781534948e-01 -4.730746253096877463e-01 -1.274829348616911995e+00
1.849098717460105235e+00 6.930058918859993700e-01 -2.148485591254465157e-02 7.472901869696224608e-01 -8.258659707774115288e-01 -7.422246792198341492e-01 -1.479592098770576847e+00
1.847413675484080420e+00 6.513920967473620927e-01 -2.125510016036953331e-01 8.038639120402751859e-01 -5.518262223937671074e-01 -8.886641776935254589e-01 -1.477809712082111426e+00
1.666674267304973478e+00 4.563685840381180303e-01 -4.852654592476212114e-01 7.117267550469735804e-01 -9.359386296849718512e-02 -8.270314672095061548e-01 -1.373065946356865075e+00
1.388115961628640260e+00 1.331359636645170763e-01 -7.794129703517862495e-01 5.858590437689488173e-01 4.989727947775496886e-01 -5.582629330712712834e-01 -1.238866541740421656e+00
1.084386184380768281e+00 -2.719895891638532404e-01 -1.029878270303146381e+00 5.228579547464000665e-01 1.127926081318410434e+00 -1.382580615534858004e-01 -1.099674089233872110e+00
7.992849531607809643e-01 -6.865276129401040039e-01 -1.209035221089624912e+00 5.525784713806640713e-01 1.681830822273070902e+00 3.669389191481489121e-01 -9.637684796751908589e-01
5.615224272035843622e-01 -1.001744255449701360e+00 -1.327714845790587628e+00 6.772718786698677107e-01 2.057555481086593030e+00 8.653506841992869569e-01 -8.222862605723464391e-01
3.618485792554729796e-01 -1.142768570995334132e+00 -1.440690594385755086e+00 8.271883852258643532e-01 2.201604576609629937e+00 1.272163973826489825e+00 -6.486768870220336325e-01
1.920508776802595519e-01 -1.091983175980679510e+00 -1.595498110322132845e+00 8.964767977430206924e-01 2.113845402738994128e+00 1.542549970763520406e+00 -4.520167357865723101e-01
8.153770747221733561e-02 -8.541742503892295613e-01 -1.791590433110642921e+00 8.304924101656265822e-01 1.826809697184810233e+00 1.656488864590563104e+00 -2.827223047527239741e-01
4.983739891044650094e-02 -4.863528097592283439e-01 -2.009786231470123141e+00 5.953327811221184040e-01 1.410523286830931200e+00 1.631363430798360215e+00 -1.863910312736490327e-01
1.119840536998577135e-01 -9.140964231668477491e-02 -2.202218232879177950e+00 2.043374976556382450e-01 9.434025868996152031e-01 1.508553950607705252e+00 -1.921919030689561159e-01
2.920853192172608859e-01 2.403857468356071225e-01 -2.288685481409552747e+00 -2.554785082242436722e-01 4.791243192636094883e-01 1.317170778432561473e+00 -3.017179212030449698e-01
5.739063225689386982e-01 4.340561034103896376e-01 -2.217216171834878402e+00 -7.143631239569137037e-01 6.322044648237146180e-02 1.095867139570605220e+00 -4.842498062313164153e-01
9.233402892174010779e-01 4.501102639520985216e-01 -1.968661802648180803e+00 -1.102238567317450180e+00 -2.717890721382172914e-01 8.839360959645898852e-01 -7.102597887112027664e-01
1.322629701064931718e+00 3.130379705936021661e-01 -1.540797607283942217e+00 -1.311718350042416104e+00 -5.176018675903267807e-01 6.863920990625259622e-01 -9.521036774960539573e-01
1.726534515788991087e+00 7.444462587635125583e-02 -9.860475278273798105e-01 -1.297927253226053068e+00 -6.631619580955327997e-01 5.067172477962311739e-01 -1.169348938605982102e+00
2.071134116046923435e+00 -1.930062019909770665e-01 -4.020502404275926867e-01 -1.085006734415379093e+00 -7.000769877792263340e-01 3.461408104194493296e-01 -1.332183997642827578e+00
2.313889548249720818e+00 -3.917596951207125144e-01 1.190593543343147764e-01 -7.030976484901233503e-01 -6.520954822820191898e-01 1.618092640464814380e-01 -1.417955158740287436e+00
2.426000432046143906e+00 -4.627320886652021015e-01 5.156202603697820352e-01 -2.132968573432774129e-01 -5.685187600872384506e-01 -9.332889930881782536e-02 -1.392731443165452943e+00
2.407429945947008321e+00 -3.960414923378346996e-01 7.795442555887911462e-01 3.128784917629816587e-01 -5.114098568701656022e-01 -4.195164614011634430e-01 -1.245548044768811202e+00
2.281343982168773987e+00 -1.866815828783797149e-01 9.326043874127203370e-01 8.249211337555460988e-01 -5.343430721768365199e-01 -7.787655507643613806e-01 -1.007488346687329006e+00
2.048365553031654240e+00 1.596495431817049893e-01 9.714048666799344200e-01 1.255371099924619260e+00 -6.543482408465357558e-01 -1.118004279456223271e+00 -7.151106559750658453e-01
1.708023302505324414e+00 6.213794184735177417e-01 8.892159869498477143e-01 1.549164893238512697e+00 -8.640777627777638248e-01 -1.402379949997692998e+00 -3.889690321285949048e-01
1.284683638981208631e+00 1.160866923733040679e+00 7.102889247860327826e-01 1.684613568188297883e+00 -1.135945472238401255e+00 -1.624283642416944895e+00 -3.283973254961675831e-02
8.031490076276913692e-01 1.710755347542080695e+00 4.718982731195759950e-01 1.635211091597337241e+00 -1.414367449071159744e+00 -1.777026372426717016e+00 3.538588377542697949e-01
2.884411545808205357e-01 2.195295483688824767e+00 2.156491276452142392e-01 1.405024837231874102e+00 -1.654529509197074866e+00 -1.855780414424782476e+00 7.446269870927662016e-01
-2.396122337690180792e-01 2.536553608836849438e+00 -2.519594901934703313e-02 1.030469133280730087e+00 -1.833894135102091649e+00 -1.866937486230606957e+00 1.101025151418765669e+00
-7.606107612963826092e-01 2.663466035312584967e+00 -2.329439150733387531e-01 5.552035272450660530e-01 -1.933974812262108545e+00 -1.822441730003153237e+00 1.399524328609498491e+00
-1.200859084555830458e+00 2.579225903135205389e+00 -3.761619713694232536e-01 1.010071722425268520e-01 -1.966435386329888679e+00 -1.746819879486454452e+00 1.597430887661348775e+00
-1.464602395072926555e+00 2.361471538872577103e+00 -4.303180829336266111e-01 -1.822236617417212212e-01 -1.958643920774252534e+00 -1.659744147253453317e+00 1.626812819831997547e+00
-1.515824981020424067e+00 2.088026453293448714e+00 -4.176612311704503422e-01 -2.539173613456883749e-01 -1.910760269023219715e+00 -1.557127464005627182e+00 1.451044115227746012e+00
-1.359358015121399088e+00 1.826472486115894966e+00 -3.658171359576785076e-01 -1.339076146451250726e-01 -1.831884486884825858e+00 -1.460346954912647544e+00 1.103507821230366170e+00
-1.027921011248909000e+00 1.627604222670098633e+00 -2.940418630221389718e-01 1.302569886969968949e-01 -1.741733253968263950e+00 -1.411854711932996276e+00 6.789058485303847146e-01
-6.221771878763107111e-01 1.462293640069961098e+00 -2.552038455614076828e-01 3.809706688258018281e-01 -1.594307107717153782e+00 -1.360942613775351306e+00 2.699760642531988664e-01
-2.386201414552378830e-01 1.240160890129612614e+00 -2.748393133241127106e-01 4.630346199564396303e-01 -1.306701933327256260e+00 -1.177132469088678413e+00 -9.231573474394326462e-02
1.284745234289596250e-01 9.048908553258212528e-01 -2.741679635317247898e-01 3.978213150988656466e-01 -8.724231209978206003e-01 -8.243674560555314113e-01 -3.937994774112696938e-01
5.087202840892692812e-01 4.411205532906546933e-01 -1.597754504489246052e-01 2.662934058400454607e-01 -3.525199772740074122e-01 -3.940041193733185843e-01 -5.664225410947089090e-01
8.668210179426205642e-01 -1.506303083971197443e-01 7.972644143394259919e-02 6.913280586892793511e-02 2.024860445291901956e-01 1.993139798660604686e-02 -5.409461495898302275e-01
1.164037143456944534e+00 -8.069372125359058900e-01 4.174777701224092197e-01 -1.717005196515184740e-01 7.391161118062617996e-01 3.572928455653546775e-01 -3.389468328956412035e-01
1.382457695042268231e+00 -1.414681286244419578e+00 8.101146828017982138e-01 -3.994775771584546109e-01 1.192694989380210346e+00 5.675400139152972923e-01 -4.020302417635410880e-02
1.482048057238335881e+00 -1.902360983863376820e+00 1.164633244120201194e+00 -6.406068922418529654e-01 1.544253832271780258e+00 6.388004919821199667e-01 2.910257417420305526e-01
1.445557165379366849e+00 -2.239752056476004949e+00 1.384623813592413599e+00 -9.312998383449305750e-01 1.813022973891657674e+00 6.028359521836801349e-01 5.856766334497260917e-01
1.310461973084475984e+00 -2.402150079563518670e+00 1.419371508387211822e+00 -1.226561702567891654e+00 2.012123917837050247e+00 5.128031770389978039e-01 7.482717699655263566e-01
1.113990331549566060e+00 -2.408611162844334963e+00 1.245428255223516745e+00 -1.492254660239136443e+00 2.162080517521556722e+00 4.501482317031571534e-01 7.059534317039758422e-01
8.959858522901009703e-01 -2.306318665493834352e+00 8.911450059954413305e-01 -1.698351425031978668e+00 2.282747000114767832e+00 4.769198228299431630e-01 4.462848701407262086e-01
7.205327359712285773e-01 -2.099965885391476661e+00 4.587161322002438757e-01 -1.731548839943701346e+00 2.350869750595161012e+00 5.643759987672503087e-01 2.345448140462413553e-02
6.025961784178458513e-01 -1.785802024028199542e+00 4.791522774837662924e-02 -1.521801573963940113e+00 2.328924422505991298e+00 6.424786745905980423e-01 -4.424536015071324768e-01
4.801033423392632171e-01 -1.399761614498864715e+00 -2.910079301627520598e-01 -1.151460017335890873e+00 2.203347665036298419e+00 6.773690642813557927e-01 -8.146374306021282319e-01
2.987525535071194338e-01 -9.671922313909249169e-01 -5.256623347548990965e-01 -7.202175653203121142e-01 1.954008813677877932e+00 6.568256860891379389e-01 -1.022534738039445168e+00
5.065689636464166395e-02 -4.885952210505122850e-01 -6.424794413913144098e-01 -2.747159925491639010e-01 1.560253081421186794e+00 5.721354161892265866e-01 -1.072485745193185291e+00
-2.438082022277323069e-01 1.972132919147668098e-02 -6.548491285223831948e-01 1.420777243438472448e-01 1.040897937455219413e+00 4.180599158328496268e-01 -9.935435900819293842e-01
-5.341530744106509632e-01 5.278697138922270327e-01 -5.726039553089579126e-01 5.184555532414888424e-01 4.395782735589631174e-01 1.737872370643889774e-01 -8.148979103016577019e-01
-7.675300301537952841e-01 9.830973619651985906e-01 -4.045299291129202945e-01 8.471794452184124857e-01 -1.743208412965314147e-01 -1.649831611527757258e-01 -5.700402255517319494e-01
-9.116300837791574407e-01 1.303950546172862213e+00 -1.714958956673741652e-01 1.071573961746413062e+00 -6.957413117717283768e-01 -5.459566958005134252e-01 -2.915111325778976248e-01
-9.290156925084704920e-01 1.450962816861782745e+00 1.125849475109235165e-01 1.168147799810228760e+00 -1.045433763156494944e+00 -9.106128646711798558e-01 -6.909806978235760733e-03
-8.067261051202346822e-01 1.449302392524977279e+00 4.186675576129712528e-01 1.157380193405405988e+00 -1.199452652252682938e+00 -1.219327315554155078e+00 2.601020936731387456e-01
-6.037322006740020175e-01 1.320236365308217641e+00 6.733519508241647689e-01 1.012841167049193247e+00 -1.151039554224855710e+00 -1.409040393650972778e+00 4.870946679163820070e-01
-3.962643201409679072e-01 1.078099576113805025e+00 8.150469823524661983e-01 7.175482498589080826e-01 -9.209560367608119469e-01 -1.429928732719910833e+00 6.541799318854869538e-01
-2.245571300578124430e-01 7.734439677230928734e-01 8.387774772923604072e-01 3.390126936080719577e-01 -5.786431841876530369e-01 -1.309310954976875108e+00 7.554532761211047998e-01
-1.207019683304170338e-01 4.681810039660569966e-01 7.569956841899849742e-01 -3.676941894758303797e-02 -2.037933852247909572e-01 -1.115088408073567017e+00 7.977494053368612281e-01
-1.133044254205098911e-01 2.029161617333766487e-01 5.757736592570915635e-01 -3.375754062930049759e-01 1.444527959545642559e-01 -8.964665102824768139e-01 7.761585334898403188e-01
-2.013508837388410244e-01 -1.477665606647079327e-02 3.074871701912402777e-01 -4.999799380835713847e-01 4.354522607601776230e-01 -6.646507663683201006e-01 6.744902593644919175e-01
-3.511060335069199900e-01 -2.162914841792511755e-01 -2.188968772316745096e-02 -5.054285856868773186e-01 6.698180998721710022e-01 -4.054937157377995760e-01 4.988477238583898243e-01
-5.012623302905938605e-01 -4.232174250978693042e-01 -3.620126936923145355e-01 -3.758053082595710359e-01 8.572935221399223815e-01 -1.256626077396726660e-01 2.828939495562459161e-01
-5.866565718620061487e-01 -6.144975117521017660e-01 -6.453150334932072907e-01 -1.681032092052030802e-01 1.008886075159157292e+00 1.334010860821298050e-01 6.404426468003072970e-02
-5.621789577581239872e-01 -7.606706280928009489e-01 -8.075697590678310167e-01 3.377176964692579081e-02 1.144076389428572815e+00 3.347377858117078220e-01 -1.367697066622908242e-01
-4.156082133679410151e-01 -8.429726796889146501e-01 -8.089600187514415230e-01 1.699209952413931468e-01 1.273017402633903394e+00 4.758002286912372258e-01 -3.296188416681949951e-01
-1.880683959895824153e-01 -8.572007458095339816e-01 -6.647953993959894170e-01 2.043792998889688295e-01 1.391463300358264821e+00 5.844895408366154177e-01 -5.382717094861469986e-01
5.398091741964937407e-02 -8.090560849605331617e-01 -4.281380557414575239e-01 1.311298556966529749e-01 1.490881328333782507e+00 6.797686664354142261e-01 -7.552631310347356353e-01
2.585155276984029138e-01 -6.996217738100515282e-01 -1.492938705525493348e-01 5.966239989699108175e-04 1.554538477424025622e+00 7.451646631427258916e-01 -9.256012465889089658e-01
3.785283392836252259e-01 -5.470314576023065367e-01 1.195449877348614409e-01 -1.315902049275456120e-01 1.563897527656912922e+00 7.550520511127963852e-01 -9.794393092287286828e-01
3.966407039918566357e-01 -3.841503989841170141e-01 3.402692148556932805e-01 -2.218214806655043614e-01 1.509350083074726401e+00 6.867711322367662241e-01 -8.840169251438443343e-01
3.427312148959746896e-01 -2.285471755246250014e-01 5.067934080206387693e-01 -2.278438994845317367e-01 1.398405777668522809e+00 5.246414619437744786e-01 -6.640791569773523140e-01
2.483131460197081086e-01 -1.019929405448536108e-01 6.136099795507097276e-01 -1.479699611706124796e-01 1.265981659750081034e+00 2.993592148859124391e-01 -3.933974941413728721e-01
1.445332794540162558e-01 -2.592415030262590347e-02 6.578996138210391198e-01 1.510599451817623215e-02 1.159034483157447504e+00 8.364648820646444771e-02 -1.879652425286265083e-01
5.724329926017907716e-02 4.992524397018612350e-03 6.446851630467079763e-01 2.700412437953214617e-01 1.118678332767988337e+00 -4.500898554268912416e-02 -1.608689871695423157e-01
-3.261207445838282953e-02 -1.584243505387281439e-02 5.665228156250784464e-01 5.606204987242043858e-01 1.168752900900451808e+00 -1.318761629576685121e-02 -3.494697518490554877e-01
-1.387727870230743288e-01 -1.238762299438767311e-01 4.504335436452331365e-01 8.045638627069956472e-01 1.283223538026400989e+00 1.968179240847977296e-01 -6.844989714527361935e-01
-2.385983608885267337e-01 -3.513080938170179968e-01 3.682126193728764707e-01 9.334465837733237903e-01 1.403159599381846201e+00 5.070993377696247917e-01 -1.006765787479647845e+00
-3.332695043086755793e-01 -7.132844335233745614e-01 3.455653225843436371e-01 8.374515373714856992e-01 1.506636547507047563e+00 8.230048406059891075e-01 -1.159344282650680791e+00
-4.281087207583875176e-01 -1.175220516272244886e+00 3.555047902366967882e-01 4.461974729013719609e-01 1.605752280127294762e+00 1.094115191593819647e+00 -1.105637752747637093e+00
-4.948864184171887781e-01 -1.638796502798935739e+00 3.755978649501506839e-01 -1.844519294884154059e-01 1.694966863167604698e+00 1.289734635806893737e+00 -9.126280347879197619e-01
-5.182169169324364333e-01 -2.001133523818479532e+00 3.786692023279363828e-01 -9.441164184577484075e-01 1.745929665122576413e+00 1.393080865693968162e+00 -6.559997958640705340e-01
-4.954266453657202862e-01 -2.180824824570569032e+00 3.436788780608274751e-01 -1.682550004581668590e+00 1.714145871681500788e+00 1.397660117954216741e+00 -4.069097572197907242e-01
-4.139726560237337871e-01 -2.105627195811460961e+00 2.825645830368014311e-01 -2.212822166807851154e+00 1.548884123973279570e+00 1.297834658235608396e+00 -2.464934146169325824e-01
-2.839003637534800450e-01 -1.759865424611869011e+00 2.061655216773040644e-01 -2.437459398141958555e+00 1.238548300361044685e+00 1.119939970551443009e+00 -2.343582810581689158e-01
-1.219434092144495024e-01 -1.205708442668088187e+00 1.259482898979604470e-01 -2.367434600626964869e+00 8.207228027932471637e-01 9.211196037702975570e-01 -3.948444143654648020e-01
8.289754528064442740e-02 -5.205731786957275009e-01 8.568757003279624251e-02 -2.024428759701568659e+00 3.311099386251363241e-01 7.352879671780166992e-01 -7.240519164361168825e-01
3.310897934730877568e-01 2.159329873805607980e-01 1.233265477505621766e-01 -1.468558104647071261e+00 -2.077057958842015994e-01 5.579238558726651309e-01 -1.158923776851338072e+00
6.061101362800126457e-01 9.016836404840377073e-01 2.454586882208351362e-01 -8.173806698247590985e-01 -7.582584018932511105e-01 3.675165110377372479e-01 -1.574092236150821611e+00
9.083380323130114675e-01 1.454495246923429796e+00 4.466189069332560657e-01 -1.558492231139053941e-01 -1.271863341831417360e+00 1.430431577018139999e-01 -1.853150984082291508e+00
1.226930027871597551e+00 1.829458661566872202e+00 6.937917648655508307e-01 4.484673859914596883e-01 -1.691600441177185221e+00 -1.092609214425224046e-01 -1.937665496326304027e+00
1.520446621556767131e+00 2.000382811554884288e+00 9.304610283489263001e-01 9.033942730647289698e-01 -1.960740391092590906e+00 -3.611363190854446348e-01 -1.817133128930704444e+00
1.738539435154133006e+00 1.968111342784481410e+00 1.107399812343637491e+00 1.144333199747473051e+00 -2.061248011919716738e+00 -6.009324218366677295e-01 -1.510021995683238583e+00
1.823799783887577908e+00 1.744888931035032620e+00 1.169119516093557465e+00 1.134329877783898377e+00 -2.008280000171366542e+00 -8.226937398111450195e-01 -1.055884256268445842e+00
1.743947787146791883e+00 1.352293702008679821e+00 1.067933747772664921e+00 8.709455016093390345e-01 -1.819395072698446247e+00 -1.008432705189020284e+00 -5.135541439731475810e-01
1.528318348843826779e+00 8.491527915044982944e-01 8.073027636321801204e-01 4.339567608990524405e-01 -1.523121491716181941e+00 -1.146590071746556250e+00 5.758979478581646716e-02
1.237871851207774654e+00 2.999092946067966059e-01 4.295060978625175885e-01 -6.239116512759300404e-02 -1.160444336553098088e+00 -1.225599512395672441e+00 6.158667094224821170e-01
9.449401294758612568e-01 -2.417776297989556733e-01 5.319692962505892693e-03 -5.074553236519480093e-01 -7.781259182891342441e-01 -1.234484549732218328e+00 1.108498568130237727e+00
7.182246473515458973e-01 -7.070613581372295897e-01 -3.732423099907182795e-01 -7.960319450341932779e-01 -4.326729619698709839e-01 -1.183112548658469043e+00 1.457191941119148515e+00
5.770784801951731602e-01 -1.046840599481696721e+00 -6.391547660982889179e-01 -8.898544163575543564e-01 -1.737170179871523612e-01 -1.092571815055013662e+00 1.611387439678431344e+00
5.017218113044702443e-01 -1.255102957722825652e+00 -7.529138643694424093e-01 -8.180855639607422791e-01 -2.737213399626033453e-02 -9.935464020523423478e-01 1.581671625516209323e+00
4.653852485611375545e-01 -1.335550821785260300e+00 -6.848520764869718835e-01 -6.296606549901280214e-01 1.595252462855191455e-02 -9.230598793537044822e-01 1.417430936659502372e+00
4.279722286946072152e-01 -1.290861939577210515e+00 -4.383520855841537833e-01 -3.831312986691239875e-01 2.975568694444345828e-03 -8.909484989722729065e-01 1.177917392820562181e+00
3.448213458974249135e-01 -1.134223298721889650e+00 -5.490893678198818101e-02 -1.246360833885113290e-01 -2.040427354306746655e-02 -8.732243092959284247e-01 9.151415528125107501e-01
1.790499692694934031e-01 -9.085070702371167428e-01 3.963262947330153385e-01 9.811859299246349086e-02 -2.060404568819022147e-02 -8.263744286158496433e-01 6.736266713634598835e-01
-8.247324276089212924e-02 -6.714613126213774263e-01 8.376808562494375554e-01 2.392865930729243806e-01 3.948821165159976249e-02 -7.016882871989533754e-01 4.791746302091132725e-01
-4.104326933349214945e-01 -4.512753334711767095e-01 1.217274863557326725e+00 3.098456953647513723e-01 1.724357783162701885e-01 -4.823922540343932863e-01 3.305445012732959320e-01
-7.637529959009194958e-01 -2.629230659897210942e-01 1.505218626240743651e+00 3.387868202979809618e-01 3.524875930891960829e-01 -1.990552133312855909e-01 2.294684818485591693e-01
-1.108206136010916554e+00 -1.253808458160279860e-01 1.687539498336921850e+00 3.423836773103743347e-01 5.392365399140915949e-01 9.342730720576987447e-02 1.893184801361875169e-01
-1.408740785534217776e+00 -4.085970347221006688e-02 1.772749873984711400e+00 3.634028912206511697e-01 6.878832180958667220e-01 3.404193368264890052e-01 2.189895900536955320e-01
-1.651276103818817065e+00 -1.130749879028571450e-02 1.767007167409139212e+00 4.461143809090272749e-01 7.629492967205194764e-01 5.175359945446896814e-01 3.111015911256351241e-01
-1.838267851221412563e+00 -3.674363359606239166e-02 1.679116833329077796e+00 6.196699157292818727e-01 7.528543026487082290e-01 6.353747728070183731e-01 4.160051038830829828e-01
-1.974387298124248513e+00 -8.733721127680851848e-02 1.543285103796631308e+00 8.915036484651303050e-01 6.766328839816888596e-01 7.078276471919774382e-01 4.639061524869695363e-01
-2.083994483755637450e+00 -1.252513018019095759e-01 1.395257054213525194e+00 1.214628955051467063e+00 5.789930584496795207e-01 7.361131050460342218e-01 4.311309740465217311e-01
-2.202133811722988721e+00 -1.419814323525313282e-01 1.250464930319618695e+00 1.529187176247481128e+00 4.958866618035847607e-01 7.205106187978093102e-01 3.407588517398755235e-01
-2.343560761077485566e+00 -1.703245328615789755e-01 1.109947622927821786e+00 1.802121389731679901e+00 4.323390471552540637e-01 6.797084520978962097e-01 2.150021594114605028e-01
-2.482373300736776756e+00 -2.480069840966649952e-01 9.812414148999663022e-01 2.015789688715193151e+00 3.678110901279972311e-01 6.369567188873512809e-01 6.088421739524228771e-02
-2.562172783785139796e+00 -3.657948031966580804e-01 8.875191480342916606e-01 2.154521314648472963e+00 2.699401311172308082e-01 5.885988064951002130e-01 -1.061302328757878222e-01
-2.535080038774935041e+00 -4.672030276212811306e-01 8.420949312107226525e-01 2.198910238389525151e+00 1.147754666774872950e-01 5.158221382852934411e-01 -2.519304023691616434e-01
-2.390949827134874806e+00 -4.815252612368351448e-01 8.199001493034457910e-01 2.148812548789664323e+00 -1.056078600614848706e-01 4.096073846563850207e-01 -3.427826460173254985e-01
-2.166916875008752630e+00 -3.695090228326500248e-01 7.559966473559356359e-01 2.023128071454204591e+00 -3.855673962731072102e-01 2.774358599681012172e-01 -3.622476269389178216e-01
-1.923851408440577115e+00 -1.405452028144038301e-01 5.793431921133959106e-01 1.839044388805649133e+00 -7.032737346789541544e-01 1.484003875538366379e-01 -3.338532729122097309e-01
-1.704843351050806088e+00 1.705346670144871901e-01 2.569298230546678274e-01 1.603178963735534035e+00 -1.010685969303799281e+00 6.701338441795617884e-02 -3.236509595890222357e-01
-1.502998122206268938e+00 5.141496233079873024e-01 -1.747745243801521464e-01 1.316743359839896321e+00 -1.239799868256610704e+00 5.539476864997566058e-02 -3.835413967230534849e-01
-1.265231157361856207e+00 8.355715258223904707e-01 -6.251361498936774952e-01 9.936385768730531254e-01 -1.336329116240776438e+00 7.765145432136745518e-02 -4.921288921229854951e-01
-9.563491854438184170e-01 1.089862175395193811e+00 -1.029327302805764344e+00 6.486589083479231688e-01 -1.278914486258853955e+00 6.816142906524434719e-02 -5.623449503878470424e-01
-6.008193504316304834e-01 1.240936164656837759e+00 -1.388475384520084566e+00 2.951666180198317946e-01 -1.082444171526154131e+00 -1.268989673220951523e-03 -5.198951934091318172e-01
-2.538052513024290358e-01 1.250375348963132627e+00 -1.720308527146353850e+00 -5.225597500806749424e-02 -8.069056315888033515e-01 -9.067838940499349520e-02 -3.668431083008734106e-01
4.002901845456083990e-02 1.085981749623503800e+00 -2.008276233950681000e+00 -3.985823711928530022e-01 -5.491454552725685279e-01 -1.257287885110582315e-01 -1.668786934521020449e-01
2.634888598876928834e-01 7.578865612761946924e-01 -2.204045706670409555e+00 -7.495999879347137185e-01 -3.978185257477383496e-01 -5.211901377492401954e-02 -4.784162416615960270e-03
4.239496399017571582e-01 3.294174617678264916e-01 -2.254431738470797697e+00 -1.074668118213690571e+00 -3.850773127864902667e-01 1.408207617502716946e-01 5.103005566704160723e-02
5.416470655776765009e-01 -1.121123330688001823e-01 -2.120796343785706473e+00 -1.320729280978691245e+00 -4.797068057060910884e-01 4.188493103912166449e-01 -1.012165768354301651e-02
6.346403357624008645e-01 -4.850610119334182735e-01 -1.797698587075301946e+00 -1.462468822215268860e+00 -6.097599419428986200e-01 7.148647475777781812e-01 -1.362477057719691520e-01
7.105699350101376544e-01 -7.370249349505794134e-01 -1.324264987003336946e+00 -1.529909075239134442e+00 -6.902294765422396505e-01 9.528698509889528268e-01 -2.476741427234116222e-01
7.681150226720647733e-01 -8.665348747048451372e-01 -7.733081846829091832e-01 -1.588031820857459531e+00 -6.560897799309706180e-01 1.073807454648737725e+00 -2.764253471808228446e-01
8.127217762511430577e-01 -9.132972142557185258e-01 -2.255396169787383109e-01 -1.666644827393488626e+00 -4.919234616270477534e-01 1.062463270107139701e+00 -2.073851356276817381e-01
8.692612364811309611e-01 -9.224722033824795941e-01 2.486926283913524494e-01 -1.712026807361645586e+00 -2.355927761256265962e-01 9.554607728067993078e-01 -9.151858121829320458e-02
9.602929943735742935e-01 -9.247391949840149117e-01 5.952776073490870790e-01 -1.639167687571557952e+00 3.659536016228329136e-02 8.110828640441927195e-01 -3.770718624603425998e-03
1.075628705264332963e+00 -9.354401383226119693e-01 7.851269532356440761e-01 -1.419940037441665082e+00 2.328731846826399554e-01 6.740568705283684903e-01 7.596912188152940212e-03
1.180452362526136501e+00 -9.524844070501690130e-01 8.272825001160948322e-01 -1.106018704745382664e+00 2.832135853488198518e-01 5.606187372461685081e-01 -5.863084056236958497e-02
1.245487955016878923e+00 -9.578156412161592526e-01 7.677993772939430972e-01 -8.025421778017048924e-01 1.719422222940248102e-01 4.469661156035888983e-01 -1.510508837194273202e-01
1.260290048660889450e+00 -9.327633638901179358e-01 6.634414025825347005e-01 -6.335064683246679484e-01 -5.680072912501432647e-02 2.726722539951703661e-01 -1.750760317707611979e-01
1.240768549338300941e+00 -8.728366358315784446e-01 5.563604254142251460e-01 -6.778862207061984169e-01 -3.240302633965592150e-01 -2.090448521606358412e-02 -3.847556924595263439e-02
1.228780856026868484e+00 -7.943143723786649790e-01 4.672121687492534758e-01 -9.170066173479870519e-01 -5.556838315170771203e-01 -4.462008041941614156e-01 2.986868972579462267e-01
1.264798857986707770e+00 -7.297642004141171590e-01 3.937076141695659004e-01 -1.249121543250101496e+00 -7.125058060126208126e-01 -9.601140801887488863e-01 8.156561159017635676e-01
1.348354514280775351e+00 -7.125761360845372927e-01 3.051901365566159763e-01 -1.554386948068180230e+00 -7.893456685050732613e-01 -1.479227522513109960e+00 1.448961673716361531e+00
1.423729365668924496e+00 -7.540003517872518879e-01 1.505963125268703906e-01 -1.750550493267134966e+00 -7.952590137629169664e-01 -1.899852582715386928e+00 2.096473164532632882e+00
1.411038866929470448e+00 -8.293523300942944321e-01 -1.071191601565736479e-01 -1.797791106457311106e+00 -7.402905766675758059e-01 -2.128775570920395932e+00 2.619508374886721391e+00
1.253801627086930992e+00 -8.866889894440509456e-01 -4.624223673137962676e-01 -1.680044533048873356e+00 -6.307439944938718623e-01 -2.115056555910939995e+00 2.882739601437622756e+00
9.445950006761558715e-01 -8.733732534213826115e-01 -8.670175563915542005e-01 -1.413673508226798159e+00 -4.677333260693994910e-01 -1.872359832728353490e+00 2.830655009396672028e+00
5.262773431205630681e-01 -7.738641621604348542e-01 -1.235808588446089873e+00 -1.071153486277717226e+00 -2.599582279480908142e-01 -1.486392500811714701e+00 2.540997038156231014e+00
7.072269524903536386e-02 -6.056393039625248553e-01 -1.477263940045948853e+00 -7.549457450936901681e-01 -4.579896455302649022e-02 -1.078439558730205583e+00 2.164312762609320817e+00
-3.622164524578108669e-01 -3.776679751865056334e-01 -1.564992416292033228e+00 -5.568974531645481951e-01 1.263125062723611247e-01 -7.314471954665544562e-01 1.798340180834650859e+00
-7.256416583896782013e-01 -7.214800274664506796e-02 -1.547804972928481293e+00 -5.215314124282062203e-01 2.322117335244495984e-01 -4.735005607407442585e-01 1.458816514168115974e+00
-9.626460751039366270e-01 3.377766314977470041e-01 -1.487890449794698977e+00 -6.168820538225725514e-01 2.620504283972799331e-01 -3.221609306350232127e-01 1.143376642709043933e+00
-1.028792092890954635e+00 8.430429089425314215e-01 -1.437028550895438128e+00 -7.645160839189657498e-01 2.049211100477532632e-01 -2.846878775714370979e-01 8.571765734330377695e-01
-9.078276102127691427e-01 1.389690451181985198e+00 -1.434567025512209160e+00 -8.618960178914809589e-01 5.240063522778030947e-02 -3.295032190678315320e-01 5.790793564528966542e-01
-6.081419922023769686e-01 1.907732932375340917e+00 -1.494371773893822475e+00 -8.105512571731987581e-01 -1.846830409598115841e-01 -3.936631997504229652e-01 2.675289307228714275e-01
-1.678651933215725978e-01 2.330053543669805993e+00 -1.599193409595880855e+00 -5.656463390291128768e-01 -4.702609431242749660e-01 -4.249439632896831465e-01 -8.831181564981890886e-02
3.474352687551184315e-01 2.610570263036168459e+00 -1.709999289717529347e+00 -1.348079495268078853e-01 -7.651185680084015006e-01 -4.131667694254684275e-01 -4.634253232461014727e-01
8.525170618946004142e-01 2.719277167873268120e+00 -1.786284074783162978e+00 4.223725543623181311e-01 -1.031860655575263186e+00 -3.738424843468721170e-01 -8.228893034200065459e-01
1.279332620086417016e+00 2.638142299761037535e+00 -1.778284482224032237e+00 1.011805313575842025e+00 -1.228316271768872481e+00 -3.339474831022737344e-01 -1.119678863354189646e+00
1.591808114580845590e+00 2.371553736095385556e+00 -1.633100960772461585e+00 1.526822040435138916e+00 -1.313520523987840916e+00 -3.294035781287557585e-01 -1.274596168989268641e+00
1.751371886725849425e+00 1.931443283635608354e+00 -1.341658233280843771e+00 1.835870914278421528e+00 -1.255315377504557794e+00 -3.794196846690687241e-01 -1.194765260774468540e+00
1.735375865043005117e+00 1.343894506978081660e+00 -9.424167479667091563e-01 1.845780785132970170e+00 -1.046335020506440783e+00 -4.692452761041521203e-01 -8.561076391480695325e-01
1.565114818410127340e+00 6.688040145291860306e-01 -5.025429586816420047e-01 1.555123101705072619e+00 -7.057483791415330998e-01 -5.450713852130713022e-01 -3.514009538099324703e-01
1.282973194008705020e+00 -1.134434787516794101e-02 -1.071078313164017803e-01 1.020402884889053174e+00 -2.732969599918562142e-01 -5.339221883161677784e-01 1.667521928550737553e-01
9.392082989579708663e-01 -6.103217997324283939e-01 1.737345530199787824e-01 3.399628850149116754e-01 1.888699350725160653e-01 -3.901612642931128749e-01 5.651094922621484606e-01
5.904593515631791911e-01 -1.073039396984401206e+00 3.100058869023850083e-01 -3.665534176395486843e-01 6.251064983733292113e-01 -9.720283934240762924e-02 7.514327625869220428e-01
3.033423016435063402e-01 -1.392322917309468222e+00 3.280914215606979267e-01 -9.816820891146079697e-01 1.013509041234639918e+00 3.478871324331028747e-01 6.652577753254496074e-01
1.326921896799151956e-01 -1.583965854679760810e+00 2.921532307791959715e-01 -1.412522927725543997e+00 1.358666275851301508e+00 9.164140307960988441e-01 3.100957745934130316e-01
7.795688134104505895e-02 -1.668794383120839386e+00 2.449549717341339694e-01 -1.619764032704092971e+00 1.671585102283182245e+00 1.538117244100722925e+00 -2.084437769604962909e-01
9.546063294072690275e-02 -1.667454514536778065e+00 1.912046454716052335e-01 -1.590224830725057714e+00 1.939976067897470013e+00 2.122762852098445840e+00 -7.358346269189556255e-01
1.336808766125964498e-01 -1.606973495839564725e+00 1.123264019056920554e-01 -1.321790896189372733e+00 2.121869890623606647e+00 2.603773670499275994e+00 -1.163959853252018561e+00
1.608835731426118965e-01 -1.511238233781754925e+00 -1.206701210515300979e-02 -8.409284379563137790e-01 2.171457540018540300e+00 2.946064799650536692e+00 -1.464614201951983441e+00
1.918126306597955633e-01 -1.371875697952843698e+00 -1.700250204352300454e-01 -2.168675101752322032e-01 2.072424346685818985e+00 3.102646740958515004e+00 -1.645105099862675058e+00
2.776322955730383679e-01 -1.165581532175181456e+00 -3.062473426896313855e-01 4.223057043021187784e-01 1.849689035975510043e+00 2.996898098120360121e+00 -1.680726489274170232e+00
4.654700999164773645e-01 -8.988472645231336822e-01 -3.478282490579523989e-01 9.346611272143652283e-01 1.538705186428758642e+00 2.561366144633038910e+00 -1.513882085538696076e+00
7.473985536723055656e-01 -6.173329513569916216e-01 -2.597142535286030007e-01 1.225536583262757384e+00 1.161425019764767530e+00 1.806847360648307532e+00 -1.130744886931593918e+00
1.045302351317116019e+00 -3.781642255000623454e-01 -6.919309015331265300e-02 1.263213766128816751e+00 7.313767651602293141e-01 8.569892088499868610e-01 -6.174636354947438122e-01
1.252065631281949365e+00 -2.219370275432936968e-01 1.679905167959465373e-01 1.063000497351571205e+00 2.726861161892700225e-01 -9.113149115023751190e-02 -1.223027233700568761e-01
1.279849465291383437e+00 -1.534205059386276881e-01 4.013761013384573029e-01 6.613054108201597003e-01 -1.619110622435754321e-01 -8.466901624586096187e-01 2.362467787933537622e-01
1.089046897439947426e+00 -1.473869353184630859e-01 5.980372028073434043e-01 1.106386635480283848e-01 -5.003504683462497438e-01 -1.286696388975774319e+00 4.230406809180403682e-01
6.978276406688994626e-01 -1.884273462665829735e-01 7.439973030752944361e-01 -5.073818823597214811e-01 -6.884186027504374250e-01 -1.365168386473636808e+00 4.625733083399481971e-01
1.807100555928168595e-01 -2.653761676959058846e-01 8.371106417274859490e-01 -1.050697137117394098e+00 -7.306674878452954491e-01 -1.104809975002907008e+00 3.898617467215674259e-01
-3.625616414600467685e-01 -3.379034566564353970e-01 8.675062994794905391e-01 -1.352105360790878397e+00 -6.716217961879041853e-01 -5.892345744711348088e-01 2.487310875920689390e-01
-8.418893786683422364e-01 -3.395302126716294722e-01 8.199564710687605729e-01 -1.297759329469869050e+00 -5.457309918164863216e-01 4.473440846491519990e-02 1.014303700091359894e-01
-1.185872025431727206e+00 -1.973078681927248335e-01 6.941026706520238010e-01 -8.423625349798988804e-01 -3.841903713315281688e-01 6.229041353251670854e-01 -3.374599688440971593e-03
-1.366517369315361830e+00 1.199422530108562590e-01 4.949812813230282105e-01 -4.654753315505807260e-02 -2.358849062779973804e-01 9.975780409877903487e-01 -5.594480055883409991e-02
-1.401968988958879336e+00 5.707614175298628689e-01 2.391659334289215899e-01 9.055100735895723618e-01 -1.535638109137970053e-01 1.104018447892965105e+00 -7.852551029542713390e-02
-1.322549226385448140e+00 1.070548758864866556e+00 -2.237324327527099102e-02 1.781094123693595765e+00 -1.567010388951210753e-01 9.576000234879871176e-01 -1.054598663800089958e-01
-1.154292520206331440e+00 1.528629092640346299e+00 -2.164855149115287591e-01 2.382846621439393964e+00 -2.146267238207839601e-01 6.259445773988232542e-01 -1.568071970283636818e-01
-9.184893126345364811e-01 1.869013905204747417e+00 -2.807067547365893478e-01 2.612998883822696516e+00 -2.798864374440358516e-01 1.933246339654398072e-01 -2.185300106880180004e-01
-6.378188431034782502e-01 2.036886745310295677e+00 -1.951227384699882050e-01 2.502380949799154930e+00 -3.238320193486865506e-01 -2.602022827653078796e-01 -2.531553688744127006e-01
-3.466103032749187074e-01 2.003368988439154119e+00 4.413927033194033241e-03 2.179851140298857626e+00 -3.463449228701912519e-01 -6.622013538079509765e-01 -2.355517682012457925e-01
-9.595813406686393154e-02 1.769406484200722218e+00 2.408040044046448336e-01 1.781100558855185367e+00 -3.645701133869166388e-01 -9.576201081975590501e-01 -1.702228160919131705e-01
7.688230921345196034e-02 1.370143165408904462e+00 4.463104816167971500e-01 1.386959089072564932e+00 -3.940400815350252883e-01 -1.130083803089259709e+00 -8.082964039528110767e-02
1.894057465973059962e-01 8.814149389176731964e-01 6.104228681751368013e-01 1.039265411532745320e+00 -4.397424502192079920e-01 -1.211583382529202391e+00 1.218491466274326113e-02
3.009755864752708399e-01 4.048845677792322073e-01 7.633591150564699168e-01 7.644606594475710226e-01 -5.007337382219465560e-01 -1.261465794611509539e+00 1.080680161083686641e-01
4.584620012567345859e-01 3.357178476720514698e-02 9.203762117941496346e-01 5.843363151315861259e-01 -5.813828514895158506e-01 -1.335562782357585077e+00 2.193545644202995470e-01
6.485229549122937254e-01 -1.874059578694932116e-01 1.051331441561806468e+00 5.014024645472966446e-01 -6.858865982937280004e-01 -1.452375034655334352e+00 3.527969159411837863e-01
8.144321922154039717e-01 -2.595403913408774188e-01 1.110324623271653266e+00 5.043959115962386441e-01 -8.068759724051125515e-01 -1.575622764122551533e+00 4.890485623214930744e-01
8.980061724371062315e-01 -1.967339629958775593e-01 1.066580555698329880e+00 5.859576544778403173e-01 -9.125199268128876273e-01 -1.628177645533487539e+00 5.871908256657383252e-01
8.522821657767053471e-01 -1.801321951075621208e-02 9.022517158515908076e-01 7.254343332206725226e-01 -9.483214414190074271e-01 -1.526147146378976638e+00 6.089409356273767226e-01
6.686045526407917716e-01 2.509170017470526148e-01 6.259997854623056135e-01 8.980849761084042093e-01 -8.777300282676220311e-01 -1.229166200454140156e+00 5.257751132219331547e-01
3.827510671097472117e-01 5.557871128026009577e-01 2.760666652787813757e-01 1.048909709395073664e+00 -6.906504012922485281e-01 -7.583652847937630836e-01 3.397801223680184113e-01
6.264458738497456769e-02 7.973338019317457448e-01 -7.867529201661932481e-02 1.069474247867858274e+00 -3.954769009051388728e-01 -1.952877469847812131e-01 1.144021672427907171e-01
-1.946464591742569916e-01 8.791960814812475045e-01 -3.381325760654599888e-01 8.805275408649481106e-01 -4.965655477292167663e-02 3.159355705537681414e-01 -4.872314594580774705e-02
-3.255736944053569948e-01 7.377080004539781077e-01 -4.419412921373980230e-01 4.576818835658942874e-01 2.626912784894228081e-01 6.383963329843442835e-01 -6.887102272115092072e-02
-3.261634733796086039e-01 3.540708388461494271e-01 -4.014586229829962827e-01 -1.696553511463402830e-01 4.877117009173883577e-01 7.161231190958214921e-01 7.117565524383702436e-02
-1.892432366792068388e-01 -2.001244114918366013e-01 -2.385710644115540680e-01 -8.640729498760080229e-01 5.993504023030751249e-01 5.611719802358479114e-01 3.163218283741476844e-01
7.872801147773450525e-02 -7.759030480820862108e-01 1.194060035596805104e-02 -1.447753866892284691e+00 5.883842196000111935e-01 2.398424060400617119e-01 5.631068507594315653e-01
3.992611346256821347e-01 -1.221111193218557656e+00 2.719637852596944461e-01 -1.809666444270623620e+00 4.674013271905694822e-01 -1.398475527758562542e-01 7.055445501731815172e-01
6.545465567429377129e-01 -1.434505177679334720e+00 4.682858517112709063e-01 -1.908265047703617157e+00 2.666131498513065745e-01 -4.902059278670816700e-01 7.033973909327235763e-01
7.588515192318020519e-01 -1.369405904566498799e+00 5.835029788697281283e-01 -1.742435734455971552e+00 2.275111273323671829e-02 -7.844096133247042690e-01 6.077992861853148687e-01
6.826745825212697794e-01 -1.016020582747367396e+00 6.335657806140233550e-01 -1.340175554346240583e+00 -2.337852747112254270e-01 -1.013278163281730704e+00 4.891100025792602390e-01
4.139849451910915801e-01 -4.311859523918866177e-01 6.053183456811209728e-01 -8.033012161863617440e-01 -4.654858963577621078e-01 -1.116731060843999535e+00 3.788458558896648509e-01
-3.940722407098801866e-02 2.653788449325332199e-01 4.700054633532374515e-01 -2.793196856365744996e-01 -6.297044725259919318e-01 -1.016731959418171627e+00 2.798668169851850074e-01
-6.031315643937721349e-01 9.611208544924420005e-01 2.483859472344219221e-01 1.530659570773112987e-01 -7.150769516872134135e-01 -7.062861390026858865e-01 1.744364594445777517e-01
-1.173315679215990670e+00 1.552501666893856713e+00 -4.518250105006996718e-03 4.587939735797134655e-01 -7.274068917500862153e-01 -2.420590434977150929e-01 3.819646979736712744e-02
-1.654753905024647587e+00 1.935472012538899778e+00 -2.172975476974318976e-01 6.127496346924958814e-01 -6.681016436480942122e-01 2.896193378260016882e-01 -1.242829653175821225e-01
-1.960435134751430830e+00 2.046372744048331249e+00 -2.975819907290513378e-01 6.378189870083336155e-01 -5.579641626476777860e-01 7.732017179633376980e-01 -2.634337840549399457e-01
-2.070763222165484141e+00 1.869067747919576306e+00 -2.054155250608766803e-01 5.447040382492134292e-01 -4.350486524151697121e-01 1.114017270403968141e+00 -3.181512362816774075e-01
-2.043581579971739615e+00 1.439889555070723137e+00 1.207601435848243074e-02 3.225223218699390104e-01 -3.353906384242353322e-01 1.277462345189475768e+00 -2.637851035896578988e-01
-1.940741975334332237e+00 8.489585043515220919e-01 2.831299728530567439e-01 8.372095638521368996e-03 -2.761842804846975086e-01 1.264890577854180576e+00 -1.015590318796193992e-01
-1.794863032457922447e+00 2.093578861770153954e-01 5.485760399083757788e-01 -3.227830206947475133e-01 -2.420279490631278840e-01 1.099457876457071714e+00 1.575574014942840440e-01
-1.607508720859813556e+00 -3.515185730377970996e-01 7.585644414941952185e-01 -5.736062297007622490e-01 -2.117661467719774981e-01 8.300619260915468312e-01 4.586106353371036115e-01
-1.371002328369777645e+00 -7.254142410774054861e-01 8.581840550324711936e-01 -6.655140455326287174e-01 -1.732256113333445480e-01 5.339077028230748700e-01 7.077477572976872411e-01
-1.090753697811364331e+00 -8.711356382057624526e-01 8.020649692443040379e-01 -5.890109906472764667e-01 -1.101088692019605714e-01 2.986811166887207158e-01 8.118398996085978148e-01
-7.654540627792651986e-01 -7.976005952177688263e-01 6.029874141065919568e-01 -3.547549400215336823e-01 -1.688633372550411155e-02 1.773954769751671656e-01 6.995853851901678855e-01
-3.992194978920909909e-01 -5.497277213645221927e-01 3.209729022148306576e-01 1.169178945068402760e-02 1.017367107109560243e-01 1.695666790069376428e-01 3.656494313141370189e-01
-2.293756967044043027e-02 -2.167875342562668728e-01 2.802459941055585393e-02 4.230856341929648545e-01 2.468898496787771679e-01 2.271780398708446447e-01 -9.894233277268804638e-02
3.277781777461926116e-01 8.188828890811560013e-02 -1.981200861477641073e-01 7.617559684765901062e-01 4.129052380717394000e-01 2.721596625540239067e-01 -5.480902775858763620e-01
6.071612001508981393e-01 2.295531873147587387e-01 -3.250922633331883582e-01 9.204428788708397535e-01 5.950142743225219633e-01 2.581521336096007091e-01 -8.598003279496693185e-01
7.690799055995837241e-01 1.782801606079340295e-01 -3.890038340218575641e-01 8.592510848460391815e-01 8.009603990230199644e-01 2.084811436930434636e-01 -9.948672416296914234e-01
8.168850446834586831e-01 -2.269867380401200535e-02 -4.280276658266872203e-01 6.478582047093609519e-01 1.023276833220620352e+00 1.746180157553458290e-01 -9.794971934231774258e-01
7.900794338534219419e-01 -2.893686097814084923e-01 -4.505964304377796381e-01 3.829619282869358154e-01 1.214142855242312802e+00 1.905370185614931600e-01 -8.529776095163852379e-01
7.179973328710943514e-01 -5.425131486771255229e-01 -4.605870059783375159e-01 1.131934332259491444e-01 1.297289228195396493e+00 2.651575134797515276e-01 -6.655839375466107155e-01
6.043615659059272671e-01 -7.099712602171971421e-01 -4.756057140104695824e-01 -1.633974859328307661e-01 1.228989340391723362e+00 3.906390917569041998e-01 -4.738802516784815233e-01
4.434236608648369216e-01 -7.550353240090246221e-01 -5.030314446899878389e-01 -4.746852804185945907e-01 1.032049646125301701e+00 5.377160005661488773e-01 -2.964377811549501196e-01
2.506980761074131259e-01 -6.965714007375551908e-01 -5.004450201198575865e-01 -8.144638188113832999e-01 7.492960912959107933e-01 6.558699858612636602e-01 -1.178838233077916103e-01
6.233965751014419743e-02 -6.013034307183144911e-01 -3.935726828870588223e-01 -1.133293286438842529e+00 4.196577888556314861e-01 6.996515598665586921e-01 6.450500375991462254e-02
-6.434410697970784077e-02 -5.304032792612134450e-01 -1.149881242535129161e-01 -1.348478535712790860e+00 8.842298082357977207e-02 6.220444079201221665e-01 2.319274389358693955e-01
-7.303683718666882652e-02 -4.679705077409444525e-01 3.412848012699066236e-01 -1.344798561161754336e+00 -2.061613305057844736e-01 3.920215651169753901e-01 3.441930687810363931e-01
1.264570511041320997e-02 -3.510927898237847788e-01 8.589944518917376204e-01 -1.067267216984818079e+00 -4.315236143167551774e-01 7.443686417209836870e-02 3.420149563659357628e-01
1.026321404757160327e-01 -1.549728708418566803e-01 1.276692638902876320e+00 -5.670032763636096984e-01 -5.639743300545970728e-01 -2.128294848841736642e-01 2.082979222682137255e-01
1.278941398374014160e-01 1.043189709260657211e-01 1.505549471177936471e+00 6.469335762453394534e-02 -6.126748363130208874e-01 -4.226051713938232535e-01 1.435079404043670612e-02
4.276875717198024007e-02 3.944767185551534827e-01 1.508446588708213243e+00 6.931790493833746014e-01 -6.018587571682730841e-01 -5.745959038794341556e-01 -1.186520012281995634e-01
-1.811317246687809135e-01 6.647733954164450898e-01 1.274557630800861485e+00 1.143300278894164634e+00 -5.522760370923476270e-01 -6.961716971457021508e-01 -8.626611413148201069e-02
-5.169122000298418396e-01 8.593255076780788038e-01 8.446892044923123288e-01 1.294558521634769033e+00 -4.969830052337061432e-01 -7.995697676161763745e-01 1.442797135766013816e-01
-8.903497070272191616e-01 9.293647773259104961e-01 2.808663889499342647e-01 1.123135279170951240e+00 -4.627065869695561884e-01 -8.625427172100580409e-01 5.215929224421794741e-01
-1.204095128328686926e+00 8.492942169281267883e-01 -3.501535989997458520e-01 7.045492139208293647e-01 -4.417065611711658013e-01 -8.457746087173922955e-01 9.467393709272872160e-01
-1.362032028979916376e+00 6.337872903278062298e-01 -9.606113095142816416e-01 1.876700222350743963e-01 -4.024461215360386479e-01 -7.325373658958149736e-01 1.317062246878606402e+00
-1.312885868683820290e+00 3.268810888335150211e-01 -1.472051394523884449e+00 -2.920314284977802433e-01 -3.055188941121533830e-01 -5.252078128022725778e-01 1.536936850282925704e+00
-1.047918369124253068e+00 2.197362742379750569e-03 -1.827164819798892337e+00 -6.295353343838441251e-01 -1.293321958644284009e-01 -2.397318033828615413e-01 1.510322740942441122e+00
-5.987102429914550328e-01 -2.584491884802861961e-01 -1.978724261290183417e+00 -7.625580877556409343e-01 1.036709537036975964e-01 8.473819306216157088e-02 1.195068567507955981e+00
-5.494792185783507060e-02 -4.171483265020617393e-01 -1.904237710834155495e+00 -7.239252063949153104e-01 3.385094428872352790e-01 3.947658832508044169e-01 6.560876381872214891e-01
4.799183516247754189e-01 -4.631012249044946238e-01 -1.604208217207862663e+00 -5.789837770342606271e-01 5.159889631249713338e-01 6.249677147842962466e-01 1.504105258957125213e-02
9.170546201690795707e-01 -3.892375492086497246e-01 -1.111890843305970211e+00 -3.789995186556185947e-01 6.016512770305253444e-01 7.167990408725138929e-01 -6.001046611521263507e-01
1.167928208332872142e+00 -2.259723980764257456e-01 -5.142194767814415313e-01 -2.000626706606141447e-01 5.963757257044903781e-01 6.606843271707653065e-01 -1.062101357556622716e+00
1.180786238427369073e+00 -3.737032268364575555e-02 8.692374044833148239e-02 -1.027713694092806940e-01 5.101932109628486423e-01 4.869461040467991109e-01 -1.273106885004879674e+00
9.646611351487804908e-01 1.059683663328463282e-01 6.131557085417710384e-01 -1.154797938795183720e-01 3.567213094940017148e-01 2.432046601849461309e-01 -1.185277517645376921e+00
5.756726351044703094e-01 1.473890222145953499e-01 1.006782964185220619e+00 -2.596574135124979366e-01 1.735207424059632131e-01 -4.807838109860662276e-03 -8.220128612452882733e-01
1.260235534580947947e-01 8.747778097133027120e-02 1.243026910941241736e+00 -4.863635576473743227e-01 7.173454117063306212e-03 -2.113052728740764385e-01 -3.010558083979390509e-01
-2.756741162928199040e-01 -3.546127392068740974e-02 1.312089857529938453e+00 -7.216960938761711741e-01 -1.043314669524869065e-01 -3.730571498194586444e-01 2.359907029133210266e-01
-5.990121683159211896e-01 -2.132993936624842102e-01 1.189713820158335045e+00 -9.803897783568589208e-01 -1.292875927071711895e-01 -4.865099491218691230e-01 6.987300095564321634e-01
-8.171053758480629758e-01 -4.434515445916055731e-01 8.971584200699516121e-01 -1.250784152506691393e+00 -6.443711486852743420e-02 -5.387769067388591404e-01 1.006864487956899978e+00
-8.605460361912887768e-01 -6.811843306343965398e-01 5.312506953741717997e-01 -1.411157067611583882e+00 5.419115493434473185e-02 -5.387893650556053737e-01 1.084877518859804768e+00
