1.707328692512581236e+00 -1.539490193197724066e+00 6.086729234474026473e-01 -8.184983187130038251e-01 2.214699902693203271e+00 -5.916581200962898190e-01 7.917376307632686405e-01
1.698333292981149434e+00 -1.572950963707819172e+00 8.427194990093103133e-01 -8.917940262778005778e-01 1.744507536443544060e+00 -5.110211444337761089e-01 1.143289363401074343e+00
1.462422196182760814e+00 -1.534536619773491095e+00 1.036534352083173571e+00 -9.506188528265331339e-01 1.119808581552752980e+00 -2.837773855889255126e-01 1.422057269883344244e+00
1.095022308750410733e+00 -1.368505028538367752e+00 1.144895714627944816e+00 -9.157400850508250478e-01 4.502937826857938419e-01 1.743560543977592039e-02 1.469961931641364794e+00
6.831529348253218004e-01 -9.969397147665599590e-01 1.081198234165965166e+00 -7.021652235799604735e-01 -1.570624290815952062e-01 2.730844857604211029e-01 1.153774080795824108e+00
2.711637286885746345e-01 -3.801650976153611028e-01 7.555904398236712449e-01 -2.841474082545382140e-01 -6.366152669546800702e-01 3.848818481240912637e-01 4.584823808180800153e-01
-1.067806570583700460e-01 4.084277497329030227e-01 1.649748630483978407e-01 2.647203761382311837e-01 -9.619878631583995698e-01 3.260383487495141508e-01 -4.657377226024796424e-01
-4.207711154509074514e-01 1.179692448300921459e+00 -5.563052352428463632e-01 7.950478390057307276e-01 -1.144477582352245060e+00 1.528654264526204676e-01 -1.341454118539701534e+00
-6.480014507564458848e-01 1.710681299318130177e+00 -1.189959515221806763e+00 1.137798260294454744e+00 -1.211599087226054028e+00 -3.628305788723062281e-02 -1.883428207796427278e+00
-7.668135699942714156e-01 1.840653296169915132e+00 -1.539037315377341342e+00 1.164009500676592257e+00 -1.173341544941631120e+00 -1.689111027739361726e-01 -1.915930343186259766e+00
-7.550012396403367188e-01 1.524973590767340292e+00 -1.491673590143592909e+00 8.504106945904742476e-01 -1.016587635198189288e+00 -2.193143834222497091e-01 -1.428716379217002119e+00
-6.004993876208011283e-01 8.451135281065337290e-01 -1.047775205629651651e+00 2.942844816046319978e-01 -7.367966965214172159e-01 -1.917520908586987649e-01 -5.684757271964813174e-01
-3.298842449987255954e-01 -1.988504298465449890e-02 -3.233395534307089147e-01 -3.475677332358229621e-01 -3.749302294596625895e-01 -1.166902297159973789e-01 4.278145050373930447e-01
-2.021781454102162395e-02 -8.527356069520397597e-01 4.858887769009910262e-01 -9.233196794235342120e-01 -7.731369103800503004e-03 -5.199441018491302718e-02 1.320182493712039440e+00
2.345362708402248531e-01 -1.465034645070369512e+00 1.158963093082462814e+00 -1.329437434077540781e+00 3.073403829481510807e-01 -7.490322004564163583e-02 1.930815659996144351e+00
3.745780188609845740e-01 -1.757433016421998451e+00 1.524809118621663018e+00 -1.544137548857144493e+00 5.628520773065094351e-01 -2.457497631448305742e-01 2.191544401593970015e+00
4.023905860507305809e-01 -1.745375590786920394e+00 1.541640712726731532e+00 -1.602358321407509445e+00 7.683855416395440896e-01 -5.479684930326292891e-01 2.153021313217572619e+00
3.655580421585838402e-01 -1.517669670622315836e+00 1.286014211834194620e+00 -1.521401872952280021e+00 9.155049902600798095e-01 -8.806247011218866216e-01 1.916306609303378927e+00
3.193704059305040310e-01 -1.164121114221053910e+00 8.642246471146153297e-01 -1.276639504920665136e+00 9.944785737843117035e-01 -1.126810208489966270e+00 1.548622948481976680e+00
3.116844005804770279e-01 -7.473760264285898014e-01 3.744146751576243326e-01 -8.495187278062686920e-01 1.012904999994461708e+00 -1.202618207260188532e+00 1.070678011192357282e+00
3.678179389392096654e-01 -3.185303566062558933e-01 -7.027274284605193599e-02 -2.750004102991256971e-01 9.760290556746272772e-01 -1.053368178696728608e+00 5.028281338459555938e-01
4.695468443388342572e-01 7.680906524473887775e-02 -3.575054213565223016e-01 3.565063444510432888e-01 8.712533570968216123e-01 -6.688988658596044523e-01 -1.032344461876086444e-01
5.659076175600639136e-01 4.112858182489803616e-01 -4.498246330992436426e-01 9.339682894277575587e-01 6.920061667462530375e-01 -1.124299009940274013e-01 -6.850962226573634739e-01
5.976504554974695349e-01 6.763704549748509320e-01 -4.192249888089161214e-01 1.370768597174992109e+00 4.688138413262250559e-01 4.921851615329294605e-01 -1.186079778960793751e+00
5.221029171305874295e-01 8.474672315175628690e-01 -3.693932849784666295e-01 1.618083572164057848e+00 2.698902530118071352e-01 1.008022997831005574e+00 -1.519908124883706746e+00
3.577034156650368835e-01 8.496958840562458537e-01 -3.253282387667278952e-01 1.642529368858065775e+00 1.785930031654226757e-01 1.339712022409123904e+00 -1.565490691228115017e+00
1.970048574730946522e-01 5.976544418708776840e-01 -2.294954477613227739e-01 1.419651704246785107e+00 2.580456501029398941e-01 1.464001699285288893e+00 -1.251934035967989578e+00
1.309860443110254513e-01 9.057164864510619529e-02 -3.413009989565777419e-02 9.536938830203479656e-01 5.016039812685293420e-01 1.415662553524643430e+00 -6.401097110626300379e-01
1.667821826803181362e-01 -5.437314459647671905e-01 2.430829354624593486e-01 3.033824680429096365e-01 8.062776786177981991e-01 1.242423997951495940e+00 8.919439082523299145e-02
2.429185595396744779e-01 -1.099622498117006186e+00 5.401364354491631214e-01 -3.970428155095370171e-01 1.015677216177676145e+00 9.635175273625325998e-01 7.168242442267425130e-01
2.969998714407807161e-01 -1.392862315638553783e+00 7.904937915738426968e-01 -9.612992502098960390e-01 1.002960321229068974e+00 5.814435532371929893e-01 1.075599556739526674e+00
2.989050588249498319e-01 -1.345692727533141841e+00 9.600798615912145006e-01 -1.227314052399877786e+00 7.179463198262778789e-01 1.402963429881710633e-01 1.109761357514780666e+00
2.449631914737905036e-01 -1.010656240499405945e+00 1.068242472022640666e+00 -1.135434787937981582e+00 1.854752199985265637e-01 -2.530464177715196494e-01 8.856176554721494343e-01
1.460623567883873042e-01 -5.277275078963985511e-01 1.147585488913303253e+00 -7.735477529962103693e-01 -4.899229005209211341e-01 -4.932421232207230832e-01 5.484764503764190113e-01
1.817264021287302161e-02 -5.285064881287764721e-02 1.180741795550706241e+00 -3.514600496733890078e-01 -1.125205789701960279e+00 -5.719708405122354566e-01 2.518251723479637549e-01
-1.253777473799236319e-01 2.983965951438828923e-01 1.116228229159521135e+00 -8.556524308015729663e-02 -1.530955452672041472e+00 -5.807544801553538028e-01 1.032819389241861757e-01
-2.682450557284237758e-01 4.804143626649695076e-01 9.244020172144918890e-01 -7.800583456556407780e-02 -1.610114315064938184e+00 -6.133588539744042611e-01 1.308136162801583069e-01
-3.755450355751970837e-01 5.260775198524764162e-01 5.984844366096742085e-01 -2.846153854752269119e-01 -1.384819205343325255e+00 -7.115356489021156250e-01 2.672473410361340673e-01
-3.919791385965792907e-01 5.170694633472656676e-01 1.483903033796357684e-01 -5.665357224541237580e-01 -9.514996161483593173e-01 -8.841780930363818403e-01 3.868104348557126482e-01
-2.762453120921569139e-01 5.178888264380983042e-01 -3.688468496111559358e-01 -7.836854058235820375e-01 -4.335341687683672007e-01 -1.104277523810935024e+00 3.946397294719988791e-01
-4.550631492169632253e-02 5.250465675983652103e-01 -8.384385406807428609e-01 -8.798306419728980643e-01 5.004147651207757619e-02 -1.280842870690158675e+00 2.952419939965638673e-01
2.277151330753945380e-01 4.890456745760818347e-01 -1.138748245916685775e+00 -8.703482305542218356e-01 4.174406695428214964e-01 -1.294361119453178333e+00 1.602509744453950724e-01
4.564131366434620585e-01 3.888035051444851398e-01 -1.216714427009105925e+00 -7.468189538679864681e-01 6.363218400630147320e-01 -1.084019330607589815e+00 3.592479096777910497e-02
5.724434237719984164e-01 2.505710234862071895e-01 -1.095380899482558013e+00 -4.614857730922549139e-01 7.145569835676975901e-01 -6.696693539362974512e-01 -8.052220574596224978e-02
5.477899428109128666e-01 9.473834216500881533e-02 -8.147714154635237183e-01 -1.118753064834116309e-02 7.018666482043469657e-01 -1.101493876985914638e-01 -1.845539922197432237e-01
3.960635383463229076e-01 -8.369972503903383432e-02 -4.124401111779913420e-01 5.363253901318739691e-01 6.781520312851239130e-01 5.142503215461505794e-01 -2.371989032379009377e-01
1.415375770354562190e-01 -2.821532704314981821e-01 4.960703339654640859e-02 1.092295369228776458e+00 7.003496849633573662e-01 1.099474945929402647e+00 -1.953675206273629839e-01
-1.973007938610831513e-01 -4.721252599810805695e-01 4.910250402705089723e-01 1.581595734793007191e+00 7.477969596770553951e-01 1.534000963009877649e+00 -4.933932033568965564e-02
-5.769023046840696667e-01 -6.070290932855829658e-01 8.557378972229711112e-01 1.957686618896066211e+00 7.270364906919086767e-01 1.732519919936758912e+00 1.587815666552599980e-01
-9.097624773799644071e-01 -6.400133170248317738e-01 1.134785423530765280e+00 2.204890177398309614e+00 5.507961094539400859e-01 1.669812321048524950e+00 3.473330944389946273e-01
-1.097216455964838966e+00 -5.435497514319436174e-01 1.341852263168674231e+00 2.322361936527296944e+00 2.149915308238458944e-01 1.387752316404515129e+00 4.229770413239114513e-01
-1.073328626669513230e+00 -3.168869675972383892e-01 1.475079217301566548e+00 2.321953339722076848e+00 -2.088371351609240867e-01 9.634158378579659177e-01 3.111148072734096770e-01
-8.228399312553666967e-01 1.024319870403152602e-02 1.515732690707912278e+00 2.231822781966230629e+00 -6.372568293213386470e-01 4.801265105179601256e-01 -2.942618078937728459e-03
-3.820646210527602893e-01 3.726284318653179661e-01 1.452991255949408478e+00 2.070960621885687747e+00 -1.017183961733767683e+00 3.053796492264878454e-02 -4.501440547830842798e-01
1.635641652479817021e-01 6.806393003350267312e-01 1.295738228530212810e+00 1.815594581642877570e+00 -1.318165543850276178e+00 -2.927349187666524188e-01 -8.927506046286456387e-01
6.957003060867337219e-01 8.527650267489539360e-01 1.069122834311372783e+00 1.423903920614467911e+00 -1.511418105776100695e+00 -4.405485232653366667e-01 -1.169508900064564649e+00
1.097075652716392957e+00 8.511611861485171016e-01 8.044870269735975299e-01 9.129036803003953704e-01 -1.579285009668584872e+00 -4.398838920580935286e-01 -1.157977466943365785e+00
1.291750676508764961e+00 6.823898432641500866e-01 5.407266209627711318e-01 3.660230258392071501e-01 -1.534247633353360118e+00 -3.751012972008835877e-01 -8.143725386294166091e-01
1.269124322608594424e+00 3.732101941726025940e-01 3.413868529895575099e-01 -1.382386026040123006e-01 -1.415672568234743744e+00 -3.214472641359500393e-01 -1.798329800798473821e-01
1.068394468660724295e+00 -2.311941903786456781e-02 2.728543173285198908e-01 -5.506859121490174092e-01 -1.271010882920720064e+00 -2.979216397154938467e-01 6.190141133437367937e-01
7.414719899862288743e-01 -4.055014743900399177e-01 3.400007282113750584e-01 -8.241621997889423401e-01 -1.135302185839054845e+00 -3.013443699491085703e-01 1.391824139858272247e+00
3.362518775396802773e-01 -6.375596794567421899e-01 4.584532237850706404e-01 -9.055675018990015923e-01 -1.025517951857054300e+00 -3.596648543326266267e-01 1.933461206275567612e+00
-8.483293516087600517e-02 -5.935995093180019833e-01 4.940388448632061502e-01 -7.578504777784157431e-01 -9.415415131824774742e-01 -5.123376796398567690e-01 2.061931516354196248e+00
-4.145836526749209772e-01 -2.318365636005850772e-01 3.490308391619446060e-01 -4.002191589551875039e-01 -8.463896763011982127e-01 -7.518740509479112655e-01 1.670244395827563233e+00
-5.159590060842820236e-01 3.409348817271238841e-01 4.293216124383956306e-02 7.868475689535031625e-02 -6.673553304522924501e-01 -9.986878770227577418e-01 8.160986607829537887e-01
-3.309876349940289453e-01 8.982010630415711017e-01 -2.912176676140187936e-01 5.600638344669870428e-01 -3.881651009557677834e-01 -1.114394794551366585e+00 -2.332296112748224182e-01
4.582478050275957081e-03 1.216896174268286002e+00 -5.045448850537974650e-01 9.193103564909522740e-01 -1.165628551307150290e-01 -9.692395493497130143e-01 -1.087467171317615167e+00
2.398523387715787714e-01 1.187376933336988349e+00 -5.462932375768371207e-01 1.027623292360469343e+00 3.265166740532119555e-02 -5.634923727683998074e-01 -1.436064073968353672e+00
2.409996922172958356e-01 8.339433093374728490e-01 -4.671547073635750058e-01 8.109791515750550683e-01 5.633068911369422394e-02 -5.627715013226881891e-02 -1.214423688576770521e+00
8.274959490087234470e-02 2.637779565267314164e-01 -3.046222272775154782e-01 3.147480707428962354e-01 -3.638715774648806738e-03 3.647310437081294210e-01 -5.768923785936417303e-01
-7.595139109854252835e-02 -3.866802239687054943e-01 -3.721597430568737708e-02 -3.183319116737412524e-01 -1.393666852179598903e-01 5.857579183365509978e-01 2.526960200242181487e-01
-1.196132806383836678e-01 -9.765453766456246854e-01 3.457530426727804529e-01 -9.071776646521233500e-01 -3.523601348918694032e-01 5.642450866808963461e-01 1.073203748270157076e+00
6.147531293597801585e-04 -1.384136796021464555e+00 8.008388505234088628e-01 -1.288615184822364590e+00 -6.144941694007099997e-01 3.195062190737769647e-01 1.722343347731945862e+00
2.697904387275936733e-01 -1.536963098362141400e+00 1.250406179896600634e+00 -1.371047295759724172e+00 -8.707343396791353829e-01 -7.672506736714453102e-02 2.095588248391790920e+00
6.107527711339332255e-01 -1.426874980331085618e+00 1.616519998206548125e+00 -1.155136343673879296e+00 -1.067888001208316950e+00 -5.189339842362775679e-01 2.161014280797375342e+00
9.144499483374231019e-01 -1.107940247518057530e+00 1.845157201129761670e+00 -7.250634029118159241e-01 -1.177335443997072684e+00 -8.872784095065161525e-01 1.948955355091441799e+00
1.077491654538833110e+00 -6.743439337824842505e-01 1.905438640895117830e+00 -2.115834109419813258e-01 -1.209100143526754101e+00 -1.096716067676233086e+00 1.540389310834645809e+00
1.043838633758811696e+00 -2.267084480659732060e-01 1.781904813541904886e+00 2.668637111158591591e-01 -1.199574670810307220e+00 -1.127303178254074556e+00 1.037089431821295982e+00
8.407769414943483399e-01 1.382405854515560695e-01 1.493199761596153641e+00 6.230645617649982482e-01 -1.162618375834489681e+00 -9.940283259236584179e-01 5.292544632206568345e-01
5.536551559373086295e-01 3.375324245839478876e-01 1.099218297943201694e+00 7.874450049309332789e-01 -1.078902691767279709e+00 -7.241076724930443076e-01 9.487821702055346251e-02
2.667985581453470867e-01 3.429597154018654281e-01 6.666628648973134119e-01 7.241177702432554097e-01 -9.421979023277535781e-01 -3.630439070605705476e-01 -2.116967214132728925e-01
3.896067661337069415e-02 1.946435227944156576e-01 2.468638010659131576e-01 4.508741429300640036e-01 -7.817495740386439795e-01 2.268491398014764113e-02 -3.726094408631370758e-01
-9.819502187818401895e-02 -3.591526330982322546e-02 -1.197166851524155001e-01 2.709487997838339393e-02 -6.454595561946361304e-01 3.493367374431266548e-01 -3.820469213610208081e-01
-1.336063801951017926e-01 -2.757784280894644002e-01 -4.073361286045226182e-01 -4.611146394521612457e-01 -5.685370794021638030e-01 5.471175672123387290e-01 -2.480318831265234947e-01
-6.113860488419683992e-02 -4.560118891382264894e-01 -6.136175625528482724e-01 -9.041549847836261034e-01 -5.355931813459123836e-01 5.963041527278074572e-01 -3.490334528770092093e-02
1.120285924677416473e-01 -5.216545485992822861e-01 -7.600081644158481753e-01 -1.191127599975486895e+00 -4.845734816918982890e-01 5.120340711966554492e-01 1.543857444604582185e-01
3.437568606408966110e-01 -4.572992234741246054e-01 -8.735235852349931829e-01 -1.262875531192868106e+00 -3.590585492016707958e-01 3.250669596163625608e-01 2.559989531350661540e-01
5.691807195839081457e-01 -3.020935203034483263e-01 -9.512214089510612203e-01 -1.145810649987917929e+00 -1.373382452800197828e-01 9.185736328138886797e-02 2.770129997320011084e-01
7.274108954268572180e-01 -1.239532935416034209e-01 -9.596926209599124791e-01 -9.175276654611136395e-01 1.709562863089165718e-01 -1.268096233794530625e-01 2.633762834042988610e-01
7.653044516511173789e-01 3.018260720640174311e-02 -8.847785225286871613e-01 -6.418595363643009311e-01 5.201371537917224286e-01 -3.059262772884697723e-01 2.565725212530818311e-01
6.383547173297168253e-01 1.593896155635904366e-01 -7.592456967053241579e-01 -3.515820799258822515e-01 8.365120065573062869e-01 -4.453314720418635186e-01 2.662256635874346022e-01
3.277371161426221313e-01 2.935597049404046754e-01 -6.398780696307633242e-01 -7.708435218881812268e-02 1.057454428992093742e+00 -5.375317466741892369e-01 2.705677919154744204e-01
-1.521313761190898617e-01 4.650378252745457908e-01 -5.792005800266588622e-01 1.424430678026616104e-01 1.158905796019360057e+00 -5.723366878178240968e-01 2.408939825542487645e-01
-7.605917292075431435e-01 6.967467813078028760e-01 -6.130454419957079848e-01 2.822105247023158348e-01 1.143302129967193492e+00 -5.487806221782138838e-01 1.488933139491502300e-01
-1.432990980567993677e+00 1.002906667673169272e+00 -7.514797272660302951e-01 3.485796790158798841e-01 1.014379330386808720e+00 -4.722280739267558647e-01 -4.331077887426716677e-02
-2.085157305233118041e+00 1.376552169873740628e+00 -9.642714910558313202e-01 3.608644211659860490e-01 7.772797069167467487e-01 -3.583484937665452619e-01 -3.562960375500691668e-01
-2.622325514756751907e+00 1.779719982677065548e+00 -1.183085070936404692e+00 3.364084053534779906e-01 4.571456274118575469e-01 -2.352724073549882500e-01 -7.645900300658104998e-01
-2.945296161498791143e+00 2.159746005950304859e+00 -1.335285843265210604e+00 3.112846142438376318e-01 9.922756163321455602e-02 -1.408970841822119457e-01 -1.216320824625147345e+00
-2.972858908674529843e+00 2.460643931363138304e+00 -1.370979183898276554e+00 3.365774792487533640e-01 -2.512133469059054658e-01 -1.184384982621567162e-01 -1.642068013592610454e+00
-2.685679070925068856e+00 2.624212541821686617e+00 -1.269728877584999749e+00 4.233092216646474615e-01 -5.632528152838451874e-01 -1.867635517246994392e-01 -1.950767733968871376e+00
-2.151983161923189058e+00 2.614085746389582354e+00 -1.053237384610959948e+00 5.261940359433343595e-01 -8.250215985033251265e-01 -3.261021056625723613e-01 -2.066799309183482869e+00
-1.500494689295712947e+00 2.438791110497011250e+00 -7.855271500230882609e-01 5.888238664405146539e-01 -1.041171271804455234e+00 -5.109052022723551412e-01 -1.965104222974544568e+00
-8.595194205276185384e-01 2.138526050375086474e+00 -5.382647988836739561e-01 5.754745588733107819e-01 -1.219762126872206531e+00 -7.144674636308533389e-01 -1.668793623801471115e+00
-3.121072725371993317e-01 1.767030405121667203e+00 -3.639940391975817757e-01 4.892870269541813588e-01 -1.363356939128252066e+00 -8.865521759426672199e-01 -1.247727092609977273e+00
1.172705439236665509e-01 1.384356487152261783e+00 -3.010152633567104163e-01 3.835202280894020044e-01 -1.461451081807283225e+00 -9.705706886396002764e-01 -8.190252085165946605e-01
4.558174792850761547e-01 1.023716331497672716e+00 -3.589593829830201033e-01 3.123358509247897152e-01 -1.471677133251869884e+00 -9.327477762471821920e-01 -4.951235504304989377e-01
7.509288798481156268e-01 6.586029454005146722e-01 -4.821204936448990064e-01 2.658962207811879641e-01 -1.327229661176835496e+00 -7.689945314520124642e-01 -3.036932943555233355e-01
1.023019368721340028e+00 2.391001641590317917e-01 -5.677406024599489509e-01 1.918346224981557768e-01 -9.926753485439119284e-01 -5.031328760510807019e-01 -1.869616668719444041e-01
1.240646591819769551e+00 -2.405368693084616871e-01 -5.414817309586160698e-01 5.993419118545664781e-02 -5.035005751667048779e-01 -1.820745127604774249e-01 -7.317934235151139777e-02
1.340156695386386154e+00 -7.265625499919770025e-01 -4.076823413508042226e-01 -1.256318993236381631e-01 5.535361793663991226e-02 1.363010042914205300e-01 7.790442528748230122e-02
1.270788375776041645e+00 -1.135688489284887526e+00 -2.347346351724045876e-01 -3.442192195778496222e-01 5.864419686230385453e-01 4.061601048177961304e-01 2.672198991503254573e-01
1.028525391747795448e+00 -1.386126707031113403e+00 -1.033611759030756971e-01 -5.546070147736604783e-01 1.001895185544961597e+00 6.039393267216011107e-01 4.583935879612786035e-01
6.614011923806587534e-01 -1.422151135897875784e+00 -6.795656272567572598e-02 -6.903547572467209070e-01 1.245987729143884781e+00 7.047749812004291403e-01 5.948594732244623096e-01
2.529617831277718998e-01 -1.239015335986915378e+00 -1.448700180317067099e-01 -6.962121077481331355e-01 1.310238937351162480e+00 6.749788500840351313e-01 6.337655976043415906e-01
-1.075350490749753529e-01 -8.968655730897328038e-01 -3.074351632259987865e-01 -5.788345955554055067e-01 1.222015869320804082e+00 5.124105192061544356e-01 5.771483842104583317e-01
-3.557818943446759419e-01 -4.993773986301214829e-01 -4.958312448597246846e-01 -4.045297993717338336e-01 1.024088373808520691e+00 2.753361483445929681e-01 4.659409451051519380e-01
-4.647349934224060952e-01 -1.473763908834195835e-01 -6.510091278015902594e-01 -2.500867848742596156e-01 7.713603393184315093e-01 5.746830668527214830e-02 3.415449594129500999e-01
-4.398753987496079598e-01 8.893887475865111525e-02 -7.416661996411973989e-01 -1.666220109935911686e-01 5.306128923892072802e-01 -5.997717386527386119e-02 2.289047009737300020e-01
-3.160877269741290685e-01 1.725353091171694664e-01 -7.649917155086182197e-01 -1.692967827681857718e-01 3.599728492490371634e-01 -4.419644007962724580e-02 1.508340000858413577e-01
-1.465395862136306127e-01 9.970533295178671263e-02 -7.343920801290781952e-01 -2.407111543496493478e-01 2.853997788722238971e-01 8.696024457403207786e-02 1.264837885091852077e-01
2.898015888869818688e-02 -1.015501488014197845e-01 -6.666021548359651883e-01 -3.463644257314020813e-01 3.012000322806434038e-01 2.991948637877743788e-01 1.459990698256623254e-01
1.987861328185695220e-01 -3.794424606661486732e-01 -5.752534664012010079e-01 -4.496273834044784978e-01 3.837343272903291358e-01 5.610570241777577127e-01 1.718006996635516315e-01
3.599706888947973860e-01 -6.696059627321488961e-01 -4.724816988138700324e-01 -5.220176486927815551e-01 4.961301806023511451e-01 8.348169769512948646e-01 1.734247622730669680e-01
5.087563990549358595e-01 -9.120014810333548771e-01 -3.684939351245067329e-01 -5.565443494704713778e-01 5.944673927190444740e-01 1.093620933970772313e+00 1.429156979535666505e-01
6.499418602803191947e-01 -1.061370728263841601e+00 -2.745970399046172572e-01 -5.691500813342338372e-01 6.468689369674092138e-01 1.336417741506095380e+00 7.615867753122615436e-02
7.930560119260049445e-01 -1.080982669821731523e+00 -2.212494464284750773e-01 -5.813509042805604654e-01 6.516656928941899629e-01 1.556472226816943527e+00 -4.678558040108429100e-02
9.330062057578560886e-01 -9.511943677512396667e-01 -2.544108345428301998e-01 -6.092785923419030691e-01 6.425776914304861531e-01 1.727356708644693706e+00 -2.460557643828861496e-01
1.037670689682518521e+00 -6.969648301765436482e-01 -3.934434601880677507e-01 -6.595467280142748301e-01 6.635628203570284045e-01 1.821362551910518102e+00 -4.995644526329489077e-01
1.062688256106837370e+00 -3.836910166908032438e-01 -6.114232150850866798e-01 -7.211838061748232498e-01 7.250681640698209973e-01 1.818516666008541005e+00 -7.425839294375025101e-01
9.802823738304889956e-01 -7.813239214715295144e-02 -8.584261690772172493e-01 -7.721300651216490563e-01 7.981143353221495929e-01 1.715209633491273200e+00 -9.149562262033119620e-01
7.875223774550644817e-01 1.803974637246316404e-01 -1.086229775632304051e+00 -7.961125675654283640e-01 8.445705233743173723e-01 1.518899585569028599e+00 -9.850326698631597377e-01
5.004779448008805920e-01 3.783659306343404860e-01 -1.259481421924962374e+00 -7.852641982479057203e-01 8.374591440315906077e-01 1.224535874924469026e+00 -9.402183465352164093e-01
1.575087043745523607e-01 5.056696661723701913e-01 -1.352359959804943390e+00 -7.408012371845923427e-01 7.687470438440493492e-01 8.259469386258410095e-01 -7.774136573339347489e-01
-1.776834773161579395e-01 5.416263396068148328e-01 -1.333120202272624066e+00 -6.819223485236896032e-01 6.500142173871150675e-01 3.512863812030510013e-01 -4.983384213219194114e-01
-4.364901094819581551e-01 4.687054332396202172e-01 -1.161150928105506130e+00 -6.341555285463145175e-01 4.936619890440013259e-01 -1.444457833372631006e-01 -1.044198068141717478e-01
-5.743778168672938333e-01 2.997410249431596285e-01 -8.140675892123753199e-01 -6.012158622222185667e-01 2.897906575523633843e-01 -6.044567669546253574e-01 3.820681684386093013e-01
-5.673658592716093185e-01 8.892812606541206089e-02 -3.176535310993166550e-01 -5.610966055656507745e-01 2.124516805655820434e-02 -9.624341525454331858e-01 8.665807536571027425e-01
-4.045927647427730589e-01 -9.118896123634735729e-02 2.584722396930146937e-01 -4.795203071669213446e-01 -2.957303336537021599e-01 -1.163857484260351294e+00 1.196456304660225012e+00
-1.171415602880630513e-01 -1.866286230675561486e-01 8.248453178814614262e-01 -3.244891558284243582e-01 -6.102473465043749545e-01 -1.218820370138490983e+00 1.263247692070232020e+00
2.096216446090098939e-01 -1.831192988076676131e-01 1.298100156291309037e+00 -9.428320328698867880e-02 -8.697413917043762543e-01 -1.180937360201840924e+00 1.069488121704605277e+00
4.717036773764322066e-01 -1.015557031499914192e-01 1.626517021190192702e+00 1.740143943456035625e-01 -1.040431634699645391e+00 -1.085108393799682158e+00 7.040835124311922710e-01
5.860312946762783470e-01 2.878046941420711949e-02 1.796900820014519562e+00 4.389025645669153985e-01 -1.118033392908226231e+00 -9.374095176858812106e-01 2.756547120290719355e-01
5.079468569013215751e-01 1.946389890064957606e-01 1.821726268847389862e+00 6.828776593556180607e-01 -1.129272893986761561e+00 -7.411856054939135463e-01 -1.411050091678712481e-01
2.308651201806976583e-01 4.012766250423937531e-01 1.712553138502653116e+00 9.118751855793625349e-01 -1.111236237414329420e+00 -5.313653709944449188e-01 -5.189096663178903723e-01
-2.232993658701685480e-01 6.496561211026623539e-01 1.467469221986866579e+00 1.134013414498509897e+00 -1.086268136278853991e+00 -3.810030206334498737e-01 -8.486767772443669644e-01
-8.059276682736445929e-01 9.031460186381623512e-01 1.111524750187126598e+00 1.326112789841907391e+00 -1.059204287259335686e+00 -3.452904221981440980e-01 -1.095101330606977008e+00
-1.432842694856907739e+00 1.093851204413032407e+00 7.327120048019579723e-01 1.434421970268527469e+00 -1.034168944772106080e+00 -4.079086298626495299e-01 -1.204677771692769905e+00
-1.999821769734309251e+00 1.174063417893838279e+00 4.363947644572537810e-01 1.422134038636770903e+00 -1.024073612374806430e+00 -5.031046887420259628e-01 -1.160284004552904591e+00
-2.433238965093593276e+00 1.144922415906886703e+00 2.728488893668107318e-01 1.302247211629183665e+00 -1.043954733685371172e+00 -5.795299999534743174e-01 -9.878634972013236037e-01
-2.714023695673631664e+00 1.038527673175138277e+00 2.252279957994950954e-01 1.121172021873854785e+00 -1.100174975141489764e+00 -6.283375157908354103e-01 -7.185636452759013304e-01
-2.847756909245277246e+00 8.914074945423932084e-01 2.448804714202913735e-01 9.149240418604378533e-01 -1.186502926927730517e+00 -6.588876173850521933e-01 -3.796672447083175306e-01
-2.835404322201989569e+00 7.371780359973190144e-01 2.826793152854968905e-01 6.901294546468993429e-01 -1.293949899407227155e+00 -6.684646885670382233e-01 -1.620982509849123662e-02
-2.670516927614608349e+00 6.169830871313719545e-01 3.026579449938671118e-01 4.645769630356441637e-01 -1.421333300480350559e+00 -6.442085605627692058e-01 2.932066735860416884e-01
-2.354395177356010116e+00 5.769028422898393460e-01 2.839898191128196747e-01 3.021426632724273920e-01 -1.571481736944133623e+00 -5.869786771921770008e-01 4.627953422045871235e-01
-1.916742557375908262e+00 6.349564013505185622e-01 2.228908185720937518e-01 2.715926429384646346e-01 -1.742356736163051201e+00 -5.176264758074790029e-01 4.591434711727467866e-01
-1.402277763034680769e+00 7.504181934556932720e-01 1.429660321930517342e-01 3.831207018152096855e-01 -1.917556017144516733e+00 -4.547787701107036673e-01 3.229238286417030479e-01
-8.391868535287533293e-01 8.331216482966172787e-01 9.341126489009785039e-02 5.755468152732570175e-01 -2.060379119410617577e+00 -4.024593219380331321e-01 1.399623272630918513e-01
-2.432941912546935925e-01 7.876823756285791234e-01 1.201613034027905758e-01 7.475206095892468205e-01 -2.119921463043305199e+00 -3.566299183994092736e-01 5.572661391133508849e-03
3.707417030559734261e-01 5.598381525496127775e-01 2.346858730269082149e-01 8.093453098862626316e-01 -2.037175610207525356e+00 -2.963001337070741426e-01 -2.308511791995035770e-02
9.924977568643498227e-01 1.582061083600475593e-01 4.017387604208863539e-01 7.288901554349066503e-01 -1.754682372779328148e+00 -1.892877652427955859e-01 3.713556829845290203e-02
1.598838275477547199e+00 -3.638149693440004273e-01 5.601130476561431148e-01 5.260369704917563505e-01 -1.242749486700416739e+00 -3.578458799521362643e-02 1.387328918505632003e-01
2.139001074673420266e+00 -9.461859540787310729e-01 6.692487098890054220e-01 2.333820810753006181e-01 -5.272191447761500616e-01 1.262198440210885453e-01 2.709280766429229548e-01
2.551485713427284807e+00 -1.532570542421089810e+00 7.169588963576914997e-01 -1.262131129812366359e-01 3.023103225866521915e-01 2.630486863894521687e-01 4.502491771777659690e-01
2.783810010735922269e+00 -2.057296528714956274e+00 6.836011014952737552e-01 -5.517077817449440591e-01 1.118472061394690575e+00 3.749745107417274403e-01 6.686020342811511696e-01
2.800069792555601289e+00 -2.448723756099563165e+00 5.438688403242608604e-01 -1.049609191436920108e+00 1.798859864589667179e+00 4.941402643286974539e-01 8.790825434737951083e-01
2.588875261908130998e+00 -2.652186000775398789e+00 3.052297985464726970e-01 -1.579197539267768180e+00 2.250746468427586855e+00 6.367674245516572462e-01 1.031751790783334899e+00
2.179682480288152480e+00 -2.655766249453805017e+00 2.375939109982481978e-02 -2.040295875256822544e+00 2.423098340169942411e+00 7.752730927111443071e-01 1.108972770545335607e+00
1.659762542337330338e+00 -2.496330030166539427e+00 -2.124240915821010156e-01 -2.334459395256008651e+00 2.318850126198658934e+00 9.029562701135522840e-01 1.105551193180698277e+00
1.155733024203407400e+00 -2.228834220704629221e+00 -3.338918067580561866e-01 -2.408999696348094410e+00 1.991598674431710458e+00 1.075344740038378655e+00 9.891807678006179216e-01
7.708429772209949293e-01 -1.885399300647576215e+00 -3.537279107544217260e-01 -2.253584988236398523e+00 1.521192367074879703e+00 1.331658286998277152e+00 7.123756734216002418e-01
5.469709625080059201e-01 -1.480290146894229553e+00 -3.546687171487885037e-01 -1.902039219706209927e+00 9.935658154629353200e-01 1.619364761900155436e+00 2.695946369574324653e-01
4.906006527585662913e-01 -1.060861816101210442e+00 -3.894164462773467839e-01 -1.442622276529602621e+00 4.931979663968308891e-01 1.831677897934445243e+00 -2.556459762336226738e-01
6.029103681581975405e-01 -7.224679322163275463e-01 -4.287886289687144470e-01 -1.003382824300069087e+00 9.491195600948650057e-02 1.888417823158764719e+00 -7.111480782457682004e-01
8.669881398791475791e-01 -5.565623974236411087e-01 -4.108515163389520608e-01 -7.071215303735388646e-01 -1.412021615928752694e-01 1.766049592934211265e+00 -9.556314206867272398e-01
1.211509039408118271e+00 -5.969800202152615309e-01 -3.096876622812550495e-01 -6.190150674404777398e-01 -1.809805312351425166e-01 1.481029452210383068e+00 -9.116107199737356614e-01
1.504124005403697950e+00 -8.080483211016535883e-01 -1.616331211975444992e-01 -7.253485011182090325e-01 -3.588527598552466308e-02 1.077254713192515201e+00 -5.725283741233547774e-01
1.617305306760818295e+00 -1.112970486839169881e+00 -2.956961474821754102e-02 -9.558758794401619463e-01 2.483689704447986368e-01 6.262402397219817285e-01 -3.868460492150795158e-03
1.514769903060900091e+00 -1.442123956563349019e+00 6.112961489212895977e-02 -1.223184102443657384e+00 6.258034635972342663e-01 2.127496143905434622e-01 6.778128759395875003e-01
1.253383889510615523e+00 -1.754374599567289472e+00 1.385279410393098209e-01 -1.454206260699931752e+00 1.053590962888295124e+00 -9.238676491690112069e-02 1.353686553085918787e+00
9.049625164044585723e-01 -2.009989788366261187e+00 2.324593563377267968e-01 -1.594608469019811459e+00 1.476029482787295954e+00 -2.609473643595795478e-01 1.928897808649675749e+00
5.088586173521751910e-01 -2.148944075767184270e+00 3.270978775999607291e-01 -1.592969328807603668e+00 1.826563518041508960e+00 -3.217133591273464432e-01 2.326541287843951533e+00
9.752126347177739185e-02 -2.127096453498718898e+00 3.918106088878571258e-01 -1.416922924755224411e+00 2.046356524128725152e+00 -3.317326388236651602e-01 2.501270249123320966e+00
-2.738989726217282983e-01 -1.959345611260160158e+00 4.439038305118154781e-01 -1.093393297232939210e+00 2.103064977367946398e+00 -3.308838978439307410e-01 2.468148600433770046e+00
-5.430688044650313628e-01 -1.698439753047826350e+00 5.429417170710809648e-01 -6.916848345027442058e-01 1.987069151274018841e+00 -3.348756269521876994e-01 2.286919301548156813e+00
-6.703024324843981363e-01 -1.382960384349601002e+00 7.313061709189028203e-01 -2.592773621284378827e-01 1.692216146911220020e+00 -3.501880088299255123e-01 2.010432700347583257e+00
-6.461544108167766032e-01 -1.020253184335473406e+00 1.000924018012295802e+00 1.979960875414832344e-01 1.222761223315179002e+00 -3.690068499896905774e-01 1.652495156854250302e+00
-4.858830757795716826e-01 -6.092590233628567553e-01 1.310467847661991314e+00 6.785416912752897378e-01 6.174123234185701081e-01 -3.666243430807566983e-01 1.204477529431873029e+00
-2.215247141268288089e-01 -1.655482878442268713e-01 1.619603050983049686e+00 1.154935161183672010e+00 -5.105332876562991562e-02 -3.141788698595268658e-01 6.717979329105939756e-01
1.115252976236440902e-01 2.819720653400148436e-01 1.895159790329158600e+00 1.585930041375198440e+00 -6.960761904890531149e-01 -1.798261262303829933e-01 7.753936694987617617e-02
4.789825052152310580e-01 7.089554648123259639e-01 2.091354222525522388e+00 1.946150270178241826e+00 -1.238837597269671686e+00 5.407668228462202825e-02 -5.468004937436922175e-01
8.404859800456447871e-01 1.093300523528834223e+00 2.152705142635621627e+00 2.226761439429762124e+00 -1.621873772574531358e+00 3.494420353925149492e-01 -1.145350407400709702e+00
1.146740140491725679e+00 1.396757609203571393e+00 2.049386359617280995e+00 2.400890747578312112e+00 -1.809691392228760520e+00 6.229971843283045319e-01 -1.629155333653160120e+00
1.339482646204980920e+00 1.570949478908038488e+00 1.795983198352812726e+00 2.414986652040685744e+00 -1.792395542468889991e+00 8.098021927058950409e-01 -1.911359910425139086e+00
1.358498315370563869e+00 1.586517848191502766e+00 1.436795335280133701e+00 2.231183411678518969e+00 -1.590765107044595839e+00 8.878589110426602371e-01 -1.950784599172999290e+00
1.162901264811838864e+00 1.447381777532573244e+00 1.026101854613331810e+00 1.861614330743096124e+00 -1.247525785721757652e+00 8.566033213361831100e-01 -1.762443825198063418e+00
7.517944793748294607e-01 1.185863820411434677e+00 6.166666192370021671e-01 1.357716945436074241e+00 -8.152989196855148224e-01 7.308415092255284851e-01 -1.411282215142601659e+00
1.687468004254910336e-01 8.512296287217698820e-01 2.555590540551415657e-01 7.758535792714981172e-01 -3.475608402654842277e-01 5.458461135655902075e-01 -9.922689613594457558e-01
-5.147979914934998069e-01 4.985897959761069753e-01 -1.853959543221956816e-02 1.632517682259303493e-01 1.075035311730836163e-01 3.377931196106724876e-01 -5.901853994173273943e-01
-1.223144080937101696e+00 1.834381989098315957e-01 -1.866190972499019163e-01 -4.144127082052652677e-01 5.028578436251510686e-01 1.118902937941868569e-01 -2.514775760953943951e-01
-1.882156751940256445e+00 -5.005132095132605596e-02 -2.570039654093091430e-01 -8.618329141579023078e-01 7.869671543903592470e-01 -1.596711974475547025e-01 1.958419430674243275e-02
-2.410613406660682578e+00 -1.893921262496499891e-01 -2.470193089516386220e-01 -1.104955952088732873e+00 9.159417412239576617e-01 -4.945898362975783558e-01 2.509848956090429684e-01
-2.726155986948060939e+00 -2.532533435956153545e-01 -1.642334723681871389e-01 -1.133247481544954249e+00 8.742184385971613070e-01 -8.675129049114670421e-01 4.742437891499691194e-01
-2.770040488733713335e+00 -2.633392915930578004e-01 -2.537752359897480978e-02 -9.759133641067775367e-01 6.777324415225299825e-01 -1.231686650350856560e+00 6.887980947502507778e-01
-2.526732383142217486e+00 -2.273644862505377617e-01 1.256297983998657941e-01 -6.658825861003632163e-01 3.646352470985398386e-01 -1.543839432104102016e+00 8.552356509464856815e-01
-2.027409162584338009e+00 -1.506923885032732391e-01 2.475468551453183785e-01 -2.461753765879781952e-01 -9.962780602905738428e-03 -1.757661123529366209e+00 9.279120510381579923e-01
-1.344130212216586351e+00 -4.307656690363487889e-02 3.298212709931691022e-01 2.118408360450467764e-01 -3.868299728281400784e-01 -1.827777085880626595e+00 8.846165525426042953e-01
-5.856353711047423971e-01 9.959934287799604435e-02 3.670465096633438451e-01 6.309124923990256928e-01 -7.269635751809527813e-01 -1.745875120644714729e+00 7.215674672419422064e-01
1.150953282403044259e-01 3.027247095276571209e-01 3.302264879669007391e-01 9.722577738487516719e-01 -1.015102950618605337e+00 -1.572644153884016793e+00 4.437576306016947081e-01
6.404280838613133353e-01 5.764068632761456534e-01 1.946003854000494526e-01 1.238645613809312707e+00 -1.230810313151217805e+00 -1.419811158099289594e+00 8.281458468883158563e-02
9.313086487238189104e-01 8.675988380798377309e-01 -5.950898807409427983e-03 1.425835408037321006e+00 -1.324048124438526264e+00 -1.377517497092912047e+00 -2.775822859547479315e-01
9.914483982167163756e-01 1.071888428388437564e+00 -1.775011999840363508e-01 1.493228654579940473e+00 -1.232292140326066709e+00 -1.446706748791583896e+00 -5.217866045638149819e-01
8.516306565171773979e-01 1.113151143122588449e+00 -2.365262057754013991e-01 1.409286750902262408e+00 -9.341236158710485293e-01 -1.553375758383503946e+00 -5.713082779014252433e-01
5.459717199207430038e-01 1.003690534748399976e+00 -1.745001647531482236e-01 1.215215754776744150e+00 -4.795189960447490130e-01 -1.629232126274890113e+00 -4.352615222123082384e-01
1.263557139305772348e-01 8.227661726702091283e-01 -5.069250904499114641e-02 1.021380376657381239e+00 3.998493343481785561e-02 -1.657607747445591695e+00 -1.970192170021126676e-01
-3.322031304896911896e-01 6.526841670309233567e-01 6.266870719790275379e-02 9.362908259446740544e-01 5.329831745565842827e-01 -1.644590992356179004e+00 4.602636233506026547e-02
-7.622454126411323250e-01 5.386794017413563118e-01 1.196116762926625748e-01 1.000025405745670559e+00 9.234240452645512409e-01 -1.583867453370553902e+00 2.375244943703911371e-01
-1.131824486438818500e+00 4.912429785320353015e-01 9.989854002302826774e-02 1.183845124459315556e+00 1.158190727250328234e+00 -1.463570603220247346e+00 3.649168571448779264e-01
-1.437727412748984079e+00 5.061145684806328537e-01 -3.841968494342213724e-03 1.439563290597437151e+00 1.219339043069531225e+00 -1.283563179968560730e+00 4.230655409151630741e-01
-1.679992138274094771e+00 5.709272097762999598e-01 -1.823583662769260316e-01 1.729046802453283238e+00 1.130268914022510396e+00 -1.056975255504523759e+00 4.010295152435316424e-01
-1.847770216893061423e+00 6.549991258745451184e-01 -3.947507061285436269e-01 2.008057763221967384e+00 9.424431176998362414e-01 -8.029579701186772001e-01 3.089964701263979152e-01
-1.923919727225633203e+00 7.108017694494715988e-01 -5.727903933675606574e-01 2.215847862287359415e+00 7.083960902055341791e-01 -5.416218533423656778e-01 1.908865006996907920e-01
-1.894446353336453504e+00 6.971737874424907000e-01 -6.552289524106963414e-01 2.300825814244141121e+00 4.699758689527344657e-01 -2.875322148522196919e-01 9.336452179703391696e-02
-1.752758777826580516e+00 5.961069921249354531e-01 -6.224170051195686559e-01 2.242702658296553686e+00 2.639613292012110146e-01 -4.361494682559976382e-02 3.560592507709177401e-02
-1.500243812850452052e+00 4.055109767572965263e-01 -4.959130568101146053e-01 2.042083201219883737e+00 1.218132884218616763e-01 1.899157158591035233e-01 1.954712683259494238e-02
-1.145028253450580458e+00 1.256406155223762366e-01 -3.036210876867457276e-01 1.703404281616566207e+00 6.725791157083606253e-02 4.144742184814251273e-01 5.075921009878566620e-02
-7.043325458964720953e-01 -2.367435515761673881e-01 -5.548424055580869485e-02 1.247392816305083363e+00 1.117588365397741285e-01 6.452810714441153950e-01 1.317344595692740705e-01
-2.029372821076708966e-01 -6.554736869232659080e-01 2.424051599186339556e-01 7.331895073315337630e-01 2.417074213431584517e-01 8.977086751720935176e-01 2.425228683514048522e-01
3.315236959408947581e-01 -1.091169178538121898e+00 5.697658756768685384e-01 2.331169513121593984e-01 4.213594765526472719e-01 1.160661181022101029e+00 3.513969277933636226e-01
8.540061755562281531e-01 -1.504844116346614191e+00 8.933363877446035550e-01 -2.211016124736186472e-01 6.101449741250868364e-01 1.401022136454628697e+00 4.502965753917210767e-01
1.289739609019857625e+00 -1.848686477335499845e+00 1.164345230947929188e+00 -6.360542837203255750e-01 7.646314596581235135e-01 1.588884535780606067e+00 5.497158075536253685e-01
1.556594612330060468e+00 -2.058145872940710053e+00 1.318496684859496337e+00 -1.004070317474423879e+00 8.369754057921814372e-01 1.700788079454701229e+00 6.435934463290946539e-01
1.603650351262925211e+00 -2.077222599919426926e+00 1.300912454163451137e+00 -1.285553594022206259e+00 7.938563739802286801e-01 1.711510209825632289e+00 7.080120764080731766e-01
1.439291962376935796e+00 -1.888404645989597563e+00 1.092214368837999272e+00 -1.443460092682936846e+00 6.374076320806766338e-01 1.617463094769707954e+00 7.120765817405702025e-01
1.134551660546363028e+00 -1.518393922844470945e+00 7.135899481958247748e-01 -1.479619881099728751e+00 4.024413209384614665e-01 1.463707505140168230e+00 6.187289853025498276e-01
7.943489103879544100e-01 -1.029727943363532905e+00 2.246884061104656161e-01 -1.440442506521014465e+00 1.398857172398942361e-01 1.327368671639236553e+00 4.030309452028544848e-01
5.123695082847162796e-01 -5.016458100223378791e-01 -2.872089785906024040e-01 -1.388793118165984719e+00 -9.641827079936717004e-02 1.276336254362685274e+00 7.222010671600480325e-02
3.385198152380284875e-01 -4.233216522101299192e-04 -7.369949932833983475e-01 -1.356963783488251307e+00 -2.631108722565915770e-01 1.333980523556079101e+00 -3.431681767393924831e-01
2.699381276205327085e-01 4.323731818707753360e-01 -1.060661119572022804e+00 -1.330481517738617336e+00 -3.392444836616623216e-01 1.470575873232695674e+00 -7.986819514634202477e-01
2.530318981369267806e-01 7.658455070525055364e-01 -1.207715149146599831e+00 -1.283897389330406646e+00 -3.278132861056469172e-01 1.626679488049737721e+00 -1.218808423792332452e+00
1.986552789299063093e-01 9.804588233727919988e-01 -1.148198999706279810e+00 -1.201592740722982500e+00 -2.479366484220764666e-01 1.733194600449225353e+00 -1.508327831278120756e+00
3.161390479044589447e-02 1.087865073692654061e+00 -9.016290738612126043e-01 -1.060670548589148110e+00 -1.164252782209417719e-01 1.725130753238321102e+00 -1.624318748554133274e+00
-2.628036179524960159e-01 1.123228656060075270e+00 -5.406825244301400879e-01 -8.475450308153135159e-01 6.415090407709184150e-02 1.574437403420927639e+00 -1.604239994867496133e+00
-6.534801112963282144e-01 1.116315015071553507e+00 -1.620408529903326900e-01 -5.962691505588191276e-01 2.839665803339423977e-01 1.306718864191835694e+00 -1.501795964491292823e+00
-1.100632836050434715e+00 1.084447867520306419e+00 1.464772283014507126e-01 -3.762288005694198190e-01 5.029866046919722056e-01 9.799003396036850555e-01 -1.342336984209626438e+00
-1.561111414598508995e+00 1.037083757990854505e+00 3.280215270482426115e-01 -2.559239516947534598e-01 6.696382946798896674e-01 6.592442901269363054e-01 -1.131585564948652589e+00
-1.976585057776072629e+00 9.753907374978794120e-01 3.615212975103349047e-01 -2.763360212318208275e-01 7.576026679916384454e-01 3.990115544245941837e-01 -8.707863639900940145e-01
-2.269513445751230041e+00 8.952841057733764707e-01 2.619625304406646982e-01 -4.292234604152544986e-01 7.792587751562680687e-01 2.349014473956064220e-01 -5.803865754204881044e-01
-2.367310703145858231e+00 7.895057616218008611e-01 8.346285774325735984e-02 -6.704035422147199830e-01 7.662357328482416463e-01 1.859512574348952119e-01 -3.005595186369416916e-01
-2.244525147156729350e+00 6.540700502191262311e-01 -1.038705790741100560e-01 -9.589645577974267310e-01 7.433656662214935817e-01 2.491482967130677628e-01 -6.175889428462368047e-02
-1.935509825547567786e+00 5.023809559939034219e-01 -2.583030227527575717e-01 -1.266347338800961397e+00 7.242431992581898070e-01 3.980797114359552746e-01 1.163654674744048351e-01
-1.511854198600356192e+00 3.661678226119349788e-01 -3.864727345174710504e-01 -1.547885625139866939e+00 7.142950012876863042e-01 5.855671068807253299e-01 2.103659324605433867e-01
-1.050278419557198140e+00 2.768250422302261371e-01 -5.199159158881224707e-01 -1.733204117071516670e+00 7.118491135397665426e-01 7.550213951369105780e-01 1.985667331896950605e-01
-6.080671313194909722e-01 2.452483402313392347e-01 -6.712610614050057434e-01 -1.770894825499996328e+00 7.171664100536244701e-01 8.779913165294246369e-01 7.462145858013274902e-02
-2.231695094038041449e-01 2.588495226684937589e-01 -8.170694038277166449e-01 -1.667374548060059691e+00 7.322752143719735152e-01 9.683630341428234312e-01 -1.358128863248919405e-01
7.267791244858234911e-02 2.986745956940535796e-01 -9.241977098246518807e-01 -1.458234286315729378e+00 7.505074084457686867e-01 1.046102461396657635e+00 -3.768826500200496699e-01
2.591505830183256087e-01 3.577795643151956417e-01 -9.824544727378762277e-01 -1.158259721782899598e+00 7.619065211851413499e-01 1.117613912932654108e+00 -6.060100740116949325e-01
3.420790757799819226e-01 4.334811734978592512e-01 -1.005054171018509024e+00 -7.716947878209285960e-01 7.678192829652111806e-01 1.190143336862277357e+00 -8.166348991877461216e-01
3.490969508354063722e-01 5.085160772713306354e-01 -1.011668848892470551e+00 -3.412499978831922687e-01 7.804985701650590801e-01 1.273928243137560923e+00 -1.005267308482391542e+00
3.135537101428004236e-01 5.599765095681266125e-01 -1.026111972166568354e+00 4.589420925033740883e-02 8.113670033961757344e-01 1.375024287552657487e+00 -1.158456150641575366e+00
2.619968064810174746e-01 5.791558700367476220e-01 -1.076933539070784818e+00 2.957076628606005175e-01 8.646564383333336101e-01 1.490117183768024933e+00 -1.273399287182122697e+00
2.008517619129135678e-01 5.720812583613921198e-01 -1.184684120775744587e+00 3.488576498427610195e-01 9.313236173419855435e-01 1.592362119455333902e+00 -1.352218126768324646e+00
1.121226066956273193e-01 5.500987025548608189e-01 -1.348960313990342108e+00 2.012746479601134619e-01 9.795172728986899502e-01 1.625508649724526355e+00 -1.379925373215190598e+00
-2.343383840364736403e-02 5.211521203613167508e-01 -1.546095377994558540e+00 -1.161075181580583787e-01 9.645346295678930426e-01 1.523655619607574119e+00 -1.329486391115686006e+00
-1.975984438635684515e-01 4.861307384273498844e-01 -1.735428270189866673e+00 -5.645605397432228445e-01 8.542898023391510831e-01 1.236898232947968301e+00 -1.182546003227169074e+00
-3.769685598560580386e-01 4.436049778340899752e-01 -1.867809715792256409e+00 -1.096273627547249552e+00 6.375265621807699734e-01 7.460903167675430048e-01 -9.338010125980493736e-01
-5.187777017847492456e-01 3.927467260255237402e-01 -1.893321356810781841e+00 -1.646750311023201130e+00 3.221338654797608614e-01 7.472897539051513716e-02 -5.884139593631096954e-01
-5.762576080558254876e-01 3.248364142962066325e-01 -1.765279429391753085e+00 -2.136078106869266247e+00 -6.177146599994833703e-02 -7.040304314951657538e-01 -1.587960183013427673e-01
-5.095750445391270533e-01 2.181373483360810051e-01 -1.450668359677253161e+00 -2.481498483812572431e+00 -4.701863070620153073e-01 -1.475944175495669253e+00 3.427984646399306334e-01
-3.006907420622729754e-01 5.855912636598788190e-02 -9.653772475379721607e-01 -2.625155718390859594e+00 -8.634698487927884303e-01 -2.109145462950422267e+00 8.824584963255640568e-01
3.746219276711044294e-02 -1.327689515626064576e-01 -3.980240530132194143e-01 -2.549090085133844941e+00 -1.216914228550699084e+00 -2.499577175447452504e+00 1.377633305993739787e+00
4.540938419122605429e-01 -3.114177202941635358e-01 1.280479787144619963e-01 -2.269448429681010904e+00 -1.516425037297497003e+00 -2.627158220192726823e+00 1.740139696508444578e+00
8.697572926482354250e-01 -4.507973120593668503e-01 5.198918850853143647e-01 -1.836999466298400829e+00 -1.748279711130578784e+00 -2.555221529060569097e+00 1.943123279611480125e+00
1.205232902186641253e+00 -5.540737911959595641e-01 7.427993555740420861e-01 -1.327672437178267772e+00 -1.898036446155808576e+00 -2.361182763045908128e+00 2.011758478951917173e+00
1.410941049684751647e+00 -6.382354226061529578e-01 8.148578899559413280e-01 -8.119715878390156849e-01 -1.949064197369391183e+00 -2.093468182095231445e+00 1.976527335950342357e+00
1.474320834982033146e+00 -7.270198118016000244e-01 7.949099179379417457e-01 -3.344217250606837943e-01 -1.883740829407889894e+00 -1.782510979306251020e+00 1.866919922903527151e+00
1.402291858846050676e+00 -8.450890648951466799e-01 7.571459522712538082e-01 8.718614903421964546e-02 -1.704061824473621645e+00 -1.446551683197588423e+00 1.719595726500803501e+00
1.221389448919304233e+00 -1.011650506576549091e+00 7.688186633694573668e-01 4.457198730270947040e-01 -1.438310699153883876e+00 -1.088874580263244018e+00 1.569891881583118209e+00
9.996998834823072055e-01 -1.239962403665723301e+00 8.883784192463565210e-01 7.305888860451071887e-01 -1.121411671642260632e+00 -7.084589485939222220e-01 1.438874187477751532e+00
8.246905836664575329e-01 -1.523687047149736795e+00 1.151596212296080779e+00 9.396892561592984361e-01 -7.917847935422102079e-01 -3.169622990648359728e-01 1.329585568227431125e+00
7.409964303779557060e-01 -1.820379756025381157e+00 1.540855216560592655e+00 1.095187309647426943e+00 -5.043883849406112230e-01 4.705477385714119248e-02 1.244325315260707665e+00
7.271557237899223258e-01 -2.063783908015508040e+00 1.975938368900394648e+00 1.231024617106045937e+00 -3.311160073317649388e-01 3.297358437258595676e-01 1.201252372584504347e+00
7.323288729042497502e-01 -2.199018079270665726e+00 2.348879540244194875e+00 1.349465003977777799e+00 -3.381060583244051565e-01 5.028715948916928635e-01 1.221909275604158518e+00
7.182220005688643161e-01 -2.205308332811851457e+00 2.576492363586090573e+00 1.398830116500821008e+00 -5.455169288784385007e-01 5.706668368568378336e-01 1.315672927404223813e+00
6.712039746837659138e-01 -2.086285704554069476e+00 2.615968369923110881e+00 1.325065811766902080e+00 -9.063822611096985504e-01 5.373487022720848660e-01 1.468552073345384290e+00
6.071608237387610130e-01 -1.852773377227442619e+00 2.450072848250649749e+00 1.128762142796215340e+00 -1.322128690377885496e+00 4.131795541165261265e-01 1.618340230705613392e+00
5.688028544049079649e-01 -1.528496735591145406e+00 2.088667779191247131e+00 8.456442242640763718e-01 -1.670019928667012321e+00 2.382926153888483833e-01 1.670107746990219688e+00
5.963166132925569185e-01 -1.157671498048149505e+00 1.573136170680134782e+00 5.025305657227033818e-01 -1.836322375240516891e+00 6.573382568325873698e-02 1.562600197266490465e+00
6.991947372333874311e-01 -7.867827756774141701e-01 9.574883125551669760e-01 1.202126875044014359e-01 -1.752682692629465411e+00 -6.960859515056803948e-02 1.297639678822990916e+00
8.503360096386928246e-01 -4.458506773965786318e-01 2.957865429288751846e-01 -2.613172010008961710e-01 -1.407912789115890240e+00 -1.645204083012378471e-01 9.218940348897803894e-01
9.910468549078214062e-01 -1.578878580524420427e-01 -3.385745147380531672e-01 -5.783931863565439091e-01 -8.366683132586445470e-01 -2.316223140730286900e-01 5.104320275191865930e-01
1.052642887813022288e+00 4.128932624191759132e-02 -8.212211884302813569e-01 -7.511071801362269040e-01 -1.139912107957506693e-01 -2.576388635607062549e-01 1.476077180698289193e-01
9.924178215043335527e-01 1.070960692047860235e-01 -9.892320181064552242e-01 -7.036728620853364147e-01 6.494880889815052294e-01 -1.949288860433631143e-01 -1.003217546461662585e-01
8.105605340994098684e-01 2.177480540073737508e-02 -7.430144997833317833e-01 -4.226978291350027561e-01 1.328439642289759970e+00 -2.375118121883939074e-02 -1.976442398359561370e-01
5.409309343551217397e-01 -1.687477011679719696e-01 -1.522775208873359543e-01 6.492703576728402724e-03 1.809621409356195976e+00 1.970989142006115136e-01 -1.482631063809327354e-01
2.381368413241994331e-01 -3.596317471566357060e-01 5.734338864945734970e-01 4.597973686428008522e-01 2.012623215123448883e+00 3.573702030161772236e-01 -8.321794170004608027e-03
-3.194421503107801319e-02 -4.469853394078478481e-01 1.224641585703589719e+00 8.404137958220961879e-01 1.904148213077357932e+00 3.524870934940597111e-01 1.456953834511250934e-01
-2.037433884668970185e-01 -3.935339335153080764e-01 1.697361156869500398e+00 1.066194373680439789e+00 1.504560587087145462e+00 1.339675910634446632e-01 2.802367685974559430e-01
-2.327854500466729759e-01 -2.255471891283399033e-01 1.981383710354410299e+00 1.074592589431052181e+00 8.788094733673674774e-01 -2.717053212168533682e-01 4.100443017706781323e-01
-1.139262463378639123e-01 2.451305966994089466e-02 2.084044544138252242e+00 8.764443420245493499e-01 1.164616172539028188e-01 -7.891307362909185663e-01 5.356618486893606201e-01
1.190538073070446928e-01 3.405738287591253965e-01 1.998976006620111656e+00 5.498344648334464457e-01 -6.816783707247722202e-01 -1.318670681256554289e+00 6.085446790169670717e-01
4.073715021851588292e-01 6.921536846546112454e-01 1.733014625290222765e+00 1.794351365350949634e-01 -1.413573074247179706e+00 -1.754713241810247792e+00 5.776334755293009993e-01
6.889657798551692691e-01 1.010775162324342613e+00 1.328148191670829981e+00 -1.756633723645771306e-01 -1.993980166737637783e+00 -2.019804960440377162e+00 4.525118622462489526e-01
9.158110614436496544e-01 1.208641311571727606e+00 8.583993649411453264e-01 -4.836226262539904397e-01 -2.370089833068237617e+00 -2.087204159115837676e+00 3.099908248553214229e-01
1.062425623967200305e+00 1.220123621096623090e+00 4.099964016235180808e-01 -7.273530788467885699e-01 -2.521798593242250863e+00 -1.972501219851176657e+00 2.444444046813874505e-01
1.132835555435464769e+00 1.034390368373480751e+00 4.519704265883994765e-02 -8.816330907268560280e-01 -2.454419264741976026e+00 -1.715678299230842585e+00 3.027619880238605621e-01
1.154218590767053909e+00 6.979555506113798158e-01 -2.179306853589455806e-01 -9.028555928522140617e-01 -2.188892683629555247e+00 -1.368898074500640050e+00 4.524332119419030018e-01
1.152389385256600507e+00 2.893520830856082804e-01 -3.835959743189870097e-01 -7.491830437945639076e-01 -1.755804694088053397e+00 -9.765084764170018916e-01 6.016983457140605562e-01
1.128959345723246965e+00 -1.044283673766894377e-01 -4.569441135878140603e-01 -4.154213513971526384e-01 -1.207560703743066899e+00 -5.567088152386046040e-01 6.459510292071707349e-01
1.055476398307035213e+00 -3.983055116137159679e-01 -4.502402694816013962e-01 5.027531137580593112e-02 -6.316357487617531019e-01 -1.066247642887104830e-01 5.102401381831668248e-01
8.894942387962593289e-01 -5.244043550879126103e-01 -3.874940752295227830e-01 5.614488124258889545e-01 -1.367703007884974176e-01 3.860416416118702676e-01 1.752141147752463157e-01
6.093806137657188371e-01 -4.535576406799057270e-01 -3.014879124271695465e-01 1.035676854842334071e+00 1.888556516592407031e-01 9.224160001733880954e-01 -3.226599177825684728e-01
2.360645398568583797e-01 -2.056597181448911182e-01 -2.260329766045041933e-01 1.430739303192712919e+00 3.120323443990603574e-01 1.452276094569016074e+00 -9.064786456451113805e-01
-1.742077396570228809e-01 1.539820075366016006e-01 -1.722274449590458223e-01 1.727165440155830067e+00 2.458851800954834355e-01 1.868807564234527430e+00 -1.468962444755842478e+00
-5.407244694065026502e-01 5.288956750982030108e-01 -1.096318398830300189e-01 1.885989753913841271e+00 2.089710033580198523e-02 2.069928750210452861e+00 -1.889505357238891348e+00
-7.734803170155120089e-01 8.208158432803041027e-01 1.434090911231120959e-02 1.855078347598375865e+00 -3.287884287020024221e-01 2.012678947178478506e+00 -2.070326802157913537e+00
-8.039125858712827810e-01 9.626359162338228304e-01 2.246717149725321605e-01 1.618723317870701450e+00 -7.592577273123238824e-01 1.706770743095765042e+00 -1.973981063315978890e+00
-6.065878023067566849e-01 9.275280039207179916e-01 4.916252550194616378e-01 1.224116764808384827e+00 -1.201263897398306524e+00 1.196947947345045282e+00 -1.637201340100387537e+00
-2.051534505481582837e-01 7.109851161758290461e-01 7.600503274773383611e-01 7.554573022737575139e-01 -1.563492797917014343e+00 5.600676742415938714e-01 -1.135212543447302602e+00
3.187526846506671396e-01 3.172641276503877505e-01 9.950456579691466796e-01 2.826513666951743775e-01 -1.769293007735184498e+00 -1.059785426470033487e-01 -5.185164934710757567e-01
8.414402832946019650e-01 -2.294633553685631600e-01 1.193099789648578435e+00 -1.648084518335828641e-01 -1.789438165339840348e+00 -6.958164801651876008e-01 1.999920936817796147e-01
1.252909746889662168e+00 -8.652091385491201825e-01 1.358498571886838757e+00 -5.732526245368929629e-01 -1.636760536404231692e+00 -1.116981057410102229e+00 9.875170796822041464e-01
1.493140889028598428e+00 -1.478438304820986815e+00 1.468850558744620560e+00 -9.069275206530068578e-01 -1.343303441390879538e+00 -1.320817928859554735e+00 1.730234051542532514e+00
1.547330806373502954e+00 -1.935331098435651986e+00 1.476274774088368602e+00 -1.104891200966421794e+00 -9.448211039735879835e-01 -1.316354934889619521e+00 2.246341258518286033e+00
1.435244601372280160e+00 -2.140949476580425337e+00 1.361185716407930180e+00 -1.120432153970692957e+00 -4.765366149474534185e-01 -1.153510592946052737e+00 2.389023295974297856e+00
1.205033587207296142e+00 -2.082179438447894437e+00 1.160539377959048268e+00 -9.676145697813036683e-01 2.098143605097164965e-02 -8.916456808286115088e-01 2.141836591640004173e+00
9.206649875730080756e-01 -1.807677476938521322e+00 9.270771520071787730e-01 -7.156095621222772207e-01 4.969401944637198421e-01 -5.884662950081400723e-01 1.611521454940910925e+00
6.429535346631911619e-01 -1.378271613016339270e+00 6.819044140627353867e-01 -4.320110073904092074e-01 8.969238440258301415e-01 -3.138622074909372950e-01 9.491897226052496972e-01
4.160585587883834369e-01 -8.442907908829865304e-01 4.116807796843149903e-01 -1.476952035012534525e-01 1.180695034475850891e+00 -1.469432075394724035e-01 2.806333448337114400e-01
2.599780500983780440e-01 -2.590497160262884013e-01 1.058404340964032020e-01 1.271864913022829613e-01 1.332756370960119341e+00 -1.445894175488177391e-01 -3.095278780899113902e-01
1.646150019643367601e-01 3.089875175857235146e-01 -2.094701419951063570e-01 3.786579941111251069e-01 1.353085793645853352e+00 -3.148722651341905876e-01 -7.571810123705762230e-01
9.323715447422646629e-02 7.936024106534633749e-01 -4.876933488478263912e-01 5.886008456458318161e-01 1.241884687702328849e+00 -6.187449931929965841e-01 -1.007430378678340732e+00
4.145286951628121552e-03 1.157551922838029990e+00 -7.042416685549527378e-01 7.463335301528722932e-01 9.948733788769016373e-01 -9.845779770820206611e-01 -1.029198408455847646e+00
-1.173217265791998282e-01 1.397220984945299671e+00 -8.689019210348776223e-01 8.456821353418051412e-01 6.263343737847378856e-01 -1.312912545817508381e+00 -8.455451883469290442e-01
-2.504358277219511097e-01 1.529116018491244233e+00 -1.009492726152668718e+00 8.747184133559037233e-01 1.993581014372198534e-01 -1.498552003128344801e+00 -5.435184987563580483e-01
-3.640003767283062630e-01 1.576020309075087722e+00 -1.148866833751528871e+00 8.264691103603847289e-01 -1.942872479568044097e-01 -1.486556828155153331e+00 -2.367407236436373519e-01
-4.322431156843008493e-01 1.553250373863094724e+00 -1.286880249828100231e+00 7.035026026654392917e-01 -4.846582836884131273e-01 -1.296900350618106490e+00 -1.682009790262303101e-02
-4.294761167711658167e-01 1.461161981130832732e+00 -1.403811661617343942e+00 4.941343284426120697e-01 -6.334288959029494848e-01 -9.831487114707732067e-01 5.808943284466883822e-02
-3.394567292451414198e-01 1.296863814036339768e+00 -1.475655854896610553e+00 1.802357059688273755e-01 -6.158854126564339282e-01 -5.856338745156540737e-01 -4.835096562211865096e-02
-1.816358338061333511e-01 1.073159146202048220e+00 -1.481157938270324825e+00 -2.071689587258456200e-01 -4.327762941773384830e-01 -1.295763123603466127e-01 -3.431823589395244234e-01
-1.139507236077052371e-02 8.204318721765729849e-01 -1.401673909759198811e+00 -5.664390135052796982e-01 -1.350636571153798760e-01 3.512374468705706243e-01 -7.852830083639911196e-01
1.169961408656932794e-01 5.644945509896561742e-01 -1.220583105675614899e+00 -7.866906414742215192e-01 1.923336315502713334e-01 8.092710034388050921e-01 -1.280522769279778483e+00
1.751954429626879639e-01 3.136233410767457208e-01 -9.470813302644104370e-01 -8.230129075857102183e-01 4.729144599186986819e-01 1.193733169163856855e+00 -1.702244837012023337e+00
1.524988792461245413e-01 7.803041537844461473e-02 -6.469785472394069537e-01 -7.022764682205447917e-01 6.627296199334808957e-01 1.460504249018349743e+00 -1.946149282525117430e+00
5.392026815545179069e-02 -1.187743552579675621e-01 -4.077058098293208088e-01 -4.851175475161441097e-01 7.497018981373851920e-01 1.592060711934713213e+00 -1.975690676845004212e+00
-8.505016444349962346e-02 -2.586631230131954395e-01 -2.612297677491405845e-01 -2.399990751010873946e-01 7.433370771907550356e-01 1.608245705887632049e+00 -1.811400223221069083e+00
-2.032771884190355816e-01 -3.470000311348150346e-01 -1.626265793200076248e-01 -2.953201109822600756e-02 6.703710045035288223e-01 1.541582429093041995e+00 -1.488783038781093859e+00
-2.543093356032453123e-01 -3.996850750815302833e-01 -4.945230624317150520e-02 1.135275223260123895e-01 5.599183694455515115e-01 1.400890875599777763e+00 -1.038105570656028265e+00
-2.415251058427449471e-01 -4.061203221489218529e-01 8.395451275589299600e-02 2.119372116982915499e-01 4.151081691017082798e-01 1.169108474838888467e+00 -5.133961842539417342e-01
-2.071240111425732278e-01 -3.239120337970746721e-01 1.805656266454055414e-01 3.275132840294010528e-01 2.222239118162626925e-01 8.317422416613258207e-01 -1.795276919479783795e-02
-1.968502285680099329e-01 -1.267622420358438806e-01 1.807820333096983589e-01 4.975125802993314861e-01 -3.759978237676111622e-03 3.978841845144898692e-01 3.369955005701591455e-01
-2.359852810096682019e-01 1.538911554618427879e-01 7.194396688434750997e-02 6.880224931200060734e-01 -2.043541523172447694e-01 -8.365630339763814594e-02 4.954544102853433163e-01
-3.263291822618962224e-01 4.489462068441837372e-01 -1.248157308999248288e-01 8.287828477229324253e-01 -3.149075261037710960e-01 -5.202637976863949687e-01 4.637681095129312370e-01
-4.557293848657055779e-01 7.066778160365524419e-01 -4.021709158667362560e-01 8.960948182685776198e-01 -3.043071781525967801e-01 -8.141089077596370682e-01 2.688784056070873119e-01
-5.931252967385011177e-01 9.069789482546967152e-01 -7.706701083963503063e-01 9.341618605428594346e-01 -1.684444244376857303e-01 -9.103396528631493290e-01 -6.518602274564781751e-02
-6.722343227249074626e-01 1.021375331550152810e+00 -1.206347302416666212e+00 9.786471251829887974e-01 9.886822117214527639e-02 -7.993485352967066859e-01 -4.895372648377837033e-01
-6.127562896770797352e-01 1.002802485287822565e+00 -1.611189924567960619e+00 9.813584811165418920e-01 4.911609744283794154e-01 -4.900701121582871633e-01 -9.140738447161835811e-01
-3.827541390536764454e-01 8.442825839754288797e-01 -1.843714751059027934e+00 8.528057528284146427e-01 9.440424782180905083e-01 -1.250691080588274724e-02 -1.261047271501427147e+00
-3.696449502054920816e-02 6.104675640083551125e-01 -1.817108022338633999e+00 5.693885895946649844e-01 1.350160157768757863e+00 5.731318849362996293e-01 -1.515922385613078793e+00
2.993035228984909923e-01 3.953974805477324383e-01 -1.583337993904792240e+00 1.913980542350860181e-01 1.623995018445288707e+00 1.198806618075302977e+00 -1.707906182280183982e+00
4.822286356309989364e-01 2.768766816456312285e-01 -1.306786774358488223e+00 -1.926979475540890330e-01 1.728082724729162134e+00 1.769741690392365729e+00 -1.858650465816911401e+00
4.277171167168669075e-01 2.850071069736394569e-01 -1.144850964959744921e+00 -4.986970045820522945e-01 1.666582752853035920e+00 2.130747567798778164e+00 -1.940451972267100089e+00
1.737947550779908312e-01 3.780538430390897875e-01 -1.148386439104799761e+00 -6.722387789872006358e-01 1.481042266469399848e+00 2.137035992196690160e+00 -1.876526728788497245e+00
-1.511063170970474989e-01 4.769664008138934097e-01 -1.273552456014213075e+00 -7.112409911101691407e-01 1.224699772584798341e+00 1.750860247186061480e+00 -1.607291081320140202e+00
-4.274967735718340767e-01 5.412104829110875315e-01 -1.464567411488977511e+00 -6.507170232674841515e-01 9.236229643160694947e-01 1.054116493391094034e+00 -1.165933601947603648e+00
-5.887519426366804032e-01 5.891717247468764018e-01 -1.683830230409044004e+00 -5.318756062280897146e-01 5.787681062412808330e-01 2.053722082239435864e-01 -6.762167603348812062e-01
-6.033361313926459690e-01 6.572585851448721206e-01 -1.886002399285428899e+00 -3.789441472077387241e-01 2.018444489731949787e-01 -6.263906851131213482e-01 -2.804419574066607801e-01
-4.732981500679775411e-01 7.599280502264592618e-01 -2.006713585625881979e+00 -1.983933638862380167e-01 -1.714973448389309207e-01 -1.312786450835637275e+00 -6.782573120507881526e-02
-2.380823791347473628e-01 8.724969651556482297e-01 -1.972376720088304225e+00 -7.935498915794319749e-03 -5.013358465434893940e-01 -1.766692742433547458e+00 -4.398910175008727969e-02
4.062693021963963147e-02 9.467669498372724979e-01 -1.729396865281368489e+00 1.530413445522844362e-01 -7.593960969374895509e-01 -1.935441795380498098e+00 -1.507793590672535933e-01
2.864740446498169057e-01 9.462681140167208405e-01 -1.286019360917339149e+00 2.531477884506978526e-01 -9.197215023088380903e-01 -1.825295832385213979e+00 -3.047614945906247375e-01
4.187636112069130223e-01 8.630802551035700043e-01 -7.271006723917204928e-01 2.897076276437682840e-01 -9.496680743673321379e-01 -1.507716499524555775e+00 -4.312427763439699024e-01
3.856728077517062592e-01 7.122817241498029528e-01 -1.853512776226366177e-01 2.785640799584594984e-01 -8.278843609109268753e-01 -1.077689301307383385e+00 -4.959900589917195513e-01
1.908828547022076161e-01 5.180264335241998586e-01 2.108087321989159102e-01 2.313295036214210454e-01 -5.738028485718507099e-01 -6.137294743962333765e-01 -5.023396666088040252e-01
-9.976477362387700665e-02 3.055711225361721906e-01 3.802872642274192638e-01 1.472756962605759612e-01 -2.539981191428254403e-01 -1.784367467889071968e-01 -4.641686778546443848e-01
-3.886602023334569389e-01 1.126146578611180865e-01 3.110012560780960333e-01 2.462653476373255837e-02 3.857197704139466582e-02 1.589882120698047907e-01 -4.023005092124805615e-01
-6.347445721793839590e-01 -6.801359749857430366e-03 7.300797362562919113e-02 -1.146849370288489378e-01 2.098475809591807129e-01 3.510131339367603132e-01 -3.398312060265720191e-01
-8.750036993544103581e-01 -2.313933941939308805e-02 -2.026352581175590861e-01 -1.932480227528212968e-01 2.088935570026330124e-01 4.296491674458042809e-01 -2.808117160233383203e-01
-1.105046118870549821e+00 3.374846264569721782e-02 -3.964256758659328028e-01 -1.249933907836844049e-01 7.227192597573769972e-02 4.742995451628909120e-01 -2.245812377661359771e-01
-1.216858272595165102e+00 1.030624998694410904e-01 -4.495777089060001841e-01 8.639214014539826902e-02 -9.958738192495095176e-02 5.338895137362025256e-01 -1.945798185794281043e-01
-1.107733938483790759e+00 1.466909146048835655e-01 -3.749557851069585390e-01 3.667867197469092400e-01 -2.081445153585475549e-01 5.937757580942237823e-01 -2.158519765325164208e-01
-7.956058845353976006e-01 1.813624878397769313e-01 -2.682427729582293474e-01 6.453862791514904940e-01 -1.993046640288277382e-01 5.721212733967673270e-01 -2.896396385011891783e-01
-4.069411617465029662e-01 2.479279430407617113e-01 -2.457424819717994868e-01 8.389912475243826995e-01 -7.723271444401251518e-02 3.825702675880589543e-01 -3.915623776796492428e-01
-8.854852172038107927e-02 3.500830054126290447e-01 -3.431918246181573928e-01 8.370697355070531032e-01 1.029596410981835491e-01 2.566266008144101399e-02 -4.714373519581025462e-01
6.930627822623129652e-02 4.618220383933749895e-01 -5.082759817147205483e-01 5.846197508831020295e-01 2.632510846041347108e-01 -4.112490471171025841e-01 -4.918442743538524731e-01
5.673850716152939455e-02 5.634366918688984427e-01 -6.362071735669050376e-01 1.788494336132035734e-01 3.364569328596447306e-01 -7.874406926403174634e-01 -4.673220642681409909e-01
-7.859126020203946461e-02 6.330722414895476602e-01 -5.942957122618235388e-01 -1.472437763601553151e-01 2.904719215196501225e-01 -9.043341267181915777e-01 -4.527410353290281519e-01
-2.523763267041260749e-01 6.345436431038350422e-01 -3.079747466953355883e-01 -1.833510434458443250e-01 1.613350147272277213e-01 -5.887721994875576570e-01 -5.162827227504936944e-01
-3.719428828453651970e-01 5.400529814143393281e-01 1.176003901855739442e-01 7.859081819114785428e-02 7.382963723992143346e-02 1.114600526331066127e-01 -6.932866891014516364e-01
-3.934208339543881494e-01 3.557919943941143526e-01 4.449044569383721615e-01 4.472595454413030303e-01 1.703600046893289366e-01 9.078321984353303620e-01 -9.270812837455394417e-01
-3.488787819812139146e-01 1.179186247924294828e-01 5.134646286628065104e-01 7.145850100752353384e-01 4.895752548022909156e-01 1.510937975991899496e+00 -1.087655454682695755e+00
-3.157552965601340134e-01 -1.098197966755305177e-01 3.094725670546589202e-01 7.836759273879191356e-01 9.325011749151698170e-01 1.793041658119616688e+00 -1.083397618714951882e+00
-3.624542158304403516e-01 -2.356246987966134077e-01 -1.200520340055063195e-01 6.627476787632197164e-01 1.333781420564377873e+00 1.750514629897679253e+00 -9.340527546441742546e-01
-5.055965885713736840e-01 -1.728379844294126444e-01 -7.124775276671525548e-01 4.288201942534073385e-01 1.557728307533994272e+00 1.441144865302822486e+00 -7.401080574772477272e-01
-7.135733594841503491e-01 1.190128875853000839e-01 -1.397363751644240759e+00 1.935979567877619267e-01 1.559093505873629493e+00 9.525639892086407157e-01 -6.231310318554258432e-01
-9.474072320776361078e-01 6.114411370813576108e-01 -2.096070677086461220e+00 4.917619415632477897e-02 1.385374750354700257e+00 3.642407237231497508e-01 -6.623680077432991808e-01
-1.179487191236254562e+00 1.195211555817532467e+00 -2.698984951339733485e+00 1.250640592046974552e-02 1.137511092526861001e+00 -2.649473560290007690e-01 -8.343254375211418550e-01
-1.377246357881943606e+00 1.707786794748975545e+00 -3.076624619541858507e+00 2.076337653885181739e-02 9.179839517647503389e-01 -8.603350224446867367e-01 -1.032607861263231008e+00
-1.499469789483830695e+00 2.014941525079338547e+00 -3.153968030703093728e+00 -1.129448248634950212e-02 7.862158231427807120e-01 -1.319921600496683833e+00 -1.161547794823417856e+00
-1.514049390990526600e+00 2.070017490851593145e+00 -2.955476939753187260e+00 -1.380481684360671257e-01 7.512529539860198780e-01 -1.554500529564569966e+00 -1.189433576360750422e+00
-1.407052792922190987e+00 1.891212127214859651e+00 -2.551981522919065881e+00 -3.731363266245428800e-01 7.948891635618445806e-01 -1.533255992315623040e+00 -1.111832864350309258e+00
-1.172156513786487775e+00 1.519007353800858828e+00 -1.990336868789205349e+00 -6.871792104260228129e-01 8.767533917356579165e-01 -1.298707155178936423e+00 -9.149596532771924196e-01
-7.973181729994294198e-01 1.017286640665878039e+00 -1.295168310699949865e+00 -1.001580182973836664e+00 9.384434186822907531e-01 -9.292761209076599860e-01 -6.188763708588583823e-01
-2.865978025582141542e-01 4.807555677729713484e-01 -5.160438554766693109e-01 -1.212337396263357903e+00 9.410444925958233453e-01 -4.922895670867061257e-01 -3.132731794405209103e-01
2.897193641631830574e-01 1.085642190710340779e-02 2.451511071110293594e-01 -1.232417778092537164e+00 8.856407834710003923e-01 -3.872599862206189958e-02 -1.035492523417289035e-01
7.897700003220078369e-01 -3.211591547121326884e-01 8.534217190303913236e-01 -1.016028091553556445e+00 7.952866965917578801e-01 3.702077094906852106e-01 -3.444586642669281162e-02
1.071960556105241436e+00 -5.109370170623049878e-01 1.206780270173278380e+00 -5.829342689427431390e-01 7.042370250915890306e-01 6.571895989887336365e-01 -5.888273673583959561e-02
1.074346760878341689e+00 -6.257939636882834389e-01 1.297056932387522510e+00 -3.702600925421105360e-02 6.492892415104750681e-01 7.799400491159140802e-01 -6.964454935202622765e-02
8.208241471336058526e-01 -7.446040999029605034e-01 1.192979730583345166e+00 4.758445683581395413e-01 6.386943399099090923e-01 7.689122997094575140e-01 2.228086828090166532e-02
3.819323641155327742e-01 -8.948722697778793700e-01 9.804003990314386074e-01 8.451048151385603946e-01 6.360223028582576710e-01 6.918445344192873936e-01 2.315309307730869515e-01
-1.415297726853765314e-01 -1.060357977545729469e+00 7.459710919016063757e-01 1.031453066576281330e+00 5.964187435506003165e-01 6.048438487844933764e-01 5.050749066494050199e-01
-6.344506478494771340e-01 -1.231922478342889704e+00 5.905732349097815304e-01 1.045877976198515080e+00 5.108974540247210872e-01 5.364991888047366819e-01 7.842217094421736201e-01
-1.011881328112900436e+00 -1.427611126289354271e+00 6.042214998859198882e-01 9.081634849660095155e-01 3.962926369046350650e-01 4.933674189338616012e-01 1.067917047964628274e+00
-1.244516529998541010e+00 -1.662947886469061887e+00 8.184756730083191378e-01 6.351917548994402418e-01 2.615029171088734672e-01 4.686335579588735700e-01 1.399855589645957243e+00
-1.340835857520124019e+00 -1.924517260886600800e+00 1.200390761497101000e+00 2.633610076648490450e-01 1.075640159628828835e-01 4.457910479293317740e-01 1.803421162257397459e+00
-1.323289612511012070e+00 -2.179571962446502642e+00 1.680908193664779393e+00 -1.471038450807558573e-01 -5.703616938770881412e-02 4.090072843706050731e-01 2.251227446114725694e+00
