1.364889138423422521e+00 8.033621663862545725e-01 -3.140500990771033507e-01 8.557585999586285741e-01 -1.775139514639369809e+00 -1.169132230089305446e+00 3.818568905705294614e-01
1.381839325536238450e+00 3.440774376089031361e-01 -4.883143845175057229e-02 5.293057245161177926e-01 -1.268606717247322990e+00 -9.384464748262898448e-01 1.642424184107053320e-01
1.148245557468841049e+00 -9.683691187475429452e-02 1.592615688299993948e-01 -2.516571023619116644e-03 -5.907288894663369483e-01 -4.638429850635663598e-01 -1.416459825858624177e-01
6.817090429493295467e-01 -4.569435568278750748e-01 2.692954276029853045e-01 -6.077480089786209128e-01 1.427258660053797312e-01 1.618427784051590379e-01 -4.568556951581768111e-01
7.552832611393060780e-02 -6.914725010670855765e-01 2.629565115158941646e-01 -1.079196034830719686e+00 7.795366344979781648e-01 7.667121568179893210e-01 -6.736221181818141668e-01
-5.503090466673749015e-01 -7.720737097859509124e-01 1.619940136725125102e-01 -1.261411582229112094e+00 1.204938050378456804e+00 1.200024954514400832e+00 -7.237661072973683440e-01
-1.087741969180215706e+00 -6.916052733350871451e-01 1.187077171431202144e-02 -1.121075374776570044e+00 1.366060415826018115e+00 1.393122595945335496e+00 -6.067514772430707692e-01
-1.449796260328353181e+00 -4.852797510681212123e-01 -1.533239059878137578e-01 -7.267875574234311520e-01 1.267589558078769052e+00 1.344576165833263115e+00 -3.680083897441039920e-01
-1.596633627794812771e+00 -2.145031508315990987e-01 -3.119338629386461670e-01 -1.876152588322936299e-01 9.619137117042035889e-01 1.082597067701572602e+00 -6.422128820735230337e-02
-1.553015145898421823e+00 7.509549537307229350e-02 -4.272280278491878414e-01 4.033255954766891693e-01 5.229191703557569681e-01 6.532489940498672487e-01 2.499913643060917012e-01
-1.368651675152030123e+00 3.560251181091335093e-01 -4.584671310455968873e-01 9.833005243290811048e-01 1.787397865654257248e-02 1.199375804108250010e-01 5.245649659485975835e-01
-1.071564796485380278e+00 5.936286718119011541e-01 -4.060187424218273944e-01 1.500274590882765713e+00 -4.975442241015716194e-01 -4.548403321887993789e-01 7.283509757536804630e-01
-6.806948621126666099e-01 7.546244102574342083e-01 -3.079480975058312420e-01 1.897646171902586110e+00 -9.763818669143250473e-01 -1.021628519810563018e+00 8.534886235084190309e-01
-2.458293342785362323e-01 8.431897773885017600e-01 -1.983120077058241060e-01 2.129377814988672846e+00 -1.396514219748934416e+00 -1.536133234167344597e+00 9.045605500840663282e-01
1.569150283070969987e-01 9.047659371559434449e-01 -1.120937759042589799e-01 2.190156915078062205e+00 -1.770048933231168187e+00 -1.953396617088798415e+00 8.914820963494265449e-01
4.639190443053794466e-01 9.909070024893458228e-01 -1.072554420523374741e-01 2.111223225030012696e+00 -2.114563389259321191e+00 -2.230060864224157058e+00 8.229934814376316243e-01
6.455669122882877753e-01 1.132710401511077825e+00 -2.288933984276643185e-01 1.921948974067622551e+00 -2.417329513454749002e+00 -2.331392619105380426e+00 6.949488217004466950e-01
7.031223718367343167e-01 1.336610787455150051e+00 -4.715794157485862503e-01 1.635564445855609783e+00 -2.637586959757974636e+00 -2.241726685079592940e+00 4.971594309390997002e-01
6.611644802591669645e-01 1.577134584660861538e+00 -8.064199023523566101e-01 1.272218956961005398e+00 -2.729671250257145854e+00 -1.973541143605233916e+00 2.487769247857928856e-01
5.618757921114132525e-01 1.800102198326799519e+00 -1.205434982141818878e+00 8.716131683884665859e-01 -2.656787586901419029e+00 -1.570867115088312449e+00 5.319853026092447902e-03
4.464964785669250369e-01 1.962327437843228495e+00 -1.611083351262151186e+00 4.746734365553254564e-01 -2.409113641542810047e+00 -1.101894604630277774e+00 -1.861574057352408662e-01
3.407952226994855338e-01 2.057278505318576478e+00 -1.924545794294349133e+00 1.010642303896372857e-01 -2.014648833541387685e+00 -6.368048912953651053e-01 -3.195968535325725002e-01
2.704245452713300302e-01 2.081907864169112887e+00 -2.057137004309491424e+00 -2.572589165774000208e-01 -1.513960370969933855e+00 -2.201297644835327194e-01 -4.179735638177155543e-01
2.715125991091449920e-01 2.002720374621382859e+00 -1.970909571718619580e+00 -6.269821528785759490e-01 -9.316270661663180741e-01 1.368440206407621762e-01 -5.100990791550857884e-01
3.688268956015895994e-01 1.776871189896583658e+00 -1.665229341811813812e+00 -1.032883409164480959e+00 -2.866684860296780935e-01 4.347064135309520183e-01 -6.167099304197387610e-01
5.571083016619079453e-01 1.392495069173873112e+00 -1.170607705674622689e+00 -1.471821120014495499e+00 3.793177156657866478e-01 6.608983936837559137e-01 -7.350719083975751911e-01
8.177462358082013827e-01 8.700437902371319643e-01 -5.645287626331123576e-01 -1.904272705452556114e+00 1.006650165240716932e+00 7.901802197299798713e-01 -8.348104692364040069e-01
1.139521533877391857e+00 2.364178049068536014e-01 5.944580940578309686e-02 -2.276585434182063494e+00 1.550331981669874848e+00 8.070629267279071373e-01 -8.841977873887295614e-01
1.509255662662303044e+00 -4.738506436248393627e-01 6.523311860937353046e-01 -2.543882145351556545e+00 1.985186164808527609e+00 7.186460803957759325e-01 -8.765105447154003526e-01
1.902456272385288250e+00 -1.204646095999474698e+00 1.203696948663863120e+00 -2.676254373301397482e+00 2.282694418410586845e+00 5.439520696821038559e-01 -8.218628593154162498e-01
2.288859091962727632e+00 -1.896936994348132233e+00 1.685737997954792844e+00 -2.666978508936744152e+00 2.414221623427818653e+00 3.008318723318226251e-01 -7.180357785474529297e-01
2.629012958834600511e+00 -2.511515886613596482e+00 2.059505691747138378e+00 -2.542423664526057614e+00 2.381190792365119435e+00 1.674344710874510825e-02 -5.531416492232572590e-01
2.870465872540796326e+00 -3.018204884546368039e+00 2.327346617924113570e+00 -2.341154371945764812e+00 2.222146234702183865e+00 -2.550691402576930056e-01 -3.414758540378762253e-01
2.963983676628099584e+00 -3.385444599130748689e+00 2.516794356488094131e+00 -2.077095628860204268e+00 1.994320090272683643e+00 -4.523963493294581584e-01 -1.241856873150909840e-01
2.881742677522706852e+00 -3.597343876868270396e+00 2.624841019469648540e+00 -1.748549777559778695e+00 1.764245827849938664e+00 -5.341624653007523982e-01 6.567186142962769257e-02
2.604536541606439215e+00 -3.655945448290665922e+00 2.635771851527054288e+00 -1.366092642521029799e+00 1.591120273203017632e+00 -4.878237602864297084e-01 2.191676703083136057e-01
2.111758865685207986e+00 -3.562244363107393230e+00 2.576433789714175582e+00 -9.467551912066953790e-01 1.489717257110165560e+00 -3.196232770429002779e-01 3.407105796799761999e-01
1.419131033676138021e+00 -3.328139564852433008e+00 2.492907972067870404e+00 -5.106248794056503781e-01 1.430889129040378016e+00 -4.404469292027696214e-02 4.367752354233687684e-01
6.000400272210768549e-01 -2.999822498964859641e+00 2.388612842502912947e+00 -9.513600446358619345e-02 1.392529672178800748e+00 3.194452457932283607e-01 5.190855420868565329e-01
-2.595627038732142289e-01 -2.632563201274107811e+00 2.243385498684606461e+00 2.470346322882717716e-01 1.378907167248553556e+00 7.439067183559451291e-01 6.013997799902403019e-01
-1.091927201530945579e+00 -2.254309632316688905e+00 2.064638070104790835e+00 4.654053715232256971e-01 1.388054108571182166e+00 1.195063994506423866e+00 6.788312637127866811e-01
-1.818562561761022822e+00 -1.886031393910024390e+00 1.865939445202118074e+00 5.236016493603409261e-01 1.404486795075333250e+00 1.637408778491836081e+00 7.216531801348580188e-01
-2.343166118996411029e+00 -1.573945443124173726e+00 1.635656085591884246e+00 4.042373885607660755e-01 1.425746055985449345e+00 2.044717050900221711e+00 6.917470270158077028e-01
-2.604384780037342750e+00 -1.363699159065118627e+00 1.373282507487795234e+00 1.175938940614321415e-01 1.458208305600899424e+00 2.404900488688784144e+00 5.566176609184828594e-01
-2.615671980161603738e+00 -1.259435221721904030e+00 1.115390854779299001e+00 -2.855638710943660397e-01 1.493764811478604404e+00 2.708040166515228719e+00 3.097146822129472343e-01
-2.440102816258617580e+00 -1.235238003881633073e+00 8.991630848457420333e-01 -7.222237942833462654e-01 1.521234980417316418e+00 2.931678422814132379e+00 -7.824725483864120035e-03
-2.140737540583197429e+00 -1.267016944532375122e+00 7.479928224909444534e-01 -1.112011203471308329e+00 1.549140897035181652e+00 3.040958235396455489e+00 -3.276132739162436747e-01
-1.761487882980609987e+00 -1.331046902888123773e+00 7.006677133714459549e-01 -1.399910035211185733e+00 1.591938005900172204e+00 3.003293917605572627e+00 -6.035901654475075429e-01
-1.326018613008837388e+00 -1.398766506376052154e+00 7.961482326971098811e-01 -1.551411472582044038e+00 1.649226462991605580e+00 2.810865447201072786e+00 -8.300741473465279574e-01
-8.380955685825707269e-01 -1.459477393682698132e+00 1.016613681552618109e+00 -1.550033574670917291e+00 1.720954318883585188e+00 2.487292149434372490e+00 -1.009856339536474135e+00
-3.096954710690641432e-01 -1.525290170104359522e+00 1.287928443029590975e+00 -1.403743747859882429e+00 1.816077494976132911e+00 2.064898377626283477e+00 -1.116945422056152992e+00
2.011827325834007474e-01 -1.596998435642064784e+00 1.538972660245577329e+00 -1.130906704125250517e+00 1.919842937091175372e+00 1.566464856392177030e+00 -1.100611896615524721e+00
5.986934468160703959e-01 -1.649892326339897020e+00 1.725896565117321702e+00 -7.376716235059475046e-01 1.979572998228242620e+00 1.015571790974843625e+00 -9.117324462216999104e-01
7.983267024880805751e-01 -1.664932894813657471e+00 1.816955513494553642e+00 -2.341312725899442337e-01 1.945228842431673266e+00 4.470657444675531500e-01 -5.192825808063663562e-01
7.688415868186097013e-01 -1.651288081536979258e+00 1.811624646065779443e+00 3.224531720196924800e-01 1.808026041739720258e+00 -9.953942857816391876e-02 6.430005878491200366e-02
5.372307902302764226e-01 -1.626139613184199861e+00 1.768685289180698117e+00 8.191371984840847276e-01 1.591661832879513794e+00 -5.798395588068557815e-01 7.554732189212988169e-01
1.709838458444398746e-01 -1.593633808310733313e+00 1.758772376683012117e+00 1.129620128850057803e+00 1.329142155381800583e+00 -9.396447390046132053e-01 1.420803329734789955e+00
-2.339664811421232893e-01 -1.557717903717399821e+00 1.782066379319998450e+00 1.168567740642846076e+00 1.061358673358829607e+00 -1.137422020925863642e+00 1.940412861484280604e+00
-5.726288279481712706e-01 -1.535947766337993015e+00 1.764728517340818703e+00 9.191796147808746209e-01 8.421744556725032638e-01 -1.170743793030902369e+00 2.250038712095828952e+00
-7.747383138904396782e-01 -1.540821981697630960e+00 1.634353638208641213e+00 4.332985098438912330e-01 7.229815592306595429e-01 -1.072093853340795322e+00 2.340969156506422788e+00
-8.349180357961630827e-01 -1.550122548613696694e+00 1.374964998065341559e+00 -1.746569405692603161e-01 7.150331247254466671e-01 -8.943855929834535479e-01 2.243133270113176536e+00
-7.936134315968892405e-01 -1.511129879426090561e+00 1.007690028613235977e+00 -7.553420801331858225e-01 7.708331848345760795e-01 -6.970152490889595098e-01 2.008155945819754873e+00
-7.109847982784711640e-01 -1.372605066328367540e+00 5.488477184459225056e-01 -1.176405693148358189e+00 8.106013222868656554e-01 -5.349258025537770855e-01 1.703905538450048107e+00
-6.617202384247785618e-01 -1.100993164728419904e+00 1.873315248038637942e-02 -1.356503527625980032e+00 7.591153978540899905e-01 -4.519818278755897145e-01 1.399220369539027731e+00
-7.027807310193295853e-01 -6.846656090823812768e-01 -5.278679240151122887e-01 -1.274533387020043040e+00 5.660506179688902240e-01 -4.606465865812349736e-01 1.118545201593457161e+00
-8.224229914728157231e-01 -1.476763397136020839e-01 -1.027207725230876889e+00 -9.645002850043701281e-01 2.196776553913408203e-01 -5.280028222675955396e-01 8.305502183430617524e-01
-9.379346091158781151e-01 4.395238603471929295e-01 -1.450545848622155853e+00 -5.001659700382838913e-01 -2.341527666394241924e-01 -5.917730164654222413e-01 4.890529340407772096e-01
-9.565392912869410402e-01 9.768095331184852848e-01 -1.773581635700011816e+00 1.499545884125984448e-02 -6.942516546878650940e-01 -5.804733156660142335e-01 5.628383201857825591e-02
-8.553632199854021012e-01 1.387115190813443810e+00 -1.928497202985837822e+00 4.777887690625045036e-01 -1.058407370568295702e+00 -4.344330238865421467e-01 -4.812166474628915558e-01
-7.028511772574618233e-01 1.658723888046218731e+00 -1.855706755895171201e+00 8.431062359064165346e-01 -1.276886582612366539e+00 -1.427341240620749463e-01 -1.071946650560147374e+00
-5.985728894241152398e-01 1.821543780669023782e+00 -1.584757860512848060e+00 1.135216614775430566e+00 -1.342611422185730374e+00 2.330403293706579393e-01 -1.587059413729963397e+00
-6.047681157692732512e-01 1.897602180084197343e+00 -1.207092291550600160e+00 1.400105939208667438e+00 -1.257146006541318028e+00 5.762244410164757413e-01 -1.875560709680254901e+00
-7.278285522905039162e-01 1.897275077436356261e+00 -7.947571538143379799e-01 1.674348414127544427e+00 -1.035455169133000730e+00 7.642876702990262228e-01 -1.844545292282853799e+00
-9.314194347091773185e-01 1.840018214676450548e+00 -3.950205225264493691e-01 1.977421621352486447e+00 -7.313427991512286841e-01 7.168641563768007874e-01 -1.492885475747981916e+00
-1.151139765481622224e+00 1.747306206613745250e+00 -7.184306904795467741e-02 2.285160295080276516e+00 -4.269558825546949654e-01 4.137569245015884634e-01 -8.893067564222630894e-01
-1.324440254761359181e+00 1.631986185227383368e+00 1.119469440027560936e-01 2.513461475426166825e+00 -1.947344609656186110e-01 -1.033741122135418827e-01 -1.464139713060651771e-01
-1.428136514933134427e+00 1.517972299019351823e+00 1.440578176997941440e-01 2.570500037855830922e+00 -8.487390714993785223e-02 -7.364492313413014690e-01 5.989350832464400698e-01
-1.469404666746933374e+00 1.448746118570936936e+00 4.375495688660685500e-02 2.439377723267962317e+00 -1.294783196462728769e-01 -1.364548754093155125e+00 1.226248965855401885e+00
-1.437387213789240725e+00 1.452834048447189108e+00 -1.916955321653807109e-01 2.186046734474790476e+00 -3.208423201420307347e-01 -1.890353729079846445e+00 1.663733565513922485e+00
-1.295904414963481521e+00 1.515322456278513474e+00 -5.657531365700699810e-01 1.888445432980757621e+00 -5.922310248546108769e-01 -2.257370752330464470e+00 1.873884491743346148e+00
-1.027347069523458556e+00 1.595797648419348791e+00 -1.018539724812820735e+00 1.584426858572384855e+00 -8.530773080554651111e-01 -2.432525444773125489e+00 1.825327854262703164e+00
-6.483601899439731531e-01 1.658868864676567467e+00 -1.446474863917844411e+00 1.278871073006201842e+00 -1.043385996561136286e+00 -2.396438665146858327e+00 1.501302186676495287e+00
-1.926282888175806507e-01 1.686400291344216429e+00 -1.781635482876966492e+00 9.727358431911394820e-01 -1.144514161759772719e+00 -2.167830695586807632e+00 9.405254154306667003e-01
2.871574394530795327e-01 1.682774592163660099e+00 -1.997474957337439072e+00 6.666625146490392506e-01 -1.160557229253473155e+00 -1.810293809218758598e+00 2.379608455377179299e-01
7.198909774967381381e-01 1.665642936810091124e+00 -2.072337058504140739e+00 3.388925447274630520e-01 -1.110408942320339154e+00 -1.393446014940668887e+00 -5.051495953985818410e-01
1.056187590238701457e+00 1.634070008827258391e+00 -2.019983651642859979e+00 -3.861626511986183952e-02 -1.026935884564320833e+00 -9.743022386189559292e-01 -1.195118232409035475e+00
1.308758499277257181e+00 1.554647429266112324e+00 -1.914969131237657329e+00 -4.503590088285214232e-01 -9.424811472992832284e-01 -6.150486325497905860e-01 -1.732413840203952615e+00
1.522883675209969478e+00 1.392504800906827933e+00 -1.826569598244032422e+00 -8.422553983618599194e-01 -8.779413806783887830e-01 -3.831517326774743215e-01 -2.030419593586027638e+00
1.716446096194617965e+00 1.146804751149989476e+00 -1.754953172287955887e+00 -1.171731206821897242e+00 -8.630009678321285405e-01 -3.251522860848815033e-01 -2.047910245446664668e+00
1.890078262048091373e+00 8.448532229238652214e-01 -1.660495562993359986e+00 -1.425546525382232144e+00 -9.478157401918254621e-01 -4.432488796136582754e-01 -1.810798793794646366e+00
2.064830663264908495e+00 5.138004362441710438e-01 -1.528381384071593629e+00 -1.606545662972782784e+00 -1.162124280774586849e+00 -6.977316945709255425e-01 -1.403404946710073098e+00
2.258681492012227121e+00 1.781066201217630096e-01 -1.373405548624224481e+00 -1.713996184868174621e+00 -1.471397412668224991e+00 -1.031152138546393981e+00 -9.290950066326928436e-01
2.448686065070224238e+00 -1.205115728136835485e-01 -1.206447465785988271e+00 -1.716621099349456836e+00 -1.795315960134663325e+00 -1.387509446178691430e+00 -4.776381496463028564e-01
2.583070022293430412e+00 -3.259141194008141063e-01 -1.038928559328654799e+00 -1.550021095979526864e+00 -2.060007156341503887e+00 -1.718818123277005228e+00 -1.076313664742937909e-01
2.616572166799008059e+00 -3.997559597256791775e-01 -8.928168886940817117e-01 -1.161954214084700565e+00 -2.218151001438368297e+00 -1.988103788109029324e+00 1.568938263215601259e-01
2.537670486477253018e+00 -3.417367307591070991e-01 -7.666332618604276838e-01 -5.625937720973441802e-01 -2.243458332399264510e+00 -2.169325828210002083e+00 2.998176245900899817e-01
2.376336023019244514e+00 -1.766437971679816477e-01 -6.271252237203251978e-01 1.702340772197293572e-01 -2.143726170597388236e+00 -2.251560755684757442e+00 2.981189060192809825e-01
2.179047850735407188e+00 6.363499489093107919e-02 -4.690255198982330453e-01 9.267444899045687023e-01 -1.972026566451319241e+00 -2.251763047959341790e+00 1.643855652511416743e-01
1.979633564570720150e+00 3.368983972526505832e-01 -3.431423045799761318e-01 1.598154836845733007e+00 -1.789468427669224093e+00 -2.208511834747684865e+00 -2.889723416649098847e-02
1.793660771401416554e+00 5.910227776902996499e-01 -2.892664225744339124e-01 2.089418571315285522e+00 -1.616498530111861065e+00 -2.146700963235188997e+00 -2.073205186201805550e-01
1.622879776244993577e+00 7.825284929715163873e-01 -2.782247203233740307e-01 2.325904851075220936e+00 -1.435351235361204125e+00 -2.050936388142746036e+00 -3.546429194750769232e-01
1.470717482988818103e+00 8.756902248690595636e-01 -2.566761785821980446e-01 2.257207887790097178e+00 -1.218717144237994265e+00 -1.881264549151725696e+00 -4.961245762829450956e-01
1.355859595911604654e+00 8.283561575602325089e-01 -2.083472807369066704e-01 1.868354388848384451e+00 -9.368406389936444478e-01 -1.617030313450729118e+00 -6.443679905760728577e-01
1.288976137613665474e+00 6.130706004950112753e-01 -1.258745895852529384e-01 1.202774822310573200e+00 -5.638431017254106337e-01 -1.273205867102101596e+00 -7.863745412630931408e-01
1.252292138859224746e+00 2.502903294790922994e-01 3.182124173215671037e-02 3.693771724419914193e-01 -1.080105793895243943e-01 -8.729212002798548697e-01 -9.165550936644998314e-01
1.228844513816101491e+00 -2.005973673674732172e-01 2.940415943467658555e-01 -4.859174496744210758e-01 3.720227260250043022e-01 -4.286107398167300353e-01 -1.049197581576015059e+00
1.221354130975081054e+00 -6.752360837119485426e-01 6.202209763624488836e-01 -1.231936271934927829e+00 7.962504016089915204e-01 4.813224519690473269e-02 -1.187257326971816518e+00
1.217822381167080081e+00 -1.113520697035380147e+00 9.285905300097139214e-01 -1.786560863853888792e+00 1.100109147891352057e+00 5.359714659148724358e-01 -1.299690694295327908e+00
1.170168641276863264e+00 -1.447061577276612887e+00 1.154041155651883255e+00 -2.101812715478277749e+00 1.237025567172414187e+00 1.000015655675926762e+00 -1.337169373583100729e+00
1.027566437571181268e+00 -1.606937042862139231e+00 1.252426736313379196e+00 -2.135278678259361573e+00 1.170538379808689466e+00 1.398053016327041931e+00 -1.257119891771583342e+00
7.707611766804075559e-01 -1.558863414772471145e+00 1.186582364645339061e+00 -1.866373609585303850e+00 8.966484723604283280e-01 1.702660817464722864e+00 -1.039114910420402937e+00
4.042757216154346245e-01 -1.323359643183165568e+00 9.664951115216015021e-01 -1.335721033887730558e+00 4.701750831484672322e-01 1.925455036313803214e+00 -7.063252234632846349e-01
-6.307294582973038688e-02 -9.579483309311859207e-01 6.963628977915317098e-01 -6.389429011384144541e-01 -1.547641117431134729e-02 2.115140070342938383e+00 -3.308844374428558943e-01
-6.045574690580552968e-01 -5.399941584403074035e-01 5.137187149045732149e-01 1.142605577781528464e-01 -4.685961447793798307e-01 2.310168689096802730e+00 1.300185089131532593e-02
-1.148441129950501738e+00 -1.678792818739984760e-01 4.724036294763207522e-01 8.124516994574696449e-01 -8.062587249603563322e-01 2.491117959113466451e+00 2.964931298776393720e-01
-1.595309696172108715e+00 6.035286695111941047e-02 5.282596985928446065e-01 1.333425882442018207e+00 -9.547437948867198987e-01 2.593936856261673807e+00 5.269195525416883186e-01
-1.871873250240158715e+00 9.616009453619143998e-02 6.203128189855496855e-01 1.574526632359188882e+00 -8.796764974037036833e-01 2.556920442752981693e+00 7.170891311095729526e-01
-1.963611659624449057e+00 -2.507819204885780931e-02 7.110596003225509998e-01 1.519622499157811335e+00 -6.136665582228791882e-01 2.346185426889220160e+00 8.761701433483886081e-01
-1.903542802695133096e+00 -2.037567159276055528e-01 7.567425935602714038e-01 1.247459734049883862e+00 -2.416276106721884642e-01 1.964934754404436212e+00 1.009059013429259188e+00
-1.742248356053457847e+00 -3.438200287505979724e-01 7.003370556636872024e-01 8.572511552131509838e-01 1.480064304962364352e-01 1.463168236951017276e+00 1.108342295987295056e+00
-1.534874663456547772e+00 -3.936427177266520472e-01 5.142602755607569298e-01 4.195406023979158516e-01 4.964829667798902890e-01 9.283004611178770071e-01 1.154183859216580510e+00
-1.333907920063768904e+00 -3.297084987626453523e-01 2.144308972771902799e-01 -3.266913742178654666e-03 7.647083863998527242e-01 4.459381611779969501e-01 1.130354864086120514e+00
-1.172753421268063034e+00 -1.441899933320553717e-01 -1.750782931246996077e-01 -3.353592953964779078e-01 9.184805972528756746e-01 6.453844482339513022e-02 1.043819875552532528e+00
-1.065315610581767602e+00 1.416557306639596725e-01 -6.230199866467023284e-01 -5.128953404669019944e-01 9.440853690883620475e-01 -2.024646698127425259e-01 9.205860346949261697e-01
-1.014042658365182481e+00 4.797304610439677708e-01 -1.048256503971390474e+00 -5.176532508148867784e-01 8.624468549665066375e-01 -3.557105605991498498e-01 7.714016678493625934e-01
-1.004864681922322367e+00 8.198134301824010484e-01 -1.336980780156208359e+00 -3.642879674016780145e-01 7.081604437034290100e-01 -4.056611845920093939e-01 5.815162308364584254e-01
-1.007491845676544262e+00 1.120283189112569522e+00 -1.421887316653487332e+00 -6.925794766596195251e-02 5.074615255328720487e-01 -3.800166561637844942e-01 3.456961139747510292e-01
-9.971538610832719751e-01 1.345665644554880025e+00 -1.311418954543347670e+00 3.468140701773882451e-01 2.883648642604959567e-01 -3.167178873925993177e-01 8.751773164384667181e-02
-9.741977036630966591e-01 1.476413686090916499e+00 -1.045156557146670107e+00 8.249463579459531681e-01 9.392086837288955714e-02 -2.318061818751346037e-01 -1.734749483081721999e-01
-9.507738377019769871e-01 1.512922119790346853e+00 -6.597409557222090326e-01 1.248653020617916498e+00 -2.834949197887023931e-02 -9.682987784977335755e-02 -4.531500929141670797e-01
-9.277060180392446842e-01 1.460177508543383240e+00 -2.104302700988243402e-01 1.488059671920979765e+00 -4.842299640814597822e-02 1.162945514962818866e-01 -7.618439082841546028e-01
-8.857741316811359455e-01 1.311508403113761156e+00 2.129212855360767542e-01 1.465078987574814917e+00 3.823840228295265209e-02 3.745607107132252200e-01 -1.051403673836837083e+00
-7.835603483304633965e-01 1.043332466286203575e+00 5.267777370303761142e-01 1.164718973681987624e+00 2.227112872157362700e-01 6.119424610780419549e-01 -1.248360499762050990e+00
-5.946595904194161841e-01 6.418522851173565913e-01 7.075235975846773107e-01 6.196967264521396901e-01 4.809867907194744774e-01 7.899389258898229516e-01 -1.300772635180999393e+00
-3.627020517259548771e-01 1.502077621788620865e-01 7.991171041870843705e-01 -8.370269188612335098e-02 7.492524497858035204e-01 8.948923805277304577e-01 -1.171987118368403413e+00
-1.747857598100388821e-01 -3.355995356586951028e-01 8.604324374425151856e-01 -8.068843918291869199e-01 9.311738872206775097e-01 9.165955253317246143e-01 -8.455018645305717451e-01
-9.082877036144336447e-02 -7.244018600888320059e-01 9.007253401695414219e-01 -1.399348468906892240e+00 9.536570277645508575e-01 8.556624430996591091e-01 -3.446998575701735179e-01
-1.381503424687329507e-01 -9.533608083483231521e-01 8.912577589275479939e-01 -1.748282525831449608e+00 7.993904468681470865e-01 7.360396744902807376e-01 2.615150383193468042e-01
-3.224747592715254130e-01 -9.746264066493800504e-01 8.405221582912870693e-01 -1.795379230182766239e+00 4.835373286289368910e-01 6.063510332419809190e-01 8.427985787800791329e-01
-5.793513190645959154e-01 -7.918185468970256879e-01 8.109750879108016397e-01 -1.545006828724629466e+00 5.021861578641657192e-02 5.332719326099739643e-01 1.214824569537328536e+00
-7.560973418215144459e-01 -5.103060948296520571e-01 8.481947314462012777e-01 -1.094967067972399510e+00 -3.868147860260278681e-01 5.810524779666257356e-01 1.224025948386540108e+00
-7.172515215530992361e-01 -2.781075085411062187e-01 9.335110443438729977e-01 -6.304485694046466637e-01 -6.744907104191502079e-01 7.689451330085380620e-01 8.525711864921575733e-01
-4.601849480415710625e-01 -1.695787480475156872e-01 1.017432243920935120e+00 -3.292172485109023383e-01 -7.334686165356902876e-01 1.046443895882123387e+00 2.316688844345248799e-01
-9.086255865087003447e-02 -1.653615769156408233e-01 1.057764437230362509e+00 -2.573390271619475089e-01 -5.923918651353689002e-01 1.325763716271373571e+00 -4.439580184224516946e-01
2.730751040586040235e-01 -2.177535849331176110e-01 1.015780382198296694e+00 -3.635133327382976676e-01 -3.178590626975774103e-01 1.521758799828925257e+00 -9.912220316372281070e-01
5.413494832115813837e-01 -2.961521920634713201e-01 8.732068770322787277e-01 -5.497334189747441480e-01 3.548689777328571660e-02 1.565668951657950503e+00 -1.274209971296878852e+00
6.461394445150243637e-01 -3.842494337114149006e-01 6.712297985205449846e-01 -7.195475474405712557e-01 4.157190684594838648e-01 1.429433819850937093e+00 -1.247495826438278499e+00
5.450757757711139906e-01 -4.594905119511448754e-01 4.761610824398048170e-01 -7.909486025199408132e-01 7.474932839875716439e-01 1.138324891619813872e+00 -9.518336752218580221e-01
2.370436248585317263e-01 -4.954129365381603756e-01 2.975950776756563498e-01 -7.181827859148063320e-01 9.429139100473519219e-01 7.385535506464173672e-01 -4.435637749506907701e-01
-2.301247077354572623e-01 -4.828284985839457200e-01 9.175550647676758431e-02 -5.094272089931772829e-01 9.609938010197861535e-01 2.762615384731970658e-01 2.250783604641836133e-01
-7.893492897772670380e-01 -4.149985736281910365e-01 -1.493966913008365205e-01 -2.177679518235091094e-01 8.308021585402489695e-01 -1.890834688414384512e-01 9.515659376844849415e-01
-1.383187227479433457e+00 -2.551784621551743681e-01 -3.540198669710538093e-01 9.152008956683818641e-02 5.986441946713333406e-01 -5.834446399157100505e-01 1.563864822398875143e+00
-1.935864402747754509e+00 2.347151846055963581e-02 -4.292097646326906157e-01 3.875185270484247657e-01 3.028839391554880578e-01 -8.437375799647468533e-01 1.895901957992127906e+00
-2.318867175094246669e+00 3.518035827878832067e-01 -3.412694185966967386e-01 6.685177486051357976e-01 1.952486419436099199e-02 -9.421685871855619565e-01 1.881089888213324235e+00
-2.402059822285004032e+00 5.822494200687208243e-01 -1.251926271699443372e-01 8.957610996610988474e-01 -1.415848284695405135e-01 -8.877309453291969410e-01 1.568802406963577312e+00
-2.169253512032202291e+00 6.228160523347979760e-01 1.567470303427507539e-01 9.926680591564803757e-01 -1.333223695157451927e-01 -7.172522538881888066e-01 1.087542334812433120e+00
-1.740401610733173454e+00 5.052590571255237695e-01 4.328337107735520384e-01 9.209454045419210866e-01 -1.331867948753557955e-02 -4.771708117421839535e-01 5.858275946418853852e-01
-1.267543635354995146e+00 3.243732175488923120e-01 6.134089823959871790e-01 7.074646231523558093e-01 1.294064290388768079e-01 -2.079379809814014546e-01 1.757082323656013190e-01
-8.670881445249882802e-01 1.705559732269046336e-01 6.178793707628646992e-01 4.140502882053072042e-01 2.396022869736397498e-01 4.754309180633763815e-02 -7.767959272617083744e-02
-6.138527027133847680e-01 1.046913640753968366e-01 4.386808316616807590e-01 1.191725897786740235e-01 2.929806855515481034e-01 2.547177966007856398e-01 -1.669356760129775408e-01
-5.206797602723231000e-01 1.494162428117366270e-01 1.409151134253454618e-01 -8.799310044005606568e-02 2.698973224139986637e-01 4.091172157437222290e-01 -1.479820123180439762e-01
-5.266429515550720142e-01 2.837946252538617320e-01 -2.191744074091102334e-01 -1.387305253573407338e-01 1.529461893316595433e-01 5.189122934316467983e-01 -8.931158014468802697e-02
-5.178361762422891701e-01 4.349338250008117912e-01 -6.272648239804746728e-01 -3.775394629911944105e-02 -3.552326636024116108e-02 5.876790158413695009e-01 -3.320215030973146936e-02
-3.867662842520684929e-01 5.082284619701451511e-01 -1.053261820200372290e+00 1.228496521469675806e-01 -2.181168760028307230e-01 6.173431017881934046e-01 -1.028613604948587371e-03
-9.965063696997752962e-02 4.586001912996105490e-01 -1.413617592365300935e+00 2.219805538751729590e-01 -3.184725311130212622e-01 6.031846701218269713e-01 5.250454731637800576e-03
3.057173632989953482e-01 3.151672977509504814e-01 -1.623210218972022556e+00 1.888415787286658321e-01 -3.201452131908881782e-01 5.271758047374036638e-01 7.340767694316204135e-03
7.697617448339197921e-01 1.351388086003325883e-01 -1.653652242327100508e+00 2.851758398336456252e-02 -2.567116805644393818e-01 3.654353142007851218e-01 3.617130023962933372e-02
1.220669971813840515e+00 -3.202691168705763813e-02 -1.508011488144819001e+00 -2.076983711288067636e-01 -1.731124211505204458e-01 1.159716325360918288e-01 9.649995924248976065e-02
1.564956022527791202e+00 -1.356610761091673334e-01 -1.181382236319588497e+00 -4.474946241820779713e-01 -1.120496198441906094e-01 -1.737142302263096072e-01 1.391781514104316608e-01
1.735266689715579069e+00 -1.376003166181242743e-01 -7.005581424557986159e-01 -6.072819634681974055e-01 -9.472765943788290233e-02 -4.138708785808754564e-01 7.434986922766412265e-02
1.744743330535296622e+00 -5.387992815876537639e-02 -1.696739156793992120e-01 -6.194483888570556651e-01 -9.222351892662922213e-02 -5.106436229713532393e-01 -1.750103234747040493e-01
1.651314725906047665e+00 5.729085412688366546e-02 2.756990949474576458e-01 -4.735636267662318710e-01 -5.603761732074920288e-02 -4.138941589988313074e-01 -6.098343560501995331e-01
1.487559302516928694e+00 1.448901964448821855e-01 5.429969435853951865e-01 -2.290960138185925976e-01 1.888256739468358730e-02 -1.419833052507074866e-01 -1.132113884963208417e+00
1.265826068213265820e+00 1.729428368283762452e-01 6.007363653008631621e-01 1.372873361471229139e-02 9.805459962211200697e-02 2.466668833906371372e-01 -1.599507941944557698e+00
1.018609850138188166e+00 1.072698700473655870e-01 4.725282718989283204e-01 1.565898127811803930e-01 1.530985430609765330e-01 6.848791427299814050e-01 -1.905040024345723726e+00
7.813439752685160666e-01 -6.113898055232681178e-02 2.409058365860418938e-01 1.570741542457431417e-01 1.671046808786642857e-01 1.091515572935664924e+00 -2.004110348213144377e+00
5.596862488216032272e-01 -2.854517959864936172e-01 2.109707467841522369e-02 6.401322783113332082e-02 1.181019853841115408e-01 1.387234585077156801e+00 -1.907750811691545589e+00
3.540422261741396071e-01 -4.845321032549128604e-01 -1.140701710545758280e-01 -2.031130624970316906e-02 -1.418399123391532630e-02 1.526773002074969243e+00 -1.664222940401735018e+00
1.936264405646347941e-01 -5.997841040419097380e-01 -1.828453488687767914e-01 -1.623025740169220868e-02 -2.220857945014348134e-01 1.489154228019372583e+00 -1.315568352807714669e+00
1.204322655246903018e-01 -6.238502167659238928e-01 -2.361618312703012423e-01 7.971830628205021918e-02 -4.466233586487460272e-01 1.269765859936490715e+00 -8.899519279573752106e-01
1.560422564154352321e-01 -5.766133215689062119e-01 -2.661512262792755656e-01 1.992072655223483257e-01 -6.008041635276134551e-01 9.065790806811958591e-01 -4.479548935746964777e-01
2.986064259055825620e-01 -4.779817773880923326e-01 -2.198802657410320327e-01 2.637602250857489228e-01 -6.317728761271944604e-01 4.787071143005661722e-01 -8.127710970803725399e-02
5.363700953011070194e-01 -3.571653235847720431e-01 -8.378746755169004523e-02 2.332723274578144823e-01 -5.373813620941922942e-01 6.174009223584103756e-02 1.503427600514717632e-01
8.328757582410174498e-01 -2.439751155433192431e-01 1.007947721025994475e-01 1.137257633534477647e-01 -3.387837635834975991e-01 -3.035438359119350116e-01 2.446403909851860292e-01
1.104527635719481093e+00 -1.301450967764981870e-01 2.964371029032503158e-01 -3.996411769101113759e-02 -7.431151309810357652e-02 -5.918906064726795480e-01 2.130282059597008726e-01
1.251011359459406336e+00 1.549239995719029796e-02 4.838805140314650921e-01 -1.423711535933656347e-01 2.010681044394214689e-01 -7.656715364894262077e-01 5.761876161753591574e-02
1.215736376571678656e+00 1.813506482365525307e-01 6.148876403388573442e-01 -1.462697478149304342e-01 4.435508265103309533e-01 -8.017801697490369861e-01 -1.746294111030642915e-01
1.215736376571678656e+00 1.813506482365525307e-01 6.148876403388573442e-01 -1.462697478149304342e-01 4.435508265103309533e-01 -8.017801697490369861e-01 -1.746294111030642915e-01
7.492460121156634401e-01 2.687537126771168960e-01 4.494914192593911229e-01 -1.376750714735551218e-01 8.579446877115527448e-01 -5.834974855561835261e-01 -4.558605650965503187e-01
4.648678359990558451e-01 8.641390617825697729e-02 1.931311873387055456e-01 -3.120346543780413429e-01 1.076154906270481826e+00 -4.019160698894682637e-01 -4.005012107834610702e-01
1.774778551189784004e-01 -2.025915579171575498e-01 -9.167545930945189894e-03 -5.922574854096080976e-01 1.260841305667832701e+00 -1.779490714760249004e-01 -2.540513664210203304e-01
-1.093058235776770276e-01 -5.226750791579496402e-01 -3.366030195046335743e-02 -9.034520207519810553e-01 1.347739017071506007e+00 1.060867176572891368e-01 -8.379218716118362609e-02
-3.604348352783224851e-01 -8.235423232157276230e-01 1.359377092581648960e-01 -1.201349532646944995e+00 1.323011426639638888e+00 4.341362809753803176e-01 8.682690725696669276e-02
-5.451213849808135281e-01 -1.074937318234895134e+00 4.261352974129382076e-01 -1.459688774356631802e+00 1.232446990225313233e+00 7.211043827286094388e-01 3.079960566180316439e-01
-6.653065185521526148e-01 -1.236448660824726264e+00 7.414327732747729716e-01 -1.627413546107035813e+00 1.129161691029370918e+00 8.558642931591677883e-01 6.362091864575893929e-01
-7.183556567485258615e-01 -1.269651810819292459e+00 9.788414471776129000e-01 -1.638612847424384400e+00 1.022562515967353480e+00 7.712211281518832617e-01 1.066466607209772377e+00
-6.585888158320304386e-01 -1.183245705914916845e+00 1.022154779511367462e+00 -1.488992601075102229e+00 8.808735421254001441e-01 4.628001406389833372e-01 1.545190458820984380e+00
-4.404519440668380192e-01 -1.032613604246630512e+00 7.972781385556632072e-01 -1.280334709613757393e+00 6.793455467105988799e-01 -2.619186693623916026e-02 2.010990185987727941e+00
-9.078662437306554700e-02 -8.593797749739126024e-01 3.348150807045166544e-01 -1.141427612781028333e+00 4.239171929472079769e-01 -6.181381594937460644e-01 2.405447324646411644e+00
2.993346826841413177e-01 -6.543715296797379954e-01 -2.626389287287794749e-01 -1.120147027269797091e+00 1.297931047170948760e-01 -1.219835215854475186e+00 2.667765783966753013e+00
6.322238334700790441e-01 -3.868257847184339293e-01 -8.979250611865375875e-01 -1.180322716916951231e+00 -1.876789282678038850e-01 -1.748784956254828771e+00 2.751073136339046155e+00
8.206882917745855766e-01 -4.186455786920814659e-02 -1.480199014612737951e+00 -1.256739073571940146e+00 -5.014046616140733770e-01 -2.144167007666443858e+00 2.643579662176901657e+00
7.923052899561310314e-01 3.781581244444595091e-01 -1.887446311358548900e+00 -1.267807373524371783e+00 -7.802480705808213512e-01 -2.363629589210805015e+00 2.356497365456485138e+00
5.451247859177675847e-01 8.363073271403593800e-01 -2.008549326505093990e+00 -1.129142331181404169e+00 -9.886456843701076913e-01 -2.380821263000775900e+00 1.899913992167050925e+00
1.952362909529634094e-01 1.217875701235431762e+00 -1.824167897616389977e+00 -8.281717648747580762e-01 -1.057800710586095372e+00 -2.181879045222258728e+00 1.285879360463788590e+00
-1.002769676066843085e-01 1.376964882925342915e+00 -1.403563950117214576e+00 -4.517878236735421438e-01 -9.201960875178797350e-01 -1.784475537324863748e+00 5.715031134192836149e-01
-2.772540876749746142e-01 1.260694548661603465e+00 -8.270856990884031257e-01 -9.554350493529274735e-02 -6.057183093430159593e-01 -1.262621595269310726e+00 -1.211767826531224140e-01
-3.659650070334334870e-01 9.407402111439535641e-01 -1.452974697000567472e-01 2.080695822973601672e-01 -2.461416275946188836e-01 -7.042532990858227926e-01 -6.848394554481881391e-01
-3.937406878755773665e-01 5.415790363854567913e-01 5.810709076141126195e-01 4.488940162145473867e-01 2.373718440459578888e-02 -1.568181417757589236e-01 -1.099829452132771168e+00
-3.732671149507545971e-01 1.890222477186892514e-01 1.246404555320545837e+00 5.939795816691676444e-01 1.333381364669049829e-01 3.416965109041519288e-01 -1.381363508217387182e+00
-3.589370880998715152e-01 -3.878802887491051340e-03 1.746677995922889970e+00 6.194722707991955346e-01 6.245867844109199291e-02 7.202359421924396932e-01 -1.513745326412634151e+00
-4.298192992037212501e-01 3.060239080025668051e-02 2.024194474890201434e+00 5.481308848137119716e-01 -1.860067926801155791e-01 9.001186573562099946e-01 -1.465238030650398926e+00
-6.010621475818904713e-01 2.606137829986687193e-01 2.034774080342338642e+00 4.313671983888818784e-01 -5.534239301019334700e-01 8.395295284596401286e-01 -1.220343517745106299e+00
-7.865620631026262188e-01 5.510107255969722839e-01 1.728363167962824631e+00 3.010661301942688661e-01 -8.930089119010464760e-01 5.536710445326549213e-01 -8.023879622668669276e-01
-8.822389091929206950e-01 7.630464792256664852e-01 1.095764465885678662e+00 1.503329334020455377e-01 -1.057019587662202387e+00 1.001501563890860313e-01 -2.694683613789450316e-01
-8.557967847029180897e-01 8.492359235300606102e-01 2.152645633081414767e-01 -2.849658773601188716e-02 -1.014058141485778330e+00 -4.459803279727658776e-01 3.142250240156899133e-01
-7.244365379317457831e-01 8.232829910779581040e-01 -7.264335544276964152e-01 -1.961058768737521940e-01 -8.331211237248806745e-01 -9.774375062505945566e-01 8.683007852148212358e-01
-7.244365379317457831e-01 8.232829910779581040e-01 -7.264335544276964152e-01 -1.961058768737521940e-01 -8.331211237248806745e-01 -9.774375062505945566e-01 8.683007852148212358e-01
-2.000741412064794833e-01 4.206149127165877966e-01 -1.709041440495866260e+00 -2.559472233108485706e-01 -3.508999144108097545e-01 -1.378080841528319889e+00 1.383483579820776077e+00
1.042753422572655631e-01 8.900469236634939163e-02 -1.442960626887911157e+00 -1.796743933355248179e-01 -1.497606143992667449e-01 -1.086977411054626863e+00 1.171320622550160451e+00
2.922681307624173108e-01 -1.855744743516785644e-01 -8.340784390157036654e-01 -1.360237596424144768e-01 -4.138846149833343147e-02 -6.130473132566696126e-01 7.495842076462972958e-01
3.038687551348104310e-01 -2.969497155756162243e-01 -1.609058476104464341e-01 -1.669831311632013759e-01 -5.336598446149894148e-02 -1.790412092149968881e-01 3.100629790674622743e-01
1.943822051646219573e-01 -2.259236883578515931e-01 3.518180595326437787e-01 -2.615841136678174750e-01 -1.496591840075459923e-01 4.918996821320772289e-02 -1.487614363910105472e-02
5.869426748317090048e-02 -2.721581430283459557e-02 6.000034787874015674e-01 -3.669510759912534281e-01 -2.384925782737956912e-01 4.985173169675574667e-02 -2.059616259746642475e-01
-5.093996133255677961e-02 2.174644365371840027e-01 5.990263826714924411e-01 -4.075703480647624999e-01 -2.422928457967525873e-01 -7.434911054055237667e-02 -3.161987833067937403e-01
-1.303766281318983200e-01 4.317565113799841647e-01 4.474560975479551228e-01 -3.296830423756422768e-01 -1.577594983083683566e-01 -2.023705740361214644e-01 -3.978120253019403751e-01
-1.906379481698001199e-01 5.642208091645515289e-01 2.705613544532091685e-01 -1.292653629004790750e-01 -4.247337185809657578e-02 -2.760676308038393367e-01 -4.637061371862784553e-01
-2.401427258672470255e-01 6.057071641877033175e-01 1.541629328993923687e-01 1.640986631217367930e-01 5.063653462719725634e-02 -2.988340633949144731e-01 -4.962905243246343301e-01
-2.916513187913821747e-01 5.806250462153641489e-01 1.171281955437577654e-01 4.884890475520158315e-01 1.026737765597949686e-01 -2.874964430923611092e-01 -4.630787997810875689e-01
-3.619041861161478857e-01 5.124219977615698252e-01 1.409399907780249928e-01 7.216570805769683128e-01 8.671796691612121410e-02 -2.569860593861508224e-01 -3.121307941260996199e-01
-4.485451509454790320e-01 4.101671798629231702e-01 1.892537718898318344e-01 7.245294034928454474e-01 -4.629587950377848926e-02 -2.476009070228573916e-01 1.332283309979723739e-02
-5.318425516055019786e-01 2.981621333212586822e-01 1.992554195913413539e-01 4.694927920219586492e-01 -3.188028806558290129e-01 -3.184846579577293446e-01 5.271197061638055459e-01
-5.974888063411669670e-01 2.263813264781666668e-01 1.080090602819736706e-01 7.532486877842192730e-02 -7.008558779888249823e-01 -4.929924800997629308e-01 1.160560922779172222e+00
-6.208711299968172614e-01 2.220939979845781842e-01 -1.014157357705292861e-01 -3.093640441066415891e-01 -1.115520660157403032e+00 -7.259969276958760931e-01 1.755040055388584985e+00
-5.648939065698732609e-01 2.667698980992456170e-01 -4.004433188171662161e-01 -5.870757897949615556e-01 -1.446783227890087398e+00 -9.279820115206562914e-01 2.115868536436649183e+00
-4.350241854624817273e-01 3.416141726598262984e-01 -7.382437679656621565e-01 -6.798333217344482149e-01 -1.579869346124973983e+00 -1.007758590771772544e+00 2.099456043009053197e+00
-3.057813845370713768e-01 4.603315504727644725e-01 -1.040221463296022719e+00 -5.058666946376235707e-01 -1.471720463313149763e+00 -9.058074685387603742e-01 1.664519238370639531e+00
-2.755158077862925325e-01 6.324688685571432378e-01 -1.214898478115624902e+00 -4.385486832464005613e-02 -1.178687129112911514e+00 -6.241208227769446948e-01 9.008798319183878300e-01
-3.911717651561600340e-01 8.047312110379000183e-01 -1.204758580548683122e+00 5.729934923698607463e-01 -8.003935048056031176e-01 -2.272107906068814853e-01 2.066003461574779723e-02
-6.076197744250040333e-01 8.741555769634753448e-01 -1.028865701629692264e+00 1.077467465523334056e+00 -4.130863178185257834e-01 1.813532636697872957e-01 -7.209332287920634519e-01
-8.320188161337702670e-01 7.689407865283000021e-01 -7.576847444231591400e-01 1.228044251485594263e+00 -6.795709658002715980e-02 4.724080838388655668e-01 -1.105853904221487438e+00
-9.891080731326321596e-01 4.923456040984489079e-01 -4.526806470340038469e-01 9.488063429675001048e-01 1.930754281572893971e-01 5.422238557317629049e-01 -1.022300735746151767e+00
-1.017635586413546456e+00 1.035094001134438391e-01 -1.438013926117103769e-01 3.365083152134273892e-01 3.577232035966223522e-01 3.906876167007771183e-01 -5.359077089305486208e-01
-8.391914751714923959e-01 -3.139851826330917750e-01 1.387047726654555835e-01 -4.233236045608615439e-01 4.631571889127853447e-01 1.209178726997259673e-01 1.207010315764469460e-01
-3.963621517751827472e-01 -6.706385553587890236e-01 3.337787507901393558e-01 -1.124137090486117874e+00 5.643857069872691978e-01 -1.439031079816287806e-01 6.752439951528270701e-01
2.418391821134177333e-01 -8.757303338738149368e-01 3.840615659707420360e-01 -1.563444337461510791e+00 6.585061037106494375e-01 -3.458404276636702912e-01 9.726920163136673070e-01
8.510203765653900909e-01 -8.451442058464254670e-01 3.017232940750479986e-01 -1.577470756055345369e+00 6.565780571953598876e-01 -5.024512215589967967e-01 1.018662684779285010e+00
1.186840779287263725e+00 -5.418057381341758738e-01 1.649733054747566929e-01 -1.101015613378435898e+00 4.612287610649413727e-01 -6.375263916517290852e-01 8.907297653933720083e-01
1.151211227484678856e+00 -2.752376220054372769e-02 4.866866357064762033e-02 -2.265305159698771664e-01 6.264602299532145979e-02 -7.351332251259320438e-01 6.572856496809491578e-01
8.127889891360562391e-01 5.530359931185067079e-01 -1.975471711437735284e-02 8.037232752111339584e-01 -4.466723786749977054e-01 -7.709568341239868561e-01 3.737306392438206615e-01
3.063392771027810824e-01 1.053377985208007184e+00 -4.637509691118848337e-02 1.703805051844333063e+00 -9.277524440706717002e-01 -7.432900298261676530e-01 9.189644850298987755e-02
-2.463453487260710284e-01 1.383350154860794712e+00 -3.904724161968518154e-02 2.257295368802587632e+00 -1.266511710117333323e+00 -6.582419218553436924e-01 -1.545417755007960914e-01
-7.554758521012359118e-01 1.513138613359208406e+00 -4.045761578352507527e-03 2.353754822348491427e+00 -1.419249818594548129e+00 -5.202073259341379874e-01 -3.429508772007623385e-01
-1.157888810735945295e+00 1.446210108587439924e+00 3.398241745482925152e-02 1.977971985421776546e+00 -1.401792400277248829e+00 -3.459310611402831581e-01 -4.347695949897444345e-01
-1.411372680822456926e+00 1.203556455946962256e+00 3.011312704045926783e-02 1.215582606207578964e+00 -1.245348155348413810e+00 -1.745628607225073736e-01 -3.849009814017367859e-01
-1.497098650571252243e+00 8.371985779696115015e-01 -4.673086695852999434e-02 2.562648436655397544e-01 -9.778025855404384181e-01 -5.020514611366184987e-02 -1.924968066413416945e-01
-1.418379941877278894e+00 4.294274573285468133e-01 -1.797338319436205256e-01 -6.713931402838965168e-01 -6.341316155722944714e-01 1.228349442523658797e-02 7.151794345617866477e-02
-1.195864524124288897e+00 6.252750164110650044e-02 -3.258226724727506518e-01 -1.390929862376890425e+00 -2.585496717300431735e-01 2.620631301396638552e-02 3.078956013296936800e-01
-8.671587249499208561e-01 -2.012304596767624798e-01 -4.637624093598655683e-01 -1.795965738447228732e+00 1.113827300491611466e-01 9.513988448060228809e-03 4.328523571887376020e-01
-4.829739925177751192e-01 -3.230773027200219416e-01 -5.946452027235504811e-01 -1.819069915329062370e+00 4.500901378845088563e-01 -1.234208430129617520e-02 3.751507014528149275e-01
-9.368417300384707103e-02 -2.969906134097561878e-01 -7.183246226295945114e-01 -1.443660229672294903e+00 7.186745427773474360e-01 -1.349382283460410538e-02 1.061978788150305109e-01
2.698119751933553134e-01 -1.518798209654674825e-01 -8.401336208204570610e-01 -7.545388054627146790e-01 8.478085211827210976e-01 2.069284973770589998e-03 -3.136096524468910962e-01
5.998057051462476474e-01 6.611633927661722532e-02 -9.748182249213916961e-01 5.724374624109592608e-02 7.687986717467187869e-01 6.719819915162650661e-03 -7.656060765359140596e-01
8.758568575299192638e-01 3.145701823323208135e-01 -1.112205684059125899e+00 7.767969480461721643e-01 4.535322283522348341e-01 -2.191718523594225754e-02 -1.124234992874498573e+00
1.043870775723310773e+00 5.636208357639278521e-01 -1.192742841398728215e+00 1.274035012937990263e+00 -7.734994173885850755e-02 -9.592749959472891830e-02 -1.282487948532230693e+00
1.065937038018182959e+00 7.827903062262349110e-01 -1.139039722882871697e+00 1.526593547867181488e+00 -7.494477771290377621e-01 -2.134308389613776280e-01 -1.193354638219853880e+00
9.621255903136928245e-01 9.266566807934671912e-01 -9.172527578096202339e-01 1.551492742853320506e+00 -1.427063516189828407e+00 -3.517679646123324511e-01 -8.872350008783128628e-01
7.785855287390935908e-01 9.558311659391499626e-01 -5.632912730897755571e-01 1.369777123993970003e+00 -1.948393228331551041e+00 -4.776643073390402505e-01 -4.453667197671411504e-01
5.435100237870987838e-01 8.673074217877251302e-01 -1.410446909823978023e-01 1.049933214858350006e+00 -2.200170273295024348e+00 -5.535904794852686273e-01 1.838954274529585806e-02
2.694953442268939181e-01 6.902510954615814764e-01 3.072340660799086076e-01 7.237386042576373635e-01 -2.170119615668158808e+00 -5.443026521310623256e-01 3.856097971215672882e-01
-2.135686261852751469e-02 4.590176116730013134e-01 7.475748476413957011e-01 5.072300552750782510e-01 -1.925326665308423113e+00 -4.442509076542526802e-01 5.906471054831025080e-01
-2.938714669611187658e-01 1.948865875545713611e-01 1.129271263455732477e+00 4.224613595677471078e-01 -1.532576223418767203e+00 -2.814298493187387118e-01 6.345249373894151779e-01
-5.196204041264451678e-01 -8.726298078073067843e-02 1.412990756458710750e+00 4.222594619831371854e-01 -1.022743651160890277e+00 -8.461719940245142346e-02 5.401724610114896352e-01
-6.872813870270310099e-01 -3.593932855967359452e-01 1.586524691255517983e+00 4.567759877247615230e-01 -4.410381632101126881e-01 1.254452107301235464e-01 3.338718528525627671e-01
-7.830112333570159455e-01 -5.855113535671856440e-01 1.630389986083587983e+00 4.876487035673301440e-01 1.259426745677859338e-01 3.252151789768783496e-01 5.709201615678954900e-02
-7.748122761217803856e-01 -7.484381790161336312e-01 1.510483878294401006e+00 4.798450092625720087e-01 5.983145462540866433e-01 4.924322859428971189e-01 -2.416685359797421384e-01
-6.475964357142383054e-01 -8.460066190218604731e-01 1.221231296161751967e+00 4.207329049301627988e-01 9.385110479708743680e-01 6.071174064122315528e-01 -5.211089523892589170e-01
-4.480249768422835399e-01 -8.588476097699054845e-01 8.151474761155659277e-01 3.450795318897960651e-01 1.133113058837740494e+00 6.534932524448401336e-01 -7.551925864422384116e-01
-2.627068577146926542e-01 -7.477884777249991233e-01 3.811395071640213406e-01 3.250779161051722266e-01 1.170262637286774599e+00 6.337930462783977204e-01 -9.390475364877164388e-01
-1.563981204249407231e-01 -4.890457993557000282e-01 -4.386694483980403507e-03 4.166690297027095258e-01 1.053258365516541950e+00 5.700785162624425473e-01 -1.078666890070208551e+00
-1.553027389204728326e-01 -9.660091494855647942e-02 -3.127988179204158614e-01 6.147584472782033904e-01 8.218296576855951274e-01 4.848350906676910932e-01 -1.165124329251132407e+00
-2.690064176444358912e-01 3.892880799796921698e-01 -5.620104565625947401e-01 8.634505238531240412e-01 5.291725113315609574e-01 3.847873684331599708e-01 -1.166289774224606113e+00
-4.856987837885756165e-01 9.095445349799707868e-01 -7.894434466404127715e-01 1.092021967460517828e+00 2.063864058997721962e-01 2.689624502504269765e-01 -1.048098823573659244e+00
-7.479592280011924110e-01 1.373018900202045867e+00 -1.026885391069965570e+00 1.232298520579255374e+00 -1.245641006511054028e-01 1.420262208676663640e-01 -7.921700562438012128e-01
-9.622532492887642119e-01 1.669564454781916396e+00 -1.282320842618723811e+00 1.224318013198766542e+00 -4.222080413631153495e-01 1.135050310141298008e-02 -4.043055444931457632e-01
-1.053462060759623009e+00 1.729588411072679577e+00 -1.526152907327542385e+00 1.040685674950883932e+00 -6.456677646229409540e-01 -1.188897696012127664e-01 7.851987899303150553e-02
-1.002035630794092524e+00 1.558789260002256150e+00 -1.688447235474052288e+00 7.064586458901441768e-01 -7.901637063753936818e-01 -2.351241111519791760e-01 5.872041800178501303e-01
-8.162816813785078729e-01 1.201373275892062997e+00 -1.680566897689723227e+00 2.741055967783457281e-01 -8.645166392254209908e-01 -2.958689585009144363e-01 1.023772756768297043e+00
-5.064466556865592217e-01 6.992832062013358829e-01 -1.442664710731309086e+00 -2.122350706706333245e-01 -8.474701290810500165e-01 -2.481993649482721609e-01 1.290521145953651638e+00
-1.071441491544981306e-01 1.052611875601173752e-01 -9.721371576582266139e-01 -7.092578508097552303e-01 -7.071039795244982162e-01 -6.596743548251735034e-02 1.327417551693965470e+00
3.051057331890345559e-01 -4.911260981818296179e-01 -3.110485225096051853e-01 -1.144607429308731161e+00 -4.566238672730927872e-01 2.371639932573559595e-01 1.121449724391242686e+00
6.397262527996792070e-01 -9.802344402215247277e-01 4.643876887001552878e-01 -1.429782397541655259e+00 -1.583326265232149199e-01 6.143618083067937663e-01 7.093586672541055682e-01
8.492899872579289244e-01 -1.289251945842804004e+00 1.246781428244347234e+00 -1.525044936373657567e+00 1.356646982914066768e-01 1.002104348753989571e+00 1.633111696066093799e-01
9.489221475579233678e-01 -1.420298012984805069e+00 1.921693596563252004e+00 -1.479467815970767930e+00 4.326768145736106796e-01 1.350087190654434943e+00 -4.443380727352196358e-01
9.695032574804238745e-01 -1.419451774420930068e+00 2.386407231477325475e+00 -1.381805820394427231e+00 7.739713878136021963e-01 1.631459279206009416e+00 -1.040115786014098598e+00
9.277673391422829319e-01 -1.321234135660726672e+00 2.540895432078318805e+00 -1.271119050039939857e+00 1.164753654976964148e+00 1.813336757514526498e+00 -1.523222125754474687e+00
8.580229811291469888e-01 -1.144737353588258344e+00 2.297458907468724387e+00 -1.120331169230541102e+00 1.552836166185825872e+00 1.835863455737388072e+00 -1.789535328777464018e+00
8.196459463129881495e-01 -9.109235347340672861e-01 1.640434505230427220e+00 -9.035971274220924165e-01 1.865313456967731209e+00 1.644090884369086902e+00 -1.797667395095993825e+00
8.262687727307300722e-01 -6.255718287795063448e-01 6.835392379763972626e-01 -6.324848115976451357e-01 2.026563973286817255e+00 1.234743428121967135e+00 -1.581213155481146160e+00
8.043564082567997708e-01 -2.726879606399998379e-01 -3.419119789063620463e-01 -3.193065821840387342e-01 1.956074674935220026e+00 6.665543141372993752e-01 -1.207723336039371764e+00
6.744084710228540613e-01 1.390572336724094915e-01 -1.170777178725294965e+00 3.528540324869039457e-02 1.606569305351074561e+00 4.847617423900384137e-02 -7.670185150589843293e-01
4.578458244386938158e-01 5.280619452967958427e-01 -1.615791125718640364e+00 3.961563193316535170e-01 1.027238204130151322e+00 -4.794145216829872047e-01 -3.696198499530972681e-01
2.635453326707393740e-01 7.755296685931714062e-01 -1.637949753366675143e+00 6.992445910906456286e-01 3.588033894164234794e-01 -8.010762840702958520e-01 -1.011194272702509722e-01
1.678358792092030372e-01 8.280357546675906066e-01 -1.328874475411703893e+00 9.184411662580662661e-01 -2.625013387927538910e-01 -8.934629422947548694e-01 3.305423444410387351e-02
1.552228800940448905e-01 7.307897400030594071e-01 -8.362955420244910787e-01 1.062228528164889330e+00 -7.648575658954861467e-01 -8.165700916993066105e-01 8.915283676364731125e-02
1.879217691336821650e-01 5.531494539042800529e-01 -2.963937550039432156e-01 1.107622017431641570e+00 -1.090157322007515361e+00 -6.201659266358167111e-01 9.346873450159930152e-02
2.648963122270101000e-01 3.223978901293933497e-01 1.875310349326018977e-01 9.860360876761330440e-01 -1.149433653870846950e+00 -2.952302172541700354e-01 6.377260618729054149e-03
3.740128361755944431e-01 4.910220560451002830e-02 5.390445999100834662e-01 6.435363111219776222e-01 -8.870774738377207314e-01 1.658808933937922503e-01 -2.036732126128571185e-01
4.374592658708373882e-01 -2.153835662853438859e-01 7.207004241868858463e-01 1.143641195952270206e-01 -3.748513073215981040e-01 6.963343461217096353e-01 -4.854638746764471380e-01
3.599115760861555935e-01 -4.017357594657994802e-01 7.538295934557561750e-01 -4.616394210833998368e-01 1.997673070068557155e-01 1.161608018520945418e+00 -7.052330880045339923e-01
3.599115760861555935e-01 -4.017357594657994802e-01 7.538295934557561750e-01 -4.616394210833998368e-01 1.997673070068557155e-01 1.161608018520945418e+00 -7.052330880045339923e-01
-1.652560019218479170e-01 -5.391531753517320169e-01 6.233677190787242361e-01 -1.087392083797080522e+00 9.068408366665101639e-01 1.420782266816466910e+00 -4.969209531398486868e-01
-3.863254731013622267e-01 -5.288749507827279484e-01 5.101960667554874540e-01 -1.005066558007278399e+00 9.891264105581102362e-01 1.168853041779398749e+00 -1.646676876130220013e-01
-4.521091096673930942e-01 -4.193037215383514926e-01 3.113154987700872400e-01 -6.952377827614879546e-01 9.674181736505281792e-01 7.615716525116280611e-01 7.911167782888241240e-02
-3.238154646698486183e-01 -1.994000415001328519e-01 -2.823840931765853046e-02 -2.014673744024610691e-01 9.172459246050214121e-01 3.193976799040869063e-01 8.495791968372336245e-02
5.286411811098284648e-04 6.254678718743297838e-02 -4.969873583319924792e-01 3.865620592898438290e-01 9.089546878518310891e-01 -4.681064863827148759e-02 -1.799595954558541600e-01
4.375136243633657163e-01 2.720166351891346035e-01 -9.500174869622459717e-01 9.007590922564026048e-01 9.575424187961169009e-01 -2.668585241246315132e-01 -6.155115351768610799e-01
8.240133021855596818e-01 3.672332186591643066e-01 -1.140058193880959081e+00 1.163046701687467488e+00 9.785508152009982918e-01 -3.226675182203771475e-01 -1.041269618450635814e+00
1.027660629138433590e+00 3.450789402273556905e-01 -9.070974318974986961e-01 1.095661411206310998e+00 8.325982887519692843e-01 -2.599564090986788978e-01 -1.281438569917756398e+00
1.040497918574872394e+00 2.588374837476202783e-01 -3.525212676845041471e-01 7.741679407270963820e-01 4.460336356426997106e-01 -1.684677040976084172e-01 -1.248166745610981954e+00
9.507370236724426160e-01 1.763194473220726088e-01 2.341681159185680372e-01 3.728091614130614184e-01 -1.157428528004121049e-01 -1.155756981058099625e-01 -9.787093516345096722e-01
8.340157433118887687e-01 1.364231073455325904e-01 5.986449147102580470e-01 4.621791333227823206e-02 -7.081880828602741262e-01 -1.207157794082107660e-01 -5.587702640346798866e-01
7.004007026880627595e-01 1.447528211310979973e-01 6.426375768377715625e-01 -1.466131499168874253e-01 -1.203715473542139591e+00 -1.702285518523927732e-01 -4.537391656156073566e-02
5.431055230082448837e-01 1.838676179363055718e-01 4.036664060676322108e-01 -2.280607932327246012e-01 -1.512183015175456502e+00 -2.205558856171161430e-01 5.014123326083126386e-01
3.974685698400717837e-01 2.107123193148811302e-01 -7.314112811087043232e-03 -2.490624761698705392e-01 -1.561247899391111416e+00 -2.163130461013857142e-01 9.767664893409906401e-01
3.201049989652723915e-01 1.683871997215163063e-01 -4.338911456012589096e-01 -2.708828019401067211e-01 -1.297269799846693106e+00 -1.183678718450461298e-01 1.251465770959701906e+00
3.201011866319323218e-01 3.699781658660751538e-02 -6.930267953965775218e-01 -3.615567674820387434e-01 -7.264094118737588479e-01 8.511007091083901133e-02 1.222695251225930146e+00
3.557510299598324877e-01 -1.317248429687874478e-01 -6.706240925846779222e-01 -5.425761463521587835e-01 3.254090296277546701e-02 3.705454096417967191e-01 8.588681546275634959e-01
3.952470666827082590e-01 -2.572469235324344461e-01 -4.188604021497044916e-01 -7.363395319059355959e-01 7.836584279151778132e-01 6.759491965538992897e-01 2.169885024663186501e-01
4.408202879261304274e-01 -2.959705464135010677e-01 -1.051401092789690794e-01 -8.175922526879756402e-01 1.377902915079387114e+00 9.206700217639920414e-01 -5.770661644774520704e-01
5.030944605407081660e-01 -2.447810612143871134e-01 1.255615463542921750e-01 -7.226676624557025752e-01 1.764231097323909481e+00 1.037672016204256753e+00 -1.375005762822248734e+00
5.800862167638786149e-01 -1.101096389408979664e-01 2.165389660013985473e-01 -4.831243429593805594e-01 1.934595953666063961e+00 1.000664525857807075e+00 -2.051320385059879126e+00
6.617995014467482617e-01 9.033927473419421650e-02 1.716255516273554882e-01 -1.833929047483804087e-01 1.894547712349296198e+00 8.328166680145036027e-01 -2.527220139474871452e+00
7.343293725819680651e-01 3.049644650563775872e-01 2.313601755239716798e-02 7.868847712155109531e-02 1.678860447839051417e+00 5.888412569273429042e-01 -2.764928290056166915e+00
7.594281742103996535e-01 4.611600790796553939e-01 -1.496711796894434898e-01 2.242289227818987651e-01 1.342114181398634587e+00 3.256599123034382148e-01 -2.742325648220028445e+00
6.718399265485710536e-01 5.104857180749734491e-01 -2.185415239531644238e-01 2.181872053666037981e-01 9.300641148198706132e-01 8.778235842144103962e-02 -2.446459339492756069e+00
4.311341018004344328e-01 4.519375401799794467e-01 -9.534547968361982428e-02 7.582079041464276359e-02 4.695083755662469716e-01 -9.354221876143095638e-02 -1.893536849503884234e+00
6.430679280394498154e-02 3.186871335108822367e-01 1.790506998430471952e-01 -1.328215778161362381e-01 -1.124257313168156719e-02 -2.060820396884366912e-01 -1.141231531021703827e+00
-3.569602914788685410e-01 1.466847940443059828e-01 4.818610411643686753e-01 -3.153901393645043849e-01 -4.530449967648056964e-01 -2.575638873899845360e-01 -2.835039284388207181e-01
-7.531285805930357791e-01 -4.930537275665650837e-02 7.274653960643252537e-01 -4.254430113077427023e-01 -7.760057293015777402e-01 -2.565944000552276560e-01 5.586286713288263206e-01
-1.045530377968369340e+00 -2.721562963132930224e-01 9.017979241937111867e-01 -4.709883442579568813e-01 -9.254762910205730497e-01 -1.939057318118374562e-01 1.257475466308491052e+00
-1.179193433130071744e+00 -5.261308720097058744e-01 1.007333759190822020e+00 -4.524421638779689836e-01 -8.975216220754069774e-01 -5.920754860205018621e-02 1.730733482160787817e+00
-1.157700860249468056e+00 -8.088403717174694751e-01 1.034941298996844505e+00 -3.384962237367300508e-01 -7.222448099769573915e-01 1.281543309297159816e-01 1.975789802783204152e+00
-1.038119892706722114e+00 -1.103859816213713430e+00 1.004228692592361805e+00 -1.206969217262790078e-01 -4.406687554496594994e-01 3.334794955539771566e-01 2.032063552246690996e+00
-8.955827170813152049e-01 -1.374616037741608787e+00 9.807593144068391666e-01 1.447651364472586633e-01 -1.019823458984555620e-01 5.458158954551117770e-01 1.936165403890697467e+00
-7.825215236033236099e-01 -1.584093788916443035e+00 1.009168894732548782e+00 3.707070039741184875e-01 2.456130229105571716e-01 7.778061481648350650e-01 1.721034978057521592e+00
-6.990864255720883325e-01 -1.724353126772666389e+00 1.051458337891141293e+00 4.970664246719778134e-01 5.786314224384123683e-01 1.024526634726062868e+00 1.423550155545276086e+00
-6.171909413940652733e-01 -1.809977496084189896e+00 1.030793377650599973e+00 5.018686717058442603e-01 8.975456753764209372e-01 1.244012251051390683e+00 1.084742118539893552e+00
-5.433433510639995578e-01 -1.841143552108914117e+00 9.241217329810331726e-01 3.883185200744854737e-01 1.191383773689666636e+00 1.389833282775956746e+00 7.535894376230338754e-01
-5.256241919201406487e-01 -1.783783502981362679e+00 7.778739469945122886e-01 2.031944223625153367e-01 1.408599922252095515e+00 1.443177382230506955e+00 4.801831724808187651e-01
-5.784932542555085710e-01 -1.596804032191107448e+00 6.364944873074077636e-01 4.209394033467934310e-02 1.478000329356541132e+00 1.408942510811869164e+00 2.855410809054447219e-01
-6.340372847677371304e-01 -1.274381954187322696e+00 4.810497652006173186e-01 1.449024014475949014e-03 1.362626306909271889e+00 1.290217885341149229e+00 1.491597525654271283e-01
-6.017424364202278442e-01 -8.462874558282174053e-01 2.531102186859627290e-01 1.181922536618123520e-01 1.085295033323029790e+00 1.072525999305894429e+00 4.035712337580683179e-02
-4.495812025906643083e-01 -3.501262925552950933e-01 -6.856914525957411022e-02 3.451950756636499307e-01 7.063337002758401928e-01 7.524037929179929751e-01 -5.956455886374765335e-02
-2.017065238608035105e-01 1.802062069522706034e-01 -4.429317444845274343e-01 5.875224544044681529e-01 2.830747678270917889e-01 3.693399555605395013e-01 -1.659655186485453071e-01
1.103175783321662939e-01 7.021709686953470086e-01 -8.177841684842250825e-01 7.705784970505613618e-01 -1.444266369578048326e-01 -2.069422360529707405e-02 -2.866050861249275772e-01
4.759479892660533618e-01 1.143454674826448692e+00 -1.171949186691600975e+00 8.663199820922052874e-01 -5.308549842430412280e-01 -3.830685550746077972e-01 -4.123519300283810529e-01
8.841941941934876592e-01 1.422186091203763159e+00 -1.493827523455886652e+00 8.621182448131217146e-01 -8.241021635944857371e-01 -6.979669798401187952e-01 -5.282947109800127938e-01
1.273678955376899014e+00 1.507875774999771989e+00 -1.735311374712998678e+00 7.430829012289846824e-01 -1.005661371709829055e+00 -9.379099888159815324e-01 -6.238306728203549811e-01
1.546902612639444285e+00 1.434399266887667279e+00 -1.814106832596525942e+00 5.093110585294312598e-01 -1.107154257313739842e+00 -1.065750477773208305e+00 -6.969206134623748827e-01
1.647726588304751605e+00 1.253563083312427162e+00 -1.684056664411973880e+00 1.888268864082358334e-01 -1.170417130965560659e+00 -1.060415564829449098e+00 -7.486481298715909061e-01
1.587758733364616814e+00 1.003327598918053232e+00 -1.392683175274967100e+00 -1.590665540746155904e-01 -1.198644833422431999e+00 -9.430825657651195071e-01 -7.626171164501144295e-01
1.388130898028099969e+00 7.194556491430326162e-01 -1.047505157963450895e+00 -4.585401076104558271e-01 -1.164187206831611254e+00 -7.701251193120335348e-01 -6.937349060543004375e-01
1.036950605785454282e+00 4.556523665657457589e-01 -7.367597734381312602e-01 -6.444487657318700435e-01 -1.060385562795399750e+00 -5.954635246238603186e-01 -4.980508970318693884e-01
5.438990075104535027e-01 2.658012277796613643e-01 -4.909155788589144032e-01 -6.748779624230963892e-01 -9.118284756606254149e-01 -4.302554779252603656e-01 -1.984031025850950536e-01
5.954035565323239059e-04 1.660007790737770272e-01 -2.993199379627588530e-01 -5.416807210603630240e-01 -7.361477562568130573e-01 -2.522892406946153909e-01 1.043308236343322704e-01
-4.509335533944824892e-01 1.368101323156560301e-01 -1.506231461826057494e-01 -2.683719581372492335e-01 -5.164427091496304190e-01 -6.661527288027031812e-02 2.943914260646065539e-01
-6.847550066021929061e-01 1.552139466746856322e-01 -6.187147247593256794e-02 1.088254609875476120e-01 -2.094467856333200595e-01 7.468555894839097598e-02 2.846592217040759820e-01
-6.498435650751031023e-01 2.034537684472197960e-01 -7.047887181241155319e-02 5.287866782949447453e-01 1.960398615024488700e-01 1.174188005529246820e-01 6.087765375247504440e-02
-4.059904932077375572e-01 2.602692796743169001e-01 -1.909901999163031161e-01 9.018510908109953483e-01 6.226890351450187211e-01 3.812991190342424064e-02 -2.658684235343367619e-01
-7.434123234576960060e-02 3.018934312403940279e-01 -3.823351280975840205e-01 1.156862513687661576e+00 9.396313311365601662e-01 -1.515523609018683826e-01 -5.224757706540819058e-01
2.480591861955415145e-01 3.122704815002917966e-01 -5.786425835345442303e-01 1.265160878534194788e+00 1.046188284269403024e+00 -4.048454184189589355e-01 -6.004550819509738568e-01
4.969027843975615255e-01 2.967138078496467934e-01 -7.509315967469092357e-01 1.232385755166119035e+00 9.106861253221231189e-01 -6.585689203504269118e-01 -4.780760970505841256e-01
6.115228103919264635e-01 2.865527743528281657e-01 -9.097770830477823756e-01 1.101661016700789419e+00 5.651266723125022429e-01 -8.635406349711913787e-01 -1.769087780501590879e-01
5.601615104088236707e-01 3.161998338056430380e-01 -1.050215983904481565e+00 9.430894555969990822e-01 9.845017697037056204e-02 -9.879211467304328531e-01 2.361249356112642417e-01
3.802219826728683305e-01 3.837938805596073921e-01 -1.129910973409182562e+00 8.188219094352030547e-01 -3.537603075253256124e-01 -1.002737632037126403e+00 6.450886130101100013e-01
1.521024536399140648e-01 4.378591427827330240e-01 -1.110543372801118478e+00 7.449517324702706889e-01 -6.573707116201574774e-01 -8.865847120923869840e-01 9.423156893736849282e-01
-5.944748952363083233e-02 4.114702615196487723e-01 -9.861780431446203199e-01 6.743144477761321420e-01 -7.419646629393367165e-01 -6.369689152615479744e-01 1.076577563353230405e+00
-2.270169678219560727e-01 2.753222136457130209e-01 -7.656410408529684686e-01 5.400849120017024996e-01 -6.254376885796889551e-01 -2.817663495845439403e-01 1.053366343785811177e+00
-3.485468990263292932e-01 5.764404222113504728e-02 -4.757819779612684763e-01 3.352370909528645249e-01 -3.965035942056411300e-01 1.031381015701322013e-01 9.328321329463884481e-01
-4.275853953049028044e-01 -1.860350255662056584e-01 -1.855704219067099148e-01 1.293761773053495046e-01 -1.633637579720528810e-01 4.138744511013100480e-01 8.057925136384517240e-01
-4.612008230797417507e-01 -4.112728266917843878e-01 2.431723026140757138e-02 6.514107078167740393e-03 4.121785682070067298e-03 5.809903761812997836e-01 7.319674977396116722e-01
-4.314795779104527718e-01 -5.978992827555794642e-01 1.284689374269640527e-01 1.989549256201969540e-03 9.254462765401402780e-02 6.009173643629306394e-01 7.045111400662724677e-01
-3.020983442919913387e-01 -7.444953795354494197e-01 1.645136824383621743e-01 8.279115941310855042e-02 1.214860477930768262e-01 4.997374427053835610e-01 6.840763344985367755e-01
-4.938213418435025842e-02 -8.479109566309877000e-01 1.695692244844229923e-01 1.713966209326341639e-01 1.141473146933567884e-01 2.909002235209534604e-01 6.554434379082415552e-01
2.856661546597614176e-01 -8.829189441197751176e-01 1.403927996926396249e-01 1.932168688220041175e-01 8.984795130229229765e-02 -1.018169047577854001e-02 6.348578548582912706e-01
5.853684149060276454e-01 -8.070060335367650328e-01 6.390610117190019535e-02 1.136248252659569913e-01 6.934472710409508855e-02 -3.506573051616850289e-01 6.333094256060562977e-01
7.197016561275195734e-01 -5.906780115690837274e-01 -4.368689946396311224e-02 -5.904475960553422220e-02 6.650484037036007157e-02 -6.510208210423982234e-01 6.318041522694975987e-01
6.418463647740715317e-01 -2.543416959195441418e-01 -1.501581050215502755e-01 -3.008951083810289528e-01 8.212398423241229484e-02 -8.567991906611283071e-01 5.983416731586880255e-01
4.126496381907701627e-01 1.326446880618490365e-01 -2.477658627921348888e-01 -5.777558898588426306e-01 1.167502567849951350e-01 -9.667443035855618483e-01 5.139172724574815332e-01
1.303025325247355592e-01 4.977220852856360511e-01 -3.431598781276341548e-01 -8.229505435813793124e-01 1.705105423983087620e-01 -1.010181761619178165e+00 3.704676663716586771e-01
-1.338159603002214981e-01 7.893448453235550888e-01 -4.070480328887617905e-01 -9.594672022237872300e-01 2.321547216216350296e-01 -1.002899978055274532e+00 1.536346359437550380e-01
-3.275781771835213352e-01 9.676163227237490894e-01 -3.857097016287800995e-01 -9.499143486768354405e-01 2.861823309510202473e-01 -9.245066623258535454e-01 -1.635782695634075135e-01
-4.043122513466222978e-01 1.005439885608425898e+00 -2.691353685776782800e-01 -8.070492039218614133e-01 3.223735322117030622e-01 -7.468210337044811631e-01 -5.916468907905630958e-01
-3.552948982783861731e-01 8.962522259591363394e-01 -9.996767640395227972e-02 -5.823372157254731452e-01 3.358701232960850103e-01 -4.795789815718027316e-01 -1.077634208471025312e+00
-2.376663195656749106e-01 6.568619838095053343e-01 8.908802714522946753e-02 -3.505352367117834933e-01 3.175299817726868756e-01 -1.778299486292844178e-01 -1.496860725067149955e+00
-1.497302168180854043e-01 3.313914521820013337e-01 3.064731034890143535e-01 -1.717815067967278231e-01 2.382151231494277765e-01 8.520879157400393367e-02 -1.692438568758843020e+00
-1.741940189973499586e-01 -2.210664636822643261e-02 5.615380776390216377e-01 -5.994689402768416803e-02 6.172855404717908501e-02 2.523846489103671042e-01 -1.538091392391503165e+00
-3.341857678788180963e-01 -3.594844752737531013e-01 8.148502967057758006e-01 5.564285363733759669e-03 -2.117870880730374494e-01 3.081192722793091310e-01 -1.004995207403809987e+00
-5.863669157852788860e-01 -6.451954017416475784e-01 9.850829492423375244e-01 4.560727632102196810e-02 -5.218273099219639111e-01 2.861274132874435661e-01 -2.065334449470491995e-01
-8.401210482333862917e-01 -8.202421930077000711e-01 1.004633774710241845e+00 6.901275188599996502e-02 -7.690357381784302948e-01 2.557683940716722892e-01 6.109865323608831833e-01
-1.005641269101795965e+00 -8.071774616718562223e-01 8.541496764956117982e-01 9.149193331004824847e-02 -8.830274263906846555e-01 2.633695291153370088e-01 1.185359802404189589e+00
-1.040315105035864551e+00 -5.652479579255939024e-01 5.519585667780492200e-01 1.450174910716333643e-01 -8.737377930106422497e-01 2.716870772226128716e-01 1.390104860491701233e+00
-9.261830401840529525e-01 -1.421091882977809639e-01 1.426456650796251446e-01 2.642109619695987566e-01 -7.760692033843594739e-01 2.134217723330265881e-01 1.234023178429114243e+00
-6.615974558827329988e-01 3.351826931202211979e-01 -2.950265111405521723e-01 4.652635580114525271e-01 -5.909868236176655243e-01 9.076796773740784807e-02 7.914704650453842083e-01
-3.068089396401149638e-01 7.204326120345917461e-01 -6.466698664816298292e-01 7.183030359605525605e-01 -3.351876772861505094e-01 -2.957745895797580377e-02 2.029214366450287910e-01
4.478213957222427349e-02 9.074832156877048472e-01 -8.120268426463579381e-01 9.556448610758836448e-01 -7.606570652531949306e-02 -8.366156536594925031e-02 -3.560594935337572653e-01
3.275223244478736029e-01 8.655147770173235999e-01 -7.863969310516570888e-01 1.119250474611035440e+00 1.142696932063732712e-01 -5.674435352587523657e-02 -7.344341111405493505e-01
4.906089786522735974e-01 6.344750305291597670e-01 -6.510134568458579851e-01 1.162419472549985677e+00 2.078420619180394169e-01 2.117766967010262583e-02 -8.272464775493032496e-01
4.859911221367962941e-01 2.875554256355901117e-01 -4.644834907307198169e-01 1.022246550602324833e+00 2.237888544856806161e-01 1.267821668031179350e-01 -6.116843294250213781e-01
2.986698577252591691e-01 -9.195868606069983187e-02 -2.177152687439068146e-01 6.609131428492488469e-01 1.825776007294873382e-01 2.539307250042122654e-01 -1.591690333595471019e-01
-3.607270066080751209e-02 -4.258142759584472858e-01 1.044276143556085862e-01 1.258360944853076924e-01 7.794821232780227427e-02 3.683181042351324486e-01 4.260591013010679440e-01
-4.349408175258206999e-01 -6.671237522512305507e-01 4.677551695112964203e-01 -4.772079869119291162e-01 -8.972177682187100489e-02 4.119921100312771145e-01 1.038932680861918145e+00
-7.941188655488756742e-01 -7.983191675684981892e-01 8.032135398414504968e-01 -1.054047693538516794e+00 -2.896010965566394590e-01 3.596576131272407606e-01 1.559604740331050676e+00
-1.045633706678556374e+00 -8.145820702175030625e-01 1.057160800748061069e+00 -1.549919842010742510e+00 -4.839642061004603701e-01 2.320655612194930939e-01 1.895194286537520867e+00
