-1.751872131317920855e-01 2.235724385488301547e+00 -1.849521501766226317e+00 2.171455791904071120e+00 -1.663566703469476771e+00 1.200079499561515911e-01 -6.210807492590744161e-01
-2.883937663662075046e-01 1.796474051043163600e+00 -1.473481434805542278e+00 1.931647730626939063e+00 -1.099589218397342139e+00 2.482697797381904492e-01 -6.573528867400862952e-01
-3.552529088704926008e-01 1.044426480962855397e+00 -8.882874110786891375e-01 1.402142190253305554e+00 -4.736101023897114071e-01 2.367034487268039333e-01 -4.322290402597385173e-01
-3.618946508724670830e-01 1.320570139774578933e-01 -2.084360668261461269e-01 6.941133135234776042e-01 8.096770004838999002e-02 9.159989550976806172e-02 4.719823070213158972e-02
-2.865161162124643668e-01 -7.293842175113437465e-01 4.333756621649657026e-01 -5.127901404377779165e-02 4.792468416967147760e-01 -1.326724645233254007e-01 6.228383477433580007e-01
-1.177948572601608540e-01 -1.307900996689363771e+00 9.202783891548785844e-01 -6.885532785270743750e-01 6.915144487737973078e-01 -3.612160918670040965e-01 1.035898812257851631e+00
7.378403121997512137e-02 -1.391272856929051560e+00 1.166057466220796535e+00 -1.055204146890044825e+00 7.052122959029107907e-01 -5.128670082291730825e-01 1.103528959705557755e+00
1.501680341358972715e-01 -9.339659741730080844e-01 1.162558710094072856e+00 -1.050746404783277521e+00 5.643107928893955627e-01 -5.103640971967334794e-01 8.309213046325816254e-01
3.767059429924735775e-02 -1.376564872486106261e-01 9.840603335563121723e-01 -7.272448581891493014e-01 3.838445131260784793e-01 -3.133055422049093597e-01 3.443014283160523159e-01
-2.017529896292536429e-01 6.719838697535088778e-01 7.211821128473040465e-01 -2.517523720434799994e-01 2.709893148447907185e-01 5.210904807591923427e-02 -2.247446652358363606e-01
-4.263059242232525303e-01 1.222986332661243125e+00 4.138364904055483184e-01 1.950606316142800556e-01 2.518912962827352109e-01 4.916904130067352163e-01 -7.644741588285626221e-01
-5.084147212577312391e-01 1.381245637146886196e+00 4.587758678323094336e-02 4.855443554214657342e-01 2.686654479639123960e-01 8.787507225358391905e-01 -1.160398320231670777e+00
-4.031450245476960181e-01 1.146631553505130352e+00 -3.988293709250841923e-01 5.761252877879704526e-01 2.342827146357537582e-01 1.116783010041855873e+00 -1.310954836297942849e+00
-1.638465901821826443e-01 6.238019735420728962e-01 -8.928055463016308924e-01 5.057184017474765092e-01 9.011908508223399894e-02 1.181815892638210741e+00 -1.171777931726040833e+00
1.011501315356750363e-01 -1.110867652811804024e-02 -1.368374125315287460e+00 3.599458373114284848e-01 -1.695512825613313401e-01 1.113680424378515887e+00 -7.897230482478282410e-01
2.832673789958280453e-01 -5.575911590678849228e-01 -1.747115010653907508e+00 2.328618976510894167e-01 -4.976426800816687313e-01 9.737580108146217661e-01 -2.913321495377522719e-01
3.118549636566501637e-01 -8.527866742107973463e-01 -1.971547959750024503e+00 1.963620814530671610e-01 -8.064866120878054767e-01 8.101363344437455538e-01 1.708646511233758714e-01
1.897431216592352365e-01 -8.314264782013652821e-01 -2.013691447846767346e+00 2.805792162028918346e-01 -9.992605134099293851e-01 6.528007548913353775e-01 4.677004974314779018e-01
-1.737746675214251260e-02 -5.311440818717820811e-01 -1.879478888436568296e+00 4.772740912053343165e-01 -1.026979529319686835e+00 5.173248663435302541e-01 5.439781207765725934e-01
-2.367471179277065851e-01 -4.981752688400031825e-02 -1.613337525828979047e+00 7.299001143204443265e-01 -9.045445782633297904e-01 4.054899498805421554e-01 4.352258112827759318e-01
-4.087607900125868610e-01 4.912117523640360250e-01 -1.280131758696487987e+00 9.391630539395100508e-01 -6.705625211531882623e-01 3.158774370542891674e-01 2.040453826277616456e-01
-4.889213861349337442e-01 9.870701392997893731e-01 -9.530261883828471392e-01 1.038126678532976799e+00 -3.802046287458962781e-01 2.469349628043955580e-01 -1.020706982684324304e-01
-4.668123532733214343e-01 1.376791817100257553e+00 -7.001083165157314658e-01 1.038871472172899324e+00 -1.109114763555295452e-01 1.844654162421834331e-01 -4.314494881909443635e-01
-3.545729374368216669e-01 1.621106508823588754e+00 -5.454422338409505855e-01 9.892336338059062317e-01 7.932628318162728009e-02 1.053281792631337727e-01 -7.367042603240478993e-01
-1.621400577005381871e-01 1.694675436970757065e+00 -4.608427282309858763e-01 9.383008697804551268e-01 1.731421021904762381e-01 -7.164268819586411437e-03 -9.969668791492077853e-01
8.865073683740713750e-02 1.614852245622397042e+00 -3.943311790396512584e-01 9.378920533509564894e-01 1.726352004139030116e-01 -1.673421653525929143e-01 -1.199402091908811308e+00
3.478197980233739273e-01 1.416026844666788520e+00 -2.810686642188277018e-01 1.007239080430632816e+00 9.859494330587405264e-02 -3.908980902407026559e-01 -1.299119553870128119e+00
5.459098924562357791e-01 1.105533222414423644e+00 -5.867901918098442082e-02 1.093214670117520049e+00 -1.098685277652570319e-02 -6.746672367055924768e-01 -1.205894353672940289e+00
6.140517403037761834e-01 6.914064722643686878e-01 3.001437361397509274e-01 1.096216564281955907e+00 -1.160512618950555602e-01 -9.850489155952352194e-01 -8.470538744971584100e-01
5.268753191433067640e-01 2.074316760482656508e-01 7.769398052372135099e-01 9.249989504217266401e-01 -1.653786589072612778e-01 -1.279392844360094150e+00 -2.551482047448086488e-01
3.269412199796995488e-01 -3.035974117942276673e-01 1.307193653005785050e+00 5.438524834350055848e-01 -1.123314898698011405e-01 -1.531269168591329555e+00 4.459023311271855805e-01
8.219953505118880732e-02 -7.896941599349737162e-01 1.788012273309842692e+00 -1.859124759418782609e-03 3.603673513388890720e-02 -1.726541120877348456e+00 1.134249947494482491e+00
-1.549138491946264184e-01 -1.198766444043007917e+00 2.124424609790649843e+00 -6.204980284648163869e-01 2.325664618389367555e-01 -1.842802365005358878e+00 1.725899354062081281e+00
-3.479173896501099872e-01 -1.498908116964757120e+00 2.267936368044852546e+00 -1.221280435313120361e+00 4.360795659614477571e-01 -1.845138220139421303e+00 2.151524750802880526e+00
-4.800179003471896633e-01 -1.665918254749474636e+00 2.213374440955027111e+00 -1.707172569109562499e+00 6.116451816007437703e-01 -1.697702181742254179e+00 2.358777522003966176e+00
-5.469975255817909332e-01 -1.685465901091178775e+00 1.997372899588064632e+00 -1.980839932064949238e+00 7.338543566782622651e-01 -1.380966741050428492e+00 2.325035555844127355e+00
-5.402435047098753662e-01 -1.568903865872361969e+00 1.682022512407011616e+00 -1.995321815079718952e+00 7.964324160878191172e-01 -9.165533638991136822e-01 2.061939416049700213e+00
-4.649090761683600803e-01 -1.330541048402313464e+00 1.311418593836888302e+00 -1.773415531192645611e+00 7.960839067057025042e-01 -3.737091696348738279e-01 1.623636915700826577e+00
-3.504842989524566965e-01 -9.829496024910068241e-01 9.107099148481161421e-01 -1.392218450697187526e+00 7.481038877698832357e-01 1.593686828244701703e-01 1.068957156058478519e+00
-2.218028678469904091e-01 -5.660130702649303069e-01 5.119390441843596484e-01 -9.495845640180313740e-01 7.046879679180027001e-01 6.057956839163965990e-01 4.145310180931094934e-01
-9.435626611346176196e-02 -1.420578081251740732e-01 1.421025553295946209e-01 -5.087845956745721265e-01 7.004939294462725341e-01 9.151051556105783691e-01 -3.156580463267548708e-01
8.383747480006840253e-03 2.169592261499141417e-01 -1.830050194258522611e-01 -9.184641599001046319e-02 7.134518458244135664e-01 1.075030006899288182e+00 -1.023076265812420393e+00
7.268159791423850491e-02 4.240390488447904893e-01 -4.383738357559055498e-01 2.716570705393683283e-01 7.101277804066252752e-01 1.102327545188459101e+00 -1.575016814196234405e+00
1.152256162006060347e-01 4.067400208887146373e-01 -6.027362459860158284e-01 5.330439547178794646e-01 6.829053888783435111e-01 1.013612423328084766e+00 -1.883091024014488024e+00
1.699583043692245166e-01 1.599851372932421523e-01 -6.840162845527852920e-01 6.629314374299507540e-01 6.235696295603412320e-01 8.214803410981879050e-01 -1.920068277081560693e+00
2.730466461197904038e-01 -2.459974900604985637e-01 -7.009381169542643342e-01 6.653300062502661705e-01 5.115815289685514689e-01 5.483206780732631236e-01 -1.719429569150784598e+00
4.497643703450151520e-01 -7.076970609028977455e-01 -6.553946889189091740e-01 5.555034938546931089e-01 3.510750812880695237e-01 2.264372132804571558e-01 -1.379182071060244485e+00
6.859643269125507148e-01 -1.123074963460101383e+00 -5.434402493328751582e-01 3.697220343465609793e-01 1.709094229360405559e-01 -1.015969208303282301e-01 -1.007275117975226397e+00
9.171111394608676415e-01 -1.400290562756353552e+00 -3.823253256819701962e-01 1.810986682736951958e-01 -1.119614778201603877e-02 -3.843593277099862648e-01 -6.581238311232456839e-01
1.065695698839998373e+00 -1.472869433071193557e+00 -2.112640993359058417e-01 5.640511094262489616e-02 -1.799727321655138768e-01 -5.795286078597198243e-01 -3.530673877547845785e-01
1.086892791595296837e+00 -1.311284776158172072e+00 -7.323417122206019036e-02 2.545010288008812613e-02 -3.098418371578094410e-01 -6.686349563880210622e-01 -1.216719673614094638e-01
9.713955677880479200e-01 -9.228904176049101959e-01 1.093083231587271397e-03 1.087332622990913877e-01 -3.891738112175099351e-01 -6.510909874342578618e-01 1.977239479761066718e-02
7.328125641246120425e-01 -3.691107287433966766e-01 7.096615654291748947e-03 3.198604164506272940e-01 -4.219238768251472593e-01 -5.373653197015667571e-01 9.317005554382927490e-02
4.079098196384109976e-01 2.364336595637021032e-01 -4.362397017889581285e-02 6.285259943788391590e-01 -4.110262260083767938e-01 -3.571291870359598608e-01 1.376407106131890823e-01
3.982582571921483572e-02 7.906168975192496839e-01 -1.604858254964806330e-01 9.637879067681645040e-01 -3.757554157844981702e-01 -1.607773962878501772e-01 1.966105589398348952e-01
-3.405061470870897611e-01 1.250789540049251025e+00 -3.756379870386746811e-01 1.257110912015576343e+00 -3.575686535560988477e-01 5.704126688850074539e-04 3.074573597396000890e-01
-7.056865260017162189e-01 1.612321029151841278e+00 -6.947652316884943557e-01 1.467127384987377381e+00 -3.771389909841165178e-01 1.007217260966826594e-01 4.639136621462803811e-01
-1.036086527016680581e+00 1.884758876631821067e+00 -1.078432490451504799e+00 1.590279649311074905e+00 -4.223775068260088861e-01 1.496043632829298919e-01 6.212879397656562164e-01
-1.337742727879472460e+00 2.107206629010032639e+00 -1.471911253104060568e+00 1.669384822222183429e+00 -4.803209306995692707e-01 1.842641856353084417e-01 7.348915293911475466e-01
-1.624760201212967159e+00 2.339539592006931290e+00 -1.825368659620092426e+00 1.766776299152579277e+00 -5.274370660489591245e-01 2.466693143703995728e-01 7.450659122156659819e-01
-1.897928525306493697e+00 2.623378893199806328e+00 -2.102682674474406710e+00 1.920491480663929940e+00 -5.109770937750858222e-01 3.631523600682487474e-01 5.777469873149497781e-01
-2.157624620629804646e+00 2.957207163817385798e+00 -2.281136194362507474e+00 2.133956524856468917e+00 -3.774271119208874592e-01 5.427365102521487517e-01 2.126833028554034610e-01
-2.396182655827049590e+00 3.278905094602222459e+00 -2.324456319953823513e+00 2.372920032970369242e+00 -8.709134017248318371e-02 7.852990957001250161e-01 -3.032760993291484519e-01
-2.570178539904564907e+00 3.475049965888100445e+00 -2.182691286885317883e+00 2.560337914225657485e+00 3.854038927791417213e-01 1.075005882466236073e+00 -9.056712109533884281e-01
-2.625986865418746596e+00 3.438854898005526017e+00 -1.840455603731837142e+00 2.609189726963946132e+00 1.020742430844030713e+00 1.373412253816785222e+00 -1.509747105826102498e+00
-2.543164136428682109e+00 3.108339682481120914e+00 -1.330808686625177373e+00 2.461162591326012450e+00 1.754382055578540323e+00 1.637310413996061476e+00 -2.005087111523454979e+00
-2.329989350648957736e+00 2.467773869300528222e+00 -7.081986077831017301e-01 2.096795175446246606e+00 2.515203111697625449e+00 1.836833363185006895e+00 -2.310724326355002134e+00
-2.009592549539344741e+00 1.568595938004209378e+00 -4.695483277032068414e-02 1.546046445565618432e+00 3.226106723187557979e+00 1.949668767266932612e+00 -2.401200300955070865e+00
-1.619813856579929157e+00 5.265006948898609540e-01 5.632236126998089176e-01 8.861314668831685726e-01 3.796702415459330293e+00 1.959033371441472493e+00 -2.284412904691833113e+00
-1.210133125250326236e+00 -5.298487590473905939e-01 1.050424644752253611e+00 2.116117036651439798e-01 4.147097598413441943e+00 1.867476763507190052e+00 -1.981170401654430480e+00
-8.477826108936531435e-01 -1.475098200525699621e+00 1.373386472304156003e+00 -3.841327446070463836e-01 4.211408569754199860e+00 1.697779377979170778e+00 -1.498414251648970907e+00
-6.104567811028616120e-01 -2.186042444706907784e+00 1.518211067149108473e+00 -8.290853126314675636e-01 3.952348306501476394e+00 1.477365616374990198e+00 -8.385790426691458466e-01
-5.434412161893394932e-01 -2.584526622773320792e+00 1.503769780121323008e+00 -1.108451199005411336e+00 3.407178367066672653e+00 1.230158506699036369e+00 -5.393072275407662097e-02
-6.351269114182769293e-01 -2.667337060449150421e+00 1.374462186970363708e+00 -1.259002578474270440e+00 2.672869885571024895e+00 9.845713403339823033e-01 7.565789248145011747e-01
-8.328650956130074778e-01 -2.489202016600479794e+00 1.183377706872776214e+00 -1.334561266171687244e+00 1.859351150615227599e+00 7.794747002638870992e-01 1.486114278224412555e+00
-1.062212774644550883e+00 -2.132242416265094587e+00 9.770987898502727642e-01 -1.386904224725856505e+00 1.080709562760656217e+00 6.490489179510789963e-01 2.024184102237618355e+00
-1.247269190368532010e+00 -1.673700407571191429e+00 7.743681087191924828e-01 -1.435354519856328448e+00 4.255820562364359128e-01 6.021181952225778122e-01 2.289803433569136182e+00
-1.326600617982535146e+00 -1.184708240168584892e+00 5.674834923058671432e-01 -1.458996776374958282e+00 -6.859477422624797593e-02 6.209668601565128121e-01 2.272167612873374321e+00
-1.248033431506442303e+00 -7.518564176755349049e-01 3.456308455504281119e-01 -1.438073468199826177e+00 -3.855294881659439010e-01 6.724011446730554509e-01 1.998558209250144602e+00
-9.777643220985685613e-01 -4.476444483464029900e-01 9.489944785961114404e-02 -1.364670095742753553e+00 -5.279626573123719080e-01 7.167801795229811201e-01 1.505878673917059318e+00
-5.323041057972917045e-01 -2.871378079609669398e-01 -2.025474262560955085e-01 -1.229767506102050323e+00 -5.416760582370110377e-01 7.181123463439099686e-01 8.664846672745580847e-01
1.590226486771526698e-02 -2.356630446891383457e-01 -5.489668461545553768e-01 -1.034419688072232280e+00 -4.955769552051855764e-01 6.528182454245187172e-01 1.958271398066556979e-01
5.659994179241053525e-01 -2.304603949625513570e-01 -9.192559586941337901e-01 -7.835237608572976908e-01 -4.569132208461333389e-01 5.139522482676912585e-01 -3.820268972391519524e-01
1.024180773508507780e+00 -2.101332009170542026e-01 -1.258217276559733255e+00 -4.746864364960463045e-01 -4.784368401170171481e-01 3.134835131467411662e-01 -7.754476979315013674e-01
1.328947900165810658e+00 -1.430546964536096588e-01 -1.502678403805750129e+00 -1.159898876146179120e-01 -5.815709766719381335e-01 7.472276336020053367e-02 -9.468476280279137791e-01
1.457173450472541321e+00 -1.536869201885703723e-02 -1.620798844547990836e+00 2.691935710720247399e-01 -7.594164387771044078e-01 -1.786280333784951713e-01 -9.153505500847926024e-01
1.431165013551559673e+00 1.659656763990287609e-01 -1.604367186838591142e+00 6.533359306459829430e-01 -9.800835200229134347e-01 -4.210690483082945579e-01 -7.532386731669219460e-01
1.317449888812767478e+00 3.458975990154549707e-01 -1.445475807194128715e+00 1.006061075971290020e+00 -1.190425369792321941e+00 -6.250840205417274031e-01 -5.548370299734579625e-01
1.192820924739586230e+00 4.518882952212253667e-01 -1.154457568609120077e+00 1.290815733701079715e+00 -1.346200190543163089e+00 -7.750946490645563847e-01 -3.878965201287536413e-01
1.120047500280640707e+00 4.385929556502620175e-01 -7.642679418811403336e-01 1.453609926533770524e+00 -1.417040286346064049e+00 -8.777679972314039736e-01 -2.952392997138177932e-01
1.143720052541933097e+00 2.865451940038074574e-01 -3.135834095119391929e-01 1.440957107589242003e+00 -1.378415542189641574e+00 -9.542110538401495923e-01 -3.058738981641290211e-01
1.262568331428344459e+00 9.261811366735865636e-03 1.395977636212540895e-01 1.256885885050904594e+00 -1.246336332585164852e+00 -1.024152412018207503e+00 -3.869723481721526470e-01
1.416754286148159903e+00 -3.391170355761060629e-01 5.202127887755401137e-01 9.605211376419684477e-01 -1.075731401262742803e+00 -1.093073136226991871e+00 -4.431336325983071811e-01
1.529058700263339121e+00 -6.857525971244974317e-01 7.764231644609344007e-01 6.105085675472606832e-01 -9.059652708606528160e-01 -1.146651876233671041e+00 -4.056341592287950326e-01
1.544624985743867196e+00 -9.484736301948257786e-01 8.933719547432529273e-01 2.576454381217815892e-01 -7.526452359830735350e-01 -1.156291700223375241e+00 -2.815386875423273594e-01
1.445780975628051968e+00 -1.054739147032473401e+00 8.874716290385715745e-01 -4.528575822593342015e-02 -6.184772351075867869e-01 -1.094695321787528819e+00 -1.364688670306750118e-01
1.249399847604578673e+00 -9.798958137849901329e-01 7.979521962782020195e-01 -2.579265811101675299e-01 -4.879757143521074036e-01 -9.520042005208783076e-01 -5.414942567962703623e-02
9.721714733358689520e-01 -7.358732814565762670e-01 6.542882705726577042e-01 -3.519453462613734707e-01 -3.557688139129174809e-01 -7.330832085751721738e-01 -7.259493877104122861e-02
6.125912199273659819e-01 -3.475698266458850383e-01 4.661699285772150092e-01 -3.063155327132160433e-01 -2.457493129994198500e-01 -4.425615478402875058e-01 -1.550804686106736219e-01
1.875195446633837748e-01 1.228588628788505610e-01 2.521149561570736330e-01 -1.174901288848209518e-01 -1.904929368141939638e-01 -8.874746926799159663e-02 -2.234825418762917959e-01
-2.460049405903259878e-01 5.723301180915786324e-01 3.656542188406459309e-02 1.881670879482780778e-01 -2.175775287465019636e-01 3.024436542425012475e-01 -2.073714049733287046e-01
-6.118637704000736699e-01 9.054681684811793918e-01 -1.790382040560395682e-01 5.427817067532750839e-01 -3.248930829146837174e-01 6.884752315018635160e-01 -1.037505201733642940e-01
-8.414542591185920628e-01 1.074710563380215422e+00 -4.106249983991065999e-01 8.566219707198198252e-01 -4.620540067387548522e-01 1.020638373017062506e+00 3.214814108662836407e-03
-9.012009928069715237e-01 1.089508140982381468e+00 -6.624610317187245023e-01 1.070695527091730437e+00 -5.660903409487050286e-01 1.253646128584473329e+00 8.302049532996189432e-03
-7.981327629435082116e-01 9.919723975948715466e-01 -9.068040869643338997e-01 1.173358791365774367e+00 -5.973804548417868121e-01 1.354265783595841377e+00 -1.482555845853869847e-01
-5.626360503440379635e-01 8.191083871117093018e-01 -1.096083525245129975e+00 1.177931305772472959e+00 -5.548923519475950084e-01 1.311991381229764109e+00 -4.482508466439197869e-01
-2.498228522693722586e-01 6.032484543673993782e-01 -1.204013133360879451e+00 1.108860643271504021e+00 -4.830320579815480797e-01 1.142345815865231762e+00 -7.908752108767953537e-01
6.910317184524283896e-02 3.848360909354048287e-01 -1.242009407536951437e+00 9.829982487749797659e-01 -4.332325226157738296e-01 8.722485018432154513e-01 -1.057726183388883578e+00
3.361210547851641306e-01 2.052152875543678534e-01 -1.244040721120409421e+00 8.041280045246519403e-01 -4.298854431998035408e-01 5.284403170248306303e-01 -1.179010688930522965e+00
5.109676624057278849e-01 9.463101373853304021e-02 -1.245195563037925446e+00 5.932948124255453815e-01 -4.829795588879556845e-01 1.497722727481065885e-01 -1.132307826045026333e+00
5.746308923859353435e-01 4.984592138091543945e-02 -1.261387826784405419e+00 3.881147431779050638e-01 -5.851329590829346117e-01 -2.042688645617835030e-01 -9.334742343039328372e-01
5.459887576824218325e-01 3.250902866706405214e-02 -1.288947678861701807e+00 2.148572467108594286e-01 -7.109908144800740626e-01 -4.742945926498802200e-01 -6.287480741729589706e-01
4.709203191908922781e-01 2.454224035128953207e-03 -1.308908295764854346e+00 8.881950888017096923e-02 -8.373365316718126561e-01 -6.208362669572291548e-01 -2.783228831103127798e-01
3.994005768561207370e-01 -6.584365309681661227e-02 -1.280168873990800815e+00 1.750997285495042854e-02 -9.346675538835909069e-01 -6.268368109749103967e-01 3.779518113976040872e-02
3.701241349547772508e-01 -1.706937768780121545e-01 -1.155651095247376858e+00 8.741764992320922439e-03 -9.768723831610995889e-01 -5.009179452662220200e-01 2.355408484978017414e-01
3.922367910068713659e-01 -2.669946898569912630e-01 -9.054704888220489467e-01 8.423803433879242797e-02 -9.669202536140849569e-01 -2.732403060719043042e-01 2.657211400389507538e-01
4.501879287011273378e-01 -3.041861556331926231e-01 -5.155461750061032244e-01 2.522490346958797813e-01 -9.090989112900090818e-01 1.646610846989117471e-02 1.186780200199067103e-01
5.240253122505430516e-01 -2.715240727466532999e-01 -2.585236182095917859e-04 4.820505553197301229e-01 -7.953726831405240061e-01 3.196712097013339471e-01 -1.741926347779519380e-01
5.937721375630742315e-01 -1.915920967858417423e-01 5.869731144120858835e-01 7.188576598375062687e-01 -6.293095711029370598e-01 5.837181385996309535e-01 -5.436816240093484964e-01
6.476750836074453010e-01 -1.109107867623916055e-01 1.187085732266997651e+00 8.989909156449465977e-01 -4.207640020333427433e-01 7.698844771575886758e-01 -9.194593895164163699e-01
6.870431530035605583e-01 -8.283699562397453531e-02 1.753907232727631937e+00 9.733167056534298700e-01 -1.872072354284540774e-01 8.608171279672137688e-01 -1.239200643053988138e+00
7.119040997364158851e-01 -1.338927781367905689e-01 2.243639640827343573e+00 9.304262566663771272e-01 3.240940892686929031e-02 8.548297677368797975e-01 -1.433869516620235540e+00
7.163194065743089256e-01 -2.569422016751450877e-01 2.620639692433783807e+00 7.841348860072900884e-01 2.000948381844248614e-01 7.588463056436935972e-01 -1.450601005756568140e+00
6.945472143946209709e-01 -4.188247735493323409e-01 2.856213454932364559e+00 5.523457453162019526e-01 2.999463883142979292e-01 5.771215750814663314e-01 -1.278808933732414443e+00
6.478277052244908463e-01 -5.783271190966065012e-01 2.924075060676401883e+00 2.433239513673852994e-01 3.395586225557467031e-01 3.056536618235892733e-01 -9.477494240111159485e-01
5.888025650180951365e-01 -7.010862266522240871e-01 2.812986703136231892e+00 -1.399843511575553645e-01 3.406643346955931517e-01 -5.294129936386501867e-02 -5.111650448380031797e-01
5.298539847793938273e-01 -7.462696627311339315e-01 2.527616965735942856e+00 -5.752274330916865575e-01 3.110034660927009642e-01 -4.683036256756356597e-01 -2.353112303851183015e-02
4.797667265797304625e-01 -6.862516295505686204e-01 2.095763209015315987e+00 -1.022034361851855255e+00 2.501751670458359222e-01 -8.834586668690465050e-01 4.596149696272939789e-01
4.563364134228749536e-01 -5.454321173991864002e-01 1.581599719154133110e+00 -1.440819406800740499e+00 1.788106467350575046e-01 -1.242062080172548377e+00 8.658112694053914371e-01
4.802004812093518815e-01 -3.728223394882467234e-01 1.063425878207682862e+00 -1.793211122712934147e+00 1.170657748020322714e-01 -1.511793508352508697e+00 1.128356772371453598e+00
5.643507956391704550e-01 -2.105806956029026289e-01 6.194958998064212796e-01 -2.054928399977797415e+00 7.120080578652823733e-02 -1.682219460689099444e+00 1.208942571708159441e+00
7.090758214627597145e-01 -1.069812729676434537e-01 3.306109742630298776e-01 -2.236231684447012480e+00 6.071096168450619557e-02 -1.753929827064665048e+00 1.096423276908194300e+00
8.891551089360651972e-01 -1.044963482152852230e-01 2.423039979897468610e-01 -2.367739294108569759e+00 1.044889293772742062e-01 -1.738989647609894051e+00 8.247359599066824698e-01
1.069620741552618659e+00 -2.232194088178041380e-01 3.402629442467752785e-01 -2.473485029650252187e+00 1.910676952771919179e-01 -1.660196118601455995e+00 4.733240824760207022e-01
1.230794236608073300e+00 -4.643834207604841668e-01 5.748949139177059742e-01 -2.545114622398738202e+00 2.860206523761812947e-01 -1.539507311881639140e+00 1.335898176628742828e-01
1.349446893237278511e+00 -7.906066079956036718e-01 8.724877186008926921e-01 -2.531969865450093948e+00 3.446997610276503199e-01 -1.393851294337332458e+00 -1.092156131859076118e-01
1.391065647590864929e+00 -1.129489083599637400e+00 1.143958678927635919e+00 -2.393438544432149762e+00 3.345774458477981939e-01 -1.243674228890759625e+00 -1.957628515012430070e-01
1.339369372603165020e+00 -1.412057150030163966e+00 1.309229619237435083e+00 -2.152203950022709034e+00 2.604211286812800341e-01 -1.119164324584663195e+00 -1.210541259062099945e-01
1.207340432468856140e+00 -1.578823118070438403e+00 1.312962578335875818e+00 -1.865638287865576173e+00 1.472641776854321238e-01 -1.046091815033342920e+00 6.551442815023794664e-02
1.021096084995728459e+00 -1.576280415386096534e+00 1.141061216847856663e+00 -1.569701432338341807e+00 1.109536111381886903e-02 -1.015655995676861600e+00 2.801795137072188302e-01
7.861584073159902930e-01 -1.366880404007320360e+00 8.164291352301898952e-01 -1.249111217889093739e+00 -1.454379241987006077e-01 -9.770206231054111568e-01 4.400094951527129816e-01
4.565614635733983295e-01 -9.159032483716880169e-01 3.621132280381180180e-01 -8.364410443765553094e-01 -3.313548586901667869e-01 -8.636811259484332703e-01 5.142390719137885924e-01
-3.656874897214433540e-02 -1.949719961796411716e-01 -2.024404218823091794e-01 -2.795403082012030138e-01 -5.450671378597444772e-01 -6.283088873402532526e-01 5.347357408443395022e-01
-6.993543281615027807e-01 7.445869785770511395e-01 -8.106000972965314855e-01 3.635591801956879476e-01 -7.261042056387975174e-01 -2.629342884811550207e-01 5.323157754048476464e-01
-1.426138764097786504e+00 1.724216145700866898e+00 -1.334395068755243052e+00 9.320744180167719328e-01 -7.589978088835426240e-01 2.026164606983519301e-01 4.808553018416508174e-01
-2.048190028481153391e+00 2.504855718874650972e+00 -1.659359496197098771e+00 1.270834702586492559e+00 -5.594328032063440315e-01 7.087268221009942470e-01 3.424275774973803421e-01
-2.428920600528089224e+00 2.899146255254278604e+00 -1.755985467650525544e+00 1.326326935811995567e+00 -1.489786003187948127e-01 1.182994979655054957e+00 1.455651774583189284e-01
-2.519836178023077800e+00 2.846353484686390267e+00 -1.668056213132301124e+00 1.166448981751917913e+00 3.656448239334207373e-01 1.566906082292000013e+00 -3.798854118604484686e-02
-2.348860543057866401e+00 2.418361387314065247e+00 -1.466681135712927464e+00 9.269496295111189221e-01 8.652165163434961670e-01 1.822765100175813169e+00 -1.674842318211654524e-01
-1.992907090199670606e+00 1.773868912485882854e+00 -1.229647730885953028e+00 7.400652906387258367e-01 1.243426544043165327e+00 1.930159867638565840e+00 -2.228121229446889950e-01
-1.565451943903010568e+00 1.102300071925975233e+00 -1.019768982171459282e+00 6.837754775163754628e-01 1.408995576135791072e+00 1.893643923684102282e+00 -1.709334212165891098e-01
-1.169135368917171736e+00 5.506865818808617252e-01 -8.439999731569541863e-01 7.430190940432979119e-01 1.334662193137804875e+00 1.739239685559954562e+00 -1.138927888491051213e-02
-8.455271873664920168e-01 1.750090295518808570e-01 -6.609398758854565514e-01 8.247250244937155417e-01 1.078947847495587364e+00 1.495798286631193852e+00 1.946698459585856078e-01
-5.890548699828307422e-01 -2.836863342842854338e-02 -4.388380776048625420e-01 8.309603599975196042e-01 7.377148557110574378e-01 1.185770711685088408e+00 3.649826107777304207e-01
-3.673903530126570449e-01 -9.235331116354314474e-02 -1.726886900388895640e-01 6.991889965909010574e-01 4.042341532095025114e-01 8.266045086632864969e-01 4.332892046680795195e-01
-1.275268601565738291e-01 -8.392669479213717143e-02 1.258863414071621500e-01 4.140191142324018414e-01 1.386681674251890872e-01 4.337261926831103565e-01 3.828721035357515179e-01
1.730994168237811048e-01 -7.920668006045218645e-02 4.251484921204578549e-01 2.205185543511090779e-02 -4.883344392233166659e-02 2.792818206567462130e-02 2.450682534712115557e-01
5.340271309387767396e-01 -1.316551120589759816e-01 6.861235205154868622e-01 -3.934342568561831621e-01 -1.547248307581581273e-01 -3.579035828508356776e-01 3.864974645853918450e-02
8.954636699096274466e-01 -2.543335134487399452e-01 8.656088855942364324e-01 -7.402425985953098309e-01 -1.663145266743958628e-01 -6.804407337737783390e-01 -2.254238578269547877e-01
1.151491009901693507e+00 -4.031860457099990525e-01 9.112196182708741654e-01 -9.276813662140259709e-01 -1.086445165848130140e-01 -8.904389630614034656e-01 -4.765039329414363367e-01
1.210212845089523315e+00 -4.990696416340941188e-01 7.995378476762260433e-01 -9.148844381773356682e-01 -4.072479398969205272e-02 -9.484475609774045690e-01 -6.050673597978156737e-01
1.047089781355316385e+00 -4.850164754429540648e-01 5.679465264145434622e-01 -7.459649758285344934e-01 -4.454392773851838239e-03 -8.473598984916521637e-01 -5.456577576556667086e-01
7.103584766137752693e-01 -3.708458209621390278e-01 2.968693786672598756e-01 -5.247838974852909733e-01 9.599900750825901856e-04 -6.150618492028896434e-01 -3.132530441373926333e-01
3.062068365925293967e-01 -2.319199491729886098e-01 7.372086385155289523e-02 -3.616945312615116870e-01 2.085007737640039594e-03 -3.075596826320174393e-01 1.477150484600879034e-02
-4.367609336154699984e-02 -1.482861320264847460e-01 -4.450356858402139404e-02 -3.068909339203402808e-01 1.892957331957118711e-03 2.120730655612920214e-03 3.522601994212528620e-01
-2.636102223378808951e-01 -1.496675000974103664e-01 -3.980762478684831546e-02 -3.297131414935020599e-01 -2.179022233328813465e-02 2.542500483714430493e-01 6.318460499775946371e-01
-3.380653371135691199e-01 -2.361623951129614707e-01 8.394700916931660539e-02 -3.857793431795895622e-01 -6.672500342094285497e-02 4.242666614502989542e-01 7.976029151574535181e-01
-2.899307391839290871e-01 -4.042922698569950679e-01 2.903737130076946005e-01 -4.736641559087922393e-01 -1.147692786348554483e-01 5.125363439684066380e-01 8.330935743733109966e-01
-1.582632810411076785e-01 -6.213697332609999791e-01 5.141137262760047122e-01 -6.101056330308834985e-01 -1.518766646350309668e-01 5.186932045795408230e-01 7.473972205199254093e-01
2.957939962682884852e-02 -8.295687447054600483e-01 7.057755641317037254e-01 -7.999710279606171426e-01 -1.402602440191964561e-01 4.260498948241056572e-01 5.214748098500150419e-01
2.605289556388366567e-01 -9.893784095646235288e-01 8.393666326354078944e-01 -1.044479228104067570e+00 -5.097420232213207419e-02 2.193276657467454205e-01 1.657227921859262820e-01
5.227444822961336834e-01 -1.083925274128769489e+00 8.950684143514092694e-01 -1.337824092087528838e+00 7.823191298720051645e-02 -8.328952122033812799e-02 -2.377262512889099511e-01
8.130802421718870132e-01 -1.107673183407306139e+00 8.681844965166647388e-01 -1.645763919773547412e+00 1.754791447889008094e-01 -4.287882950861697240e-01 -6.097107344459519185e-01
1.130678335664509593e+00 -1.078825112228257055e+00 7.720430425364993576e-01 -1.899241388753111659e+00 1.840436305542496598e-01 -7.556130797326964244e-01 -8.942881667842792481e-01
1.458245293286971389e+00 -1.038764833067440385e+00 6.326381494411051909e-01 -2.023350074558545764e+00 7.941435470598647017e-02 -1.017076012022319453e+00 -1.045680836973243322e+00
1.767249598565303170e+00 -1.023602178007427144e+00 4.788191460277911871e-01 -1.978545372983849582e+00 -1.246249615545616113e-01 -1.189216790429268755e+00 -1.061575104249506296e+00
2.021693399720438045e+00 -1.029808886252364442e+00 3.106849014880753712e-01 -1.758711273700711564e+00 -4.065059868180571634e-01 -1.267270473144719301e+00 -9.671541221911105213e-01
2.178821284137599346e+00 -1.014537591842499475e+00 1.018643861066663575e-01 -1.373422121019576059e+00 -7.552741972506609169e-01 -1.260990443648612569e+00 -7.818324188766667682e-01
2.210748966105261726e+00 -9.451864412689054973e-01 -1.522833709106672095e-01 -8.613808824699934474e-01 -1.144020817551875124e+00 -1.190936621013160446e+00 -5.262237906119252573e-01
2.111333071050460752e+00 -8.274634220117432770e-01 -4.224924305321844931e-01 -2.950900944797762993e-01 -1.532258780794962139e+00 -1.080373036526295127e+00 -2.079655762602871660e-01
1.879114004454579323e+00 -6.787829740192038441e-01 -6.662671948770559904e-01 2.382954408771521815e-01 -1.885909310253586213e+00 -9.483182557026531567e-01 1.773678439720598188e-01
1.517495462697961539e+00 -5.060335384182675922e-01 -8.422369502306460420e-01 6.577710088996513438e-01 -2.170485847283029734e+00 -8.110754987776943592e-01 6.085634186066336548e-01
1.040643552770087021e+00 -3.033645598591524495e-01 -9.344802117186572499e-01 9.227069641469649586e-01 -2.362619999808886817e+00 -6.804822792858704616e-01 1.047795164719130367e+00
4.679938200355414635e-01 -5.918896075219168967e-02 -9.548105627065096579e-01 1.048862046802786496e+00 -2.458936692765886001e+00 -5.540070492149580250e-01 1.459322615761700304e+00
-1.671029611577015961e-01 2.176785989068236449e-01 -9.130969728186506540e-01 1.064178642989972667e+00 -2.445215282421753678e+00 -4.160065057489278351e-01 1.789321414044172220e+00
-8.115911424175321631e-01 4.963294537010891627e-01 -8.258854491209701720e-01 9.746540415359451481e-01 -2.301822994602851224e+00 -2.541811706255851511e-01 1.982964038615575131e+00
-1.408370144148014091e+00 7.591578765442918986e-01 -7.330618871674458026e-01 7.913071100207211828e-01 -2.036629763287062023e+00 -6.729403338917032407e-02 2.011092756535946435e+00
-1.896443148025490411e+00 1.003461677547867303e+00 -6.614589835247683958e-01 5.504342986964106954e-01 -1.667077995906838250e+00 1.414307121412362311e-01 1.843295812287507829e+00
-2.208354223846743292e+00 1.215532173389292980e+00 -6.048757677400685706e-01 3.016048514540072278e-01 -1.204806064350225192e+00 3.691619943650186197e-01 1.451402628049617949e+00
-2.299274060143353449e+00 1.371420181260622151e+00 -5.438741198942546040e-01 9.110009838668858828e-02 -6.713806550768022241e-01 6.149863438050020559e-01 8.543063332664986298e-01
-2.170833787685666483e+00 1.442419325074902448e+00 -4.529256166328160527e-01 -6.587639344501698691e-02 -9.031043972996008473e-02 8.757961059204453225e-01 1.259492169099906689e-01
-1.867951050438863003e+00 1.400136847459890976e+00 -3.153943859479100831e-01 -1.929633344273031237e-01 5.168411806924606555e-01 1.133554399695225978e+00 -6.180001164289408155e-01
-1.464704374756247374e+00 1.238431873217541668e+00 -1.426005518588706333e-01 -3.164251667687963399e-01 1.114010968582274552e+00 1.352282078412057498e+00 -1.244136687558388132e+00
-1.037686945644968883e+00 9.759376912538797466e-01 4.514246721995559403e-02 -4.391941844697362929e-01 1.656224408039601359e+00 1.491968031310072051e+00 -1.646676420980848210e+00
-6.438298249554696984e-01 6.415375010695560931e-01 2.382876731661951741e-01 -5.415742710618917100e-01 2.092674340900683383e+00 1.523373469199196029e+00 -1.771647276862694298e+00
-3.211187516741418890e-01 2.715924073732974287e-01 4.268550113392166612e-01 -6.048182765913595604e-01 2.362585423910127602e+00 1.427493599573169902e+00 -1.613345135768061045e+00
-8.913236804583325734e-02 -1.082756868341152867e-01 5.926886894735343692e-01 -6.561925050393137004e-01 2.424109360408155833e+00 1.188962245548581764e+00 -1.203167723689282598e+00
5.453014450500924537e-02 -4.980921574481098624e-01 7.237849457673249942e-01 -7.535784775711329431e-01 2.273908162571755209e+00 8.134864884175546651e-01 -5.880352152613377292e-01
1.256424328533029267e-01 -9.002494446215966173e-01 8.369059138144488985e-01 -9.215205707366924681e-01 1.935505390053130492e+00 3.517267784752237669e-01 1.722898195127992582e-01
1.479346728591612592e-01 -1.305187704407375193e+00 9.756414974429031828e-01 -1.152481575941763037e+00 1.460359062383222550e+00 -1.140395312762391838e-01 9.850697220519498698e-01
1.557401524744490562e-01 -1.691728425710981920e+00 1.167884893329675267e+00 -1.436416626515158557e+00 9.234013256281917714e-01 -5.109390131708693161e-01 1.727883546282350524e+00
1.828228025302666981e-01 -2.016846682499997545e+00 1.399899556456640992e+00 -1.756034368175744653e+00 3.972792982398918871e-01 -8.035890014418988203e-01 2.281432243905630042e+00
2.427372752975254233e-01 -2.228024858877784453e+00 1.640139588860289432e+00 -2.084357435547036008e+00 -5.899577498623518462e-02 -9.882758929819379645e-01 2.570210877858837062e+00
3.290145422211520621e-01 -2.295122963290114892e+00 1.860971047305227222e+00 -2.384826770697451970e+00 -4.012190327916124177e-01 -1.071928912853639337e+00 2.585561247417149655e+00
4.266374942159840145e-01 -2.214288876235459558e+00 2.033187946484001696e+00 -2.605394290085691900e+00 -6.153257088009030928e-01 -1.062240227483472577e+00 2.374358930917430222e+00
5.138433990341479962e-01 -1.988988072312138033e+00 2.123761147798190585e+00 -2.694416666169438201e+00 -7.229885809877364400e-01 -9.667070604206183804e-01 2.007877217397446845e+00
5.679271074759305593e-01 -1.628890160277840060e+00 2.104538358526539810e+00 -2.627115912713617440e+00 -7.539832178615094582e-01 -7.972280423889506196e-01 1.555223959129766520e+00
5.711356217680735314e-01 -1.158968318937578568e+00 1.946057320026399307e+00 -2.406621011662014364e+00 -7.162327602116979053e-01 -5.806142053293438243e-01 1.070868300022964403e+00
5.070924861200257761e-01 -6.186396922358099459e-01 1.620239584463182059e+00 -2.056899578087861169e+00 -5.865351878506731564e-01 -3.548471841632152568e-01 5.826879301823133517e-01
3.736554299083125752e-01 -6.972935913860339729e-02 1.141714227202910381e+00 -1.631780852364919099e+00 -3.219699254924964227e-01 -1.452029900081805158e-01 8.958269075924461811e-02
2.034021999342990605e-01 4.062035493254593232e-01 5.837025154834045715e-01 -1.198244338667995068e+00 9.473567269927073153e-02 4.690940251028312413e-02 -4.107022040580967648e-01
4.548527030032718799e-02 7.489852159757960370e-01 3.266085194871883035e-02 -7.920311996185438463e-01 6.120220463540483324e-01 2.295733279975086527e-01 -8.898405606854778993e-01
-7.173386719386518062e-02 9.448048806943073474e-01 -4.476939659764902490e-01 -4.148590933090366972e-01 1.134328823996004321e+00 4.066728716418395173e-01 -1.295471903770556654e+00
-1.423059396336195104e-01 9.984283541286432806e-01 -8.156440144231409395e-01 -6.463694390820426405e-02 1.577847545734749835e+00 5.764950501334251687e-01 -1.579732260764258545e+00
-1.694119099208610812e-01 9.106292944043606896e-01 -1.062438972476657417e+00 2.608649013890495527e-01 1.876730396553060398e+00 7.331349181665040016e-01 -1.694871952313780294e+00
-1.670256858186192073e-01 6.943023180323979471e-01 -1.217116020461179726e+00 5.686707718087364860e-01 1.968884691975958612e+00 8.698800052361984614e-01 -1.588447476980918927e+00
-1.548642237137912159e-01 3.832272737438067733e-01 -1.310513049574087319e+00 8.486819999139680881e-01 1.828565307146143626e+00 9.833986433953338935e-01 -1.253385785592108670e+00
-1.455169507028220011e-01 1.706696336791238208e-02 -1.348743137105403278e+00 1.058869496931557741e+00 1.508564069578453903e+00 1.071461066195978029e+00 -7.729105541922637324e-01
-1.379777117758159144e-01 -3.604981987791986420e-01 -1.313915338812647660e+00 1.154397652975317268e+00 1.118163606172001723e+00 1.135142086285490182e+00 -3.010008791754533730e-01
-1.191663465928353149e-01 -6.926497003547531506e-01 -1.162537675121617653e+00 1.124586492991517472e+00 7.633216290933795278e-01 1.189281311825744147e+00 -3.765537429014322555e-03
-7.788769589191643639e-02 -9.252109915490448477e-01 -8.494586464810615078e-01 9.872788255554808545e-01 5.147605515258986131e-01 1.256120551960762999e+00 1.305790469144490172e-02
-2.055444863618691512e-02 -1.024959604820715020e+00 -3.879327932514178845e-01 7.740053416144835330e-01 3.974634740493674379e-01 1.342505530777959866e+00 -2.472997401544295704e-01
3.449377469403003271e-02 -9.721845751663726887e-01 1.378951664344600925e-01 5.447602473668149425e-01 3.855208999217747956e-01 1.435222608239387965e+00 -6.973350860111194871e-01
7.098744604041082318e-02 -7.720286940277290011e-01 6.347160384698896651e-01 3.758267962516690930e-01 4.316162354870143880e-01 1.516452677709738905e+00 -1.216437993889697866e+00
7.276717266731527745e-02 -4.771253043080537215e-01 1.035336265466058281e+00 3.064954908317125137e-01 5.098799777135761824e-01 1.567567006479201108e+00 -1.670731809311916782e+00
1.945731803805081719e-02 -1.579969676133613776e-01 1.277830435282580002e+00 3.319092146379036268e-01 6.020360169514094029e-01 1.566115689873239347e+00 -1.928524697343487748e+00
-1.107623398166830281e-01 1.468747622032287314e-01 1.307383269981565732e+00 4.408970227049372470e-01 6.665507568338512323e-01 1.495879220978283408e+00 -1.896365359367670811e+00
-3.312186112634338264e-01 4.343552881763172446e-01 1.113069610994326775e+00 6.126514119298079875e-01 6.728008633397015714e-01 1.352166652756262133e+00 -1.568066536080385598e+00
-6.286129443187739030e-01 7.041138364149855944e-01 7.365943639047042302e-01 7.930627953352977766e-01 6.341655450210171852e-01 1.138106053260921069e+00 -1.031534525618379883e+00
-9.614819242483687578e-01 9.414197762560648775e-01 2.401109895521978677e-01 9.225802036360433167e-01 5.720771434427529556e-01 8.743005435456677743e-01 -4.079117734451355171e-01
-1.279440026636259553e+00 1.126721013184431186e+00 -3.054690254824103945e-01 9.801914053074393118e-01 4.918807626138613220e-01 6.139563998797218369e-01 1.889329643400081693e-01
-1.537744924774900657e+00 1.240755571756757325e+00 -8.003623066883481796e-01 9.738941690473158497e-01 4.135391595215425209e-01 4.309160184965704077e-01 6.448564797940627980e-01
-1.705645757913822669e+00 1.262042938745068454e+00 -1.134981407298002454e+00 9.049508833293179455e-01 3.812173999130615831e-01 3.813803580469550258e-01 8.691808649082748417e-01
-1.774303539086618420e+00 1.175924525752515049e+00 -1.249711779525673805e+00 7.716947988966408323e-01 4.217227424785408019e-01 4.812697108898330023e-01 8.517127115911135027e-01
-1.754745087858604835e+00 9.881767078190977216e-01 -1.152764060581630501e+00 5.880854316561714423e-01 5.211176268986000837e-01 7.115591297417389605e-01 6.629774903114096229e-01
-1.658928601799156466e+00 7.284660919650716160e-01 -8.772258283359477549e-01 3.665580231592978078e-01 6.544047530887033837e-01 1.021924212233747298e+00 3.794776124172302145e-01
-1.479755894417487561e+00 4.510627134454308074e-01 -4.525477358450220033e-01 1.137946310657863003e-01 8.051097145688000944e-01 1.331540078452224884e+00 3.060909076573306922e-02
-1.204908437137161670e+00 2.319877165497576388e-01 7.000801036995095428e-02 -1.396564206002924025e-01 9.490526663287973674e-01 1.548745477407637461e+00 -3.747384987128358769e-01
-8.543232516955433509e-01 1.288578140303914543e-01 6.081836468135806140e-01 -3.509738389311591877e-01 1.059557384364441690e+00 1.603655521589274935e+00 -7.973387257923910676e-01
-4.814297685752793599e-01 1.279146341884705995e-01 1.091453847769830565e+00 -4.982505263097470327e-01 1.128779738444983360e+00 1.467133260628551206e+00 -1.156351865270084156e+00
-1.431424633340712960e-01 1.623064549856456373e-01 1.478810967297657042e+00 -5.708258351537729425e-01 1.156581512018356683e+00 1.142925205538910971e+00 -1.355917772510472741e+00
1.170955871009057847e-01 1.814067131641865505e-01 1.734307179732736737e+00 -5.643654531282273901e-01 1.134305747268410824e+00 6.538924028613487538e-01 -1.325924927827782929e+00
2.828116819274933413e-01 1.711478653390004767e-01 1.828040305533328747e+00 -4.999576444883373494e-01 1.052463227365881826e+00 4.074005634664016468e-02 -1.047626683421802651e+00
3.717502719855892979e-01 1.298016600184023761e-01 1.753291382986925440e+00 -4.110976905777162238e-01 9.041989288197923580e-01 -6.417439871821303266e-01 -5.465584452565361850e-01
4.236436398143901272e-01 5.984240531447918704e-02 1.529747863920193796e+00 -3.143433476394374426e-01 6.884044051652674634e-01 -1.333614406012062714e+00 9.927029262604616933e-02
4.853157637067935237e-01 -3.946775939582696652e-02 1.214736264213991168e+00 -2.214175106028156981e-01 4.313664050023899854e-01 -1.971206975397292505e+00 7.437839917590277627e-01
5.904456892210692143e-01 -1.781409951355576726e-01 8.814076186569052007e-01 -1.575042895655161812e-01 1.715002183257737511e-01 -2.493474720146364731e+00 1.244903364541166013e+00
7.444516282195436929e-01 -3.536927779036794783e-01 5.636351195814701676e-01 -1.411450140784448470e-01 -9.066806992837105061e-02 -2.857971287936943217e+00 1.555269765708962915e+00
9.397454810654899404e-01 -5.473861217084265984e-01 2.715367894580090202e-01 -1.794929488083187863e-01 -3.741943923823024543e-01 -3.047434684571617591e+00 1.689227503604639802e+00
1.169243240019646191e+00 -7.458601179326910247e-01 3.731928931672193889e-02 -2.842598129696862763e-01 -6.638129649945530009e-01 -3.066957699152200956e+00 1.656313565648993569e+00
1.409821763635842551e+00 -9.379526046991450983e-01 -1.058753578723144184e-01 -4.491527463866605840e-01 -9.256648546878519790e-01 -2.938400237146952865e+00 1.483897485391199700e+00
1.615500928049648621e+00 -1.107882585017796018e+00 -1.451749680866864511e-01 -6.279789458745306252e-01 -1.148756920381437174e+00 -2.690903984665115267e+00 1.248718750458238214e+00
1.741345718246273711e+00 -1.239385144131661676e+00 -7.403128519800104834e-02 -7.619934322428242313e-01 -1.344834683050497803e+00 -2.360225902781588836e+00 1.041453312179229096e+00
1.763464964629226639e+00 -1.310236855284460544e+00 1.000976837001424091e-01 -8.102866742889780483e-01 -1.524119608503657242e+00 -1.994143819409758933e+00 9.138806775622714262e-01
1.680845664226976899e+00 -1.305146154456301444e+00 3.505604393676999830e-01 -7.539596772783223599e-01 -1.668125397522715936e+00 -1.640651297979859979e+00 8.565416281359564676e-01
1.511578959198157435e+00 -1.230036334250995234e+00 6.369275281567920999e-01 -5.850958052505986773e-01 -1.737645909921016640e+00 -1.331689948453539829e+00 8.272448269320608061e-01
1.284958010537917694e+00 -1.084953774481849376e+00 8.832101274821000381e-01 -3.015733262496644862e-01 -1.727619180001984667e+00 -1.092916017506953663e+00 8.123903568676504872e-01
1.030464636120535848e+00 -8.496376322828448346e-01 9.841311315832914630e-01 6.325471278832069111e-02 -1.677748084016904784e+00 -9.601704676323945531e-01 8.333350787640156909e-01
7.751980768621974383e-01 -5.144691593773514926e-01 8.694374169576698508e-01 4.194298168943749183e-01 -1.618860870450015366e+00 -9.625969868990733591e-01 8.884665242275575636e-01
5.507258212374986917e-01 -9.741181571691710783e-02 5.496842702590587493e-01 6.738426869642407668e-01 -1.550096299313310277e+00 -1.088524520088414604e+00 9.249864183130270812e-01
3.880141672459362923e-01 3.717879054543893891e-01 9.979806207299135590e-02 7.999391867956696656e-01 -1.459014360358727780e+00 -1.282813160202931790e+00 8.691703584385277459e-01
2.979790691474104025e-01 8.579959752707380094e-01 -3.828569128814260369e-01 8.323619360286762525e-01 -1.331760853600535643e+00 -1.476795391451166228e+00 6.703095732444532828e-01
2.607961815929970006e-01 1.316027887804988472e+00 -8.107310462242900417e-01 8.208716796298539675e-01 -1.156834478086215867e+00 -1.613797276917150247e+00 3.335186750680487200e-01
2.354482519377658345e-01 1.698217757368707392e+00 -1.124804553370758464e+00 8.090473687212025311e-01 -9.352467077310246957e-01 -1.653033140215544483e+00 -7.531902313104951729e-02
1.830407453876806423e-01 1.958852571022737576e+00 -1.286850266684742561e+00 8.228065128778694337e-01 -6.729904436204769969e-01 -1.563324179564828720e+00 -4.696864951264050903e-01
8.111074708234712605e-02 2.054295642105508968e+00 -1.270093584834240064e+00 8.597089152160916070e-01 -3.665027851559063965e-01 -1.332297302607279965e+00 -7.791649495180774654e-01
-7.677267574433864483e-02 1.961398996427041963e+00 -1.083903759948724010e+00 9.043360263633407614e-01 -1.575566971327529292e-02 -9.866648099479718992e-01 -9.495095285670110963e-01
-2.739065677508652485e-01 1.692731789018242061e+00 -7.725381930287138488e-01 9.489424113246001102e-01 3.619020373460175577e-01 -5.810384403661685848e-01 -9.627581545523872242e-01
-4.669170709158420585e-01 1.286260191059027891e+00 -3.704724785062227244e-01 9.811628223110760993e-01 7.444254030721518811e-01 -1.617406869618152332e-01 -8.673875613998996981e-01
-6.153153560892036245e-01 7.892934544252880880e-01 9.316976558163711508e-02 9.666660385894905172e-01 1.106382424769842387e+00 2.448600074935877446e-01 -7.287816051191748912e-01
-7.094138848167491629e-01 2.584656495690069722e-01 5.520694518279473106e-01 8.835047255222477913e-01 1.398501397977027771e+00 6.186448165217055539e-01 -5.553732879485008267e-01
-7.555018295235202963e-01 -2.299092994374946075e-01 9.156140449429277517e-01 7.713913758247293861e-01 1.558542770621408335e+00 9.377315667374945818e-01 -3.290082198805372449e-01
-7.589129047490366098e-01 -5.952090644564475008e-01 1.121024862193516158e+00 7.032708506270097804e-01 1.562666979887484375e+00 1.183067747839777084e+00 -7.554745880179283835e-02
-7.334165002962492741e-01 -7.872452003401317899e-01 1.154495592637568402e+00 7.149397071216125887e-01 1.445550785716660069e+00 1.340449492287386413e+00 1.446734576458829358e-01
-6.997844575505294262e-01 -7.858587933095598776e-01 1.030388762684182336e+00 7.936157972205279965e-01 1.253248551305580660e+00 1.393772794958110239e+00 2.869629672808995946e-01
-6.664321044357650603e-01 -5.887982995599002622e-01 7.691608521211910077e-01 9.086323388277686153e-01 1.001884110889089685e+00 1.333761848879324807e+00 3.368914219727810466e-01
-6.228479004298486110e-01 -2.390545094386172797e-01 4.067622150901227251e-01 1.025504686528771803e+00 6.997899702185856885e-01 1.186864275676208003e+00 3.003526859796663562e-01
-5.498240066504106460e-01 1.609269958007982781e-01 4.679159226341308118e-03 1.109909538587754874e+00 3.741808977427165117e-01 1.012711596800863978e+00 2.061652638347153121e-01
-4.342974017118848562e-01 5.012514776185166276e-01 -3.774908383628883257e-01 1.142488755007228241e+00 5.236210002530832658e-02 8.570067684637424632e-01 1.082874668066538815e-01
-2.753045906626263029e-01 7.218219427745465877e-01 -6.978812459286055647e-01 1.124772146727155420e+00 -2.445077883600513535e-01 7.256536207010656492e-01 4.032412280936843729e-02
-7.471431404283260247e-02 8.061399795454758932e-01 -9.015127449989348563e-01 1.053530097210319427e+00 -4.659195215451615302e-01 6.083533686226856307e-01 -4.311380108297790253e-02
1.659386879833359696e-01 7.499753703702726204e-01 -9.240658070299789806e-01 9.031951103204670650e-01 -5.402162463713718887e-01 5.010288299537557499e-01 -2.301141533449312937e-01
4.341886075604262096e-01 5.650696720379155824e-01 -7.585360450385302267e-01 6.654095924039036269e-01 -4.547866347718265145e-01 4.001339257455474030e-01 -5.419467866989100546e-01
7.017599616530497686e-01 2.925012383740124289e-01 -4.774100858743944853e-01 3.904761980877394789e-01 -2.860826109372625603e-01 2.991986368364129567e-01 -9.030136792830467662e-01
9.349657299092519747e-01 -1.051135796528883393e-02 -1.696148396123228763e-01 1.490596727348463268e-01 -1.208994790330767538e-01 1.967228288978144224e-01 -1.227911080671549415e+00
1.107604510164152289e+00 -2.862407396526673864e-01 1.022649298047887123e-01 -2.583772703834505066e-02 2.644088373114033327e-03 9.655494428425868969e-02 -1.485512775615126069e+00
1.199271163806529872e+00 -4.769103522476655366e-01 2.710054320911708392e-01 -1.272501845423829325e-01 6.090768466409252763e-02 3.821329965909341705e-03 -1.659989678046905448e+00
1.187803703166254943e+00 -5.358584459718821469e-01 2.540520477140765787e-01 -1.446291500112488193e-01 2.074517948348794313e-02 -7.237606187454380391e-02 -1.711685875498982545e+00
1.057336754736288853e+00 -4.579494520878729102e-01 1.478787920167871396e-02 -7.903341244021136469e-02 -1.185915868557960856e-01 -1.130015449142618561e-01 -1.610519009904383347e+00
8.087028043850122971e-01 -2.886379640663995771e-01 -3.910647242702777748e-01 3.770496263878708731e-02 -2.933723627271772050e-01 -9.411683018081447305e-02 -1.370997568135301492e+00
4.602629354338099166e-01 -8.761781573805313417e-02 -8.482385430827685813e-01 1.629698649618719630e-01 -4.083877818470346699e-01 -6.818372524637190957e-03 -1.039581604316063279e+00
5.166780929275686940e-02 1.064090384306420611e-01 -1.241422012378519568e+00 2.641606903528215811e-01 -3.924255287422277472e-01 1.321494183437955383e-01 -6.729523818079200526e-01
-3.639778662211900495e-01 2.666692049746406945e-01 -1.478182729890799019e+00 3.023122674984485281e-01 -2.155392374237802000e-01 2.949967033410824113e-01 -3.276913293861251630e-01
-7.464611387692332567e-01 3.633023348957189480e-01 -1.502899659166709867e+00 2.402803782517717868e-01 1.046771849742099275e-01 4.626895397775323548e-01 -3.454948237804592731e-02
-1.075825529476923226e+00 3.818331526536018483e-01 -1.328145796123995526e+00 1.024110669427884396e-01 4.824486322801507798e-01 6.287355052144019130e-01 2.225965053147123396e-01
-1.329844727377026636e+00 3.339237243061999871e-01 -1.018294955667159218e+00 -2.567763471373964504e-02 7.995130806112615840e-01 7.903964656697671787e-01 4.644068958662002089e-01
-1.470997004866344104e+00 2.339326126530905658e-01 -6.308034869446483839e-01 -8.761766997260689305e-02 9.884040626863886958e-01 9.382529102268357679e-01 6.591665156042582074e-01
-1.463915138740347066e+00 8.721179851353380585e-02 -2.196719955213710940e-01 -9.798918275703383252e-02 1.044747222833198208e+00 1.048040187717757643e+00 7.492098457892037988e-01
-1.298620973021907599e+00 -9.837118321207181937e-02 1.265670773532081850e-01 -9.263480029900161838e-02 9.777609578035520999e-01 1.086199495979728535e+00 7.164601302976086883e-01
-1.000401820780931983e+00 -3.105139873911071935e-01 3.116005248346238043e-01 -9.898326791059701424e-02 8.020217849273819644e-01 1.032865403261877146e+00 5.920139325704837363e-01
-6.262630315210423460e-01 -5.339487837999816744e-01 2.835260388231284345e-01 -1.480227987060984685e-01 5.571395907641918388e-01 8.952838673379629464e-01 4.237076834963415806e-01
-2.454810760670978753e-01 -7.364410800235405841e-01 4.081902930819649583e-02 -2.542170097502214343e-01 2.880262461444954569e-01 7.004729185543737691e-01 2.513671710765207346e-01
8.098470374875467448e-02 -8.600185120361379942e-01 -3.673421385723518173e-01 -3.747944412809031123e-01 1.624624254357780878e-02 4.925509545864020788e-01 9.604437925632069994e-02
3.070920082125551676e-01 -8.428790806504800059e-01 -8.021834761937811642e-01 -4.294052122493526857e-01 -2.321478914346088995e-01 3.297230038095853022e-01 -5.162994813058190136e-02
4.010016296468421615e-01 -6.435155329099947474e-01 -1.057669445851824541e+00 -3.609981230477640191e-01 -4.022005841726097319e-01 2.455724265912075377e-01 -2.224872181361121082e-01
3.373594949277222699e-01 -2.426385723559448260e-01 -1.028957106785087783e+00 -1.431294736384928490e-01 -4.722129574916941741e-01 2.164375538825219769e-01 -3.981840542099648883e-01
1.018455700037841777e-01 3.254118019253573468e-01 -8.164307585118255606e-01 2.242062854316191622e-01 -4.848093287192080658e-01 2.071222278015598384e-01 -4.743453964218500296e-01
-2.751998922293527605e-01 9.181316545537152596e-01 -5.776585413940891200e-01 6.628150194517234972e-01 -4.551739368079167347e-01 2.313598120206838971e-01 -3.702776090095381001e-01
-6.953324180302269397e-01 1.317887877504403615e+00 -3.689813564723915529e-01 1.004933064104852170e+00 -3.270537407147536269e-01 3.189783842742731079e-01 -1.381341395192030586e-01
-1.013834374129901850e+00 1.364054493615932673e+00 -1.916939918555166655e-01 1.089503636700513312e+00 -7.179612431486805113e-02 4.409101531159356768e-01 9.244169726595174996e-02
-1.105078475263266746e+00 1.050981551402026426e+00 -8.080619073881337155e-02 8.722199467398089601e-01 2.300760915469043932e-01 5.132679893498932611e-01 2.379317018334115019e-01
-9.255100562474610770e-01 4.936584640660457435e-01 -8.461394270756733560e-02 4.252448433928955329e-01 4.440031510515717872e-01 4.662299621998562404e-01 3.026826950803672700e-01
-5.142580898568709369e-01 -1.639173774095523395e-01 -2.040117555213142864e-01 -1.423800387063152151e-01 4.864625333765861814e-01 2.805147128087192021e-01 3.217099472602624188e-01
4.272176931100805236e-02 -7.743023278020337852e-01 -3.889281747627995611e-01 -7.021380197362553366e-01 3.419903128980490425e-01 -2.228053227350253185e-02 3.048383619373112308e-01
6.322921606301159514e-01 -1.192506265306948254e+00 -5.788615580018617868e-01 -1.095487323714355199e+00 1.467693643886839629e-02 -3.885070106667758982e-01 2.628864171829249918e-01
1.137427594394496255e+00 -1.339235041926335246e+00 -7.216075852648006217e-01 -1.220788637671707866e+00 -4.573656619758944553e-01 -7.382433611893288727e-01 2.323049868231110981e-01
1.473395896422724727e+00 -1.235146110540901399e+00 -7.704391159810812795e-01 -1.114678411332913566e+00 -9.539707626891072989e-01 -9.961805220085435675e-01 2.276239159346676033e-01
1.602022941476596740e+00 -9.541721476180181627e-01 -6.988962609151619931e-01 -8.887069674370293715e-01 -1.317229314098014248e+00 -1.127467901199171507e+00 2.216780223639911451e-01
1.526217965827094014e+00 -5.870418494482227967e-01 -5.052537757429532705e-01 -6.300678547599918300e-01 -1.426771789929361933e+00 -1.131165056678680614e+00 1.708846175435933534e-01
1.282127636698630502e+00 -2.328486858440644292e-01 -2.012163093944277781e-01 -3.817280830093964794e-01 -1.221605314934193887e+00 -1.013294507836826730e+00 2.661047977715843768e-02
9.210799080052620713e-01 3.537394249035667737e-02 1.568324345960100119e-01 -1.571017495711528877e-01 -7.368789046881812910e-01 -7.909689967332430571e-01 -2.061725383882977158e-01
4.905915991253644304e-01 1.982571871458323753e-01 4.559754941632045422e-01 4.298942501672521621e-02 -1.166774704030505566e-01 -5.008619545354385805e-01 -4.284878749095854533e-01
3.370769901838381599e-02 2.759362121075497609e-01 6.100419922156732344e-01 2.077870002884391332e-01 4.801615730718290509e-01 -1.772550583830078685e-01 -5.503055418592468495e-01
-4.100208821178880636e-01 3.090477441414686277e-01 6.229958706124478773e-01 3.270377807855420760e-01 9.550921398527233430e-01 1.650739685255321054e-01 -5.714308625552951826e-01
-8.174446255720511090e-01 3.515382860423423850e-01 5.526916377223887178e-01 4.299226614938583824e-01 1.249293193576823002e+00 5.165930525444760724e-01 -5.216277209181753305e-01
-1.181190740103856829e+00 4.455978566790100848e-01 4.605572215304957195e-01 5.596259784167987306e-01 1.341005937471262621e+00 8.516714896658200695e-01 -4.167883332483429126e-01
-1.491051468452683659e+00 5.839192795314687157e-01 3.989391850010005625e-01 6.999331235763018855e-01 1.270467124829967487e+00 1.131304312598049533e+00 -2.739863672532825145e-01
-1.732396798880397437e+00 7.183064000063058563e-01 3.993762810942230734e-01 7.805039791882785183e-01 1.114914539367260371e+00 1.322262202230231498e+00 -1.062582655529452913e-01
-1.895578592856320466e+00 8.130754111828076836e-01 4.441822926451247100e-01 7.456998700197370322e-01 9.391879557495697028e-01 1.403668291066012763e+00 8.269706805845893072e-02
-1.971898126783588223e+00 8.614252521506990945e-01 4.756828756863890062e-01 5.841951768885375040e-01 7.808313891186233757e-01 1.370749507612177620e+00 2.812337077301143018e-01
-1.955465852497950907e+00 8.516605476503549266e-01 4.575229154619870897e-01 3.109748060792669744e-01 6.722535133077246483e-01 1.250533902158932786e+00 4.593676512760748731e-01
-1.858798843920226540e+00 7.527942173120345526e-01 3.940753130012589200e-01 -4.245193945745333319e-02 6.394544646965408807e-01 1.101634678172936255e+00 5.948712675057432619e-01
-1.709271828068772425e+00 5.447758210020698932e-01 2.857502210697379641e-01 -4.174422444360669227e-01 6.659508597323572365e-01 9.806113726931042773e-01 7.049401341121303011e-01
-1.525518848339549205e+00 2.514992152998395958e-01 1.134776008961630028e-01 -7.380741416987702808e-01 6.966107406108134059e-01 9.046649238598101217e-01 8.202989695524395275e-01
-1.310956912949390318e+00 -5.862955297774911922e-02 -1.298445218965356696e-01 -9.430613375290985978e-01 6.790806615903807186e-01 8.427697464833985297e-01 9.369877264357572288e-01
-1.071461889858300154e+00 -3.031422741568501333e-01 -4.318809775391858063e-01 -9.986444395712182898e-01 5.760153190278743951e-01 7.387314292363552637e-01 1.031451464289995679e+00
-8.235245528141710292e-01 -4.317156889826839761e-01 -7.793514731037305410e-01 -8.887061122090574861e-01 3.538769175934340927e-01 5.535270114668233710e-01 1.112545011628201630e+00
-5.769737660155115355e-01 -4.520881260243252431e-01 -1.147792851816316295e+00 -6.193288468077401410e-01 -2.325569256049327994e-03 2.934663150642190521e-01 1.204583039465916272e+00
-3.273448763123154026e-01 -4.092818715641229343e-01 -1.480981288921340067e+00 -2.407955529116609927e-01 -4.587919022501845689e-01 1.641770932677576091e-03 1.286158795909364105e+00
-7.635119186469860320e-02 -3.525661346642484095e-01 -1.708210691385204649e+00 1.551519039095557717e-01 -9.419315812139088528e-01 -2.631823736540147562e-01 1.305595158879062856e+00
1.594224633646141309e-01 -3.236939871486488318e-01 -1.773592986785562653e+00 4.646668888603964764e-01 -1.370873911267060041e+00 -4.458718331806362789e-01 1.234942942036718394e+00
3.675555794809450272e-01 -3.518325683276242732e-01 -1.639147255597002140e+00 5.957272552062171656e-01 -1.667441310558336109e+00 -5.165100422763795329e-01 1.062449857025878908e+00
5.442393605027862069e-01 -4.373568444004862776e-01 -1.297702697449740539e+00 5.006029223738605038e-01 -1.775959380617739392e+00 -4.734414836832603335e-01 7.853073037144747692e-01
6.712351427154162886e-01 -5.373976217901099695e-01 -8.113408210522404795e-01 2.248449811631549333e-01 -1.697902447430722273e+00 -3.259341682565567444e-01 4.500747944200772510e-01
7.085749606712454796e-01 -5.897847347300100296e-01 -2.962176247234985516e-01 -9.830832315538674815e-02 -1.471974233885629646e+00 -8.911772419839755766e-02 1.481018472362628513e-01
6.186863621408771330e-01 -5.622954257215226903e-01 1.558421268413539285e-01 -3.331285891490188278e-01 -1.118950728261115080e+00 2.068202536588013563e-01 -5.373555339784139018e-02
3.917993685575872909e-01 -4.570927509440150804e-01 5.056881272167980113e-01 -4.099444118988635477e-01 -6.429206943284571096e-01 5.181154969421449819e-01 -1.539963108743108156e-01
5.217920551355131886e-02 -2.797409633210971025e-01 7.204785897134282635e-01 -3.284428960292845590e-01 -7.852199852172385419e-02 7.990874099035502054e-01 -1.897152667379671531e-01
-3.539667274790744278e-01 -4.677885412211117699e-02 7.583560170951161306e-01 -1.458413831240891745e-01 5.039016726988927442e-01 1.011804963098379417e+00 -1.885937634006446262e-01
-7.776050307941729800e-01 1.927159954454939761e-01 6.110563459243648632e-01 3.786407865754869151e-02 1.042310124482241918e+00 1.134319387767450893e+00 -1.559217207856560539e-01
-1.174522344346950131e+00 3.895051782192673340e-01 3.160824907343759427e-01 1.296790636308059741e-01 1.496192383773010670e+00 1.162919050806217269e+00 -9.604620843199923597e-02
-1.494123356104247291e+00 5.388526130789185187e-01 -7.912796833827785703e-02 1.094713493792720954e-01 1.811123688195923176e+00 1.103344354811403250e+00 -3.066836719396909966e-02
-1.673254480752542239e+00 6.679933447663839452e-01 -5.340696388851178256e-01 4.382879236986230581e-02 1.908679505928752684e+00 9.643453934971465413e-01 8.178204118166302813e-03
-1.660473544186517048e+00 7.881359279934047057e-01 -9.980790375312498242e-01 1.853292424257637142e-02 1.734364997725132751e+00 7.637046872466798364e-01 3.423002476226797656e-03
-1.450619150008494396e+00 8.674621183900115273e-01 -1.400875384345640740e+00 5.562266916202881356e-02 1.302426394608410254e+00 5.327327271929630514e-01 -2.301351909275130281e-02
-1.090025674221378527e+00 8.501378463500764981e-01 -1.679750640813694629e+00 1.078327488667999295e-01 6.776276076278336946e-01 3.051381371403400489e-01 -4.174966592556076696e-03
-6.534988783010942104e-01 6.955213843526570905e-01 -1.809280731098493300e+00 1.149836233675855107e-01 -6.311614323637060320e-02 1.036321921714358080e-01 1.438146209384805752e-01
-2.225755883573998506e-01 3.921350718223868270e-01 -1.777498075374401187e+00 2.667166490845544399e-02 -8.180412860364258965e-01 -6.100085314647856610e-02 4.646960913828728224e-01
1.297709875303218741e-01 -4.253401853930713350e-02 -1.558586960381303621e+00 -2.036877988994520994e-01 -1.456182947100758129e+00 -1.885276878928308364e-01 9.308526665079263074e-01
3.572087474830095144e-01 -5.525450111885555904e-01 -1.150792882009002538e+00 -5.788558077479788455e-01 -1.883939144994360548e+00 -2.892980498834274439e-01 1.467639956452676975e+00
4.542088701306957743e-01 -1.049192885696157429e+00 -6.105437016630216318e-01 -1.024408168640078776e+00 -2.083711835350781083e+00 -3.799566135925811494e-01 1.976894384158001117e+00
4.511128096652226582e-01 -1.441430517447412685e+00 -2.459625294726738159e-02 -1.439070362051330765e+00 -2.075102436651471205e+00 -4.755562475722019400e-01 2.347871637886377094e+00
3.886500896381354653e-01 -1.665110776341175880e+00 5.260985772561679319e-01 -1.757203681634015746e+00 -1.889075192144878290e+00 -5.775359759452053376e-01 2.501340432453954321e+00
2.963884712053798665e-01 -1.691743682574317953e+00 9.739102761230844507e-01 -1.949685157825903126e+00 -1.574482608185250321e+00 -6.706250392256672965e-01 2.420968329418632603e+00
1.966455998271111338e-01 -1.521652323813071916e+00 1.269591710356676728e+00 -2.002102686026592249e+00 -1.186456959759549568e+00 -7.343618293800230346e-01 2.120908642147498302e+00
1.176332378683421775e-01 -1.185475202434068231e+00 1.405359083549281296e+00 -1.910683621419425604e+00 -7.690670702580251206e-01 -7.448605604660427648e-01 1.616400104016168404e+00
8.722892276230961861e-02 -7.498749255598656793e-01 1.416976646237109394e+00 -1.677744523597647142e+00 -3.665228988328786408e-01 -6.706184215049200148e-01 9.546960220749615145e-01
1.134327018626370143e-01 -3.006341438933174959e-01 1.339035154954540063e+00 -1.308446567100304492e+00 -3.668457742520455506e-02 -4.943004876193384245e-01 2.462717181961710800e-01
1.778053505965081771e-01 8.434890688442593654e-02 1.174243607210424978e+00 -8.391235446636360340e-01 1.758734709418253439e-01 -2.428820874973348365e-01 -3.718868998945751292e-01
2.495015175419973419e-01 3.466286830156390941e-01 9.180350772239745938e-01 -3.616260999524419373e-01 2.722825243041326893e-01 1.991516742559982719e-02 -8.018559335947456068e-01
3.046827841776830748e-01 4.491794791562524480e-01 5.895315466556515505e-01 2.038893853571870085e-02 2.782577326671591966e-01 2.344851957294851741e-01 -9.972978575087735331e-01
3.350786723755249663e-01 3.867791124234666866e-01 2.302608614789295460e-01 2.612499281068950685e-01 2.156803991266229847e-01 3.702554516559479758e-01 -9.530796839190737169e-01
3.504066282834134571e-01 2.035104213880319091e-01 -1.032655970784415456e-01 3.746605099465348809e-01 1.285202471114590406e-01 4.149157908132837247e-01 -7.522271368787096790e-01
3.772488605657250971e-01 -1.598241443254388300e-02 -3.460506655952335642e-01 3.951447849631303799e-01 8.833135422779127277e-02 3.683052311031619341e-01 -5.710674250075853386e-01
4.417540881440246148e-01 -1.978135299270524228e-01 -4.519022042649433746e-01 3.742525491257380210e-01 1.290485845600667647e-01 2.548505761818789517e-01 -5.459043488372737896e-01
5.416352829712056671e-01 -3.252708301170517680e-01 -4.077966658399358457e-01 3.660603199127160368e-01 2.231433984523435166e-01 1.121573476806697472e-01 -6.688200483530722940e-01
6.389624790074219796e-01 -4.239512856026441678e-01 -2.135833194757869313e-01 3.838605693495261151e-01 3.334943399332422342e-01 -4.124533467286854022e-02 -8.422011913224046742e-01
6.934198920310514769e-01 -5.029499714685987666e-01 1.126749092404235736e-01 4.131448718598965675e-01 4.297964119028623853e-01 -2.162714579684972271e-01 -9.811111421567295654e-01
7.034349104936438168e-01 -5.278539175786907123e-01 4.997015225109914804e-01 4.648058077297243518e-01 4.627510064394340095e-01 -4.374297389129919722e-01 -1.053184989803187754e+00
7.124043026037688575e-01 -4.568076296203384956e-01 8.444529322045238873e-01 5.673850182639074147e-01 3.822258790830704300e-01 -7.196266374450634995e-01 -1.072582833304059458e+00
7.850582065730642434e-01 -2.847851895442968240e-01 1.085787489942503958e+00 7.092018101659726126e-01 1.910681575020273804e-01 -1.052250426675236383e+00 -1.096540511377636973e+00
9.714354537662889255e-01 -4.521798697716875731e-02 1.220460237554366500e+00 8.295944332748027561e-01 -5.054647433643926629e-02 -1.399434843047679067e+00 -1.198421146333543907e+00
1.272907845747289102e+00 2.109997167982197996e-01 1.249202481444924295e+00 8.737575651125096821e-01 -2.826380958249069542e-01 -1.717607423020487412e+00 -1.391763755793886892e+00
1.640046959109880520e+00 4.308888725345324522e-01 1.157787856844636920e+00 8.235989600714471726e-01 -4.813245702931751580e-01 -1.979212892767176157e+00 -1.598904219882550048e+00
2.004227223668010094e+00 5.762459933401384848e-01 9.545548671138825991e-01 6.793897681664009536e-01 -6.393603305886685906e-01 -2.180998468615086949e+00 -1.723754888694404519e+00
2.307538899143838584e+00 6.384917125193482201e-01 6.802614526496177927e-01 4.571494886938834434e-01 -7.494695193267152389e-01 -2.327947395492110605e+00 -1.727894053524803519e+00
2.509870738553428460e+00 6.255289718988222836e-01 3.760053045649505155e-01 2.031704856206306420e-01 -8.152949395738083860e-01 -2.408105341073345951e+00 -1.617485876676574286e+00
2.579233673171497987e+00 5.315790645039621953e-01 7.820219313516209303e-02 -2.710953235275107356e-02 -8.492216052741812238e-01 -2.388235241522278951e+00 -1.389787567815429892e+00
2.490115735130407071e+00 3.438368503240812335e-01 -1.571397863036237408e-01 -2.051008651103421732e-01 -8.529366537910468837e-01 -2.242032521194348593e+00 -1.032534527312798156e+00
2.238616983521368287e+00 8.455686414683950825e-02 -2.685342671893934940e-01 -3.200097670444800868e-01 -8.249337595635877207e-01 -1.976638728792520672e+00 -5.630671555186169686e-01
1.850187688062216562e+00 -1.764499759223989162e-01 -2.470521462249433975e-01 -3.352441661559054653e-01 -7.910089772328992019e-01 -1.627634248843101927e+00 -3.063118906352843562e-02
1.372707332254419654e+00 -3.593509523683395268e-01 -1.568318178781826777e-01 -1.910800016174470928e-01 -7.970710601603830936e-01 -1.239285870208906237e+00 5.040698015407805155e-01
8.623148867414168750e-01 -4.214688146907542565e-01 -7.220076699463930103e-02 1.290245997833565361e-01 -8.555792470201092348e-01 -8.476573193969054731e-01 9.680112490204900721e-01
3.644864909853937629e-01 -3.679669822452307226e-01 -1.533180157397396638e-02 5.635796265052760434e-01 -9.262333262096204001e-01 -4.700499464118877424e-01 1.284891061736792128e+00
-9.422472905341072735e-02 -2.220537947058793538e-01 1.397511142442007213e-02 1.013991595993114725e+00 -9.684459757959644755e-01 -1.120171811924644267e-01 1.416480422447732535e+00
-4.980677365185037786e-01 -5.215965717568377472e-03 -1.228205506641671593e-02 1.386905158385760117e+00 -9.796186683466914236e-01 2.137256650579859030e-01 1.387170157386949487e+00
-8.294006727489158237e-01 2.521237856040029479e-01 -1.159305069274493005e-01 1.591325198074973635e+00 -9.612135532411841821e-01 4.776161735793534868e-01 1.246133460716706942e+00
-1.058313053252858182e+00 5.085998506784715767e-01 -2.534893880651441500e-01 1.542589386077530156e+00 -8.913361487784222659e-01 6.413261082226640042e-01 1.013223482411505394e+00
-1.148508926869411306e+00 7.286955857057101360e-01 -3.451801791525322960e-01 1.211976660378666137e+00 -7.610369982009168588e-01 6.800352138607717034e-01 6.906600899456791787e-01
-1.086480182576265774e+00 8.876020526833970914e-01 -3.596729265944806908e-01 6.634371949662689616e-01 -6.038749273181437394e-01 5.978937811026648896e-01 3.232991153308488186e-01
-9.089667766622097078e-01 9.525914967072223183e-01 -3.270114526144883293e-01 1.061062230591237020e-02 -4.622731757150971288e-01 4.210873270595662521e-01 2.332495597529851694e-02
-6.960750946892160229e-01 8.794964868423662541e-01 -2.723641053407212520e-01 -6.513881220352633061e-01 -3.458251477051636491e-01 1.789357413787659168e-01 -7.888964853034040325e-02
-5.193518614668650724e-01 6.571696335106562703e-01 -1.926569888113744411e-01 -1.242248079376017111e+00 -2.515034978928586407e-01 -1.100275116100210143e-01 7.837944891453710317e-02
-3.895339272377912332e-01 3.365979225192479718e-01 -9.541418541552149080e-02 -1.666348383522250343e+00 -2.072798513393874220e-01 -4.268949741878573234e-01 4.529227410572754242e-01
-2.646509756967067029e-01 -8.406357983808909057e-03 -4.696319543392407474e-03 -1.847432289436557573e+00 -2.493340762283419720e-01 -7.283088530063537291e-01 9.283022577272634912e-01
-1.054918964052211638e-01 -3.211220617125145060e-01 7.099788200296001939e-02 -1.785533925155483148e+00 -3.605807400141336494e-01 -9.556488498845444601e-01 1.348545351947364024e+00
8.382996460913169634e-02 -5.562157200249997491e-01 1.408313944809392315e-01 -1.551420967901584236e+00 -4.728853195468814552e-01 -1.069054515467602551e+00 1.568459162462309209e+00
2.654204583711814447e-01 -6.679237271102083096e-01 2.047755206477102352e-01 -1.219244706115939270e+00 -5.319468057710861064e-01 -1.059044400534712160e+00 1.514568607359600083e+00
4.045344639850219637e-01 -6.227682734740577208e-01 2.504958751216802559e-01 -8.257389623865458717e-01 -5.301938379110173738e-01 -9.338690867177038557e-01 1.194779999595431796e+00
4.904832180002641762e-01 -4.282822622044470395e-01 2.810172951717395118e-01 -4.015026310801994014e-01 -4.754751904601050572e-01 -7.103223215812909386e-01 6.662550913260324448e-01
5.315048015525164482e-01 -1.367302520485020600e-01 3.125748884205176159e-01 9.434100094534643086e-03 -3.706696049393061188e-01 -4.192372554901214188e-01 1.480814822226613793e-02
5.414175685538309413e-01 1.871265807463549646e-01 3.378073785342740609e-01 3.790452865521065640e-01 -2.344616163710481482e-01 -1.086949882464119804e-01 -6.537532174322717715e-01
5.322840922630315275e-01 4.882745787183271347e-01 3.316847466120863563e-01 7.008600986858271042e-01 -1.003319835648836950e-01 1.708584927221744321e-01 -1.237280908183249872e+00
5.123243422117012003e-01 7.244719731787142569e-01 2.913753849661994133e-01 9.625757547814572934e-01 1.227257925758671459e-02 3.860626606882350820e-01 -1.669126689238270567e+00
4.862118154889548127e-01 8.736819694200881337e-01 2.376086492828499153e-01 1.144384488012565537e+00 1.029535323275659470e-01 5.276306454399998236e-01 -1.930797840719132408e+00
