-1.401807972040955752e+00 9.562858925472355470e-03 -4.814995698611875818e-01 -4.257678068475447830e-01 -6.023787095820817283e-01 3.104983877332380682e-01 8.576620300159525367e-01
-1.013403836813763670e+00 3.615821087043997739e-01 -6.025884175674586229e-01 -4.217394038579824200e-01 -4.726278804192108329e-01 3.418921108461468461e-01 5.246295000488823135e-01
-4.475351952683330192e-01 5.120518750226800142e-01 -4.967160369671366205e-01 -3.998723828709968564e-01 -3.159765656163696090e-01 2.116437114482814241e-01 1.696802034191132458e-01
1.645945110641003906e-01 4.735760002413581526e-01 -2.568576342930282141e-01 -3.255856096074175587e-01 -1.397191314251988448e-01 7.494326866433023465e-05 -1.619146753890944590e-01
6.704738336966589163e-01 3.126242649291913200e-01 -1.525421565516608090e-02 -1.624446994865244576e-01 4.352683606844413855e-02 -1.767252580483858748e-01 -4.282775769443376013e-01
9.626720301533715496e-01 9.629596226525460878e-02 1.466048216318480979e-01 8.291986276713626813e-02 2.340480473876475620e-01 -2.111951340150091116e-01 -6.117083809445885700e-01
9.961643642085297179e-01 -1.101795594876608525e-01 1.920060656719625169e-01 3.633306685289627858e-01 4.252445407713006387e-01 -5.848949371774644912e-02 -7.100516506813417950e-01
7.992904457370780813e-01 -2.345387940784650072e-01 1.074147561165929438e-01 6.205420618650865361e-01 5.840950395055595212e-01 2.309149286578411342e-01 -7.266204808689652461e-01
4.666426956796115855e-01 -2.321880981252030518e-01 -8.224690907104582893e-02 8.053380775317930951e-01 6.650097943704523784e-01 5.456494921243709717e-01 -6.724584689723964726e-01
1.033834368138865645e-01 -1.077433878537647771e-01 -3.290620256414763523e-01 8.969331808188284461e-01 6.241979080891312259e-01 7.735945996364953503e-01 -5.612865513032702092e-01
-2.237738766604164820e-01 1.010629563185871937e-01 -5.890615467434179298e-01 9.070949159413799201e-01 4.390534256209466246e-01 8.506662486129119571e-01 -4.041400950704259754e-01
-4.899577489551959486e-01 3.361881610440015655e-01 -8.211004955888526746e-01 8.669407013623037228e-01 1.176777578125027257e-01 7.718650396143851289e-01 -2.045345563164470137e-01
-7.058585330526269130e-01 5.352422824064806406e-01 -9.952276778170684457e-01 8.112065318364154454e-01 -3.034382381779800464e-01 5.797203334325928825e-01 3.490792550158879071e-02
-8.941382246032204550e-01 6.635469274090592950e-01 -1.101622777499637884e+00 7.677563569866913129e-01 -7.584057692926676753e-01 3.368625470477413786e-01 2.930006597228831389e-01
-1.055596227122163278e+00 7.288292977389292382e-01 -1.143445520070927923e+00 7.463037439874787848e-01 -1.182984130821013391e+00 7.201882091937579500e-02 5.392080259749710835e-01
-1.175310321479971387e+00 7.589054847043265051e-01 -1.123763415535951049e+00 7.220859639953911557e-01 -1.531103921817482227e+00 -2.127610711682436095e-01 7.505583056584776980e-01
-1.238236826011483549e+00 7.674931192562839399e-01 -1.021245004473860352e+00 6.472370683918533540e-01 -1.739405590159943227e+00 -4.787779583626830537e-01 9.004946712360560879e-01
-1.234182555606355258e+00 7.442263897586055554e-01 -7.930434672767776583e-01 4.851522099957677470e-01 -1.736080303655727963e+00 -6.504697672619008664e-01 9.597168553342091402e-01
-1.163283565725830471e+00 6.798485411447717786e-01 -4.208774690084022829e-01 2.338128091036829337e-01 -1.501442826349110415e+00 -6.768605719465788928e-01 9.153860984287461866e-01
-1.017239448861211981e+00 5.871285074284068317e-01 6.084529315905701924e-02 -6.660478185864622536e-02 -1.091392855012744745e+00 -5.819642302287006963e-01 7.788192805054696688e-01
-7.723968673940524443e-01 4.873137566188533443e-01 5.803261906236951706e-01 -3.645953069227001464e-01 -6.058052864078308231e-01 -4.485025854899531428e-01 5.811150772125776021e-01
-4.139797744354011821e-01 3.891952606979876550e-01 1.066496532248442097e+00 -6.417675835741857293e-01 -1.361929347362511034e-01 -3.579498412811356611e-01 3.578952324737804669e-01
5.301964027258829204e-02 2.724767642114295230e-01 1.479838192479908443e+00 -9.072164980971552106e-01 2.592488249077748996e-01 -3.617502449337499648e-01 1.390024170390696534e-01
6.024851883707357247e-01 8.699143970644759860e-02 1.809633392112901529e+00 -1.165200915723958230e+00 5.465189706591976337e-01 -4.758057670140508622e-01 -4.641705212240369166e-02
1.186030066303681130e+00 -2.124846856801262118e-01 2.059472137218712362e+00 -1.399119297089305602e+00 7.139735307093079131e-01 -6.770015306416279355e-01 -1.695465179396742628e-01
1.732268584045503435e+00 -6.327624373284778114e-01 2.233175379834311691e+00 -1.578518158498492641e+00 7.707596009358400613e-01 -9.170274944593429511e-01 -2.067144320375864652e-01
2.147421797683044087e+00 -1.135512569817642259e+00 2.311504429217146939e+00 -1.689136298103084410e+00 7.381641902755171625e-01 -1.134378046701425502e+00 -1.471168613825311611e-01
2.344425653311683622e+00 -1.646769166028807740e+00 2.262205705892334162e+00 -1.754236428385341551e+00 6.692289002559057565e-01 -1.243335706287949760e+00 -1.008066151438334959e-02
2.288325013401069974e+00 -2.078635071316162541e+00 2.081817335496810806e+00 -1.813020254873831005e+00 6.459740732711357625e-01 -1.154363952059898502e+00 1.582730038325238231e-01
2.010045663339500077e+00 -2.342840808522781426e+00 1.788783392283868068e+00 -1.877060535903948502e+00 7.095225708577337365e-01 -8.529818427893280930e-01 3.113620334216582464e-01
1.587501739131065959e+00 -2.365212835098767119e+00 1.392753637629454699e+00 -1.919406531127697102e+00 8.339876492418114573e-01 -4.184128928238751155e-01 4.094162884408945602e-01
1.118991135708353291e+00 -2.125398007743886097e+00 9.170860568797053469e-01 -1.909362315783103892e+00 9.800438914049377503e-01 5.641806904437472042e-02 4.254563863548146418e-01
6.878305999077714006e-01 -1.669048653363939039e+00 4.095280740875592018e-01 -1.839462391269792052e+00 1.116974430786155326e+00 5.087634179634908937e-01 3.633034553409329459e-01
3.313257223165018139e-01 -1.071146628460145411e+00 -1.000341194739660794e-01 -1.708765254935797229e+00 1.212038325590151899e+00 8.884117910931589313e-01 2.433288199373351557e-01
3.624078360214134931e-02 -4.162581209339652477e-01 -6.149996872247995849e-01 -1.502819595016832599e+00 1.240498718141445744e+00 1.160851472209425195e+00 7.847448262499234772e-02
-2.466071132645739905e-01 2.041253225782871938e-01 -1.147041179769597630e+00 -1.215319608404666685e+00 1.190541035191487129e+00 1.325740063215836262e+00 -1.162682411894436635e-01
-5.593932962980758816e-01 7.182515348477881423e-01 -1.681001387412878412e+00 -8.748066767750468653e-01 1.071082541205607086e+00 1.408007876849908913e+00 -3.204339026625815934e-01
-8.866336743757801120e-01 1.094807157658617136e+00 -2.152266513708641416e+00 -5.264460286493715113e-01 9.236368854011440810e-01 1.429559779259857999e+00 -5.247721750597788004e-01
-1.170244103167750405e+00 1.329846113836961718e+00 -2.482255930245174103e+00 -2.068876114902146457e-01 7.932189281582833207e-01 1.406341666543231339e+00 -7.289241075949325355e-01
-1.360371474850417206e+00 1.436994561834073592e+00 -2.637934262901210136e+00 5.896416511196318766e-02 6.981474618832009815e-01 1.373004807380739711e+00 -9.343149612160099871e-01
-1.419671089588906643e+00 1.450435172955372165e+00 -2.634723920312537881e+00 2.674978075494838237e-01 6.446210684264648272e-01 1.377490786046397853e+00 -1.153102173923894025e+00
-1.320151495592900792e+00 1.404303796132374549e+00 -2.507150668568521201e+00 4.379961269552513081e-01 6.281121650704797332e-01 1.440049081562193134e+00 -1.396589010165931732e+00
-1.068615542256483142e+00 1.312382767585191123e+00 -2.298277308444036660e+00 5.949933792056669724e-01 6.170202098426571524e-01 1.533220502304914801e+00 -1.647653371046753579e+00
-7.114584411190253421e-01 1.184286449490929982e+00 -2.048566040707057834e+00 7.618882268871741692e-01 5.902081802637326735e-01 1.613600915795497359e+00 -1.871740598020177337e+00
-3.196771265950530405e-01 1.040059018173769001e+00 -1.784965483052905588e+00 9.580714502488428819e-01 5.680251895474712764e-01 1.658690032126184599e+00 -2.040247602718025188e+00
2.203066352862547567e-02 8.969337727071997612e-01 -1.525315708912202473e+00 1.178124708383768038e+00 5.562743310821036680e-01 1.649861692182108319e+00 -2.113118255451402749e+00
2.406279140789687465e-01 7.583316157664576895e-01 -1.275705165743786340e+00 1.381789618862430347e+00 5.225491683703034074e-01 1.562658019993112379e+00 -2.038980449657946004e+00
3.040645003545912051e-01 6.188638722361776701e-01 -1.025019598363815954e+00 1.518197370947382829e+00 4.589185087379237804e-01 1.408959551276239841e+00 -1.804278089484507852e+00
2.187737167587059384e-01 4.717806171480759536e-01 -7.615647110084228233e-01 1.552915257008036676e+00 3.839208998705067044e-01 1.231835016809744499e+00 -1.441249360268995749e+00
1.406619299390983110e-02 3.262876639306181992e-01 -4.957034389342585001e-01 1.477633863088137600e+00 2.892170424678182639e-01 1.047073683052729409e+00 -9.942597063362321741e-01
-2.483083841340084919e-01 2.267352604520048165e-01 -2.520107056643589583e-01 1.308915756753892046e+00 1.539685498250968065e-01 8.342135193765456425e-01 -5.164291552396781393e-01
-4.749340198751816899e-01 2.340034477971921489e-01 -4.665667210127120990e-02 1.070257053094769706e+00 -2.845135344048480008e-02 5.587192585920656152e-01 -6.088153712815481261e-02
-5.831983750888123375e-01 3.831161918516959308e-01 1.122315084609152580e-01 7.780886148984552664e-01 -2.540924001334875504e-01 1.929912151554160904e-01 3.379044624732610580e-01
-5.379823707670930988e-01 6.613204387849087595e-01 2.178617948040463548e-01 4.539716167908448008e-01 -4.901210794625754374e-01 -2.421401584086639025e-01 6.451526073449522780e-01
-3.635252836562629652e-01 1.013068305792568902e+00 2.596274724616544627e-01 1.311540894655521816e-01 -6.856947261675634397e-01 -6.718022073673816097e-01 8.238519365042193954e-01
-1.351768091335896205e-01 1.368651598306926731e+00 2.145569173176065936e-01 -1.578303357522840289e-01 -8.114152726804487736e-01 -1.010675906241286004e+00 8.645584605579389459e-01
6.657878345802328846e-02 1.673654287044376465e+00 6.363687674823351181e-02 -3.836050404810550929e-01 -8.540038738037388777e-01 -1.193154456405173480e+00 7.837438405726631085e-01
1.947745270648652549e-01 1.884121099172173963e+00 -1.800915377116192040e-01 -5.174118591983899451e-01 -8.126742034096675615e-01 -1.186359450486160760e+00 6.127900541443742632e-01
2.375395346836881028e-01 1.954037124329935038e+00 -4.611162794277508525e-01 -5.433834700091143555e-01 -7.015925930097476337e-01 -9.901110242680247753e-01 3.941657658913185203e-01
2.218886635264812612e-01 1.858955312057095632e+00 -6.956891857070832685e-01 -4.711799039933128874e-01 -5.199202811236151023e-01 -6.355900727500171099e-01 1.565471469024107831e-01
1.988918961093439630e-01 1.614412349148725667e+00 -8.148975753290599311e-01 -3.373239999147271684e-01 -2.633446193727755347e-01 -2.014201686866763097e-01 -8.647405129715121652e-02
2.055835484973201899e-01 1.250621892026709148e+00 -7.883865267073287830e-01 -1.983316189945668884e-01 3.468527807716694639e-02 1.988372395039164076e-01 -3.053950435402314478e-01
2.539264834531256287e-01 7.971299498183219701e-01 -6.173039777497181246e-01 -1.143397722958458401e-01 3.243723953124015846e-01 4.750096647241057179e-01 -4.609562187916111387e-01
3.296600402852245537e-01 2.919572951891053481e-01 -3.494273123105483547e-01 -1.295012858982386716e-01 5.657527486154362295e-01 5.999228853109415116e-01 -5.289308884119103826e-01
3.960927789113513064e-01 -2.207181628499496895e-01 -7.863051999340028853e-02 -2.528404820866647640e-01 7.195445702078554495e-01 5.978126247868659204e-01 -5.012116164880905389e-01
4.252902494902034980e-01 -6.875095310947453298e-01 1.041496740300190127e-01 -4.473156723771583021e-01 7.777425609325501199e-01 5.277907916533813859e-01 -4.001567253286082981e-01
4.142251883273815882e-01 -1.039723654025677568e+00 1.369377532130034714e-01 -6.465154677928484084e-01 7.845379950077431275e-01 4.797217148885019045e-01 -2.892195275692829304e-01
3.751982851415603393e-01 -1.210298604874840978e+00 -1.528529804662532438e-02 -7.834386784638618373e-01 7.858614944063877505e-01 5.399103710938262246e-01 -2.374377452999446303e-01
3.373635950860768284e-01 -1.160031743877051547e+00 -3.418745906612966623e-01 -8.088117313673048869e-01 8.054696369320492044e-01 7.406863452598653197e-01 -2.888482120163113898e-01
3.482520882153283259e-01 -9.007589907955037001e-01 -7.790477121692468421e-01 -7.077749706801188534e-01 8.592402066833907393e-01 1.042288866154659877e+00 -4.602861775146273593e-01
4.535842959557511711e-01 -4.919718713662186715e-01 -1.243361302827079351e+00 -5.029010258842874226e-01 9.377514128457249409e-01 1.354501931432993134e+00 -7.423749963901921101e-01
6.598659256364046710e-01 -1.147696381945668802e-02 -1.670331896741966471e+00 -2.355209041272230408e-01 1.008499498643756320e+00 1.599007741981091524e+00 -1.112465158416837019e+00
9.098222887935379921e-01 4.568538532596059798e-01 -2.031108126926799873e+00 4.919547356729552651e-02 1.048052685817177920e+00 1.761389155965466635e+00 -1.534923014004226927e+00
1.103687342870842247e+00 8.369121101043904831e-01 -2.324081082697654121e+00 3.181697760651957529e-01 1.045057040454030695e+00 1.878405667150124136e+00 -1.945948541636069118e+00
1.150153905484303740e+00 1.084108121136887926e+00 -2.545058697522975866e+00 5.641128731231861426e-01 1.002929401942618481e+00 2.006580794312664562e+00 -2.277371769245357669e+00
1.012838138214122274e+00 1.184595535365522423e+00 -2.671160502478830523e+00 7.857012047307282421e-01 9.340617485046072144e-01 2.182140969755637094e+00 -2.483724592838834511e+00
7.234253206284732007e-01 1.148714100570126018e+00 -2.668982738229193519e+00 9.655426062155373357e-01 8.307405387405677466e-01 2.372704408343738081e+00 -2.528258718960961993e+00
3.536180548226976472e-01 1.012560246411965625e+00 -2.495387419878401403e+00 1.085660197239946667e+00 6.805621210182543068e-01 2.489374809939777222e+00 -2.376941264601816428e+00
-1.988215879476788392e-02 8.269632814486249650e-01 -2.112024022431323811e+00 1.143391507387501838e+00 4.882795040871112380e-01 2.441792039498588363e+00 -2.010861732835862004e+00
-3.446405772943619272e-01 6.316951384198778996e-01 -1.528488204167085973e+00 1.138194670326612368e+00 2.549094055450191187e-01 2.189272196892307232e+00 -1.440166088422629498e+00
-6.042106250977427040e-01 4.502078836496873904e-01 -8.222123251081138173e-01 1.066357519801865772e+00 -1.852873054968152272e-02 1.764663127850467861e+00 -7.284350382354711773e-01
-7.930260029143914036e-01 3.045095041133217273e-01 -1.091085696829777602e-01 9.363494427062816206e-01 -3.129768944110786211e-01 1.233888540314835192e+00 1.520673735045222422e-02
-9.000471807817153058e-01 2.026123726464927888e-01 5.100617506726510264e-01 7.668787178975082774e-01 -6.087229782015145529e-01 6.458593863495556420e-01 6.955012206056985224e-01
-9.223672332068300062e-01 1.325902709948901526e-01 9.781973629408190485e-01 5.712381098696113213e-01 -8.918219931417676882e-01 3.160671104501906054e-02 1.260873514415291163e+00
-8.675188039281752639e-01 8.940598409202629715e-02 1.269332449872377033e+00 3.571418466204472342e-01 -1.137705188632192721e+00 -5.808761111108514674e-01 1.678605392748904634e+00
-7.449424630750972609e-01 7.765712186851755905e-02 1.382842868735491004e+00 1.356179296866599771e-01 -1.313655929518183552e+00 -1.150779751355311964e+00 1.915577500211247619e+00
-5.681619052301990491e-01 9.723685316623069397e-02 1.353098315180735645e+00 -8.067154130870266004e-02 -1.382918294147605032e+00 -1.608827128994924527e+00 1.941371491144421757e+00
-3.508153292835741732e-01 1.439899053100016091e-01 1.240994243352294690e+00 -2.915217311189388649e-01 -1.317467631570433229e+00 -1.888518383892622499e+00 1.755079469279220428e+00
-9.638596899795756623e-02 2.115535771296623846e-01 1.115195445043859035e+00 -5.084582234422198033e-01 -1.133022382023008978e+00 -1.979921121747767687e+00 1.413092259669278095e+00
1.856197923863724397e-01 2.992250279112372291e-01 1.026527431473752028e+00 -7.299392203472903073e-01 -8.789867887323224993e-01 -1.921441205870568547e+00 9.991973363223068949e-01
4.632163014649119948e-01 4.201310581689052803e-01 9.777984523426044294e-01 -9.296591760509798075e-01 -5.964974734224521846e-01 -1.761990065201745725e+00 5.744221868351302440e-01
6.977870604894585993e-01 5.795368572657974005e-01 9.371716840282415806e-01 -1.075460830294946879e+00 -3.058112963400259621e-01 -1.534456392243582989e+00 1.730604331061338652e-01
8.551855769862879431e-01 7.462335834925628575e-01 8.801983979673572156e-01 -1.143609551781339606e+00 -1.023020074394136690e-02 -1.241388768174549906e+00 -1.789847899667494080e-01
9.120690473733600312e-01 8.601119579969294104e-01 7.929251901855126627e-01 -1.116227515395206371e+00 2.795614101987244360e-01 -8.902878115488259692e-01 -4.530841216587815912e-01
8.668698771634357758e-01 8.618331063726315522e-01 6.625302023584989097e-01 -1.001843814747284789e+00 5.353729307692518535e-01 -5.068896220898019278e-01 -6.286568004832182588e-01
7.300448119440750006e-01 7.231624143146586636e-01 4.914714543551476633e-01 -8.479529088451556174e-01 7.465173710133344853e-01 -1.019518354013476541e-01 -7.157313937696215822e-01
5.157926448010550224e-01 4.621396753365127896e-01 2.976339443747197389e-01 -6.971777376020333872e-01 9.189603553002761993e-01 3.057532835531069360e-01 -7.390637746687287457e-01
2.475526090329693840e-01 1.261016780452683672e-01 9.942738621367988583e-02 -5.556686005230879744e-01 1.038550547237662602e+00 6.582878768756901255e-01 -7.095085290063691819e-01
-4.225939668268376831e-02 -2.131581914759131668e-01 -9.095253398833801073e-02 -4.039140843948193504e-01 1.076165146013857932e+00 8.774465776884537993e-01 -6.331535103324082980e-01
-3.160347667891606482e-01 -4.540648220121017986e-01 -2.720941277472539999e-01 -2.114682595733301529e-01 1.007163554411102169e+00 8.872547960076198059e-01 -5.174644712666653934e-01
-5.372362860620774061e-01 -5.131623811038988903e-01 -4.425161483273378216e-01 2.794215995011369372e-02 8.162937752234077360e-01 6.520459079164001581e-01 -3.624830906935775920e-01
-6.733901607479666485e-01 -3.667590813666313232e-01 -5.836015526907033513e-01 2.687672518590094595e-01 5.245686883560388702e-01 2.226571435491334072e-01 -1.796293372318200354e-01
-6.978656912283555114e-01 -3.392372652020360368e-02 -6.704553142637356133e-01 4.512017189483030211e-01 2.011263862726650198e-01 -2.775385512019057921e-01 -2.256704415394624082e-03
-6.184702623348986572e-01 4.219905954554075689e-01 -6.909029670174811066e-01 5.419597528794068975e-01 -9.230777360731950987e-02 -7.223893709687868592e-01 1.516388544412521078e-01
-5.010776213958807457e-01 8.728650613700341676e-01 -6.398770517100392796e-01 5.252640737068878796e-01 -3.334844872842434027e-01 -1.026670443010913703e+00 2.945729934785196180e-01
-4.207468464590070623e-01 1.168541326506771227e+00 -5.053442891992512287e-01 3.999967857090159784e-01 -5.017285616411978344e-01 -1.147016634569963278e+00 4.365595020097268741e-01
-3.943393049268713035e-01 1.218338635263031877e+00 -2.752527128303758341e-01 1.846695378749211580e-01 -5.718040037828481248e-01 -1.086710766641322046e+00 5.703149770771579474e-01
-3.846410977946583820e-01 1.020467930287846103e+00 4.777371886531892042e-02 -9.881411984459356757e-02 -5.337406687408712269e-01 -8.869399638255507368e-01 6.774125045732807271e-01
-3.517301804111155894e-01 6.299986758685502952e-01 4.358026988536380930e-01 -4.177718208387904975e-01 -3.950188756909857046e-01 -6.042185061888830644e-01 7.406193135022141050e-01
-2.876349654398283606e-01 1.259477445786226779e-01 8.262930199109407292e-01 -7.118801092971360767e-01 -1.997345965049357741e-01 -3.094993020256545102e-01 7.654513429747725750e-01
-1.990467124461519632e-01 -3.889609921642227519e-01 1.142041388850065786e+00 -9.201308534011799489e-01 -2.649857277124596094e-02 -8.703797427226776795e-02 7.794934662793130409e-01
-7.844287578292537255e-02 -7.943396287968033098e-01 1.326859663439849957e+00 -1.009369179889546997e+00 4.578559708067125172e-02 -1.927022752178404394e-02 8.181667856787218085e-01
7.490888070201587312e-02 -9.948507169034348507e-01 1.352428882583308623e+00 -9.663611453064387957e-01 -3.717166747847260727e-02 -1.522999123954602296e-01 9.093186027558878282e-01
2.315313087680120063e-01 -9.541270408949751314e-01 1.213628542837281277e+00 -7.892545272357536223e-01 -2.787277372337689796e-01 -4.617391240994866419e-01 1.047202212155074807e+00
3.468911098045661112e-01 -6.991587719960153935e-01 9.320602163990130418e-01 -5.062629905096506233e-01 -6.307371702905156807e-01 -8.634158980140705930e-01 1.192110463768014217e+00
3.758961520327552819e-01 -3.093664593242657634e-01 5.530001392733207011e-01 -1.817637702827562818e-01 -1.027537046348909744e+00 -1.243193054928449559e+00 1.298786131778036701e+00
2.898364183200708433e-01 1.213311780734803030e-01 1.414144098824411666e-01 1.352355730419951829e-01 -1.399004516277339238e+00 -1.498497277373569192e+00 1.337145554436752759e+00
1.115994850791717785e-01 5.176735443763961220e-01 -2.214162547327082065e-01 4.524518368183768069e-01 -1.683313292928184435e+00 -1.599201705960487496e+00 1.303752442758597807e+00
-8.028784996202056878e-02 8.206797342088325564e-01 -4.593596784603919403e-01 7.926023943539598493e-01 -1.855229166212717162e+00 -1.585947083953207493e+00 1.214694596656074488e+00
-2.061501445143959221e-01 9.895589827209121392e-01 -5.358489500142584738e-01 1.146984200512595420e+00 -1.912679980191376972e+00 -1.493751816880768857e+00 1.077432717952685470e+00
-2.352387686670629474e-01 1.018105223542915327e+00 -4.732905848342388588e-01 1.490722773010297875e+00 -1.853137497850597448e+00 -1.319852321890562008e+00 8.861592516504323003e-01
-1.774439628054939322e-01 9.357178306408899804e-01 -3.335308884953394615e-01 1.800291583799320083e+00 -1.691971923829977076e+00 -1.066234983084501708e+00 6.476488548531582623e-01
-6.069720682428676739e-02 7.908874566611305834e-01 -1.776355934012129600e-01 2.048161727632650475e+00 -1.462795199071867502e+00 -7.598870117156656390e-01 3.868920896762355066e-01
6.233334738708735251e-02 6.301071065836378882e-01 -5.166652127269447115e-02 2.208002810495017787e+00 -1.184178290538717260e+00 -4.244370850021770281e-01 1.288428897186049971e-01
1.189490369592632324e-01 4.881079183363879470e-01 -4.796637729312035973e-04 2.267870225601407608e+00 -8.647915907264452917e-01 -7.582094563629536432e-02 -1.108850221963938315e-01
6.098277011280976712e-02 3.929432399520347285e-01 -6.781507329478195234e-02 2.236195532508496786e+00 -5.215290839220760866e-01 2.630575163387330884e-01 -3.416570189479027353e-01
-9.963025391578846091e-02 3.663152146645894947e-01 -2.701073815689954416e-01 2.132179041605337666e+00 -1.554383820697858576e-01 5.826410379389993510e-01 -6.114986243154185708e-01
-3.060066745805171129e-01 4.094717105854671080e-01 -5.776518402644966743e-01 1.965240317529018954e+00 2.543041665456756695e-01 8.982788793163063445e-01 -9.709657423765957196e-01
-4.925870732969271359e-01 4.924143253150384814e-01 -9.197240285523522463e-01 1.735209134866712022e+00 7.226298748906774261e-01 1.218509331536721696e+00 -1.422794553606308243e+00
-6.059988205107500470e-01 5.678423748046957931e-01 -1.210644063227836131e+00 1.454435307575955960e+00 1.238654603402067567e+00 1.511294730665958763e+00 -1.912970683848282727e+00
-6.209162261680576389e-01 5.896411469833033880e-01 -1.381049444727495912e+00 1.153457275480211042e+00 1.757615340081078115e+00 1.712390271533229980e+00 -2.349588248818729408e+00
-5.555628233134310978e-01 5.065882250125725017e-01 -1.379568700721392815e+00 8.608582372910132952e-01 2.231615466329566644e+00 1.790804585826155870e+00 -2.636321112400779487e+00
-4.565931458442777924e-01 2.691066505125673802e-01 -1.170444903986753049e+00 5.931093389474076938e-01 2.635924296569764902e+00 1.780858339998924178e+00 -2.709594629541269839e+00
-3.615358640252511191e-01 -1.268510785489844195e-01 -7.643308239501198642e-01 3.755998398146470074e-01 2.935614128821069535e+00 1.718973538691787484e+00 -2.558791486249097691e+00
-2.828173305251513447e-01 -6.150501412636921739e-01 -2.311179821977093762e-01 2.598002351481745742e-01 3.075687631110315845e+00 1.591855226661113454e+00 -2.225818058604132510e+00
-2.083531591031125563e-01 -1.085446944857531681e+00 3.370467188282243454e-01 2.994573712975379109e-01 3.017089603322447022e+00 1.351931143226135834e+00 -1.776768426662731937e+00
-1.215019678205535164e-01 -1.434962151149213661e+00 8.587088419156526653e-01 5.071868794673798364e-01 2.750895547844701916e+00 9.563186204296592052e-01 -1.261670359348982196e+00
-4.523755678699169225e-02 -1.604249535384034697e+00 1.263524485382795159e+00 8.463217976148758037e-01 2.296995122956665636e+00 4.069834497137449492e-01 -7.051618567277548877e-01
-3.673309419099365231e-02 -1.584058588982673710e+00 1.497248543191386227e+00 1.258057453355549749e+00 1.696547802677807804e+00 -2.388936232118330782e-01 -1.243239160429802925e-01
-1.247422325317287389e-01 -1.402966515521119728e+00 1.544229759617099962e+00 1.675795146865202812e+00 9.947283639841464353e-01 -8.959451177170721925e-01 4.568291178011868459e-01
-2.813793388609060475e-01 -1.105706388681679808e+00 1.442712862474004210e+00 2.029247721546528993e+00 2.417359309778871479e-01 -1.490977067558768132e+00 1.009900546164276269e+00
-4.516413950243754472e-01 -7.491265797480357591e-01 1.278042936950821273e+00 2.250996969767793399e+00 -5.068766738112776560e-01 -1.989851747238749802e+00 1.520409969333522016e+00
-5.961896231957933834e-01 -4.192876005731774325e-01 1.147614839226732908e+00 2.275335243774216476e+00 -1.199387720775021426e+00 -2.367706828312572398e+00 1.980326319644558852e+00
-6.986713859389847014e-01 -2.052655423099343235e-01 1.122227664683937087e+00 2.063944834304597187e+00 -1.776615602431537155e+00 -2.574967306047111215e+00 2.352530489914572698e+00
-7.410024103549891494e-01 -1.422680502918002854e-01 1.224904772697746225e+00 1.648814061976768164e+00 -2.188363558536283726e+00 -2.580478480471221747e+00 2.578993021628324112e+00
-7.006583720537375992e-01 -2.040880757025175241e-01 1.421244470920158376e+00 1.123757283941024365e+00 -2.435182423725474887e+00 -2.410864799947528336e+00 2.619114654920874141e+00
-5.643094399103433245e-01 -3.302819678636942369e-01 1.641559795003069366e+00 6.070064105343710992e-01 -2.548285702826517340e+00 -2.130710275463771008e+00 2.460193856170579174e+00
-3.358765469451624464e-01 -4.550890150391931899e-01 1.822074360611126931e+00 2.076013830935386495e-01 -2.550759301892436159e+00 -1.815446735257438160e+00 2.123480480543478599e+00
-4.434355153041671938e-02 -5.377734256324809836e-01 1.922821478256454997e+00 -1.800656701677216115e-02 -2.460562669161163285e+00 -1.526127272758365017e+00 1.666799978091444867e+00
2.659859366579202522e-01 -5.637319067862284205e-01 1.927291555462630424e+00 -8.540224997678058649e-02 -2.298398157623033899e+00 -1.302337706023822372e+00 1.162499627453586593e+00
5.547254992361709824e-01 -5.256067116556638608e-01 1.834769595046551682e+00 -5.982561107369525899e-02 -2.089464225261330910e+00 -1.162365318647845314e+00 6.751666780629030917e-01
7.948522170861636038e-01 -4.162066902487032705e-01 1.653371749392231971e+00 -1.233320921801587394e-02 -1.851230031293891631e+00 -1.081217800844421983e+00 2.455785647823986728e-01
9.720422319076702511e-01 -2.263093774935991398e-01 1.403738959102275752e+00 2.224237407625647214e-02 -1.581214474862598474e+00 -1.009982731428855862e+00 -1.057549032878102452e-01
1.069010110673223712e+00 4.145700857817696122e-02 1.116044531035354836e+00 4.521420394225254824e-02 -1.294656641806513742e+00 -9.314497889615069859e-01 -3.436672117636119239e-01
1.054196570135086386e+00 3.538356524563712191e-01 8.120164487344476711e-01 5.983659636712861107e-02 -1.048521136332236203e+00 -8.487503129319732276e-01 -4.187124893267151204e-01
9.030513021943862295e-01 6.672015875173159527e-01 4.961251328628293322e-01 6.066981446882796503e-02 -8.930028517605476113e-01 -7.492964203342462604e-01 -3.197681827179958414e-01
6.357643772606129673e-01 9.600638897388034110e-01 1.697060781758913950e-01 4.671906546380078656e-02 -8.330472450412165220e-01 -6.320560389481636454e-01 -9.743183433970441232e-02
3.202932649337531523e-01 1.228619057229050071e+00 -1.536826565249253540e-01 2.210119558340926937e-02 -8.305326592918151896e-01 -5.253048200198753293e-01 1.629618732029338712e-01
2.922653598707489545e-02 1.459115691917738156e+00 -4.522616430591995806e-01 -1.439161602864571718e-02 -8.204887421566467998e-01 -4.515681430190884860e-01 3.814201206052436621e-01
-1.947458868533849807e-01 1.611105211750270438e+00 -7.082429294261022301e-01 -7.944183364210223586e-02 -7.536590697102010239e-01 -4.064673520967861942e-01 5.100892316199151511e-01
-3.321046647071638769e-01 1.633929334412733470e+00 -9.123048948148396731e-01 -1.940685022889648004e-01 -6.215301196073220735e-01 -3.695429147518236035e-01 5.274909051168609198e-01
-3.744574532390718691e-01 1.497314980430394460e+00 -1.060494554653636845e+00 -3.541260697622257703e-01 -4.325450524262035579e-01 -3.110055668554324027e-01 4.225243137366876400e-01
-3.318605368637637665e-01 1.203521124008259724e+00 -1.157619454522367253e+00 -5.336948147190900826e-01 -2.042591654943430313e-01 -1.905615339377062234e-01 2.001727119094301455e-01
-2.363247681713467607e-01 7.975669400011387022e-01 -1.229476845430605536e+00 -7.018738845697439777e-01 3.032269791126571828e-02 2.414350703029155901e-02 -1.141064884720636580e-01
-1.297679484734133581e-01 3.512334044749301776e-01 -1.304450853532557630e+00 -8.176489730738412121e-01 2.511711903514959876e-01 3.405729606698542633e-01 -4.807323927004060193e-01
-4.251004741423544675e-02 -9.787150234127134363e-02 -1.361347724415800542e+00 -8.478757780459120763e-01 4.578157390287284634e-01 7.354216924147349843e-01 -8.367294438204203599e-01
2.417244824569839828e-02 -5.583922706774542277e-01 -1.325125594951229058e+00 -7.972513136504115749e-01 6.303166798919186409e-01 1.129266738659213454e+00 -1.094282566505864862e+00
8.607756834847590799e-02 -1.032142227765225684e+00 -1.137374415421298801e+00 -6.986213495863351497e-01 7.182060118625560596e-01 1.398635479208619525e+00 -1.176603877496673389e+00
1.515755651135105853e-01 -1.487047109328906824e+00 -8.098999704961246104e-01 -5.829941426909870383e-01 6.689562929866872398e-01 1.451073042711840788e+00 -1.057111334185250939e+00
2.220032623808622374e-01 -1.872740055786155100e+00 -3.964232841443733335e-01 -4.652065041961749858e-01 4.654880838986456548e-01 1.274741784641827191e+00 -7.700508498931347701e-01
2.976517445776367121e-01 -2.144675963144081265e+00 5.839036627801506840e-02 -3.492760494908200841e-01 1.554994272052592774e-01 9.362248524577746478e-01 -3.954050446300872435e-01
3.720347439577789128e-01 -2.270327635582135795e+00 5.146979951826327060e-01 -2.317758771644859439e-01 -1.670035461876980820e-01 5.458521323780617385e-01 -2.944554717587518494e-02
4.311901518161877500e-01 -2.205913971768373560e+00 8.959622580629721389e-01 -1.003979091366408727e-01 -4.204838442656644859e-01 1.983992578354315528e-01 2.413487460515514604e-01
4.554866579007878502e-01 -1.878747428183334511e+00 1.074193881080441670e+00 4.342490415444511670e-02 -5.646219919499382289e-01 -5.230200861405452650e-02 3.491692616517291792e-01
4.316970150299727083e-01 -1.246096576757524721e+00 9.287271286920902869e-01 1.581926929070940624e-01 -5.915803230008345182e-01 -1.638294441261715917e-01 2.508397673301148711e-01
3.740161639876025124e-01 -4.023773237078371867e-01 4.560004049670505766e-01 1.993655211959745877e-01 -5.164349906342705632e-01 -1.084707684236848740e-01 -4.835937586285905115e-02
3.093428909757170997e-01 4.402449591934780027e-01 -1.959056437130640149e-01 1.827302349218890842e-01 -3.531544621550372076e-01 7.452308553403237668e-02 -4.800216899740648024e-01
2.365116502194514192e-01 1.091972618721593236e+00 -8.223624332257054581e-01 1.555888998848314053e-01 -9.445574291027657166e-02 3.024161090431961019e-01 -9.374332246924835799e-01
1.253427433193206875e-01 1.444971418325111223e+00 -1.265562598700300967e+00 1.199861373327637121e-01 2.691001664699667617e-01 5.423134737481384304e-01 -1.318984676824462410e+00
-4.109381318424127488e-02 1.460439697064198405e+00 -1.435627164878199080e+00 4.077072326386640272e-02 7.271757676459325026e-01 8.063569189616333066e-01 -1.555373871181749967e+00
-2.417754884838822504e-01 1.171785015601485958e+00 -1.298106131953373099e+00 -1.026259563811063175e-01 1.231791359972496114e+00 1.062653335484929240e+00 -1.603151300257957157e+00
-4.377962840320742122e-01 6.656576777284536339e-01 -8.813750991620540320e-01 -3.102149689765620888e-01 1.682836856003142811e+00 1.222743812168196165e+00 -1.433200045583582272e+00
-6.040883184424117314e-01 5.091524522417752163e-02 -2.813239286380237458e-01 -5.721968887701737172e-01 1.963578914149545662e+00 1.202210268300166085e+00 -1.044215840061984535e+00
-7.433706203359699005e-01 -5.609970992516598587e-01 3.624651593030943086e-01 -8.690559902397169134e-01 1.995488504953056186e+00 9.681027083477529160e-01 -4.728641868248520952e-01
-8.776378006902813000e-01 -1.094960285938782585e+00 9.125208073248169960e-01 -1.177525534247498840e+00 1.765765271003304271e+00 5.685290976670587249e-01 2.113911625177238851e-01
-1.016688725696557771e+00 -1.542230645573269499e+00 1.292031327186573764e+00 -1.470628841827388067e+00 1.343018095535134737e+00 1.273182834713358358e-01 9.161350566218224856e-01
-1.130159014706708209e+00 -1.932070649928678163e+00 1.507100311809083770e+00 -1.711474527591993366e+00 8.455375438844593416e-01 -2.339891190378539099e-01 1.555287458236592313e+00
-1.160163559024310675e+00 -2.279473669515424739e+00 1.600501623523878703e+00 -1.866763748413353685e+00 3.644419334547828737e-01 -4.776313803280714532e-01 2.077411180255921863e+00
-1.055458782097288273e+00 -2.572959966985485902e+00 1.614065161463551279e+00 -1.923388067717556105e+00 -4.847501080790700412e-02 -6.354925144669091308e-01 2.458087652322895167e+00
-7.902578378404607751e-01 -2.800311906362551895e+00 1.599841912894862661e+00 -1.881379878314190179e+00 -3.409753821475528524e-01 -7.476345372914715570e-01 2.685223646581473389e+00
-3.794690550767781390e-01 -2.963467027899544526e+00 1.608216815855221693e+00 -1.744904752389792701e+00 -4.738399727329415945e-01 -8.387168780397550316e-01 2.762310980273738448e+00
1.128663164707137401e-01 -3.066533218339725142e+00 1.650760428695201565e+00 -1.528936482151594722e+00 -4.469286929045059309e-01 -9.122387390290286335e-01 2.705423790460856015e+00
6.026731347435547725e-01 -3.106055257592854613e+00 1.700655148547004281e+00 -1.269663096219155740e+00 -2.901855468213775935e-01 -9.548201678498023925e-01 2.535453797811855203e+00
1.024784098906457386e+00 -3.077074694953993994e+00 1.712845263138027541e+00 -1.028487686219192287e+00 -5.440142336732886608e-02 -9.496398089603563797e-01 2.273020923655623804e+00
1.340319323280703356e+00 -2.977613187280088169e+00 1.638253656766846644e+00 -8.725524433422483517e-01 2.177969379680927131e-01 -8.670394902135639681e-01 1.927406237804917044e+00
1.531258480518558063e+00 -2.805964124692208017e+00 1.448737267293101372e+00 -8.377752611928016568e-01 5.081639624200305905e-01 -6.844576306297653900e-01 1.510499510687441260e+00
1.594785800079996374e+00 -2.572145131702914700e+00 1.159361519455099909e+00 -9.138038959037136921e-01 7.835885495432699521e-01 -4.299018140398361831e-01 1.067736673074262566e+00
1.538070555573246567e+00 -2.316179874969940045e+00 8.289274370346002563e-01 -1.054647521190189341e+00 9.948988209140992023e-01 -1.508117969603429975e-01 6.606808749091742650e-01
1.396045964862370647e+00 -2.085772859961063208e+00 5.412714369383336832e-01 -1.202489172089802771e+00 1.119891198481324457e+00 1.286980430464030045e-01 3.220527117886875512e-01
1.234187672084090304e+00 -1.900655983593492637e+00 3.742152355382167284e-01 -1.324264450923628766e+00 1.152773415991105388e+00 3.843734217856653590e-01 6.020710055407422351e-02
1.104797092881529608e+00 -1.754900104761828672e+00 3.668638293197697409e-01 -1.427973850664923106e+00 1.074413423332894357e+00 5.760769061059697327e-01 -1.114552344605364842e-01
1.028557725816458435e+00 -1.622856655059381703e+00 5.056451178567505922e-01 -1.535042077100141844e+00 8.693990991797660994e-01 6.595533853394810464e-01 -1.802178260224716055e-01
1.016248903216237176e+00 -1.467368853248081084e+00 7.447584795378491274e-01 -1.653550671018467977e+00 5.431414166381454134e-01 5.878950674067187077e-01 -1.404820438661046333e-01
1.066606432556121087e+00 -1.268672980400741501e+00 1.030723394486219746e+00 -1.780918019998098956e+00 1.117875744519715581e-01 3.236686914401019077e-01 1.279216446871979211e-02
1.151287652192921396e+00 -1.032387014883424214e+00 1.311339142801937196e+00 -1.901616817341619470e+00 -3.892174807363402156e-01 -1.308252459909431675e-01 2.691633352041453708e-01
1.224055697152617528e+00 -7.725065285234510304e-01 1.548515464890999560e+00 -1.980024436744897143e+00 -8.850928365208419191e-01 -7.127741361227536432e-01 5.932603542468917190e-01
1.241485956606325658e+00 -4.954507985548556315e-01 1.717446715232394894e+00 -1.978536905330247508e+00 -1.292932695782228913e+00 -1.319106255915271086e+00 9.412133129170300316e-01
1.182149777699711635e+00 -1.931200791945365258e-01 1.789149640723197709e+00 -1.884194278253147337e+00 -1.582279844599306706e+00 -1.864051734334684962e+00 1.270775219279753010e+00
1.048290772504680612e+00 1.427519393046092766e-01 1.737181983670275764e+00 -1.712618025373721098e+00 -1.757136954721618460e+00 -2.281414824573190891e+00 1.527186560029025308e+00
8.410897848475897831e-01 4.980256394723664992e-01 1.556824322946232853e+00 -1.486329353517334750e+00 -1.790452910653497653e+00 -2.474566821698977126e+00 1.643973093443388711e+00
5.473240970563838514e-01 8.312027569741454736e-01 1.262411910449448671e+00 -1.208760332238730584e+00 -1.648439530465211966e+00 -2.346799981698701743e+00 1.589435484021655576e+00
1.569423315895215887e-01 1.090630243690469126e+00 8.785770640755649064e-01 -8.565109392476719652e-01 -1.356570153982947780e+00 -1.890783415763909625e+00 1.393693876917357910e+00
-3.199164533903250396e-01 1.245001350764453507e+00 4.391009740164987796e-01 -3.934457092391954736e-01 -9.892239716680403250e-01 -1.216308647815353972e+00 1.116190688336922587e+00
-8.452780943242477196e-01 1.302008143272432417e+00 -1.693366990685035364e-02 2.005269721803183414e-01 -6.093660992777660823e-01 -4.871934024878592506e-01 8.045952315708427838e-01
-1.350885087752191627e+00 1.299518155611847359e+00 -4.523509683676298354e-01 8.966390794888869920e-01 -2.402465848935765313e-01 1.668965908913621066e-01 4.826050334553875221e-01
-1.762922642820710095e+00 1.276348883285171931e+00 -8.386324334896704258e-01 1.600421320370108091e+00 9.600262967309829143e-02 6.670694702874332416e-01 1.710113191644932751e-01
-2.032965619673513302e+00 1.250356675125536388e+00 -1.157214518704660300e+00 2.175293646918492474e+00 3.469711104811614155e-01 9.555890285758813496e-01 -1.022394349585974971e-01
-2.136952635457342264e+00 1.228939327820862015e+00 -1.395634323574864943e+00 2.503053947289176850e+00 4.691559513906133905e-01 1.002935244130778836e+00 -3.288697035622784592e-01
-2.073554945118675885e+00 1.218775216007579543e+00 -1.550159321936130707e+00 2.537290871336713938e+00 4.568799257393573177e-01 8.315948150584510090e-01 -5.178536459695449734e-01
-1.876766816597401633e+00 1.210820915198065784e+00 -1.634563472482733815e+00 2.308776836465898263e+00 3.223710126896367489e-01 5.249720369267081299e-01 -6.658973796938941758e-01
-1.585077775804707878e+00 1.179815484072673559e+00 -1.668921631351551138e+00 1.890707106325435927e+00 9.864371787327692875e-02 2.128590679785314632e-01 -7.753852094308376630e-01
-1.187072238630134002e+00 1.101290401987555789e+00 -1.645977256164028901e+00 1.362892002130885682e+00 -1.369353982157750227e-01 1.963746756681874345e-02 -8.789437202356241707e-01
-6.474832054277726012e-01 9.472067803889285820e-01 -1.526459965649206385e+00 7.900475708542956665e-01 -2.921111784250481347e-01 1.027175872613720134e-02 -9.997865363859976817e-01
1.844940683745906543e-02 6.805261175970263032e-01 -1.278719824217839252e+00 2.174531704121914766e-01 -3.186789550673032601e-01 1.793015957581905462e-01 -1.115538645231234360e+00
7.376614476102776319e-01 2.878316455116060046e-01 -9.099145459121777968e-01 -3.085664124292603061e-01 -2.202078013852740990e-01 4.694380370390991986e-01 -1.189177353921652802e+00
1.410493072082975585e+00 -2.018654417996970374e-01 -4.609547814688191858e-01 -7.262807142670892890e-01 -3.328115364388190695e-02 7.879950698199259529e-01 -1.191104224598937167e+00
1.921041949340080102e+00 -7.439822205352215612e-01 1.221325348995764594e-02 -9.812929471329231434e-01 1.829180820925509210e-01 1.036890498680951733e+00 -1.088594738295943332e+00
2.169679483375582585e+00 -1.272356244524894819e+00 4.451008068302826359e-01 -1.050690140697785990e+00 3.754570873149247201e-01 1.159267338857706164e+00 -8.723284601430109086e-01
2.116161906294248052e+00 -1.668685803177897498e+00 7.593065843666924053e-01 -9.334863017111076910e-01 5.090730589998468947e-01 1.143328224226127787e+00 -5.792009424563677733e-01
1.781095926616350189e+00 -1.804901460141748792e+00 8.829995309073277454e-01 -6.435653371284687507e-01 5.521930168528023097e-01 9.978286781972171005e-01 -2.653307077097683542e-01
1.237381092426481199e+00 -1.618621645800339293e+00 7.965130653161006657e-01 -2.262223459052211394e-01 5.014791112532022144e-01 7.688338595562983491e-01 1.636269258831750178e-03
6.005835897676140567e-01 -1.108998187271925895e+00 5.239490452972698220e-01 2.464335113840940839e-01 3.920463439466095878e-01 5.361798188269509824e-01 1.361701026112456803e-01
3.618126407778337293e-03 -2.706757760845245331e-01 7.650148156827196733e-02 7.025049793414954724e-01 2.324985184144103267e-01 3.328203945244401774e-01 7.235043080037754926e-02
-4.059519493579948901e-01 9.058064464148165573e-01 -5.336044013529600560e-01 1.069088546704046294e+00 -2.831280379061102206e-02 9.157921434758552193e-02 -1.938704942463641834e-01
-4.059519493579948901e-01 9.058064464148165573e-01 -5.336044013529600560e-01 1.069088546704046294e+00 -2.831280379061102206e-02 9.157921434758552193e-02 -1.938704942463641834e-01
-3.916716621772341200e-02 1.112877555073977343e+00 -6.430362738001661471e-01 2.819154709752008103e-01 -2.533244250435206513e-01 -1.583057575062033484e-01 -3.053593084503209987e-01
3.276176169225481494e-01 1.319948663733138350e+00 -7.524681462473721272e-01 -5.052576047536447845e-01 -4.783360462964302284e-01 -4.081907293599922881e-01 -4.168481226542778972e-01
6.944024000628196136e-01 1.527019772392299357e+00 -8.619000186945781072e-01 -1.292430680482490102e+00 -7.033476675493400831e-01 -6.580757012137811168e-01 -5.283369368582346848e-01
6.944024000628196136e-01 1.527019772392299357e+00 -8.619000186945781072e-01 -1.292430680482490102e+00 -7.033476675493400831e-01 -6.580757012137811168e-01 -5.283369368582346848e-01
6.033092846465942793e-01 9.550700694234945387e-02 -3.787861306763818936e-01 -1.677900708000703789e+00 -7.129431963965270069e-02 1.765953927146039215e-01 -3.262004532696001768e-01
4.524836958530588094e-01 -7.288083869243375812e-01 -9.065612916809143162e-02 -1.371076003097685625e+00 4.655907907687084069e-01 9.367321940482197240e-01 -3.090173931149885478e-01
3.729336787142162324e-01 -9.404667055504357664e-01 9.199274471450195889e-02 -5.618270580892626986e-01 6.098715934035692232e-01 1.217166370740468295e+00 -2.964783570752403397e-01
4.071976254402174811e-01 -7.823265721798524641e-01 2.454666951176036338e-01 3.936264120544968326e-01 3.015266776091111711e-01 8.969235989626449523e-01 -1.566377969485693300e-01
4.903302852300160941e-01 -5.132207566009838740e-01 3.763111337194828265e-01 1.209027134584224727e+00 -1.851300039582815526e-01 2.499743759065350679e-01 3.163864228134727341e-02
5.340064755383503448e-01 -3.513285103358074202e-01 4.623872377746168216e-01 1.683457531393069528e+00 -4.765193988231135602e-01 -2.542124417559046279e-01 1.227024910853345280e-01
5.075497806265542033e-01 -3.950405845382522485e-01 4.362505694470153461e-01 1.682977075771196596e+00 -4.108445785338085687e-01 -2.833521078483902667e-01 5.084179851096431307e-02
4.522671130269661499e-01 -5.210262728344724481e-01 2.257581984198208935e-01 1.215124481275929424e+00 -7.752586330756951194e-02 1.232412021097316901e-01 -1.665044642023458810e-01
4.544987289637586469e-01 -4.493114952683175956e-01 -1.454556108405598569e-01 4.434943582153956787e-01 3.354133222125397218e-01 6.080470181392118034e-01 -4.667014721747386741e-01
5.624227223102442608e-01 -6.909352649016900494e-02 -5.339671654152268188e-01 -4.208309921127160735e-01 6.739000283913473277e-01 8.574801497762741809e-01 -7.631650230098359078e-01
7.224788139884456006e-01 4.037036765771203628e-01 -7.646678984736742235e-01 -1.203651156430257441e+00 8.619263525710137985e-01 8.465703477623314210e-01 -9.591603896313810607e-01
8.264436691225658382e-01 7.034115949582367966e-01 -7.676707803458123758e-01 -1.767896766972567812e+00 8.663508959145039823e-01 7.032468737107152590e-01 -9.851978275500024029e-01
8.104636598206859111e-01 7.776858915209815537e-01 -6.066866760578099038e-01 -1.998120110073601907e+00 6.740018817447334110e-01 4.954588535542563954e-01 -8.351619310259386086e-01
6.944786260038069425e-01 7.260282795776816789e-01 -3.771921174006009903e-01 -1.822579432423161228e+00 3.185868751066469051e-01 2.149894431233527192e-01 -5.496559069848201418e-01
5.338629999853223840e-01 6.446150725671168091e-01 -1.527881334626001730e-01 -1.266767602293923822e+00 -1.249777202115312652e-01 -1.314242426370855754e-01 -1.892706929770549551e-01
3.522486898161352187e-01 5.726996277706554173e-01 2.058092786332759577e-02 -4.781342585687707869e-01 -5.656204995834720473e-01 -4.940340359267956782e-01 1.745011119492838048e-01
1.331032309142757275e-01 5.015877426034798248e-01 1.518296347247034550e-01 3.184235599787707538e-01 -9.038731712975885957e-01 -8.017542036177542908e-01 4.818117054168486457e-01
-1.431351999327179769e-01 4.125195582385247639e-01 2.657887516658235527e-01 9.172014402615850104e-01 -1.068816124578438442e+00 -9.657252787272351258e-01 6.950312039647625895e-01
-4.613851257220266122e-01 3.119704097136687393e-01 3.531282249393493111e-01 1.217776795283322278e+00 -1.051522984665450799e+00 -9.187696445687826285e-01 7.907536941588552137e-01
-7.399691078329404537e-01 2.067516030230789337e-01 4.223382022838895744e-01 1.226350376488663851e+00 -8.942592357934173730e-01 -6.881060568871034677e-01 7.765267680219332114e-01
-8.590161888161276238e-01 8.353515168988188966e-02 5.096837566243693773e-01 9.988047202912472278e-01 -6.717684262200607215e-01 -3.701684511126747124e-01 6.878258622945705447e-01
-7.705634901676299275e-01 -6.348126418737827514e-02 5.953458783170992863e-01 6.282778083247653189e-01 -4.604186306789962990e-01 -2.964498826336426154e-02 5.449956962311754971e-01
-5.557105050357800113e-01 -2.312300473517917287e-01 5.984527768247194235e-01 2.614013816093739839e-01 -3.038359901743835634e-01 3.182608056285794462e-01 3.544246501706490027e-01
-3.535176716865454094e-01 -3.939470771022293150e-01 4.466301195524790546e-01 5.250608694012557504e-02 -2.200566479762579020e-01 6.309727196340864097e-01 1.390917791419052640e-01
-2.600354419051910670e-01 -4.734236205816793608e-01 1.252811050787495384e-01 8.933106733850659786e-02 -2.122630085913479736e-01 8.024244016454372685e-01 -6.335113863733936312e-02
-2.809550787984370634e-01 -4.037984131998386683e-01 -2.928706581069341897e-01 3.657591030145076472e-01 -2.534487775458486580e-01 7.353649154107696484e-01 -2.059247692189599410e-01
-3.502136137073225686e-01 -2.032685807057133809e-01 -6.852498240168013455e-01 7.853506312853277826e-01 -3.032203164240138138e-01 4.204181173452707920e-01 -2.447324473387360033e-01
-4.052503733622359050e-01 5.958839410864510966e-02 -9.788046567074100146e-01 1.189692425060696612e+00 -3.366563945529610913e-01 -5.157695895174149725e-02 -1.856993302206002283e-01
-4.382390800029950517e-01 3.117071510363919051e-01 -1.173329970552342560e+00 1.436135007176150724e+00 -3.312652752937227940e-01 -5.243513197822127214e-01 -9.038451682233085427e-02
-4.540130935823528668e-01 4.914619836932215269e-01 -1.276977051241251493e+00 1.462871621789940679e+00 -2.705474910695489510e-01 -8.600809690249495709e-01 -9.179866792376286180e-03
-4.293576561120087121e-01 5.789939261253147507e-01 -1.283267606286293550e+00 1.283530053148797867e+00 -1.598587528639751343e-01 -9.888459151016861792e-01 4.010945649286232206e-02
-3.526570992889459522e-01 5.961795395212651227e-01 -1.192595587665555623e+00 9.633002210927387177e-01 6.478538945191626187e-03 -8.685048268263524385e-01 2.923881081311610272e-02
-2.412282124373366921e-01 5.602728920659025835e-01 -1.000471788267613960e+00 5.878587713325587050e-01 2.527722972053785266e-01 -4.747381377480222042e-01 -7.480071488823536452e-02
-1.007568970391200663e-01 4.768657586099829260e-01 -6.906975238584620591e-01 2.029267447125509827e-01 5.671810680406000893e-01 1.440399779706482419e-01 -2.680471612996498387e-01
7.901164059908556692e-02 3.659926578137076558e-01 -2.749145753643942314e-01 -1.909989476391400209e-01 8.946657190677896887e-01 8.559751422305440505e-01 -5.189342098069715803e-01
3.129320402055035255e-01 2.407962157690674843e-01 2.016508157739757556e-01 -5.781858425948033231e-01 1.189255614000622963e+00 1.501003576492154989e+00 -7.922289340746700992e-01
6.354161364965705827e-01 8.835083769991365632e-02 7.010308818205740478e-01 -9.217941688655033605e-01 1.420578854589040541e+00 1.934160997956932526e+00 -1.036883167805803252e+00
1.071274850220956365e+00 -8.166372331315439881e-02 1.175520318217063487e+00 -1.199685764806591726e+00 1.555036657855916271e+00 2.057616808013951193e+00 -1.206933367285091263e+00
1.576552505392303294e+00 -2.150952594111416039e-01 1.529946396145783316e+00 -1.396645891060707356e+00 1.578613648493580213e+00 1.883722607081045775e+00 -1.313482295199080552e+00
2.052512148682340332e+00 -2.629175774401251164e-01 1.671614878416459060e+00 -1.477065397706051275e+00 1.496835848943161462e+00 1.525219185307663761e+00 -1.392791611824597764e+00
2.401015257515780821e+00 -2.057416281196678132e-01 1.570921819261748897e+00 -1.387929692870939036e+00 1.289466675703062615e+00 1.068625167618926675e+00 -1.426477391513164550e+00
2.533045778173489193e+00 -5.520192497940890064e-02 1.254143124098686668e+00 -1.110987224125800754e+00 9.284777441177431978e-01 5.458552315822924328e-01 -1.353961686991318469e+00
2.387494191712250302e+00 1.299857356880607662e-01 7.917138012536004688e-01 -7.168019963779694859e-01 4.381285705584149204e-01 2.774514865570324590e-02 -1.144809098126309488e+00
1.983378446647831028e+00 2.784964902740745263e-01 2.881335150420369917e-01 -3.390574604057361441e-01 -1.215984260362292235e-01 -3.876447040148173206e-01 -8.145806994588843386e-01
1.401325430082436929e+00 3.657112717153532810e-01 -1.614729830604705596e-01 -8.853306765059200389e-02 -6.830492574759396973e-01 -6.426995399917797558e-01 -4.092826368182745922e-01
7.189930998123154060e-01 3.989455780404705387e-01 -5.010856716345379880e-01 -1.756571714973672671e-03 -1.150958536271518007e+00 -7.004661737227958485e-01 -2.293744299834683028e-03
-7.854910441117688921e-03 3.856600565513073064e-01 -7.123578684152651608e-01 -5.022869349562376906e-02 -1.419611390299925446e+00 -5.311460896366088091e-01 3.278229345453629873e-01
-7.236787058006681761e-01 3.557708193019403775e-01 -8.085263516035130493e-01 -1.520523471232646251e-01 -1.426326965463634577e+00 -1.666738948561131417e-01 5.273259311769440405e-01
-1.334229920531680325e+00 3.595146589943716831e-01 -8.057272917264172163e-01 -1.960605535265171340e-01 -1.182679806744011408e+00 2.671349117461085942e-01 5.832596579923038371e-01
-1.712581238167503850e+00 4.180119816571432612e-01 -6.962245150183375975e-01 -1.174507974960339041e-01 -7.657006832624362325e-01 6.016198343175952479e-01 5.221993894439546091e-01
-1.770321231080313140e+00 4.931875802952306875e-01 -4.689813401646958368e-01 5.789056647757941099e-02 -2.663993337969265962e-01 7.276633536044327943e-01 3.815041763791640617e-01
-1.487844613895729751e+00 5.035015206264830123e-01 -1.365467084568458001e-01 2.545899500315363939e-01 2.487365465693073818e-01 6.597187817645364660e-01 1.901332641029120085e-01
-8.908482206826084937e-01 3.844413426974062076e-01 2.616350781734683717e-01 4.044859809359491742e-01 7.212442193374043464e-01 4.855803904883344013e-01 -2.390983392195187782e-02
-5.913939389717547124e-02 1.326377189416942659e-01 6.646398256312846531e-01 4.748280523109128515e-01 1.096490870313302723e+00 2.789718081615295553e-01 -2.423767987198378882e-01
8.612948719863910974e-01 -2.143212511248677177e-01 1.003401320778857908e+00 4.721464883941871582e-01 1.358969048071702934e+00 1.005319488183706866e-01 -4.675670317102927354e-01
1.702521254582541221e+00 -5.987392508308644334e-01 1.213634313669608833e+00 4.136929856521034954e-01 1.530736180879601394e+00 3.508720427657559954e-02 -7.041475827583320024e-01
2.332527219695426979e+00 -9.294633572516571851e-01 1.244451935038185075e+00 2.934728473607720045e-01 1.628981893180335927e+00 1.617468821203568718e-01 -9.518639943155142724e-01
2.675074693623911148e+00 -1.101784498586402261e+00 1.075138221332245125e+00 9.064967130433800035e-02 1.653897925889965537e+00 4.986311412006421695e-01 -1.217799340649151407e+00
2.713549759921211724e+00 -1.059501066571243433e+00 7.318956229744624231e-01 -1.959485517520666298e-01 1.602090735979415870e+00 9.887362000389882111e-01 -1.501426502628834481e+00
2.505215110691305647e+00 -8.074284794912289787e-01 2.812910696058176230e-01 -5.363648023018776634e-01 1.460167579078601729e+00 1.505954500709837385e+00 -1.768913155585298158e+00
2.159106696725963115e+00 -3.789133259101440943e-01 -1.910275369204846863e-01 -8.814232752658310854e-01 1.209556850610661094e+00 1.887677900868424574e+00 -1.968121697832467376e+00
1.772272293515582353e+00 1.566705775564215808e-01 -5.892752032531515249e-01 -1.166709084734564472e+00 8.570182421599761291e-01 1.997762464714307740e+00 -2.050331903545272727e+00
1.393394895621181018e+00 6.797260610739888076e-01 -8.214332725092732268e-01 -1.328139867506763938e+00 4.387324770370660265e-01 1.777727441786112861e+00 -1.963956369387546808e+00
1.026923117294560539e+00 1.075466320858704750e+00 -8.442628488937702347e-01 -1.339857410005826033e+00 1.625111073495047118e-03 1.268416434473824239e+00 -1.675999224599350024e+00
6.681090589188215523e-01 1.299572331105074197e+00 -6.868236004189903765e-01 -1.214222219427670835e+00 -4.104008321923577896e-01 5.753278671403018185e-01 -1.214664189638702485e+00
3.405360004292050657e-01 1.358673442664541930e+00 -4.100237061472248312e-01 -9.698060638866944361e-01 -7.668602219770522810e-01 -1.853044701985491205e-01 -6.528855547220631106e-01
7.728897234756625101e-02 1.264217334576865692e+00 -7.665885147905435182e-02 -6.290263906174529129e-01 -1.049500962040510466e+00 -8.847997963395876075e-01 -6.655509741717667571e-02
-1.265833431740810977e-01 1.044209792442406304e+00 2.237172716605429490e-01 -2.228221682464715525e-01 -1.241277477213434732e+00 -1.367543283341967841e+00 4.618738691755185921e-01
-3.096543240588307544e-01 7.504899045098404331e-01 3.754968264776984976e-01 2.119324736503836459e-01 -1.342276325757969069e+00 -1.500998277474005604e+00 8.541223728867377574e-01
-4.930763292894692063e-01 4.409057894090882557e-01 2.991593259836086149e-01 6.104094412100031786e-01 -1.399302773593097848e+00 -1.271268456817488568e+00 1.088627866486861384e+00
-6.604203356260166524e-01 1.977288098992913690e-01 1.945653193679320941e-03 8.811693458331895101e-01 -1.463265258062355967e+00 -8.095399046907550966e-01 1.192072628559071701e+00
-7.698554194752500468e-01 1.261505841940036288e-01 -4.204570819008958682e-01 9.586618383991073467e-01 -1.522192845912400339e+00 -3.112880785740980150e-01 1.180543939968818457e+00
-7.546599641606596132e-01 2.986256403399238368e-01 -8.192208519152885948e-01 8.427699872097229594e-01 -1.530288369366038514e+00 4.609658447533803577e-02 1.060155003225389914e+00
-5.603447644062051758e-01 7.139034853999872698e-01 -1.062541220243736984e+00 5.954984418110309541e-01 -1.459438077445131210e+00 1.616581103360031635e-01 8.480815019950342926e-01
-2.210071742664189154e-01 1.270821811924013112e+00 -1.092742760596913998e+00 3.068108063640659910e-01 -1.300209250281153750e+00 5.081854335161985897e-02 5.704569516686170960e-01
1.257028687222047081e-01 1.779456668122770147e+00 -9.241433502090748986e-01 5.472148922830991080e-02 -1.071205431747394465e+00 -2.034791114882205376e-01 2.899457257463813331e-01
2.946268933674250357e-01 2.051772799606053521e+00 -6.145664665263271820e-01 -1.104396054233481861e-01 -8.086108878433996283e-01 -5.197373855062941139e-01 1.039198342175052664e-01
1.358170817490397531e-01 1.979052071178693861e+00 -2.332497199630312601e-01 -1.661206270094221782e-01 -5.270337484657136029e-01 -8.203853729617315294e-01 7.670159829520289962e-02
-3.783091970682033178e-01 1.537256627337967752e+00 1.680657190821008840e-01 -1.276594188216647885e-01 -2.336313846062314792e-01 -1.026252839321550203e+00 2.106903822954550309e-01
-1.134458201524112031e+00 7.986802113876025899e-01 5.428814328323886551e-01 -4.352192662011590552e-02 4.634088948113691125e-02 -1.066394462693999179e+00 4.571353360050028902e-01
-1.947091694158195718e+00 -4.911712475300081260e-02 8.210099398302568297e-01 6.000169510684170981e-02 2.859140956770874209e-01 -9.121684901502115084e-01 7.174948076377603012e-01
-2.632309876279684602e+00 -7.783218545768467722e-01 9.338671142955230486e-01 2.200481921172341426e-01 4.592335523207318193e-01 -6.250461716084482200e-01 8.869249869182543877e-01
-3.052557391748587534e+00 -1.241157918161921003e+00 8.721522643196010227e-01 4.855083580764575357e-01 5.400706502296217515e-01 -3.299690153430063222e-01 9.235848340073636864e-01
-3.148393899112939653e+00 -1.405447636529970179e+00 6.937225400563018507e-01 8.446972793299950544e-01 5.350927492236245975e-01 -1.237110301808497653e-01 8.478299640498723200e-01
-2.947980368964991715e+00 -1.334937619596942682e+00 4.751792790365210184e-01 1.233124125662278026e+00 4.830466254390916592e-01 -3.689371587186297125e-02 7.006080831725854940e-01
-2.543591233697688914e+00 -1.152116470811527460e+00 2.656406010825305697e-01 1.585926485656716789e+00 4.019274339389750095e-01 -7.169948900676967329e-02 5.365722216532679001e-01
-2.057478528966000475e+00 -9.607513590456258079e-01 7.052228057553995566e-02 1.868457314385470802e+00 2.957819498105517808e-01 -2.107505339303549496e-01 4.049315281968380864e-01
-1.603345040779121211e+00 -8.012052565487612910e-01 -1.290355523257543380e-01 2.074446167715715550e+00 2.041929468227004774e-01 -3.913659638930242490e-01 3.124672889715017776e-01
-1.233333647691835955e+00 -6.758282009988496597e-01 -3.337120592872416802e-01 2.199239520430578132e+00 1.747812967068390622e-01 -5.442742923715269132e-01 2.399190219029768145e-01
-9.275047197436342428e-01 -5.697682481382395636e-01 -5.109625197220231119e-01 2.219529788959040406e+00 2.185760156621982808e-01 -6.487524186610822419e-01 1.700519465696563315e-01
-6.551369260087780422e-01 -4.611747699886808993e-01 -6.223145843150140744e-01 2.108240031696186456e+00 3.323163343724163665e-01 -7.051970921095597200e-01 8.052421870741857668e-02
-4.100553653548771882e-01 -3.467432024660917489e-01 -6.535410053732970681e-01 1.852656856271705177e+00 5.098489956702983994e-01 -6.883441008554495033e-01 -5.159235570740876992e-02
-1.807344620609002694e-01 -2.377866528846633853e-01 -6.146843848979918201e-01 1.454866390765211515e+00 7.214851741693585341e-01 -5.652243293546974634e-01 -2.350186563128870698e-01
5.596637395718170177e-02 -1.383013345281017548e-01 -5.136792255491662296e-01 9.449555269195496487e-01 9.290354401794388428e-01 -3.257649648127186603e-01 -4.655946261414101173e-01
3.018402087981713611e-01 -6.188988271664629809e-02 -3.432989119448163207e-01 3.921986677867847493e-01 1.100046212200370466e+00 2.166557132608517428e-02 -7.160320089785299214e-01
5.354260629849756370e-01 -3.372986048199531212e-02 -9.726137401284472295e-02 -1.119935177234971380e-01 1.188574063538965442e+00 4.381955796823228111e-01 -9.290261656211714625e-01
7.297707502217756215e-01 -4.950385526240899670e-02 2.107841611250408642e-01 -4.703247442902193654e-01 1.149090139930490251e+00 8.392345195283759107e-01 -1.051503223909177054e+00
8.553779369086504936e-01 -8.103252708155780915e-02 5.365842102207211139e-01 -6.039998040809453350e-01 9.515527591880462710e-01 1.117525333713053515e+00 -1.052491306877107791e+00
8.975587740823519622e-01 -1.086619663371566069e-01 8.142835280853293334e-01 -5.063379862117982633e-01 5.558958408984692179e-01 1.161867651811392177e+00 -9.000568377586746216e-01
8.596238536813355369e-01 -1.055200791228460555e-01 9.863684814563589143e-01 -2.595187120856767837e-01 -4.906780187202251092e-02 9.000535355503688217e-01 -5.798274729275644246e-01
7.280952241567845151e-01 -3.416773861735542678e-02 1.017129468703202866e+00 2.261383563161082147e-02 -7.745615683724843548e-01 3.768768077249532999e-01 -1.379882350276852854e-01
4.797227008134151705e-01 1.239728998820049388e-01 8.894358162798530199e-01 2.576755917744932844e-01 -1.469804905957382779e+00 -2.606721247924920215e-01 3.378760210930718544e-01
1.194872519363668478e-01 3.632269150226461463e-01 6.064899779783632372e-01 4.170896430420679701e-01 -1.997329976725776834e+00 -8.560031341888422185e-01 7.600174768076090048e-01
-3.285472487869467439e-01 6.441577295769738143e-01 1.939297022263023196e-01 5.187502478606621503e-01 -2.254632998092713780e+00 -1.280127111028026565e+00 1.060566403400779345e+00
-8.358001876980984957e-01 8.759557350937688947e-01 -2.966647548156437497e-01 5.991464946176573436e-01 -2.199665824493235888e+00 -1.440799883102508172e+00 1.218736597521189680e+00
-1.362620454546390913e+00 9.611786907446315809e-01 -7.984735191099634477e-01 6.807518604440625509e-01 -1.864750006159258122e+00 -1.307006952856054394e+00 1.259106018656273029e+00
-1.871631417578605738e+00 8.608031160839073603e-01 -1.247863965429869104e+00 7.600827308524692461e-01 -1.310259184171512326e+00 -8.992872744317146338e-01 1.209559042579260169e+00
-2.325150607664098867e+00 5.888936645924001123e-01 -1.578911300454694411e+00 8.229325122368197354e-01 -6.061955043929211362e-01 -2.841761268744143476e-01 1.095752089396516915e+00
-2.649259565143189388e+00 1.908699574098026430e-01 -1.727170694883642721e+00 8.619941607029983910e-01 1.334459142943137389e-01 3.925749240029266507e-01 9.587402335090288163e-01
-2.749279826503800539e+00 -2.440996333269176422e-01 -1.662887036669224772e+00 8.725220263776496399e-01 7.844572634892023055e-01 9.442634744722651075e-01 8.255861278413010318e-01
-2.582453180627295453e+00 -6.096208335865386241e-01 -1.410558083422672526e+00 8.444332473184883447e-01 1.271576707184812749e+00 1.241977233481877496e+00 6.886054262163753270e-01
-2.188450162039370372e+00 -8.510717335557171914e-01 -1.029355714860057169e+00 7.655008854264474527e-01 1.538088590337830297e+00 1.228801763995970076e+00 5.559973111991770578e-01
-1.662695367868166629e+00 -9.786921360223365118e-01 -5.810113155277412123e-01 6.199954086770117501e-01 1.536669477789932126e+00 8.977286030548198292e-01 4.759385484957378010e-01
-1.124641039827523059e+00 -1.020772677262559158e+00 -1.235025576858975738e-01 3.929021016032130387e-01 1.289658902074494184e+00 3.127346132874203044e-01 4.833164910532977143e-01
-6.813290734169615837e-01 -9.999448262831248657e-01 2.899473048811422315e-01 9.316715261081373600e-02 8.905363038063275338e-01 -3.977193834584062948e-01 5.713269753221935643e-01
-3.963327579650581245e-01 -9.318000908845690544e-01 6.208330123565951597e-01 -2.275211739942452627e-01 4.546589801076777460e-01 -1.082169647331299611e+00 7.078614967332333974e-01
-2.916100142876173473e-01 -8.157523048113215491e-01 8.382635836023767384e-01 -4.885548709478627627e-01 9.331102368840278605e-02 -1.585793222503335320e+00 8.401832474059935940e-01
-3.425555316177064102e-01 -6.439391731248680362e-01 9.115539538251813401e-01 -6.279644953486092085e-01 -1.280218989933140095e-01 -1.771135013365258803e+00 9.120924838489911091e-01
-4.624537838058623840e-01 -4.151296849757996066e-01 8.281786708714565792e-01 -6.322123742230569832e-01 -2.354585812744707241e-01 -1.585237980666096558e+00 9.063236779542951371e-01
-5.532574401261788344e-01 -1.396885842882563400e-01 6.187338513226940950e-01 -5.180013716286731018e-01 -2.886800901415708664e-01 -1.095396753686668889e+00 8.357248895584541426e-01
-5.807063033538564234e-01 1.398707230862727136e-01 3.536484196758968856e-01 -3.240918533756484976e-01 -2.949328405594336955e-01 -4.307146784130757022e-01 6.992540287630627516e-01
-5.680799635613855703e-01 3.378379322630042370e-01 1.215710871001812327e-01 -1.165685377758065577e-01 -2.377921116850103544e-01 2.651975364753468845e-01 5.083946358057096493e-01
-5.466943315114698443e-01 3.666552552161768119e-01 9.194003051023174472e-03 5.042174911482688593e-02 -1.228170693732343610e-01 8.384943291363892159e-01 3.199730359853163453e-01
-5.292801273108477256e-01 2.022176584209053607e-01 5.989974652466196342e-02 1.693039347930571370e-01 2.964637812549790474e-02 1.155503009621053900e+00 1.945532213374046582e-01
-5.100267704465167862e-01 -9.647025077169642249e-02 2.324064999402264686e-01 2.434291394642962014e-01 1.820209904333072171e-01 1.153659418381028701e+00 1.536767047822936993e-01
-4.863952828745711776e-01 -4.267779468156748801e-01 4.184392275297733055e-01 2.509775963063224924e-01 3.069190028714831597e-01 8.901109375899289855e-01 1.570733442535572066e-01
-4.605400794173271084e-01 -7.033756276554320452e-01 5.275222605222003036e-01 1.756369434807924235e-01 4.285668745437407612e-01 5.165054823928867389e-01 1.228727331779498055e-01
-4.054012515534449190e-01 -8.924493001034344841e-01 5.486287812445739265e-01 3.106593348121140796e-02 5.719232972131136350e-01 1.558329770672017833e-01 1.187612637854577706e-02
-2.639722979228942279e-01 -9.884848919505554443e-01 5.104004084761288862e-01 -1.691298462390678492e-01 7.051874756438250014e-01 -1.512452427739544303e-01 -1.556489434583374076e-01
-1.173762723932062430e-05 -9.851855008353177512e-01 4.357534820693889088e-01 -4.204222655930655583e-01 7.843494251750018353e-01 -3.926036848777991195e-01 -3.551433532852517061e-01
3.659450745711910202e-01 -8.951138178934963108e-01 3.525996161348746161e-01 -6.952672840571155755e-01 7.954609268721046789e-01 -5.574047827189940740e-01 -5.571135150490005294e-01
7.697554352556971180e-01 -7.547520832041012540e-01 2.789371167054707779e-01 -9.343002739056317507e-01 7.379403821585561740e-01 -6.401560448313072804e-01 -7.209470747833010007e-01
1.140321214083065415e+00 -5.885898684411492443e-01 2.075655387206959135e-01 -1.075397226122823069e+00 6.355695485353628493e-01 -6.279633864330765869e-01 -8.351295977914258151e-01
1.427405362482111695e+00 -4.128269868702942325e-01 1.430477583969320121e-01 -1.087965080583323640e+00 5.453765146019827759e-01 -5.081015616994587480e-01 -9.154986642633888838e-01
1.606166501107592071e+00 -2.573382243310153306e-01 1.145933057785252646e-01 -9.847009389514181921e-01 5.013532363839647843e-01 -3.079795921426310423e-01 -9.571012924680981637e-01
1.653404046970954111e+00 -1.440684141136975016e-01 1.318952265070386654e-01 -8.007129467860500949e-01 4.934420691911124424e-01 -8.505983342662989943e-02 -9.358789857764943099e-01
1.533102331526752238e+00 -7.357886296053677000e-02 1.533095449756378403e-01 -5.647859301680443478e-01 4.964706733585104725e-01 1.163939612945367741e-01 -8.469692132624627723e-01
1.230428762174557988e+00 -4.323578019607069584e-02 1.171568775200327456e-01 -2.974411870924051349e-01 4.661966851345172302e-01 2.579451982432613422e-01 -6.996496767309700049e-01
7.765183493711921292e-01 -4.753787665483640706e-02 -1.141306380393385979e-02 -2.816784827074056766e-02 3.530707933334131243e-01 3.125971864762354668e-01 -5.031250357121952455e-01
2.223965878373204696e-01 -6.551968623828506588e-02 -2.351256154987517166e-01 2.000775477361163013e-01 1.428199594472516487e-01 2.927938016002641364e-01 -2.804204135710197110e-01
-3.721445846563841142e-01 -7.478257274995223081e-02 -5.226207483760115791e-01 3.378842095092487452e-01 -1.490816447156589619e-01 2.250483502327822738e-01 -5.981269603618961928e-02
-9.177856295631384720e-01 -6.029859861230935786e-02 -8.029102749786343196e-01 3.384899087974937437e-01 -4.976966303338956066e-01 1.205730881286912887e-01 1.459369206179196299e-01
-1.314830467038866191e+00 1.030674136515251534e-02 -1.005552906035942495e+00 1.848567378476661804e-01 -8.574100570609604066e-01 -1.290514753557426945e-02 3.247106624624283566e-01
-1.516399915172159663e+00 1.752783560994131129e-01 -1.107772164020239591e+00 -8.649626123438437786e-02 -1.168349677449382229e+00 -1.588231488453272500e-01 4.607008238046139126e-01
-1.546025084422138374e+00 4.313190995719144993e-01 -1.121994912352486606e+00 -4.043406933874711950e-01 -1.407244197888660509e+00 -3.127128543960990825e-01 5.716420714575580764e-01
-1.451153735059600214e+00 7.394765641154402713e-01 -1.055698789583330521e+00 -7.034715585342725674e-01 -1.598848308638978422e+00 -4.969900071627650906e-01 7.059310186563447775e-01
-1.275208008813340621e+00 1.051211018039934331e+00 -9.009249368563705396e-01 -9.437960587479957697e-01 -1.757026741521901636e+00 -7.193119907650633582e-01 8.886497385310767605e-01
-1.051805493392012458e+00 1.307917235563821778e+00 -6.470033516601397805e-01 -1.103772712861003757e+00 -1.865611119839611476e+00 -9.539815208736328600e-01 1.111790417496101524e+00
-7.880837108494342935e-01 1.469314589131694770e+00 -3.032264063701810564e-01 -1.177514157902235681e+00 -1.918471002615889098e+00 -1.184109781083973578e+00 1.353919007249138939e+00
-4.824460094320573988e-01 1.545338424043573911e+00 8.210176103590013930e-02 -1.184558830573577692e+00 -1.916332941828376990e+00 -1.400759245010273046e+00 1.567843946645442799e+00
-1.556642127119660379e-01 1.559051240876366373e+00 4.426347433497258010e-01 -1.166168032140338262e+00 -1.842660916906159851e+00 -1.566934995384656970e+00 1.686189608743965840e+00
1.630612865145275037e-01 1.497241166737267148e+00 7.312679072650527523e-01 -1.155364007908844082e+00 -1.688492944032491394e+00 -1.641422635015193032e+00 1.666634660307617644e+00
4.494057581062749218e-01 1.324820170919233098e+00 9.288577444958657781e-01 -1.151877162346049088e+00 -1.457409859829854826e+00 -1.612803337034885987e+00 1.507007257682513091e+00
6.753979680898369864e-01 1.020399872606044589e+00 1.045669072656228771e+00 -1.134135554643922683e+00 -1.130487821162860396e+00 -1.473878627379014539e+00 1.225347967511364988e+00
8.153107797121140754e-01 5.813834680737043348e-01 1.115572769291624633e+00 -1.081496885284151999e+00 -6.945742271596563322e-01 -1.217571200520782604e+00 8.620941611666821380e-01
8.507473967611002275e-01 2.783017252431170541e-02 1.159295905477815802e+00 -9.759487222341396429e-01 -2.042972007824774006e-01 -8.800702286366570704e-01 4.868876382177925732e-01
7.662713183127281003e-01 -5.766798615321319099e-01 1.157079570285796555e+00 -8.061472077910043499e-01 2.464139408643629126e-01 -5.253091272048104887e-01 1.637372139764973755e-01
5.693402975585067916e-01 -1.127498846571757030e+00 1.067833462921559562e+00 -5.780419041789802703e-01 5.949163502186592956e-01 -1.873751885379928706e-01 -8.765481417064720226e-02
3.191496083965718600e-01 -1.518426513426980762e+00 8.674063735600859859e-01 -3.110667136059485083e-01 8.171884166684991735e-01 1.255271364731204153e-01 -2.852095739310137601e-01
9.852104442620697455e-02 -1.677748455331239841e+00 5.634337310782555619e-01 -2.692525308860052591e-02 9.241652607065757863e-01 4.088089048719740770e-01 -4.639862815643739369e-01
-5.531402819669015841e-02 -1.591869543661580177e+00 1.889344521062203686e-01 2.585063274177268333e-01 9.775650442994121558e-01 6.798658028823532096e-01 -6.579595316588838783e-01
-1.644142104492181400e-01 -1.321191878258939800e+00 -1.991532660890875661e-01 5.314462577195123716e-01 1.044463354789309184e+00 9.678174224885719434e-01 -8.608606338547702963e-01
-2.646933099226518316e-01 -9.649406668301806489e-01 -5.311287786418219525e-01 7.722149563915028381e-01 1.128561716899121325e+00 1.254425058332690135e+00 -1.012879177341873049e+00
-3.762745616938522608e-01 -6.034283300959399909e-01 -7.450152282491542266e-01 9.681391213981926924e-01 1.182559569393952348e+00 1.447459952139741102e+00 -1.042839014415871901e+00
-4.971625866554775230e-01 -3.014491306548788829e-01 -7.959817527371385593e-01 1.119941114120311054e+00 1.153544772036648958e+00 1.435795593459594954e+00 -9.075404527953340184e-01
-6.080187378572283752e-01 -1.213777428018182614e-01 -6.793710424556103078e-01 1.223636922157978368e+00 9.998589473773140668e-01 1.180498631678978505e+00 -6.082301192679334667e-01
-6.938235218397159620e-01 -8.080274901557903122e-02 -4.491497629333607855e-01 1.276988086816646106e+00 7.216069172093426687e-01 7.421999216908428121e-01 -2.025288698242464491e-01
-7.417952515446910589e-01 -1.310936550830710812e-01 -1.849980737619974225e-01 1.293273251501315890e+00 3.770606419890440986e-01 2.269104888673736387e-01 2.106340916508379069e-01
-7.063566131813591165e-01 -1.928134402143782400e-01 5.513646258307714626e-02 1.268579833078272046e+00 3.939952320799140761e-02 -2.719374391605177133e-01 5.321956315879867727e-01
-5.182214937853422132e-01 -1.932160065907328195e-01 2.406504671933849815e-01 1.156650786892783334e+00 -2.291811934319206434e-01 -6.803750556560969054e-01 6.775777344898491483e-01
-1.493175561757382475e-01 -9.645067794943200379e-02 3.473788121051114564e-01 9.063370911785156858e-01 -3.794232783713042956e-01 -9.270336695345231526e-01 5.890689182308860294e-01
3.615425234973800306e-01 8.110166015409903117e-02 3.624912564632890577e-01 5.127262533545403622e-01 -4.109174976064597917e-01 -9.694934753862407550e-01 2.860382046263034717e-01
9.333010072251506362e-01 2.915196847807679514e-01 3.020960037305823742e-01 3.475626541264389274e-02 -3.586345637653183815e-01 -8.204627567918006958e-01 -1.426699893403357011e-01
1.463265204480159287e+00 4.725310829083501085e-01 2.058969500344001169e-01 -4.230751642320557671e-01 -2.356168076962325553e-01 -5.251322745628849153e-01 -6.035370656159346758e-01
1.863470558508840691e+00 5.498435573774999030e-01 1.279585685194473688e-01 -7.648572525852200821e-01 -6.583676945235754363e-02 -1.654120718229846465e-01 -9.969121458248113576e-01
2.101067552842747599e+00 4.747738552090619568e-01 1.155633153796692542e-01 -9.534815162981997716e-01 8.337722290848585682e-02 1.486995398881316710e-01 -1.222742290085733208e+00
