2.622812330273074366e-01 1.226433728991958017e+00 -1.463095288767614077e+00 1.493875254224073412e+00 -1.017410720331689777e+00 -9.348635421151216818e-01 -3.323053222693778119e-01
1.775574387751290839e-01 1.174463548565469528e+00 -1.304139866341750942e+00 1.145471940494200647e+00 -9.379924424544003880e-01 -8.812648094772441709e-01 -1.155601881802168079e-01
1.152526976129038955e-01 9.407945658071733552e-01 -9.550797723431186936e-01 7.070805517551164154e-01 -6.426745954917348902e-01 -6.876335458233865383e-01 -4.548834889908615758e-02
6.568561345978579658e-02 4.833317060808779986e-01 -4.432720434770238693e-01 1.809400000140989895e-01 -1.509081877689331386e-01 -3.107087102055928751e-01 -1.109573058127051176e-01
4.046726842815802014e-03 -1.751518326306720219e-01 1.501942370073869049e-01 -4.063608363448382721e-01 4.247583112306475561e-01 2.350360940875275695e-01 -2.326744819102971595e-01
-5.625415652273409173e-02 -8.635954444343143521e-01 7.166825837616894734e-01 -9.259858071870552543e-01 9.087841361885435898e-01 7.824522559784763409e-01 -3.384062835163823557e-01
-4.657307770536690816e-02 -1.313403415043488343e+00 1.140597651819672764e+00 -1.172493932588346555e+00 1.148861741788038238e+00 1.068167565432977195e+00 -4.197916854243811113e-01
1.162646870223513623e-01 -1.374689633103404640e+00 1.369065563310323030e+00 -1.033573627362764924e+00 1.088801973051464866e+00 9.308609756902506138e-01 -4.898332101684298445e-01
4.144647228260834870e-01 -1.117109299928962241e+00 1.402648860479897230e+00 -5.893027536063899507e-01 7.819578101334347942e-01 4.572046649320824496e-01 -5.104762579898391994e-01
6.709654668430291569e-01 -6.957910703540386432e-01 1.190107113827903573e+00 -3.672922917156119793e-02 3.555453621380527673e-01 -8.209971687926156947e-02 -4.110859699244430177e-01
6.905622051648955262e-01 -1.982204495121543675e-01 6.441888134383264575e-01 4.406381230511342006e-01 -4.966395820657160121e-02 -4.602656311299738179e-01 -1.799560345124555094e-01
4.303596308814011673e-01 3.556657809653155922e-01 -2.225549991841399289e-01 7.490664204603124654e-01 -3.306285731217872281e-01 -6.300162058614944272e-01 1.014405551402373790e-01
1.671698301133023312e-02 8.991845117657418784e-01 -1.204719281396825270e+00 8.697575769831518144e-01 -4.369849401181054027e-01 -6.534776881984679653e-01 3.232757130409058544e-01
-3.858593795181832209e-01 1.265764938605498546e+00 -1.982294633792375027e+00 7.968427538436285706e-01 -3.629147599013001768e-01 -5.566464826446924086e-01 4.291429933649971162e-01
-7.103278821324664483e-01 1.307026534999395695e+00 -2.337380821542339948e+00 5.420364203858939467e-01 -1.516440460538542034e-01 -2.976061474037784982e-01 4.296548045899787338e-01
-9.609977490926641108e-01 1.043706539517505583e+00 -2.262445069123902197e+00 1.969963914438090102e-01 9.659736542179674090e-02 1.072228853765559431e-01 3.541605579896075495e-01
-1.101860960764179165e+00 6.405991743936737537e-01 -1.865080920815356480e+00 -8.595903739761086293e-02 2.631285643435766763e-01 5.089800494642398032e-01 2.152245476592372087e-01
-1.039253578732856065e+00 2.391472326293416217e-01 -1.231304339851885032e+00 -2.110158363536619452e-01 2.774979639449859370e-01 7.295880408647770210e-01 2.628472051422055950e-02
-7.286765232646549295e-01 -1.226306150125180544e-01 -4.198600125100289682e-01 -2.101187640587796057e-01 1.349627324046673571e-01 7.019557445550257402e-01 -1.569147664521164665e-01
-2.772959490757173073e-01 -4.077221148475161372e-01 4.122133123720988501e-01 -1.678006531966628467e-01 -1.400228898629099772e-01 4.870616527101513382e-01 -2.434782068984150949e-01
1.198193970695043548e-01 -4.820473359687318382e-01 9.953932426277702916e-01 -9.266337283167695726e-02 -5.228499441090569411e-01 1.579623712865589058e-01 -1.771915345611767001e-01
3.568120130793128175e-01 -2.205014698196532674e-01 1.167739042705784769e+00 7.615028326605406683e-02 -9.778738636585111443e-01 -2.831797354266216149e-01 2.417034328922072067e-02
4.771190696218942096e-01 3.082171047160201516e-01 1.035497481248322194e+00 3.347140600378293307e-01 -1.434285550139147825e+00 -8.295694963489242957e-01 3.105424897725419520e-01
5.386377749072480681e-01 8.553521362550772222e-01 8.287172588991033040e-01 5.640366974227295493e-01 -1.796991999753356772e+00 -1.359631227415539989e+00 6.645333460968643191e-01
4.896431079548146936e-01 1.204967775625022774e+00 6.609730388396793943e-01 6.416664370977063214e-01 -1.987822968646917987e+00 -1.681743418736392881e+00 1.102191747454971171e+00
2.513818114495346423e-01 1.319365336162715119e+00 5.049811880890439086e-01 5.515679154891052205e-01 -1.967920641126732040e+00 -1.699424079101275797e+00 1.594514601430535139e+00
-1.142443916615217825e-01 1.254462050416535579e+00 3.558342117671331462e-01 3.517789640156554487e-01 -1.726650477011751006e+00 -1.478216218017182060e+00 2.016979976006729736e+00
-4.162215115423599232e-01 1.011925609592839947e+00 3.023753757061028447e-01 7.814117800310854678e-02 -1.268772585060063740e+00 -1.131947758362708667e+00 2.211571901233654991e+00
-5.433051054220638942e-01 5.595002515161785483e-01 3.962834613733988154e-01 -2.653003868000849419e-01 -6.310019727925364474e-01 -6.887372009856270738e-01 2.106834236224806922e+00
-5.722617468940960350e-01 -4.340911676853920209e-02 5.354353813202770151e-01 -6.332599158636442738e-01 9.395755787035380002e-02 -1.164370467177976015e-01 1.755552814287226981e+00
-6.093731286935094582e-01 -6.245589195904468482e-01 5.594606605083048967e-01 -9.117338454700122385e-01 7.806092717069188502e-01 5.341671422733424990e-01 1.236633157906902536e+00
-6.151630093926775400e-01 -1.027460384924805403e+00 4.325448024311946971e-01 -9.987343449404681994e-01 1.334696147721263770e+00 1.096059671367371147e+00 5.654000546446927844e-01
-4.594123194376072417e-01 -1.231970780953996814e+00 2.670884584507693948e-01 -8.995883247060744159e-01 1.729021498227466536e+00 1.426982257925542896e+00 -2.656042076443790867e-01
-1.092326021537229075e-01 -1.320154250113660943e+00 1.748716969891649931e-01 -7.146598324640144329e-01 1.975425482928538479e+00 1.524878952441233837e+00 -1.184376214228266777e+00
3.063106660427372674e-01 -1.352445061751035293e+00 1.496047072664685174e-01 -5.394535835830029935e-01 2.076090733309240655e+00 1.477256582977023003e+00 -2.016311562081592790e+00
6.453612710355436377e-01 -1.325595586606340692e+00 1.232021717960175983e-01 -4.044856924805667608e-01 2.022122709328007861e+00 1.337959201129279130e+00 -2.593033645691083855e+00
8.880345272029300796e-01 -1.248550426784272416e+00 8.760455908995981589e-02 -3.184516365191602527e-01 1.832315290900437432e+00 1.117274210676648005e+00 -2.854145122767524523e+00
1.035680535575485228e+00 -1.176826005432269895e+00 5.944756790617355263e-02 -3.092998975536348505e-01 1.556071962790976926e+00 8.885635539429523888e-01 -2.804119161040905972e+00
9.857919667722261359e-01 -1.116064863275639585e+00 -4.179522254866674391e-02 -3.659297829459055573e-01 1.230275530911526083e+00 7.832444362192646503e-01 -2.447511911267784335e+00
6.464844289210733841e-01 -9.675916963293781370e-01 -3.393194645238681306e-01 -3.935159051148412468e-01 8.630792015452501964e-01 8.323671603808313613e-01 -1.832162944686303918e+00
9.943200866666197790e-02 -6.283813442643737535e-01 -8.288706722969817475e-01 -2.782052196376129105e-01 4.633468623945879994e-01 9.028452052274951178e-01 -1.090653375789353730e+00
-4.403652284552085350e-01 -1.142262794612598775e-01 -1.339770700486242694e+00 1.715965811387517789e-02 6.305536175893618200e-02 8.270056160661775069e-01 -3.803569611665831851e-01
-7.849079267934135906e-01 4.120169698282730719e-01 -1.642237194268153067e+00 4.063190142197418142e-01 -2.938260145224683151e-01 5.636696482358389826e-01 2.101376879909714612e-01
-8.645347398894962510e-01 7.410304660149568123e-01 -1.579148551862037619e+00 7.333121802281430401e-01 -5.790355536652532775e-01 2.055358968772617589e-01 6.753293167860568991e-01
-7.147370530184983251e-01 7.935612604017299176e-01 -1.161954431362638207e+00 9.010578690972543825e-01 -7.909178792206937869e-01 -1.517122683220252233e-01 1.018210746623097851e+00
-4.272682100402552807e-01 6.894897250162311808e-01 -5.750717770306963406e-01 9.336832014042808492e-01 -9.312781861292120933e-01 -4.881455841575198518e-01 1.192408699470773659e+00
-9.565497994600748177e-02 6.086664822783424134e-01 -4.107766303278893166e-02 9.046576201205444034e-01 -9.805877410038155162e-01 -8.103020277072484623e-01 1.136023939878390010e+00
1.993400024582734908e-01 6.030123905994889677e-01 3.329390519828895889e-01 8.205766465894139827e-01 -9.118985750980116434e-01 -1.066770084622794545e+00 8.738953549433978729e-01
3.664257901296101849e-01 5.942671986117125105e-01 5.489592287208816535e-01 6.154956601473527966e-01 -7.257576901304116923e-01 -1.151072150213775735e+00 5.506210549889601902e-01
3.379779264250395987e-01 5.283740581669703618e-01 6.100165133960058217e-01 2.688556703770698664e-01 -4.613510875232173514e-01 -1.006078142776177131e+00 3.117627406818269664e-01
1.292811307310189062e-01 4.588512361379041282e-01 4.937547575677449507e-01 -1.273072959165136020e-01 -1.789545564278572087e-01 -6.984727213071578733e-01 1.867472203449787593e-01
-1.502242461450590261e-01 4.695209812935871585e-01 2.277079558847414364e-01 -4.440070467955610223e-01 7.052395066447066097e-02 -3.778779957924025545e-01 9.729345705442929426e-02
-3.412237442534590270e-01 5.487562971434818415e-01 -6.994398159747394761e-02 -6.322126875830498260e-01 2.726415515677413914e-01 -1.613594767591537416e-01 -5.470686557076027273e-02
-3.594823356918916968e-01 5.843434018350862624e-01 -2.817321627779114657e-01 -7.419961743009324540e-01 4.454393900488585745e-01 -4.223639230061731337e-02 -2.865722196801124277e-01
-2.789110925288394993e-01 4.847658148700861314e-01 -4.019870990051253590e-01 -8.405284314479205543e-01 6.108682368278349761e-01 7.564980291981085458e-02 -5.119759949886688588e-01
-2.276658608752790691e-01 2.655001716122400435e-01 -5.033810138130611067e-01 -9.377324681878546064e-01 7.788284304663128932e-01 2.473806197088335435e-01 -6.380011969363775792e-01
-2.379308992569361680e-01 1.149876874599213214e-02 -6.122769353170077755e-01 -9.894806572823926505e-01 9.495857751361809207e-01 4.264587160744007788e-01 -6.640934478824751519e-01
-2.445732727444549504e-01 -2.363387325032698383e-01 -6.520321457278865918e-01 -9.781090046868160526e-01 1.121421364758198980e+00 5.495094896704070253e-01 -6.468706159121192512e-01
-2.014426350228865348e-01 -5.352238986623104600e-01 -5.146787455853396587e-01 -9.725347436263901413e-01 1.289553757178047766e+00 6.369237115552723871e-01 -5.803585189411623046e-01
-1.485842460969676315e-01 -9.360509237856223796e-01 -1.923416985588265460e-01 -1.049798687593066493e+00 1.429839230654433635e+00 7.585389854014856770e-01 -3.816718012807738258e-01
-1.471351669284473584e-01 -1.348601236733196762e+00 1.864516007419439181e-01 -1.166722224636634220e+00 1.496002841997808197e+00 9.119815673678662860e-01 -2.267509798966751630e-02
-1.749124752769182500e-01 -1.601455325489922643e+00 4.905907667150916085e-01 -1.184610912620134959e+00 1.449515470846931997e+00 9.983849030739200270e-01 3.870200016442010837e-01
-1.358391805081836934e-01 -1.634836164308485440e+00 7.212299447578977007e-01 -1.028732394947451612e+00 1.285331072181179479e+00 9.382675546749056350e-01 6.991217218246945642e-01
1.021383795539056345e-02 -1.532947383998883195e+00 9.438252599547528598e-01 -7.580009673844205764e-01 1.020050162417507567e+00 7.601344292146835491e-01 8.770055685849899030e-01
1.861215054864567009e-01 -1.362299949168493507e+00 1.132964289380224754e+00 -4.653090368014515810e-01 6.697868649710176925e-01 5.385136110184605140e-01 9.930132431266143200e-01
3.027503892253105011e-01 -1.077279349635608341e+00 1.181341434586963057e+00 -1.704689783560453531e-01 2.530952734541621618e-01 2.794216290617925202e-01 1.092946212086974400e+00
3.657146356058940673e-01 -6.218046331934381499e-01 1.047363546562687153e+00 1.481296876002750063e-01 -1.948224697898967850e-01 -7.032613520552016828e-02 1.135092410756111336e+00
4.259823866759020472e-01 -7.114820094025420261e-02 8.193660535351310337e-01 4.434678540987858075e-01 -6.265269105770685520e-01 -4.965541988461764644e-01 1.084197179104147146e+00
4.645518721458125611e-01 4.007430519885107900e-01 6.097468686739564436e-01 5.910773112466398693e-01 -1.004749293284168399e+00 -8.713688461260941098e-01 9.998587339159988874e-01
4.027437448658065522e-01 6.936149697914697487e-01 4.261412684712144183e-01 5.148412280227817606e-01 -1.314851828257970201e+00 -1.068040034712998132e+00 9.670696457958970482e-01
2.277543045398488231e-01 8.509031710397864101e-01 1.977712305596824593e-01 2.781301759155759834e-01 -1.552795966944514161e+00 -1.079967611121264826e+00 9.732026893727145911e-01
3.439367114033727024e-02 9.384852429476518987e-01 -8.894017969733830631e-02 9.490453853577348817e-03 -1.703955404668591411e+00 -9.868611826411561871e-01 9.335639768839737451e-01
-8.125834841824375321e-02 9.193221515887086692e-01 -3.515969951820803185e-01 -2.335040396161530141e-01 -1.745747232393932480e+00 -8.259332013922165983e-01 8.217313691493525196e-01
-1.183189319435948711e-01 7.268016996632444826e-01 -5.232716229708139766e-01 -4.558278969909691503e-01 -1.682441212015807652e+00 -5.723086129955887724e-01 6.965154130454834780e-01
-1.380764410564886968e-01 4.192605983721095497e-01 -6.361848564616000568e-01 -6.148208174209319754e-01 -1.557797780037312618e+00 -2.472132341820570955e-01 6.112926325782164216e-01
-1.671454788218048326e-01 1.626929657919266581e-01 -7.640672981314979850e-01 -6.076602898598117974e-01 -1.413416578449262717e+00 4.053604244537188650e-02 5.469810517411481943e-01
-1.719079071436350192e-01 6.770142974750646692e-02 -9.192004341260022748e-01 -3.731960019276563956e-01 -1.249361679203261133e+00 1.863174247048854648e-01 4.493793717690517386e-01
-1.444661804761011303e-01 9.233439180214876585e-02 -1.035732627377971005e+00 1.763414175208525767e-02 -1.040881793886309525e+00 1.970605195593354841e-01 3.351442085516367908e-01
-1.640306459167877595e-01 1.293423850408956244e-01 -1.060688885445139951e+00 4.038870230729507682e-01 -7.829068022303927732e-01 1.755181957735050813e-01 3.034873393280017040e-01
-3.221200398211165883e-01 1.558244468591620524e-01 -1.029517459503133114e+00 6.725481107481060539e-01 -5.043505431182748744e-01 1.956174115234808886e-01 4.139030687159638844e-01
-6.187297658326974537e-01 2.465012801822572264e-01 -1.017924510808879246e+00 8.243675968352872641e-01 -2.484477134653059194e-01 2.282398042541211591e-01 6.106775681422142998e-01
-9.463517269810797217e-01 4.547831315413626285e-01 -1.031371307090041656e+00 9.055131448053842513e-01 -4.249171916104547281e-02 1.898857910535749483e-01 7.732442616552485104e-01
-1.178817008042656767e+00 7.104388220058625025e-01 -9.769511867943467820e-01 8.884979831507242576e-01 1.267440465400512806e-01 5.972231599553173148e-02 8.278898364655500330e-01
-1.289880339191464387e+00 8.570385060787424347e-01 -7.617567595324167273e-01 6.597139567531946636e-01 2.985894196010072110e-01 -6.691488113128377102e-02 8.205278478185896729e-01
-1.329455423708148176e+00 7.855257584178556574e-01 -3.822664611192218009e-01 1.564565841104027244e-01 4.922286396139263220e-01 -8.089162619141432309e-02 8.472408749012781959e-01
-1.300690651021109145e+00 5.168922238880243603e-01 8.649327043740505372e-02 -5.221232773573540875e-01 6.906534804441791797e-01 1.470252469482530647e-02 9.226175380353309752e-01
-1.156432100395422546e+00 1.633389753780007947e-01 5.453257651603763412e-01 -1.178038955135483956e+00 8.708028951115500682e-01 1.364187336359590497e-01 9.716665018725784142e-01
-8.878383862349802369e-01 -1.995281964704183064e-01 9.342272650715375271e-01 -1.676705544819094618e+00 1.029749038384838444e+00 2.507833549448177934e-01 9.336750524985996114e-01
-5.533354154359448884e-01 -5.851018468888429247e-01 1.245958134156203156e+00 -2.007303283649318093e+00 1.168880517289961007e+00 4.067935534011614118e-01 8.230304406998009137e-01
-2.454400165417244817e-01 -9.891740791833367741e-01 1.452223283790318620e+00 -2.191901473583555138e+00 1.264387540636172647e+00 6.439685846873269837e-01 6.937666807627107524e-01
-4.238105014306609714e-02 -1.304685048238693357e+00 1.474727666865470965e+00 -2.198691385671561083e+00 1.271850631162538159e+00 9.168290342403705440e-01 5.744357920214574476e-01
3.922475696386990007e-02 -1.390742377121292339e+00 1.267249463874097870e+00 -1.960637190258535778e+00 1.163677683880423031e+00 1.115897459754809695e+00 4.385709821568966049e-01
3.869394944437009459e-02 -1.199745821713724014e+00 8.796547582960138056e-01 -1.468519017742855759e+00 9.583226802624043028e-01 1.158657834412508025e+00 2.468227194104326838e-01
-8.836892832764961861e-03 -8.268875933200053874e-01 4.337166381446462826e-01 -8.425272728564067171e-01 7.092541171453523585e-01 1.056799932015580312e+00 2.599758427203757369e-02
-9.113039176259722651e-02 -4.397330357907114906e-01 6.392578509166702005e-02 -2.788497234856012752e-01 4.682292425622358034e-01 8.786045347318006682e-01 -1.317925366419933908e-01
-1.918485297421480829e-01 -1.499863134784509278e-01 -1.435808199208674918e-01 9.275600949275988882e-02 2.618973754818991195e-01 6.682169329287861448e-01 -1.634214604626041401e-01
-2.834016793560908964e-01 3.296817105498974637e-02 -1.752162795390731498e-01 2.695817702991564202e-01 9.615338879198177813e-02 4.386093097058428869e-01 -9.251541509465652235e-02
-3.506186468204443574e-01 1.222453672016397541e-01 -5.428169622403399008e-02 2.939387117573959429e-01 -2.951772315985134662e-02 2.306086068530367739e-01 2.941540873660485750e-02
-4.141933948630811546e-01 9.141396598514495153e-02 1.905795995789666408e-01 1.645531731877929171e-01 -1.177935194103491429e-01 1.250582428507240884e-01 2.137292080595807608e-01
-4.989511789418956123e-01 -7.845457029461333498e-02 5.179332995867949041e-01 -1.399510885475655775e-01 -1.743676499313578931e-01 1.633654736104817595e-01 5.140414406615424481e-01
-5.858399891641654644e-01 -3.293122722894097909e-01 8.548919960545823260e-01 -5.770142886671660865e-01 -2.018958307246419281e-01 2.855446894067903418e-01 9.163199049081713898e-01
-6.289464313415140673e-01 -5.440775204385611685e-01 1.107865574782613161e+00 -1.024549785093405330e+00 -1.910053334777759848e-01 3.876317048003998789e-01 1.295886440828145414e+00
-6.041422546098144108e-01 -6.540664999490832798e-01 1.222997919169772629e+00 -1.373737956987818976e+00 -1.211835883842407730e-01 4.343348671821630758e-01 1.505278533819215614e+00
-5.268309913041271386e-01 -7.034287032410968532e-01 1.225518098541731771e+00 -1.608855040891623789e+00 2.104631821410085993e-02 4.846390202656159496e-01 1.486873487094465096e+00
-4.357413463466102699e-01 -7.665487002163987595e-01 1.162847767345009942e+00 -1.754071585913820730e+00 2.200554273705036257e-01 6.034952688646877395e-01 1.274723967449304274e+00
-3.706840613649618477e-01 -8.259208301720184497e-01 1.026040978857698960e+00 -1.773709133816796735e+00 4.290899897005144847e-01 7.785203483467824093e-01 9.158187750052022569e-01
-3.487439074319383381e-01 -7.787259747210503180e-01 7.703892726423199333e-01 -1.581484834944658857e+00 5.951614944517377159e-01 9.331412628991668790e-01 4.263395418889038835e-01
-3.554201465041975649e-01 -5.590381648125692937e-01 3.987504487163449074e-01 -1.146696794829037191e+00 6.898957223025424801e-01 1.006106251256210449e+00 -1.726999446581771180e-01
-3.724295917616084473e-01 -2.515300035347585172e-01 4.353526132191402713e-03 -5.762703789230659845e-01 7.159641661276484603e-01 1.017778924673129248e+00 -7.763867352549692624e-01
-3.891941362226835621e-01 -6.485769955721570890e-02 -2.736915401455821129e-01 -7.534913019048335159e-02 6.935348008139786691e-01 1.044857528204587327e+00 -1.207171767887130764e+00
-3.905951762030338004e-01 -1.240976585516779807e-01 -3.781760003965178307e-01 2.170337078104560280e-01 6.485741062898597864e-01 1.112122082418296465e+00 -1.360134275657907565e+00
-3.501614834184504921e-01 -3.276028669558448403e-01 -3.881864176729716287e-01 3.505821022017241440e-01 6.044685926378333685e-01 1.138223844346073044e+00 -1.308375128137298171e+00
-2.119175722996797795e-01 -4.867475054515167932e-01 -3.907869871963386976e-01 4.687324690688837725e-01 5.847286788629827425e-01 1.014716551317337956e+00 -1.243145866355604756e+00
6.350811874989430172e-02 -5.415170526807862039e-01 -3.717356098833544120e-01 5.990588368374984984e-01 6.187659298308545441e-01 7.338953705920375770e-01 -1.293809776638015441e+00
4.016110886050012208e-01 -5.531291695277152920e-01 -2.945682496563592490e-01 6.211482174017766145e-01 7.206478109513168029e-01 4.085679530102964141e-01 -1.412527406123874396e+00
6.475675468792179146e-01 -5.210324481264422269e-01 -2.220198223457122699e-01 4.659109694302840388e-01 8.577863923865817197e-01 1.398449540181915807e-01 -1.479369001280353757e+00
7.082333855559586056e-01 -3.244705992885221768e-01 -2.706965477778663365e-01 2.465315722995377046e-01 9.572194950139522041e-01 -8.762358331755791541e-02 -1.460462841096788367e+00
6.166420273503211424e-01 1.081447139036808835e-01 -4.505585350964843028e-01 1.233312364614336659e-01 9.590101064080264193e-01 -3.356583937543460849e-01 -1.402005465707853782e+00
4.483344283072516756e-01 6.570131822458521453e-01 -6.398469978825873650e-01 1.069531391261222542e-01 8.647110823694148518e-01 -5.754486817285551226e-01 -1.321624008574506792e+00
2.230275538886227482e-01 1.098004052850375833e+00 -7.268241576321288200e-01 7.009610922366762975e-02 7.237728940709192704e-01 -6.893489853638254949e-01 -1.167233090572475707e+00
-5.091400144081998508e-02 1.293777468077959236e+00 -7.021542766189873275e-01 -7.325301987697578621e-02 5.805022219034804420e-01 -6.251426484533312289e-01 -9.041405609549879596e-01
-3.079039544633645487e-01 1.268428277626960421e+00 -6.186209880082315093e-01 -2.621858474614321977e-01 4.476283746175889755e-01 -4.739380495768763524e-01 -5.909747342227122946e-01
-4.667861550052508912e-01 1.109488153126218402e+00 -5.074504664478672877e-01 -3.738419331405903323e-01 3.296423158338310233e-01 -3.510841653604770962e-01 -3.322267523322328664e-01
-4.959748919680691537e-01 8.392947518882781788e-01 -3.442382476396754210e-01 -3.692746714500739214e-01 2.490364602271819550e-01 -2.580543453166553314e-01 -1.853075275497212959e-01
-4.239734816476762869e-01 4.351120390878712718e-01 -1.033979835074690795e-01 -3.057555134537329189e-01 2.259549200289025228e-01 -1.202137030882826363e-01 -1.274349652309726411e-01
-2.879477593550636150e-01 -5.861867199764399239e-02 1.754501589248357030e-01 -2.315232735246614271e-01 2.471607695083418155e-01 7.063985739477761372e-02 -1.133244567643595518e-01
-7.951002792537653630e-02 -5.283036748904492708e-01 4.223407193224701373e-01 -1.325711453735187451e-01 2.752367737470283737e-01 2.163522449794206548e-01 -1.316118717671921068e-01
2.240550083977068951e-01 -8.909744288582381877e-01 6.152101809107256569e-01 7.996186456272940182e-03 2.895863697815755922e-01 2.207207682420569139e-01 -1.810149333846791941e-01
5.928744530463367912e-01 -1.154345791570577262e+00 7.851245830231746714e-01 1.323716678394213642e-01 3.127473705754699740e-01 1.067137001883823183e-01 -2.345036256545010855e-01
9.662193425060463525e-01 -1.395928168404002134e+00 9.825071248303081095e-01 1.231811130218143785e-01 3.848203089243356634e-01 -1.014905784944112634e-02 -2.535808958781748945e-01
1.324301449460244751e+00 -1.680608000579102868e+00 1.246391277506533335e+00 -9.424639322416696052e-02 5.162545756164176325e-01 -6.069983349759917879e-02 -2.251957471073547656e-01
1.681230570421769599e+00 -1.985406558053010695e+00 1.574119196072840676e+00 -4.789324757167413571e-01 6.734643542062775934e-01 -8.344108364806687717e-02 -1.741832874417251209e-01
2.022474354415292552e+00 -2.229224253500515118e+00 1.926330472627346024e+00 -9.233313433480930810e-01 8.125611715969949245e-01 -1.352207380109514134e-01 -1.464417744968142254e-01
2.273896410745671837e+00 -2.367171828027166747e+00 2.250917936623049620e+00 -1.351385403647783923e+00 9.163991585590386402e-01 -1.787286456092027354e-01 -1.762717805127295145e-01
2.328405702953445733e+00 -2.412748636851850481e+00 2.487975491619325297e+00 -1.724035371316109178e+00 9.773575988533983461e-01 -1.016147059518359708e-01 -2.521796401549876165e-01
2.122740127389363352e+00 -2.373733511982146549e+00 2.575957673325656838e+00 -1.980299600111296465e+00 9.617482386495048718e-01 1.471664345588795386e-01 -3.263130278516067628e-01
1.693279282476717329e+00 -2.207689814096676528e+00 2.476951329065303575e+00 -2.026805962475350498e+00 8.204767830671882978e-01 4.726196849225834384e-01 -3.615825302223233395e-01
1.156418564892061740e+00 -1.858024721141168234e+00 2.198747652387324614e+00 -1.789447862624446106e+00 5.358603444669516325e-01 7.002696924525972921e-01 -3.618739482183150891e-01
6.465113667284158039e-01 -1.334448035799888466e+00 1.786279711717248642e+00 -1.282706539378274613e+00 1.491657043303874219e-01 7.247427216309582088e-01 -3.594609931487601773e-01
2.550615193504063294e-01 -7.564898761802583138e-01 1.296066444971875509e+00 -6.343656949130237477e-01 -2.682480387988214754e-01 5.878673279568671362e-01 -3.574369965452784959e-01
1.882730330737868857e-02 -2.761523518608899330e-01 7.763250394751606276e-01 -4.024002532303570627e-03 -6.644641135594459014e-01 3.883822785422908486e-01 -3.108851746484879164e-01
-4.728202354895996717e-02 6.347620651771083977e-02 2.601743378133680173e-01 5.410855374955941821e-01 -1.024406538970046521e+00 1.370780227370880511e-01 -1.889499351420527717e-01
5.988470780828568374e-02 3.316688480810861539e-01 -2.092365219307078250e-01 1.029529375632796340e+00 -1.346885090735973511e+00 -2.342952630139884251e-01 -7.645885695609100537e-03
3.071500542694630687e-01 5.706534769847446675e-01 -5.558229427203745798e-01 1.469829154914307878e+00 -1.609365224065017586e+00 -7.337662791822626707e-01 2.111598464043996093e-01
6.094631445219473864e-01 7.332859848742180331e-01 -7.133198910761181510e-01 1.800544161765139428e+00 -1.779248859924816406e+00 -1.249848027899209235e+00 4.816807903533109059e-01
8.803311454653626189e-01 7.717144603135935865e-01 -6.799905368708728526e-01 1.975219013293310955e+00 -1.859416854920242335e+00 -1.663444598285880760e+00 8.202287387149288511e-01
1.098244463698114792e+00 7.259070672137867275e-01 -5.049758821085479354e-01 2.032696564768513348e+00 -1.882303453769940349e+00 -1.970062624303978049e+00 1.172768501885461889e+00
1.283235138526465313e+00 6.793119752210239337e-01 -2.412841390859792046e-01 2.037677916707037351e+00 -1.859745865490937788e+00 -2.224615740213350179e+00 1.421589881244275988e+00
1.437633741156551181e+00 6.510368910696889833e-01 7.834733992045123108e-02 1.988692335449453896e+00 -1.774746766879758519e+00 -2.411007502716378426e+00 1.468815392670991704e+00
1.524137048448842569e+00 6.025539714681839021e-01 4.140370470529037283e-01 1.832117937438224820e+00 -1.624181170534944929e+00 -2.446643067408840189e+00 1.304264841309336287e+00
1.474839485076104184e+00 5.532858958078712419e-01 6.681339515727755529e-01 1.556373821850631112e+00 -1.440099196913763091e+00 -2.292393779904232431e+00 9.943982856215023425e-01
1.239885936273050326e+00 6.023157233234451846e-01 7.286160242879909932e-01 1.224561158812460970e+00 -1.257102402670379870e+00 -2.001009576263591772e+00 6.138429368003602837e-01
8.341237857573600145e-01 8.062993173951501502e-01 5.870966567591925367e-01 9.000577861509965194e-01 -1.074592204662353279e+00 -1.648958301397300374e+00 2.086196627238909307e-01
3.192793110485480645e-01 1.077902358743421773e+00 3.624926961664634018e-01 5.726478364854930003e-01 -8.713568510254013910e-01 -1.242770435472349222e+00 -1.716829400180206189e-01
-2.402347462653803833e-01 1.245473244533402912e+00 1.841145885217675693e-01 1.893253390609645759e-01 -6.493672889707509110e-01 -7.303350286986384221e-01 -4.517879222600444944e-01
-7.862157040358653814e-01 1.227698995523601955e+00 6.753070330713915881e-02 -2.415610093798944702e-01 -4.423430552037793673e-01 -1.178179570997558573e-01 -5.810411703580639076e-01
-1.237359145603216470e+00 1.094074932348027440e+00 -4.308763252343210393e-02 -6.123013338975624720e-01 -2.884659749181482380e-01 4.622015092363559452e-01 -5.818144133024596432e-01
-1.481743271928175121e+00 9.458966709401823714e-01 -1.431401482043218043e-01 -8.022453932417007438e-01 -2.005774350023752928e-01 8.365937192209894624e-01 -5.348215044031129350e-01
-1.453719981800366323e+00 8.099625619473843630e-01 -1.662848530346291986e-01 -7.832173476572066306e-01 -1.612029577997280694e-01 9.443552346466328462e-01 -5.136355997826659303e-01
-1.207486231908744490e+00 6.575889260794345326e-01 -7.607350187122960405e-02 -6.226861321519582271e-01 -1.523354950577879285e-01 8.652032009132432089e-01 -5.183724364603722323e-01
-8.821849157659110707e-01 5.036692405858413935e-01 7.644106039178184819e-02 -3.918034631410088897e-01 -1.788036414374996053e-01 6.962004804700622218e-01 -4.919242070783720333e-01
-6.131027648244125050e-01 4.486666914390597394e-01 1.730167079998815305e-01 -1.004075631479226516e-01 -2.560219353144729260e-01 4.600888274210798157e-01 -3.942945941364909834e-01
-4.638500943922870823e-01 5.843646206382046016e-01 1.295778092971670015e-01 2.623780208897180666e-01 -3.811562563334259801e-01 1.421413796729568690e-01 -2.382544224968099755e-01
-4.164961266514176086e-01 8.831233774842998097e-01 -3.106502172409792567e-02 6.495806052556079013e-01 -5.217796908998564298e-01 -2.311129132957165377e-01 -6.011086014748873857e-02
-4.188039082924126522e-01 1.204654430678302246e+00 -2.143401988718846851e-01 9.552595729724823181e-01 -6.484949532839763275e-01 -5.800561361323279819e-01 1.360681747553834364e-01
-4.295305685599440926e-01 1.420777892793602337e+00 -3.480647920893656377e-01 1.105565326135436122e+00 -7.741070828859365482e-01 -8.449772353698381533e-01 3.804773661728494405e-01
-4.185474976136911440e-01 1.520011532424575096e+00 -4.291794464237075890e-01 1.128055797121110704e+00 -9.395925613602507109e-01 -1.045062261987402152e+00 6.711170333592261228e-01
-3.411887735822982104e-01 1.542342954255897070e+00 -4.551201357914971268e-01 1.089128350295736070e+00 -1.159908026294123484e+00 -1.229488637883868751e+00 9.443912972768475633e-01
-1.571718291933576206e-01 1.451656405526201121e+00 -3.658292399561891006e-01 9.819787248724545226e-01 -1.396631636285461608e+00 -1.378969348781405424e+00 1.141354462926014612e+00
1.160565155309094265e-01 1.169527790773745801e+00 -1.266584266018999927e-01 7.458370295388127014e-01 -1.594820664183473236e+00 -1.405210506485735200e+00 1.265870091876948100e+00
4.173507556289388076e-01 7.089797402330921816e-01 1.901903436856157426e-01 3.856691357956404942e-01 -1.732190923897457990e+00 -1.263678051395574098e+00 1.349522406263999219e+00
7.091981083392324692e-01 1.828621346740179621e-01 4.849597965396427734e-01 7.558675360491882815e-03 -1.816644758244158497e+00 -1.024468012571832620e+00 1.405554824992957252e+00
1.000659198711324915e+00 -2.974883349111637210e-01 7.303887449940718035e-01 -2.609805908443800226e-01 -1.844742552944180991e+00 -8.099548611805312825e-01 1.413793099086313232e+00
1.304574579440062276e+00 -6.757659680164086469e-01 9.339897323981610766e-01 -3.561850177901373926e-01 -1.780850883733228196e+00 -6.835015098784411602e-01 1.320678350427118453e+00
1.584999015744000150e+00 -9.531016445807432014e-01 1.084711200929334929e+00 -3.093165401739598197e-01 -1.592524399657980760e+00 -6.125155469475057624e-01 1.102260671591648311e+00
1.754956448562341897e+00 -1.160237803080699459e+00 1.159389774504497206e+00 -2.113504924530167084e-01 -1.290966345437630336e+00 -5.270482462427314996e-01 8.163604382851613606e-01
1.719261665850316811e+00 -1.287345994527107074e+00 1.107923569860830959e+00 -1.275515190399591214e-01 -9.181802594982549914e-01 -3.867259372736417955e-01 5.399364392724795847e-01
1.426171199043126059e+00 -1.286146531461572096e+00 8.743237789294385776e-01 -6.486627279897110021e-02 -5.112007361760668722e-01 -1.755515789939056381e-01 2.984959480388376107e-01
8.973701680797107061e-01 -1.180551770712457982e+00 4.882229366578326735e-01 -3.438506737895884874e-02 -9.454992232141191943e-02 1.423187196312168668e-01 1.025728819466350805e-01
2.323726231543136456e-01 -1.098617853497233954e+00 8.396041722267556795e-02 -8.351159152933408658e-02 3.006164127400973718e-01 6.002145885918741541e-01 -6.019125431948118936e-03
-3.999011335016129376e-01 -1.154564199476079578e+00 -1.923233819146576429e-01 -2.356785499545668572e-01 6.299958866229394827e-01 1.143942118177951439e+00 -8.998345096481321454e-04
-8.205442880954929574e-01 -1.349226204590972422e+00 -2.660770970411346359e-01 -4.460195305426904455e-01 8.602763084382518688e-01 1.616920902303100371e+00 8.884115844820020258e-02
-9.361972534323221851e-01 -1.607690503881194388e+00 -1.412021364266712598e-01 -6.500793186013553715e-01 1.000317046364731732e+00 1.869398811194632914e+00 2.099432950920962770e-01
-7.665272601058427115e-01 -1.889409835827495110e+00 1.465396766499872383e-01 -8.413795275641343663e-01 1.101718448342235090e+00 1.883005249517521573e+00 3.122658931630453716e-01
-3.820236320834803356e-01 -2.211010578949403449e+00 5.643279027619917398e-01 -1.063762444810730123e+00 1.219976333150568637e+00 1.752572185796539950e+00 3.361013771843170961e-01
1.464582772538423894e-01 -2.530539729520212333e+00 1.036627063369977675e+00 -1.313239607319303559e+00 1.377878518295923449e+00 1.545823563011289314e+00 1.935057645753673061e-01
7.274319471933401449e-01 -2.668546181257531291e+00 1.387332260724449595e+00 -1.484158467370757295e+00 1.566993129154441000e+00 1.240488311424018830e+00 -2.016343041055610186e-01
1.245252109887673653e+00 -2.431422437005189785e+00 1.427586022516961206e+00 -1.451588978263203211e+00 1.765800624929530827e+00 8.033406625826969849e-01 -8.602038374973792756e-01
1.594966804321439557e+00 -1.825370873817415918e+00 1.130495224269246535e+00 -1.205769716558316995e+00 1.935785638444947887e+00 2.967435162604037391e-01 -1.647006326663177367e+00
1.696194287479170226e+00 -1.067546494148918779e+00 6.441814361397153466e-01 -8.605861691983323070e-01 2.018561673367585296e+00 -1.295403345055131383e-01 -2.307975908743824522e+00
1.532972450395741815e+00 -3.655397499987512733e-01 1.411806299718806057e-01 -5.058230954512377142e-01 1.964088302364514593e+00 -3.850961974406983956e-01 -2.648180311662390984e+00
1.186228849086495618e+00 2.214316937040774202e-01 -2.743252979775183675e-01 -1.137974180931912299e-01 1.757730345238392555e+00 -5.257794921993311776e-01 -2.652128062230709737e+00
7.711428405302387379e-01 7.175703679642801980e-01 -5.678331062348491720e-01 3.725783004124748055e-01 1.435685988233169175e+00 -6.529448514484725852e-01 -2.422718865222257989e+00
3.538055818437794153e-01 1.134597757311955446e+00 -7.677885190398379134e-01 9.302949866353724673e-01 1.076431319267856956e+00 -7.797799636253099909e-01 -2.081908981523179047e+00
-4.732342654321171349e-02 1.447096142937856600e+00 -9.325673083889824966e-01 1.468713423798778228e+00 7.453797013858141085e-01 -8.378403341711123664e-01 -1.715658009406636486e+00
-3.907634364038489183e-01 1.622981129373288089e+00 -1.091708417045527790e+00 1.905129723959653854e+00 4.582751680887137691e-01 -7.935886074810586388e-01 -1.377694866075926949e+00
-6.080274346584552125e-01 1.683616669000235211e+00 -1.249787328751330140e+00 2.217284752714721918e+00 2.061569471967608091e-01 -7.084973995690445614e-01 -1.118469454560432563e+00
-6.850633378260149176e-01 1.711230602952809265e+00 -1.438194857006369398e+00 2.425811328191131100e+00 -4.980192896383236340e-03 -6.572257958283985735e-01 -9.810006242617754779e-01
-6.888730373176890076e-01 1.759059528263110739e+00 -1.700539088287484235e+00 2.517283020682253625e+00 -1.451326057796085700e-01 -6.147690581102484009e-01 -9.746194675752684056e-01
-7.216166115160217442e-01 1.802967430877649546e+00 -2.037899771594184006e+00 2.431964567000259869e+00 -2.031331541165773136e-01 -4.724135130564675600e-01 -1.044682143842612820e+00
-8.466179337276448225e-01 1.809531889020302931e+00 -2.395115815585004082e+00 2.156270463222853984e+00 -2.302165321325963243e-01 -1.750013765906283936e-01 -1.092398177997379038e+00
-1.025584347731399060e+00 1.789794558105548106e+00 -2.669751992282144659e+00 1.773543166492522971e+00 -3.089317685070799291e-01 1.866857851510594635e-01 -1.045177830370075167e+00
-1.146716761786057859e+00 1.767769490439862201e+00 -2.739385165355860074e+00 1.394699850311203804e+00 -4.774524190063647033e-01 4.371367531857159872e-01 -8.885191667890197653e-01
-1.118051266184734160e+00 1.725804698931445724e+00 -2.516235061926470173e+00 1.065761102483089084e+00 -6.950825783777282441e-01 4.677816504257921726e-01 -6.538664352467621343e-01
-9.390382974388211679e-01 1.586229901639357731e+00 -1.990461756995830056e+00 7.523744679790560497e-01 -8.828699083774480538e-01 3.322509046042408376e-01 -3.766045962238538380e-01
-6.993218999846024797e-01 1.277632201708169601e+00 -1.257407892357547574e+00 4.096503141467748854e-01 -9.866260229474755894e-01 1.848676436292584768e-01 -6.979491778540504454e-02
-4.884526201770230669e-01 8.439519416471038538e-01 -5.070230670612877466e-01 7.257624150978590760e-02 -9.953759728639036686e-01 1.146523801624462768e-01 2.233046655810537462e-01
-3.163509228429546294e-01 4.354572884744139505e-01 7.430722296879690991e-02 -1.454064957201840758e-01 -9.199311494741370110e-01 6.931470233226355582e-02 4.070907842959030631e-01
-1.563054479529583374e-01 1.751315328840363228e-01 3.932920662267607170e-01 -1.699193375259708261e-01 -7.664872277093150998e-01 -3.104176078160447022e-02 4.145593739788179799e-01
-4.240063342243660660e-02 7.460047028505747968e-02 4.400243422383388614e-01 -4.763620548299693502e-02 -5.364427283715570427e-01 -1.567309092365051504e-01 2.835223574709033745e-01
-6.359618704927812172e-02 8.033483768030129368e-02 2.478708365134811575e-01 1.203376846533697475e-01 -2.533957634312715146e-01 -2.059159577436505406e-01 1.269645971959970920e-01
-2.553836188621373959e-01 1.623567326476689221e-01 -1.261643750939061837e-01 2.885143240400832032e-01 2.726618237091609290e-02 -1.429013794589442943e-01 2.700455732626260916e-02
-5.454652299319133757e-01 3.184053661572264771e-01 -5.922333458032487119e-01 4.683051714650354747e-01 2.399483686422810291e-01 -3.538397962894577337e-02 -4.201845940143124000e-03
-8.152516888936356398e-01 5.159410408263055414e-01 -1.025936866652039869e+00 6.416608207193843505e-01 3.449248698790776668e-01 4.042179582917369840e-02 1.400597487227880564e-02
-1.002734363860030786e+00 6.809620048956629423e-01 -1.322939747839353641e+00 7.303612914316488514e-01 3.522536924858458152e-01 9.800924295696604449e-02 6.243869192728199874e-02
-1.137251817796584907e+00 7.376791494434764562e-01 -1.440692917220773417e+00 6.672202022057543980e-01 2.958956377594076925e-01 2.231667899990514847e-01 1.452209431855807087e-01
-1.246893269196891030e+00 6.535770536611735793e-01 -1.370187032505783664e+00 4.706862013898382435e-01 1.906847197610504474e-01 4.515873503797894761e-01 2.631436500786311639e-01
-1.267334235703549083e+00 4.559524304788013516e-01 -1.103383287711012128e+00 2.346153329966919332e-01 3.689070417219383891e-02 6.880206444488097262e-01 3.685489549290378863e-01
-1.107848501544618003e+00 2.123902976539542020e-01 -6.743825346113989649e-01 4.718485486938640838e-02 -1.360031908761433483e-01 7.844148334474528861e-01 3.902513036550158132e-01
-7.765178625562189074e-01 -1.071208896495854908e-03 -2.102139368549403031e-01 -6.817372902315169125e-02 -2.546751773453697076e-01 6.909093085629394171e-01 2.820343905616602420e-01
-4.062771004273169617e-01 -1.357421066755888917e-01 1.257299142012655579e-01 -1.312159056517228084e-01 -2.646536266852381192e-01 5.032008862907465518e-01 7.420942188674733986e-02
-1.702334337866598379e-01 -1.737131892738345840e-01 2.229892331850917564e-01 -1.536485821693523712e-01 -1.923232870646785220e-01 3.651918509668117263e-01 -1.164944419056640201e-01
-1.499097006611711247e-01 -9.487435325900905880e-02 5.480123456036854052e-02 -1.207092650403053385e-01 -1.153558244473685823e-01 3.318577174553770659e-01 -1.841015919462006545e-01
-2.795499174092004879e-01 1.107961826657920951e-01 -2.968063593047042259e-01 -1.025988503977959439e-02 -1.024051948186431304e-01 3.256330021270028574e-01 -9.575274438432707091e-02
-4.325724381745990610e-01 4.030415224690486187e-01 -6.573900305661961596e-01 1.665442695177780930e-01 -1.780773190071868739e-01 2.282840728906654626e-01 1.430033035082281523e-01
-5.406379821511624328e-01 6.904126535943803100e-01 -8.625871142833312355e-01 3.345971864118069683e-01 -3.064655788229755373e-01 1.951325088147198503e-02 5.039682725717949952e-01
-6.125613686638220479e-01 8.432611076442132481e-01 -8.299456508897696816e-01 3.781321504452333504e-01 -4.257575630180950310e-01 -1.857494350836425556e-01 9.446328881085640505e-01
-6.617089867342987874e-01 7.403390496998445425e-01 -5.516404374178437431e-01 2.107770116243843084e-01 -5.036840904617109205e-01 -2.560888561379525141e-01 1.426792503861741945e+00
-6.538273025837041397e-01 3.597723612178323482e-01 -8.249517070542582153e-02 -1.651044722857054059e-01 -5.327255854569932225e-01 -1.813066263610992601e-01 1.891567972073870729e+00
-5.313065407223176440e-01 -1.869127776731652757e-01 4.544907552550809804e-01 -6.447221214654269561e-01 -4.855163893122058094e-01 -6.780329909686828860e-02 2.216997157723157308e+00
-2.617138828418817398e-01 -7.351726398230192805e-01 9.044758937715009495e-01 -1.074584866522248161e+00 -3.079783546007865969e-01 -1.079923765823231040e-02 2.236916133807774987e+00
1.228898545946361248e-01 -1.188729994580945970e+00 1.170527687370876757e+00 -1.349238656813719794e+00 1.903341179911684222e-02 5.737096934236290448e-03 1.873802025956463835e+00
5.324272878857296831e-01 -1.535321571316875966e+00 1.257515405382597651e+00 -1.434495157985160363e+00 4.243108924891356160e-01 4.952028643579620137e-02 1.235841379756807967e+00
8.970720483929690570e-01 -1.749901952870337452e+00 1.226992444485048184e+00 -1.301176481183418776e+00 7.883927643568934274e-01 9.337513203307651333e-02 5.141243280848971642e-01
1.212267112048768913e+00 -1.762555549770624008e+00 1.131249540812151677e+00 -9.164435024763485371e-01 1.041911078092663034e+00 1.273117509925813205e-02 -1.696630222221599815e-01
1.487355082693100350e+00 -1.536582558347193039e+00 9.861954872986247178e-01 -3.203049732504349989e-01 1.211312659852713747e+00 -2.555174796802091586e-01 -7.903885329188510278e-01
1.673466489655357270e+00 -1.131811672868643814e+00 7.891818145740647772e-01 3.446672008126426823e-01 1.360644147830384121e+00 -6.079997512619709221e-01 -1.331342644748788606e+00
1.682282929052450138e+00 -6.721282915722333051e-01 5.385419765651381363e-01 9.065987925051214313e-01 1.503170295438396531e+00 -8.530732405468157697e-01 -1.726822051796828905e+00
1.498286621263049678e+00 -2.423115959969474598e-01 2.367775501512524305e-01 1.276059675909405389e+00 1.582312050852674457e+00 -8.921330737968017344e-01 -1.929087768174810424e+00
1.233575435833923706e+00 1.604341945739086450e-01 -7.686554988200741678e-02 1.497069476833098767e+00 1.507021264061773502e+00 -8.173591702079570087e-01 -1.951812051589892238e+00
1.054080675690444835e+00 5.644978047027994217e-01 -3.095714843059619303e-01 1.681700195879904491e+00 1.209571970225465476e+00 -8.299784556614059339e-01 -1.823029776300437499e+00
1.064853768946607548e+00 9.464244184674164284e-01 -3.755696885770913873e-01 1.886179476659786802e+00 6.995156908944073493e-01 -1.060899338206032327e+00 -1.554148443804231672e+00
1.244497086571435318e+00 1.217856618109331102e+00 -2.457330368285819966e-01 2.058475906498884900e+00 5.411250755004154422e-02 -1.463996111140933865e+00 -1.134911533912685844e+00
1.470558579396300303e+00 1.292583775031153737e+00 4.586845835330511517e-02 2.103419147491077279e+00 -6.322793434680754610e-01 -1.877456234405098012e+00 -5.579044513360705837e-01
1.627661951436190746e+00 1.167642025205592349e+00 4.115883841640688434e-01 1.978349599399476633e+00 -1.270737763553683841e+00 -2.176004020246457671e+00 1.108785881416969321e-01
1.677613950556986699e+00 9.293132301737497825e-01 7.493586205988281845e-01 1.728748942952240686e+00 -1.778971596765689833e+00 -2.345194699858900833e+00 7.235332275933413770e-01
1.614865439275979808e+00 6.977455981196747370e-01 9.660889306387554498e-01 1.443972386677965458e+00 -2.086121064134395908e+00 -2.411910452609435040e+00 1.128144591261150742e+00
1.412425504555700151e+00 5.640332131741052635e-01 9.807647788114073339e-01 1.184451213911273060e+00 -2.150025200040171391e+00 -2.348033669853689442e+00 1.235131355214461379e+00
1.035323514969807013e+00 5.770318218560412937e-01 7.407358272405506483e-01 9.684613940437730717e-01 -1.989305328960808250e+00 -2.090259983459542337e+00 1.046588214495453029e+00
5.034924245423552103e-01 7.675135855770283122e-01 2.581053112449365194e-01 8.116033087785003985e-01 -1.685048990914538747e+00 -1.654083998748138606e+00 6.399783920068242704e-01
-6.728846344031813587e-02 1.124328594862534114e+00 -3.506254229453607540e-01 7.367502315254691458e-01 -1.330439170021980422e+00 -1.179561213260877928e+00 1.215067971162164806e-01
-5.268602148530314722e-01 1.545920064726061360e+00 -8.966593919013035041e-01 7.322154040859278901e-01 -9.791899209237306945e-01 -8.169866569545668478e-01 -4.029221998775885383e-01
-7.992936214638243220e-01 1.847938565668943101e+00 -1.215061548399126945e+00 7.097329183956234688e-01 -6.352916748679207082e-01 -5.729696344283013998e-01 -8.357304919203375482e-01
-9.227529627305575133e-01 1.867454344170712988e+00 -1.258792545619541459e+00 5.505936866111286188e-01 -2.893299253822717021e-01 -3.172607408803491125e-01 -1.096004008108814043e+00
-9.825265568312318010e-01 1.586349450866462396e+00 -1.113939467216038759e+00 2.215592190609927403e-01 3.474620396029810820e-02 4.672050131743354928e-02 -1.142706314754784458e+00
-1.005292511647150944e+00 1.106658441928380920e+00 -8.650888655215339673e-01 -1.913801195546110112e-01 2.841560143162969454e-01 4.574118610920938077e-01 -9.823564794017635160e-01
-9.450929871415036931e-01 5.275237394793889090e-01 -4.907088138842700675e-01 -5.699428135959667685e-01 4.360470934759423933e-01 7.655032993440699096e-01 -6.633440598422979395e-01
-7.757845488365657793e-01 -9.731765450675612661e-02 4.373963295195471002e-02 -8.497123380186242247e-01 5.308278945017821382e-01 9.057245639148865379e-01 -2.774328711314354434e-01
-5.625850627449063834e-01 -7.176328339660993372e-01 6.644203624957164545e-01 -1.021716145328716019e+00 6.245104981377996856e-01 9.557928684622702953e-01 8.175948563862207863e-02
-4.220552459639436149e-01 -1.241315247796283883e+00 1.196288711053724585e+00 -1.083018122232320746e+00 7.272298664812554270e-01 1.023158740202508632e+00 3.688621520906749662e-01
-4.187841694752891808e-01 -1.545237856015732048e+00 1.463090852708319067e+00 -1.012688362629401650e+00 8.152414449695453147e-01 1.111359659779310505e+00 5.726446243994847141e-01
-5.136556686458986221e-01 -1.561423840237952776e+00 1.392874412412378193e+00 -8.065358751653215474e-01 8.881597108536293250e-01 1.127613796653311962e+00 6.809158507373875846e-01
-6.100987971491310669e-01 -1.358546963495571802e+00 1.056398036229988291e+00 -5.353343230162818100e-01 9.899046347613114083e-01 1.021181492432783999e+00 6.762564877193528723e-01
-6.661515142155752800e-01 -1.117014104275509068e+00 6.094069209465121650e-01 -3.474005289622466575e-01 1.165219976256914647e+00 8.863646946389701631e-01 5.851650681125626363e-01
-7.474339430044814048e-01 -9.992561018398165018e-01 1.854384047505277522e-01 -3.798728621358289925e-01 1.409755181655783174e+00 8.909617022539807474e-01 5.074304759084372618e-01
-9.209384321833792297e-01 -1.046447135766645609e+00 -1.435159515753864357e-01 -6.639608712290001602e-01 1.680270904489473027e+00 1.103321073218114901e+00 5.280588134976951231e-01
-1.147610618770033897e+00 -1.212580630454987984e+00 -3.233807737626419598e-01 -1.139197134401206180e+00 1.945058544257187050e+00 1.447937931844760495e+00 6.249578746383860350e-01
-1.345434240849499696e+00 -1.447359543217745736e+00 -3.143933881485068138e-01 -1.734657536722448157e+00 2.208734593490947251e+00 1.837021802446719532e+00 6.980459163193037941e-01
-1.508503333465178287e+00 -1.712388557137437317e+00 -1.423755535641537673e-01 -2.386260895811062710e+00 2.478110547280347298e+00 2.272283120436749293e+00 6.689428074920628076e-01
-1.695094640420124366e+00 -1.957950752334082223e+00 9.361073491861068852e-02 -3.002529627272866541e+00 2.716604346296864758e+00 2.786232436413906388e+00 5.288516402728609123e-01
-1.923894462724236698e+00 -2.101511708845309911e+00 2.681446145543991411e-01 -3.460717669244728789e+00 2.852438193856543958e+00 3.322488601515239726e+00 2.976026113932988548e-01
-2.138161138921633064e+00 -2.054458952633201996e+00 3.011214431871044317e-01 -3.638697053935653347e+00 2.823503799687614002e+00 3.714637594269296628e+00 5.156307401260367546e-03
-2.248376501052175680e+00 -1.800858408047695924e+00 2.037163191034634668e-01 -3.473442600721286855e+00 2.623874832489101028e+00 3.798501786652149992e+00 -3.053574492445990107e-01
-2.199160668754732484e+00 -1.420354299783180840e+00 2.635471934948255962e-02 -3.012036409409291071e+00 2.320880441928788951e+00 3.555211460775298704e+00 -6.141591887498968338e-01
-2.014208625094071170e+00 -1.039558238332406237e+00 -1.950139611652054461e-01 -2.394985557996628156e+00 2.001134054069229951e+00 3.132200667480850242e+00 -9.113039418181148044e-01
-1.752767131562786629e+00 -7.608625913397225604e-01 -4.182105242935333367e-01 -1.771748153496715217e+00 1.701279230400510212e+00 2.702594243041141375e+00 -1.165358113169283394e+00
-1.439977360799407746e+00 -5.896644985459486010e-01 -5.994610051528167505e-01 -1.211948362837716120e+00 1.409070343476993115e+00 2.319356490158578588e+00 -1.356252923760316920e+00
-1.056486639578572806e+00 -4.608546663183504810e-01 -7.108037029942463336e-01 -7.052981177242032551e-01 1.114467500426631785e+00 1.914576739728476973e+00 -1.491440332045907091e+00
-5.809473822964040801e-01 -3.451364601417243327e-01 -7.304531763680962575e-01 -2.480356336317789678e-01 8.439295983112564681e-01 1.420742798386144257e+00 -1.578715277966160846e+00
-7.065022765071099498e-02 -2.803910706109233875e-01 -6.507742338420530182e-01 1.040829674191158516e-01 6.373349659049053484e-01 8.860957786552049464e-01 -1.583976670777833329e+00
3.404404859228638558e-01 -3.248954997519028498e-01 -4.753090447333628288e-01 2.718322776009546859e-01 5.030778348270321665e-01 4.533217163094860891e-01 -1.433735773748102682e+00
5.814662473296344780e-01 -5.028837187258594632e-01 -1.942861915774646842e-01 2.309195634889708026e-01 4.159870849570578843e-01 2.117310670541938111e-01 -1.108011101898902728e+00
7.116717680317814487e-01 -7.775171873025691349e-01 2.102047798997438988e-01 4.685409471471130988e-02 3.495094582240140246e-01 1.085923843106688519e-01 -6.830707144319102531e-01
8.095630695033517732e-01 -1.057935875857461516e+00 7.004490065273903943e-01 -1.745875269576977751e-01 3.019969703251395021e-01 2.809631441044288525e-02 -2.614750473718241430e-01
8.612603166734631444e-01 -1.234165371782598219e+00 1.139696042672829090e+00 -3.613726497931111226e-01 2.892998113990419284e-01 -7.595522398642971795e-02 9.656639356905991067e-02
7.875165766249332400e-01 -1.246269022001548432e+00 1.380533461401461048e+00 -5.120894942163523034e-01 3.100383663480716923e-01 -1.493525480969019603e-01 3.968266848469055308e-01
5.552963009212203982e-01 -1.128246827478231129e+00 1.397040367086717971e+00 -6.789962287925842555e-01 3.354056072323327031e-01 -1.209763472548856245e-01 6.796032875897283221e-01
2.493569832037668410e-01 -9.655682373262174378e-01 1.305408514403671782e+00 -8.943070828972318198e-01 3.303812002253257996e-01 -1.945125808182632384e-03 9.533111198590393798e-01
2.516937068457386281e-02 -8.114435226083822617e-01 1.252328753653017879e+00 -1.098360850562295266e+00 2.705884622805012629e-01 9.767479411282646573e-02 1.175526063454143344e+00
-1.286694564385560020e-02 -6.659751200948533789e-01 1.287005416628728360e+00 -1.176005203432035406e+00 1.525339663958276970e-01 6.667969555954748884e-02 1.294379333855260938e+00
1.161808682770309881e-01 -5.402429922342013580e-01 1.357317427592741543e+00 -1.075000556098977267e+00 -7.128749096165725753e-03 -8.528018630686026724e-02 1.296716169521428208e+00
3.049835152720205556e-01 -4.618011578553726793e-01 1.378915128234127208e+00 -8.310497633038552712e-01 -1.884666745969163226e-01 -2.439798799811323804e-01 1.202255076596056238e+00
4.530140906127085865e-01 -3.849557573834777591e-01 1.265962806100608740e+00 -4.681753209531609450e-01 -3.796538054801510964e-01 -3.418762247825988809e-01 1.011787684916529706e+00
5.411967725550992370e-01 -2.008983335236657897e-01 9.659252685031138874e-01 4.086474607741760051e-02 -5.686540495556429153e-01 -4.339364651703693787e-01 6.933556605317582333e-01
6.201416813854044863e-01 1.230191718840239895e-01 5.082662657327755573e-01 6.846348776311725892e-01 -7.300650567705727623e-01 -5.966153028919302104e-01 2.327449931451406606e-01
7.111171909379093714e-01 4.689295708654319106e-01 -5.254955802417262366e-03 1.334988829751089900e+00 -8.375922256826263679e-01 -7.912359059008147177e-01 -2.922398244924148680e-01
7.699929656546010692e-01 6.443765718359866224e-01 -4.446283384191467847e-01 1.795057691608591188e+00 -8.840831152481994915e-01 -8.822794821161853429e-01 -7.234849887421346271e-01
7.764663354510452642e-01 5.377147166491881292e-01 -6.942544577721198040e-01 1.941360801883158960e+00 -8.711513955395557840e-01 -8.007869990053766429e-01 -9.533505004864255561e-01
7.739300864883110753e-01 2.088126940493560402e-01 -7.223527048368570957e-01 1.810703977847053059e+00 -7.868406733136189546e-01 -6.240488458809629879e-01 -1.009635196274530022e+00
7.807380872993651133e-01 -1.609970245557491297e-01 -6.413019828996998628e-01 1.539876124626174514e+00 -6.103514481231295807e-01 -4.602679545140734296e-01 -9.973737054570672722e-01
7.115593480218224132e-01 -3.901879909579039074e-01 -6.491412356160561892e-01 1.248403354517767738e+00 -3.550107698989144467e-01 -3.116582820751782612e-01 -9.718887589162650276e-01
4.680875273425844085e-01 -3.986539561495018313e-01 -8.442646559061414147e-01 9.806940004243784870e-01 -9.546177277651472781e-02 -1.114019259882226970e-01 -8.992369924129818282e-01
1.120079011613133863e-01 -2.291116555402804289e-01 -1.099532512272480611e+00 7.242282734942269151e-01 6.843046421944228019e-02 1.258708640017191793e-01 -7.434393064588715738e-01
-1.547214315058509093e-01 2.204579468385332863e-02 -1.157361756017902810e+00 4.654554067251674421e-01 6.489811376534489196e-02 2.566440390137619265e-01 -5.073379837217560917e-01
-2.005074546838673810e-01 3.103029615813029385e-01 -8.719920001348876459e-01 2.303919688174755898e-01 -1.137622400771404751e-01 1.244175254103575684e-01 -2.019084986264697568e-01
-9.149178715013311924e-02 6.641187441243755485e-01 -3.381321227478804592e-01 5.873803962573791865e-02 -4.007417624274636769e-01 -2.831617343328216574e-01 1.530299960200328380e-01
-1.812371929939761081e-02 1.059710468651423376e+00 2.459721139667375989e-01 -6.936717910610215587e-02 -7.011630914120495772e-01 -7.780902061469970876e-01 5.491009948858975864e-01
-1.212907049801382892e-01 1.350471766205612045e+00 7.731707625693543529e-01 -2.383753349678798816e-01 -9.523731581357544052e-01 -1.096803606226755212e+00 9.994746568345970195e-01
-3.720669288980036349e-01 1.392083384033087734e+00 1.250638272246104243e+00 -4.970282294728374239e-01 -1.127575286355603223e+00 -1.114546135701781626e+00 1.471745415720935313e+00
-6.179082624935263723e-01 1.169211503266462948e+00 1.698838190082875732e+00 -7.896997928437488046e-01 -1.198920276527380313e+00 -9.178191611956578733e-01 1.865359840891095855e+00
-7.488436157630721235e-01 7.865006386140318551e-01 2.043313467173464737e+00 -1.008885426901648064e+00 -1.116423046541738628e+00 -6.564602176771702213e-01 2.069044192455783637e+00
-7.882762032664716312e-01 3.700592947789760889e-01 2.133978194259448014e+00 -1.095208684354949114e+00 -8.449072265661202730e-01 -3.725708450334813682e-01 2.026253127688282252e+00
-7.846831665704691039e-01 -3.167481488378195292e-02 1.917458470853298902e+00 -1.075819092194432613e+00 -4.156389090175788281e-01 -2.730109033716188530e-02 1.748877129432317545e+00
-6.589853151460950409e-01 -4.446763514037360698e-01 1.542226606336309036e+00 -1.015245115342089388e+00 8.672752278689704886e-02 3.401884345850885172e-01 1.261934235361090506e+00
-2.499285215435159968e-01 -8.824236737049968582e-01 1.249247076431973635e+00 -9.477122960865884682e-01 5.767995758107280491e-01 5.687404976024594827e-01 5.832209748922152492e-01
5.020001090401418065e-01 -1.286441032613217850e+00 1.169913588864206044e+00 -8.595179848937419820e-01 1.005559658701330905e+00 5.006699798590992234e-01 -2.448435135808186558e-01
1.454692329226892955e+00 -1.569510854018891344e+00 1.253832572273899215e+00 -7.315329621130448601e-01 1.360485530344592409e+00 1.348176628695360590e-01 -1.124928590961997266e+00
2.330683474271538103e+00 -1.712935277187123351e+00 1.373840466585275477e+00 -5.848282292843612895e-01 1.627574813053290326e+00 -3.412864033316377887e-01 -1.892972331724771751e+00
2.906343912153313003e+00 -1.784763446474716853e+00 1.463759129758878563e+00 -4.649365116974591983e-01 1.768806800235337207e+00 -6.956752322373291886e-01 -2.389231463496651831e+00
3.150888916341865187e+00 -1.866516500119347777e+00 1.568034192423810369e+00 -3.878914871248260177e-01 1.745903544716532307e+00 -8.313880956393189248e-01 -2.553521618761622314e+00
3.163151782836700399e+00 -1.970670674750450768e+00 1.747156999587208936e+00 -3.183224291279958540e-01 1.555615665139175041e+00 -8.085830717912098065e-01 -2.430608370366806437e+00
3.017470516301931749e+00 -2.010480033513549092e+00 1.935051595323799667e+00 -1.998540882897640036e-01 1.247376105181528638e+00 -7.286615520175053762e-01 -2.129180019751257369e+00
2.697920109789305521e+00 -1.862784400028921983e+00 1.949615917399027953e+00 1.221962450192546484e-03 8.993366237811767361e-01 -6.268947641985632702e-01 -1.765188078086773249e+00
2.148856385377323264e+00 -1.484922499187653955e+00 1.649278652618605401e+00 2.647003978081241549e-01 5.613888355849615541e-01 -4.568703539822315252e-01 -1.390902229039558957e+00
1.388349239423984249e+00 -9.651975312492727666e-01 1.064726718440150321e+00 5.162462653685101488e-01 2.318322289535794112e-01 -1.791258366897918453e-01 -9.895829060672934885e-01
5.652165700081384081e-01 -4.542863529982958948e-01 3.970522577089467542e-01 6.838587910220432775e-01 -1.131979985856689519e-01 1.395103533609741153e-01 -5.326176659821778570e-01
-1.258715158211733964e-01 -6.488424069720157006e-02 -1.233719465583542618e-01 7.458076924984387013e-01 -4.706239928779444859e-01 3.627631915644956573e-01 -2.809551926461848273e-02
-5.807037792549124555e-01 1.668917365277048370e-01 -4.013678714530339864e-01 7.063960458582593249e-01 -7.811376214443971344e-01 4.309753824282444579e-01 4.540648134951267845e-01
-8.293788970272528704e-01 2.595680552981019518e-01 -5.087111166004237850e-01 5.666453670870608139e-01 -9.738666301051400742e-01 4.224175576012862421e-01 8.176568546907219126e-01
-9.468903758960433015e-01 2.603046487729777092e-01 -5.670742137504658498e-01 3.497155409273080551e-01 -1.041724891708322387e+00 4.364881808416642417e-01 1.005303261794978864e+00
-9.407918785629656444e-01 2.343345711175864043e-01 -6.188186930120929130e-01 1.296318953332083190e-01 -1.037801792658548106e+00 4.480774102966899597e-01 1.009164537130768702e+00
-7.569818837472704898e-01 2.461306535049499755e-01 -6.306401882671929249e-01 -4.033800145690753444e-03 -9.990742271161071608e-01 3.326361923382731289e-01 8.363871735720235234e-01
-3.844977794583344100e-01 3.372702058605445696e-01 -6.040031623915048664e-01 -1.301502096278782036e-02 -9.026130499286236786e-01 3.049438649404356480e-02 4.835790581763299012e-01
7.031059669314274063e-02 4.940467179633053485e-01 -5.952365114557989223e-01 6.450488964578887652e-02 -7.189099294091965131e-01 -3.542566379277321542e-01 -5.261918315319955020e-03
4.363112364729100356e-01 6.425315947515154447e-01 -6.233841014166531247e-01 1.550229168926855750e-01 -4.809116961766852771e-01 -6.414641164426984066e-01 -4.842487677046414807e-01
6.091593649738038518e-01 7.246348413842855773e-01 -6.462451880475085231e-01 2.259981824329402589e-01 -2.616658318109124082e-01 -7.508729105266628290e-01 -7.961423822467733613e-01
6.215270635264282806e-01 7.488189934184613650e-01 -6.238751781062705781e-01 3.099128179707013597e-01 -9.961404032536566588e-02 -7.569881163811942315e-01 -8.967782276019089505e-01
5.928653536347985309e-01 7.417772685062711258e-01 -5.596098639007659470e-01 4.438581631561395180e-01 3.089136627353021233e-02 -7.689273399488057992e-01 -8.683842339276860445e-01
5.951419333508337628e-01 6.937430302523469594e-01 -4.811907973353302115e-01 6.048864201541589436e-01 1.641374273530640526e-01 -7.873843477104746080e-01 -8.066048447989354608e-01
5.823388470299980524e-01 5.792090894958907832e-01 -4.014430018296827885e-01 7.186760038388856353e-01 2.759920136409906299e-01 -7.161892223989810846e-01 -7.154683730239707051e-01
4.791654988695310258e-01 4.131865112037964027e-01 -3.060506242787645048e-01 7.224853435855874695e-01 3.050415426266628871e-01 -5.074053650892685896e-01 -5.451327056260268922e-01
2.793278167440403359e-01 2.500926142035952426e-01 -1.786071240096809565e-01 6.056730662820063449e-01 2.253841734988337453e-01 -2.361548972217004105e-01 -2.692571502657071791e-01
2.668250264268383701e-02 1.318984747146727532e-01 -3.737978721491482664e-02 3.945024939063875302e-01 7.863127606630616884e-02 -1.737388907312731323e-02 9.819395767610852865e-02
-2.640641121289130089e-01 6.120734916821854443e-02 6.196213849347895902e-02 1.149962184683990529e-01 -6.519892271939443928e-02 1.221223369203572745e-01 5.227411398823753608e-01
-6.279000794242394212e-01 3.384609197536810055e-02 4.743266822946797662e-02 -2.082446069451120985e-01 -1.698267483112957943e-01 2.567417346267757416e-01 9.574679004682606909e-01
-1.064303092264290207e+00 7.273378148461091819e-02 -1.372285177433237302e-01 -5.208363271726192956e-01 -2.423073106282466194e-01 4.493001303281497494e-01 1.313250038525129115e+00
-1.470252344183722748e+00 2.132245674490960141e-01 -4.847466568953090471e-01 -7.237570392996016677e-01 -3.015571386736745629e-01 6.571278996725500310e-01 1.465632225219248852e+00
-1.695659043098202812e+00 4.778541714155432052e-01 -9.269683209047665517e-01 -7.076394735839974803e-01 -3.569731215003398850e-01 7.575779826793161975e-01 1.329074392142505445e+00
-1.655958371719302713e+00 8.356677586868053176e-01 -1.374904908654741353e+00 -4.433474035568202298e-01 -4.054248308172596071e-01 6.741473047690831333e-01 9.307073399726503160e-01
-1.385725515769898220e+00 1.177811821275233983e+00 -1.730913241922715562e+00 -3.096504359422522570e-02 -4.470158434234298150e-01 4.619041841390800762e-01 4.107184300313379555e-01
-9.737088935419393465e-01 1.368762153343394905e+00 -1.890059649540187570e+00 3.686475954088299090e-01 -5.000974898646339817e-01 2.387510473076184525e-01 -7.299204602048504908e-02
-4.736466051095046814e-01 1.319072414602880050e+00 -1.749717944944734871e+00 6.403367204576589922e-01 -5.892637292522703296e-01 5.672128874087795786e-02 -4.239472961920348060e-01
6.836321287415771109e-02 1.061251182534490800e+00 -1.298414784829094781e+00 7.770336964864603679e-01 -7.147941879031260992e-01 -1.270648971524101500e-01 -6.166164083304366272e-01
5.271383458627879603e-01 7.752523475053801905e-01 -7.352950275345735420e-01 8.463280937871177079e-01 -8.327158181045520857e-01 -3.492394360958874233e-01 -6.886327680878351343e-01
7.047385576049008948e-01 6.473819278805850175e-01 -3.764380502402074335e-01 8.766292913134563491e-01 -8.804926610088307237e-01 -5.351733720668970795e-01 -6.765619565545876180e-01
4.584408742457155017e-01 7.148228084794895354e-01 -4.215210702029908996e-01 8.168212347126267980e-01 -8.275535469586435822e-01 -5.381869084815983362e-01 -5.705450720030658118e-01
-1.651045673712851491e-01 8.928064321903734779e-01 -8.562602553501692526e-01 6.208356882834322743e-01 -6.913907386661728438e-01 -2.898164088588138232e-01 -3.842541356926105767e-01
-9.461536532722539805e-01 1.079663169516070997e+00 -1.494030684175965407e+00 3.240714308870589755e-01 -5.217326304466652909e-01 1.172762583128219710e-01 -1.750573435390614663e-01
-1.657680314822123746e+00 1.225580037786972332e+00 -2.113928491603608073e+00 3.153454917628745885e-02 -3.699781265035227973e-01 5.101120674059953508e-01 1.886218789170245047e-02
-2.192715087593527290e+00 1.343841870596909294e+00 -2.610478871713218574e+00 -1.569242773148295522e-01 -2.560498339071419216e-01 7.864080233042707313e-01 1.797416987200749772e-01
-2.533456455608739333e+00 1.446683852441450480e+00 -2.961526333061847982e+00 -2.062328654869874933e-01 -1.797411512126263766e-01 9.575736040061227916e-01 2.889145057922665738e-01
-2.655677805453723117e+00 1.494822839758761512e+00 -3.101603521208782244e+00 -1.390103299514758861e-01 -1.588940959089321370e-01 1.061643132501215891e+00 3.353845521855098877e-01
-2.506112407379030405e+00 1.430768391748713508e+00 -2.923478864838302105e+00 -3.810230232418155422e-03 -2.253446219580526322e-01 1.088597961140175485e+00 3.185671742869597423e-01
-2.051776847296613582e+00 1.241554321440360820e+00 -2.381421678874729331e+00 1.576341021833158884e-01 -3.913886034493415100e-01 9.764658743489865733e-01 2.490420700674538801e-01
-1.331339057893757172e+00 9.914040566832976742e-01 -1.570583467005596923e+00 3.345480485989990593e-01 -6.262691956883803535e-01 6.576720435575792445e-01 1.394972769632578102e-01
-4.952340099145794428e-01 7.881442128047829732e-01 -7.243974823656077477e-01 5.188496957966280965e-01 -8.590741480237956695e-01 1.556974465640790506e-01 1.282016786151629964e-02
2.190146593825749444e-01 6.933417142301042668e-01 -1.031979435626246416e-01 6.679208074316456134e-01 -1.024375859588128934e+00 -3.663807829506507963e-01 -6.524597121119819765e-02
6.350126016607738899e-01 6.710313049817142605e-01 1.664560801231041443e-01 7.277355390165979321e-01 -1.101648036497619776e+00 -7.165396561170049861e-01 -2.466556211988159275e-02
7.483098168738512301e-01 6.465559836202225963e-01 1.396344893073926119e-01 6.830377737215542755e-01 -1.093992558483285249e+00 -8.312598344428672181e-01 1.356972699736399279e-01
6.546176949909939813e-01 6.048280714106609723e-01 -6.967425289992688897e-02 5.774380163195169668e-01 -9.883192436136012393e-01 -7.852049795048448022e-01 3.408497357244534842e-01
4.288406075075802404e-01 5.948163329802366173e-01 -4.090728768124135550e-01 4.799446014685657680e-01 -7.560858806040280378e-01 -6.613514468628503007e-01 4.789661301577028962e-01
1.007125678352708831e-01 6.461903176609770094e-01 -8.597058157558240543e-01 4.239939999496070144e-01 -3.975389566167795152e-01 -4.637400048650683893e-01 4.676187208956710251e-01
-2.878449442240185174e-01 7.227243663468405632e-01 -1.345427015009905913e+00 3.865172344600255605e-01 2.216702591808278680e-02 -1.735833738050206188e-01 3.047882821013825905e-01
-6.465457156878268163e-01 7.631272171514315028e-01 -1.724353739878436098e+00 3.295216164191112629e-01 3.935870036092534163e-01 1.488097443701641431e-01 6.339992416599031511e-02
-8.988885893103462088e-01 7.698313365522704288e-01 -1.906455043730688192e+00 2.550816939233244707e-01 6.245067664941917895e-01 3.677101159252763596e-01 -1.579510612404926295e-01
-1.056730195719083998e+00 8.259159634271926453e-01 -1.949718986941716414e+00 2.014569166718138682e-01 6.845434096394693579e-01 3.986588354371969345e-01 -2.960630625767390334e-01
-1.200953345949418161e+00 9.669161882791832419e-01 -1.960884328041200719e+00 1.814018635539912938e-01 5.856087121711525123e-01 3.116953904811956555e-01 -3.071619846026409362e-01
-1.397326517050215378e+00 1.102997381503664220e+00 -1.947039118813637559e+00 1.603950684287172301e-01 3.321290375842852471e-01 2.630718008850279621e-01 -1.217341586005836473e-01
-1.610163922128900804e+00 1.121867793891436094e+00 -1.813578628727048336e+00 1.093014883700412082e-01 -8.547845399922350540e-02 3.148784674574404696e-01 3.015921004165404984e-01
-1.705044482713415688e+00 9.978072086814027131e-01 -1.458160023363581859e+00 5.548240588892455055e-02 -6.544777455581527459e-01 3.580607825956356183e-01 9.204396577297874193e-01
-1.559542434762688723e+00 8.078982935182494884e-01 -8.857444709401135485e-01 7.491985273719749261e-02 -1.297736047387864078e+00 2.208826051301649718e-01 1.606804330459301600e+00
-1.149822847196385389e+00 6.773834872253962081e-01 -2.516323624615028343e-01 2.300960423018323653e-01 -1.874519386264110299e+00 -1.634455288339762835e-01 2.157197593289364335e+00
-5.577322722817735778e-01 6.645243700247152052e-01 2.514674518724959174e-01 5.022675493012268566e-01 -2.256577580807083372e+00 -6.840489125838182805e-01 2.402778925289684953e+00
8.288661542668175619e-02 7.088337073077455308e-01 5.403717853567852059e-01 7.927798287828470292e-01 -2.398303050726919405e+00 -1.142414469868596072e+00 2.323815737342795895e+00
6.828577499970760467e-01 7.200927388874703849e-01 6.718502824263837825e-01 1.012011836001199150e+00 -2.326554634282159917e+00 -1.430439418136882912e+00 1.991883541322972961e+00
1.236594960853588887e+00 6.731273240306875350e-01 7.645615976256223689e-01 1.158215024195311971e+00 -2.095095002569047793e+00 -1.606928193690311701e+00 1.471882834249817362e+00
1.754164738783629440e+00 6.075801392891941877e-01 8.852867683421845602e-01 1.289742529271563853e+00 -1.747990493067030693e+00 -1.788893704694612730e+00 8.080556541706170881e-01
2.180092990757009908e+00 5.665930173260971259e-01 9.996260092552095022e-01 1.433644014387897014e+00 -1.313769797044229692e+00 -1.988782792454215631e+00 5.508265361871490101e-02
2.408398931598807469e+00 5.425557984494744357e-01 1.039189828509817115e+00 1.547238571508431138e+00 -8.370697700032371236e-01 -2.090317372935380114e+00 -6.906703514992208470e-01
2.387928266126972510e+00 4.955552676313133009e-01 9.937041504341195264e-01 1.565900187123847154e+00 -3.934486969893919439e-01 -1.990896122324637307e+00 -1.319804529372463842e+00
2.189978765003374850e+00 4.052264897161660939e-01 9.309953365381957724e-01 1.472941859545126464e+00 -6.572806253801591336e-02 -1.731003229303055502e+00 -1.756686522253609217e+00
1.968353354749130313e+00 2.930958941615787738e-01 9.272961267515957839e-01 1.333509257885367116e+00 9.201914583287236493e-02 -1.477271453100842180e+00 -1.975528632652806316e+00
1.847358125486519675e+00 2.344412850824659778e-01 9.624951292096511901e-01 1.258204073239022946e+00 8.877538709262763894e-02 -1.395242112832042913e+00 -2.018192941351732106e+00
1.819248158712582164e+00 3.051505557085606446e-01 9.348095165645601279e-01 1.300912408017241617e+00 -1.443593927533021529e-02 -1.515518902974568149e+00 -1.939940301274896806e+00
1.771968522764609810e+00 4.805186120193020161e-01 7.897218713548327385e-01 1.400088956133239915e+00 -1.578051496117346963e-01 -1.716104283180401646e+00 -1.734458756905324472e+00
1.631098984319347300e+00 6.521376877576242626e-01 5.711798373203706980e-01 1.449363194389214460e+00 -3.110394414313675804e-01 -1.848366953010985414e+00 -1.391114206272170861e+00
1.442500700925402946e+00 7.239138248263039532e-01 3.907216013782872088e-01 1.405227715529521415e+00 -4.678690075091034295e-01 -1.870745425141645102e+00 -9.560160809769018275e-01
1.298220208161875000e+00 6.652753905147905655e-01 3.463080187437183044e-01 1.304473092573099180e+00 -6.162367101081791532e-01 -1.839195175788720826e+00 -5.017525934530390197e-01
1.205151812930533639e+00 5.141866236793908307e-01 4.109448220067624669e-01 1.192517756055656353e+00 -7.088657215405392842e-01 -1.773326410460382530e+00 -1.007998139603814430e-01
1.071387546660721668e+00 3.189169706497000933e-01 4.602585674673891347e-01 1.055507345895195792e+00 -6.907243827046297691e-01 -1.586649879136220465e+00 1.992930328464574130e-01
8.038993281390852674e-01 9.327850042300060707e-02 4.045146395684631191e-01 8.303144618082022310e-01 -5.535843383458280975e-01 -1.173010039855758135e+00 4.013904394624827066e-01
3.929624222740449313e-01 -1.663859014459960206e-01 2.622676179581050482e-01 4.698544952365752425e-01 -3.429666414390801776e-01 -5.326107699023717723e-01 5.484850095017582694e-01
-7.087453944406167661e-02 -4.579066717669713626e-01 1.356747151863251788e-01 -6.907362673377561400e-03 -1.136840940221925805e-01 1.920652246456730217e-01 6.876619406614706831e-01
-4.749700075618166206e-01 -7.443257889819118178e-01 8.045522814895397778e-02 -5.219841941459071322e-01 1.146090806918926286e-01 8.149409022606175501e-01 8.246131923005232123e-01
-8.007115436939771236e-01 -9.640584627858279632e-01 2.706049633877682589e-02 -9.962203133591978066e-01 3.492612758657041572e-01 1.265893117437546289e+00 9.286400390424073281e-01
-1.115353969602659312e+00 -1.097205273224382216e+00 -1.146044699795520788e-01 -1.391328504387074227e+00 5.832731726499479352e-01 1.623850033360845657e+00 9.765391209305431808e-01
-1.442654704553063549e+00 -1.167823840209091912e+00 -3.357282425574669160e-01 -1.687262569164562187e+00 7.807558612704859069e-01 1.979337801374826622e+00 9.426097149040715273e-01
-1.691796029724587980e+00 -1.192259770014730380e+00 -5.211901630529580665e-01 -1.851538186712188283e+00 8.933340559837633643e-01 2.305211051692214852e+00 7.880155800351146267e-01
-1.713205809001172586e+00 -1.170640965125905542e+00 -5.251951519543530678e-01 -1.851824325776640023e+00 8.930564158958387289e-01 2.457734034856855043e+00 5.031341469682959477e-01
-1.426599645777389513e+00 -1.079987550417313313e+00 -3.166618032379562298e-01 -1.675164482814645472e+00 8.061334663461742212e-01 2.292538906295474632e+00 1.206738407752149106e-01
-9.171375252659973443e-01 -8.736967597993781087e-01 -4.120969770457220960e-02 -1.340826445709833781e+00 7.053402227823492021e-01 1.805982535689215185e+00 -3.016631458016643119e-01
-3.837869429209094241e-01 -5.554771601693557770e-01 1.319873306557346193e-01 -9.206099097595915604e-01 6.599569730553653812e-01 1.161717406625980553e+00 -6.818101184900514644e-01
2.363662839457312051e-02 -2.405476728171387357e-01 1.901214693378771026e-01 -5.321462230751232703e-01 7.000055646593115188e-01 5.720455842576444017e-01 -9.420326940220165035e-01
2.939646680537223999e-01 -8.996712412173661633e-02 2.647368613372063639e-01 -2.840919481445647876e-01 8.193833792141713701e-01 1.661896004378001224e-01 -1.057915683814002694e+00
4.879602748502547271e-01 -1.834927812848693718e-01 4.728923148416469546e-01 -2.178415062102360411e-01 9.917702587579529938e-01 -3.937561481148576376e-02 -1.055171438451303345e+00
