-1.595990180969238281e+00 3.882698714733123779e-01 1.321460843086242676e+00 -6.415132433176040649e-02 -1.933267414569854736e-01 4.613512754440307617e-01 1.494911432266235352e+00
2.752448990941047668e-02 8.591555804014205933e-02 -8.660775423049926758e-01 9.281054735183715820e-01 -1.090063713490962982e-03 -1.867323815822601318e-01 6.119058132171630859e-01
-8.732801675796508789e-01 1.368827581405639648e+00 3.945609629154205322e-01 1.755466222763061523e+00 -1.852986961603164673e-02 -1.468064546585083008e+00 1.061254382133483887e+00
1.034932255744934082e+00 -1.385750412940979004e+00 -7.507604360580444336e-01 -1.148162722587585449e+00 -1.083030253648757935e-01 1.574946880340576172e+00 -7.597643733024597168e-01
4.094204008579254150e-01 -4.202999174594879150e-01 -5.320835709571838379e-01 -4.425060749053955078e-01 -1.086261570453643799e-01 7.256787419319152832e-01 -2.525165379047393799e-01
4.925743043422698975e-01 -1.491609960794448853e-01 -3.015526831150054932e-01 -1.219309493899345398e-01 2.095577493309974670e-02 -1.793072819709777832e-01 -5.476959347724914551e-01
-4.071120917797088623e-01 3.764406740665435791e-01 3.280467092990875244e-01 4.070822522044181824e-02 7.552752494812011719e-01 2.014643549919128418e-01 5.484712123870849609e-01
-1.264239549636840820e+00 9.388968944549560547e-01 1.413869380950927734e+00 3.791134357452392578e-01 -1.965066418051719666e-02 -8.518623709678649902e-01 6.645020842552185059e-01
-5.212669968605041504e-01 2.745868861675262451e-01 2.660439610481262207e-01 1.373581439256668091e-01 -7.400973439216613770e-01 4.186946526169776917e-02 3.985026776790618896e-01
9.836232662200927734e-01 2.728971540927886963e-01 -7.524860501289367676e-01 5.416284799575805664e-01 3.416318595409393311e-01 -1.261205315589904785e+00 -8.644641041755676270e-01
-1.681020706892013550e-01 -4.220001101493835449e-01 1.122169852256774902e+00 -8.453667759895324707e-01 1.719667315483093262e-01 2.276328951120376587e-01 -5.554587244987487793e-01
-1.216041147708892822e-01 5.920972824096679688e-01 2.194184362888336182e-01 4.509701132774353027e-01 1.463123559951782227e-01 -1.013776779174804688e+00 -5.544403195381164551e-02
-3.765499591827392578e-01 -5.229510068893432617e-01 -9.499467909336090088e-02 -6.295366287231445312e-01 -3.421241044998168945e-01 1.465098500251770020e+00 6.138159036636352539e-01
1.488861441612243652e+00 -9.050094485282897949e-01 -1.093570232391357422e+00 -4.154373109340667725e-01 1.885832846164703369e-01 4.632721841335296631e-02 -1.394801020622253418e+00
