5.605700016021728516e-01
5.166623592376708984e-01
5.889089107513427734e-01
5.742729902267456055e-01
4.847851395606994629e-01
5.428782701492309570e-01
4.337686598300933838e-01
5.170483589172363281e-01
5.585756301879882812e-01
4.875836372375488281e-01
5.860460400581359863e-01
5.753666758537292480e-01
5.186567306518554688e-01
6.168940067291259766e-01
6.012287735939025879e-01
6.445252299308776855e-01
6.601260900497436523e-01
5.159225463867187500e-01
6.316906809806823730e-01
6.575849056243896484e-01
6.048314571380615234e-01
6.169583201408386230e-01
6.540144085884094238e-01
6.458762288093566895e-01
5.148610472679138184e-01
6.610267162322998047e-01
7.013959884643554688e-01
6.733466386795043945e-01
6.600295901298522949e-01
5.391147732734680176e-01
5.665208697319030762e-01
5.934122204780578613e-01
6.292459964752197266e-01
5.512416362762451172e-01
5.870753526687622070e-01
7.021358609199523926e-01
4.832732677459716797e-01
5.064976811408996582e-01
5.816071033477783203e-01
6.688110828399658203e-01
5.277920961380004883e-01
6.917138099670410156e-01
6.639217734336853027e-01
6.194673180580139160e-01
5.598623156547546387e-01
5.030879974365234375e-01
5.188175439834594727e-01
5.933800935745239258e-01
5.519814491271972656e-01
5.344505906105041504e-01
6.410190463066101074e-01
6.077586412429809570e-01
6.797156333923339844e-01
5.925437211990356445e-01
4.917331337928771973e-01
5.744017362594604492e-01
5.778757333755493164e-01
7.323726415634155273e-01
5.358659029006958008e-01
4.254374504089355469e-01
5.790015459060668945e-01
4.716610908508300781e-01
6.047992706298828125e-01
5.805133581161499023e-01
6.161220073699951172e-01
6.692292690277099609e-01
5.747233629226684570e-01
5.743373632431030273e-01
6.504760980606079102e-01
5.531716346740722656e-01
5.036669969558715820e-01
5.231600999832153320e-01
5.299472808837890625e-01
6.527920961380004883e-01
6.479671001434326172e-01
5.584791302680969238e-01
