4.747812747955322266e-01
4.747812747955322266e-01
4.691842496395111084e-01
4.551917314529418945e-01
4.859753251075744629e-01
4.766469597816467285e-01
4.785125851631164551e-01
4.663857519626617432e-01
4.542588889598846436e-01
4.841096401214599609e-01
4.766469597816467285e-01
4.682514071464538574e-01
4.701170921325683594e-01
4.551917314529418945e-01
4.589230418205261230e-01
4.859753251075744629e-01
4.589230418205261230e-01
4.831767678260803223e-01
4.925051331520080566e-01
4.897066354751586914e-01
4.747812747955322266e-01
4.663857519626617432e-01
4.822439551353454590e-01
4.915723204612731934e-01
4.719827771186828613e-01
4.794454574584960938e-01
4.757140874862670898e-01
4.766469597816467285e-01
4.682514071464538574e-01
4.645200967788696289e-01
4.887738227844238281e-01
4.691842496395111084e-01
4.645200967788696289e-01
4.803782701492309570e-01
4.794454574584960938e-01
4.757140874862670898e-01
4.598559141159057617e-01
4.813111424446105957e-01
4.701170921325683594e-01
4.691842496395111084e-01
4.682514071464538574e-01
4.775797724723815918e-01
4.757140874862670898e-01
4.701170921325683594e-01
4.673185944557189941e-01
