4.931806325912475586e-01
4.944030046463012695e-01
5.020908117294311523e-01
5.147967338562011719e-01
5.021551847457885742e-01
5.258620977401733398e-01
4.750707745552062988e-01
4.758105874061584473e-01
5.104863643646240234e-01
4.870689511299133301e-01
5.175308585166931152e-01
5.237069129943847656e-01
5.109688639640808105e-01
5.062403678894042969e-01
5.060151815414428711e-01
4.681549072265625000e-01
4.783195853233337402e-01
5.024446845054626465e-01
4.856536388397216797e-01
4.942421615123748779e-01
4.023095667362213135e-01
5.365414619445800781e-01
5.027341842651367188e-01
4.977161586284637451e-01
4.945316314697265625e-01
5.087493658065795898e-01
4.886451363563537598e-01
5.145715475082397461e-01
5.018013715744018555e-01
5.003538131713867188e-01
4.759392738342285156e-01
5.350295901298522949e-01
4.375000000000000000e-01
3.903435468673706055e-01
4.090002775192260742e-01
4.024382233619689941e-01
4.936631321907043457e-01
4.630725979804992676e-01
5.293682813644409180e-01
4.705995917320251465e-01
5.062403678894042969e-01
5.073340535163879395e-01
4.952071905136108398e-01
4.704065918922424316e-01
5.091031789779663086e-01
5.011579990386962891e-01
4.953358173370361328e-01
5.247362256050109863e-01
5.113548636436462402e-01
4.535512030124664307e-01
5.299472808837890625e-01
