4.485653638839721680e-01
4.815362691879272461e-01
4.688304066658020020e-01
4.739127755165100098e-01
4.739449024200439453e-01
4.558993875980377197e-01
4.920226335525512695e-01
4.589873850345611572e-01
4.683157205581665039e-01
5.025089979171752930e-01
4.234431385993957520e-01
4.561888575553894043e-01
4.466353654861450195e-01
4.390439987182617188e-01
4.808286130428314209e-01
4.908003211021423340e-01
4.626544117927551270e-01
4.579902291297912598e-01
4.381111860275268555e-01
4.746525883674621582e-01
4.686052501201629639e-01
4.227354526519775391e-01
4.517498612403869629e-01
5.051788687705993652e-01
4.862004518508911133e-01
4.415529966354370117e-01
4.650347530841827393e-01
4.737197756767272949e-01
4.576363861560821533e-01
4.913793206214904785e-01
4.731407761573791504e-01
4.773867726325988770e-01
3.807899951934814453e-01
4.396551847457885742e-01
4.867794811725616455e-01
4.544840455055236816e-01
2.637352049350738525e-01
5.009328126907348633e-01
5.022838115692138672e-01
4.192292690277099609e-01
4.781266152858734131e-01
3.944930434226989746e-01
4.242151379585266113e-01
4.718862771987915039e-01
4.209662973880767822e-01
4.014410674571990967e-01
4.806677699089050293e-01
5.311695337295532227e-01
4.726582765579223633e-01
4.872298240661621094e-01
4.874228239059448242e-01
5.000000000000000000e-01
4.898031353950500488e-01
4.681227505207061768e-01
5.272774100303649902e-01
4.670290946960449219e-01
4.664500951766967773e-01
4.459598660469055176e-01
4.549665451049804688e-01
4.816971421241760254e-01
