1.570380926132202148e-01
4.520715475082397461e-01
4.051724076271057129e-01
3.946860432624816895e-01
3.923378586769104004e-01
3.353705704212188721e-01
3.760614991188049316e-01
4.527470469474792480e-01
2.484881579875946045e-01
3.356600701808929443e-01
3.339873850345611572e-01
4.618824124336242676e-01
4.442549943923950195e-01
4.245689511299133301e-01
3.778949975967407227e-01
5.125128626823425293e-01
2.751222252845764160e-01
3.572761416435241699e-01
3.556356132030487061e-01
5.344827175140380859e-01
4.632334113121032715e-01
2.802689075469970703e-01
