5.050179958343505859e-01
4.788986146450042725e-01
5.040851831436157227e-01
5.022194981575012207e-01
4.537120461463928223e-01
4.994210004806518555e-01
4.956896603107452393e-01
4.138574302196502686e-01
5.003538131713867188e-01
5.134135484695434570e-01
4.975553452968597412e-01
4.966225028038024902e-01
5.040851831436157227e-01
4.928911328315734863e-01
5.031523704528808594e-01
4.863612949848175049e-01
4.938240051269531250e-01
4.938240051269531250e-01
4.984881579875946045e-01
4.882269799709320068e-01
4.984881579875946045e-01
5.152791738510131836e-01
5.003538131713867188e-01
5.022194981575012207e-01
5.031523704528808594e-01
4.984881579875946045e-01
5.031523704528808594e-01
5.050179958343505859e-01
5.003538131713867188e-01
5.035061836242675781e-01
4.966225028038024902e-01
4.919583201408386230e-01
4.938240051269531250e-01
5.096821784973144531e-01
5.040851831436157227e-01
4.984881579875946045e-01
5.115478634834289551e-01
5.003538131713867188e-01
4.854284524917602539e-01
5.003538131713867188e-01
5.040851831436157227e-01
4.975553452968597412e-01
5.115478634834289551e-01
5.012866854667663574e-01
5.012866854667663574e-01
5.022194981575012207e-01
5.022194981575012207e-01
5.031523704528808594e-01
4.844956398010253906e-01
4.664822220802307129e-01
5.050179958343505859e-01
5.040851831436157227e-01
7.410254478454589844e-01
5.040851831436157227e-01
5.059508681297302246e-01
4.124099314212799072e-01
4.219956398010253906e-01
5.162120461463928223e-01
4.639732241630554199e-01
5.022194981575012207e-01
5.003538131713867188e-01
5.078165531158447266e-01
5.068836808204650879e-01
5.050179958343505859e-01
5.115478634834289551e-01
4.406523406505584717e-01
5.059508681297302246e-01
4.975553452968597412e-01
4.956896603107452393e-01
5.022194981575012207e-01
4.984881579875946045e-01
4.900926351547241211e-01
