3.367215692996978760e-01
3.878023624420166016e-01
2.822632491588592529e-01
4.699884057044982910e-01
4.140182733535766602e-01
3.769299983978271484e-01
2.720020413398742676e-01
4.282038211822509766e-01
4.429683685302734375e-01
4.112840890884399414e-01
3.853255212306976318e-01
2.040658742189407349e-01
2.814590930938720703e-01
4.594055414199829102e-01
2.378731369972229004e-01
2.963522970676422119e-01
4.725617766380310059e-01
3.487840890884399414e-01
4.113805890083312988e-01
4.617859125137329102e-01
2.583311796188354492e-01
3.538342714309692383e-01
4.151119589805603027e-01
4.320316314697265625e-01
3.919197320938110352e-01
4.349266588687896729e-01
3.837815225124359131e-01
4.935988187789916992e-01
3.298057317733764648e-01
4.696989059448242188e-01
4.511708617210388184e-01
4.449626803398132324e-01
4.008620679378509521e-01
3.713651597499847412e-01
4.493052065372467041e-01
4.398159980773925781e-01
4.308414757251739502e-01
2.166109085083007812e-01
4.830481410026550293e-01
3.025283217430114746e-01
3.874807059764862061e-01
4.660962522029876709e-01
3.437660932540893555e-01
2.958054542541503906e-01
4.494981765747070312e-01
