4.972658157348632812e-01
5.112583637237548828e-01
4.860717952251434326e-01
5.037956833839416504e-01
4.926016330718994141e-01
5.009971857070922852e-01
5.028628110885620117e-01
4.981986582279205322e-01
4.981986582279205322e-01
5.000643134117126465e-01
5.103255510330200195e-01
5.009971857070922852e-01
5.047284960746765137e-01
5.000643134117126465e-01
4.907359480857849121e-01
4.898031353950500488e-01
4.981986582279205322e-01
5.047284960746765137e-01
5.075269937515258789e-01
5.047284960746765137e-01
4.898031353950500488e-01
4.954001605510711670e-01
5.019299983978271484e-01
4.981986582279205322e-01
4.963329732418060303e-01
5.047284960746765137e-01
5.000643134117126465e-01
4.981986582279205322e-01
4.926016330718994141e-01
4.860717952251434326e-01
4.954001605510711670e-01
5.112583637237548828e-01
5.028628110885620117e-01
4.926016330718994141e-01
5.056613683700561523e-01
4.907359480857849121e-01
5.084598064422607422e-01
5.103255510330200195e-01
5.009971857070922852e-01
5.093926787376403809e-01
5.000643134117126465e-01
5.196539163589477539e-01
5.093926787376403809e-01
5.121911764144897461e-01
5.000643134117126465e-01
4.907359480857849121e-01
4.954001605510711670e-01
5.056613683700561523e-01
5.056613683700561523e-01
5.028628110885620117e-01
5.093926787376403809e-01
4.916688203811645508e-01
5.084598064422607422e-01
5.093926787376403809e-01
4.991315007209777832e-01
4.944673180580139160e-01
5.159225463867187500e-01
5.075269937515258789e-01
4.991315007209777832e-01
5.149897336959838867e-01
4.981986582279205322e-01
4.860717952251434326e-01
4.991315007209777832e-01
5.028628110885620117e-01
5.009971857070922852e-01
4.916688203811645508e-01
4.944673180580139160e-01
5.037956833839416504e-01
5.028628110885620117e-01
5.028628110885620117e-01
4.981986582279205322e-01
