5.378316125508656592e-02 -1.648040934333641516e+00 -6.169027098901760375e-01 -1.022451736854475213e+00 -4.996022842795064256e-01 -1.262844316060103035e-02 -8.390842601738969231e-01 -4.034648530389539078e-01 -4.272518878333551040e-01 -9.478327257783338844e-01 9.542087802874708036e-01 1.611683419208802537e+00 6.972428930854045470e-01 4.276937838895706334e-01 1.211919074820875020e+00 4.432104828050755230e-01 1.187620483770692292e+00
7.502934770567679101e-02 -1.654220715100095385e+00 -4.717046739341055894e-01 -1.314898923547068721e+00 -9.710226136296439270e-01 -2.398884071416046704e-01 -8.484125381828702128e-01 -7.506889085489467650e-01 -6.560393724012464345e-01 -1.118212001179593074e+00 1.555319327966137255e+00 2.250013296275567232e+00 4.345944741687705060e-01 6.783650224473382062e-01 1.862975639602817646e+00 6.281542104685948757e-01 1.038855573558933765e+00
-1.068534250736990349e-01 -1.370562277022833175e+00 -3.164392846981933238e-01 -1.336799037906975407e+00 -1.283862840339763611e+00 -1.480365879070843493e-01 -8.396104804986519454e-01 -1.002919605376694667e+00 -6.913832852901297121e-01 -1.095682305190104344e+00 2.099616431552317142e+00 2.484848159513150190e+00 2.764853560164298729e-02 9.527588963841656655e-01 2.106998142260528617e+00 5.128564304244779271e-01 1.087620334190475768e+00
-4.611985375334368142e-01 -8.194554621102586589e-01 -7.646145119759099884e-02 -1.120304490073674053e+00 -1.342449135409864436e+00 1.941069912658845986e-01 -8.298673762756459960e-01 -9.903704046564487662e-01 -4.863740673737619313e-01 -9.943981843463475245e-01 2.279661644423743194e+00 2.120969809889136304e+00 -2.148264641597731062e-01 1.148060415314567262e+00 1.865827746596241843e+00 9.916628140328997976e-02 1.349893637549024694e+00
-8.062895225617033867e-01 -1.724346439559710786e-01 1.661901814170644032e-01 -8.346626927065234902e-01 -1.259828354275949858e+00 5.201952483298080132e-01 -5.844873764896616475e-01 -7.878684389140565569e-01 -2.238077875071605438e-01 -9.125782853576354103e-01 2.115873653992052628e+00 1.471132831942802754e+00 -2.678645615485861220e-01 1.229628042156531986e+00 1.390517280166326364e+00 -3.157820769090184942e-01 1.327380100185322043e+00
-9.822638845299278554e-01 2.946987800315601924e-01 2.324866114479511581e-01 -5.899514350456798173e-01 -1.186426543913407849e+00 7.356804695381119474e-01 -1.149662560564152641e-01 -5.946199764802864163e-01 -1.594452430970294543e-01 -7.928236092464936435e-01 1.848832762975567201e+00 9.129562733528872043e-01 -1.522408566457120194e-01 1.220421895421680336e+00 8.795052650559307406e-01 -4.765903415838829704e-01 1.225125182502213139e+00
-1.097519988116099077e+00 5.160559273463461993e-01 1.942866896259933529e-01 -3.150258501554351054e-01 -1.089211257437307401e+00 9.041737906495584953e-01 3.774026398837598828e-01 -4.993376679658375061e-01 -2.542970676537961161e-01 -6.708230767528891025e-01 1.525469055687629583e+00 5.190069965514919614e-01 9.279073134482844487e-02 1.081375601342179804e+00 3.867412697068352556e-01 -4.094268632284617238e-01 1.427438224985949189e+00
-1.199307133698362948e+00 5.713573795619947271e-01 4.986563046543464328e-02 5.589895514782412117e-02 -8.682131503229016944e-01 1.088071142649634560e+00 5.554261566589179244e-01 -5.444898443030614654e-01 -2.561021872337735372e-01 -6.592353843343533581e-01 1.091612927898272689e+00 3.927029142776032877e-01 3.365349680476409922e-01 8.688722026571872314e-01 -4.750988446851037161e-02 -2.637332790026591378e-01 1.558293775814111326e+00
-1.115796678652296370e+00 5.145529480291404223e-01 -3.165542778447443251e-01 4.769795755241814095e-01 -5.136265258069564466e-01 1.143367180777174807e+00 3.311108666720905536e-01 -6.600874217779895137e-01 -1.553921692037699975e-01 -7.180911086429077050e-01 5.698782873965801965e-01 4.523250791915607305e-01 5.330786039867996262e-01 6.064074554457774546e-01 -4.005937905859190407e-01 -1.470812700381622373e-01 1.638665746549323288e+00
-7.061830946193651259e-01 5.009095627013727681e-01 -7.622049025614985318e-01 8.715025189732068522e-01 -9.053682944473277761e-02 1.038735363359124309e+00 5.093744131590872623e-03 -7.092242478640872205e-01 -4.571336032655554105e-02 -7.001385117167890915e-01 -5.650159240966041996e-02 5.245164943075730779e-01 6.707179834648541172e-01 2.751706890384523208e-01 -7.698960471741465028e-01 -1.972347713013462289e-01 1.945642744595193596e+00
-1.897381077959890694e-02 7.131378475425548258e-01 -1.019805053420023366e+00 1.020919225665329888e+00 2.126719216132592349e-01 9.405357169256386429e-01 -2.315209670636651784e-01 -6.162153668613098434e-01 1.190698981295533199e-01 -4.591856727100401825e-01 -6.639421610428892784e-01 5.830037315326389580e-01 6.704650845623967292e-01 -7.880048158312621953e-02 -1.152863519319560659e+00 -3.852862355518306137e-01 2.050152551744904184e+00
