-2.543224836711706627e-01 -1.486718494271518365e-01 -4.166377481714410025e-01 -7.243232259774314841e-01 -7.877125953058778940e-01 -1.531029850534587448e-02 -3.831823369722002492e-02 -7.554517166399343786e-01 -2.128229051179771625e-01 -3.402517439775532004e-01 8.163413945752280299e-01 6.727668349736911635e-01 7.203735517947172928e-01 2.543300543344495512e-01 1.093847650245582503e+00 -2.310835077190712961e-01 4.726124121268829303e-01
-1.342972847459318886e-01 -2.739646393587486517e-01 -8.518880165840966301e-01 -5.942411958010133111e-01 -7.212528355775196243e-01 1.365742730247424819e-01 -1.359583270919477171e-01 -5.330846408585191432e-01 1.432673675852840778e-01 -3.680100615117015139e-01 6.531199910912466322e-01 2.850694581180457932e-01 7.886131259196323962e-01 7.092997651496815714e-02 7.620485889282010428e-01 -2.248268059701656885e-01 6.800978367149052017e-01
-4.022003202298746020e-03 -3.560845800771307856e-01 -1.308974783956123211e+00 -4.118105743810815400e-01 -7.206031751659305318e-01 3.967768249395292601e-01 -3.177757454185589636e-01 -4.161212474329886724e-01 5.418933495982327653e-01 -3.506501945763407235e-01 5.568498346858198333e-01 -2.216333166482854500e-01 9.876602588270889660e-01 -1.238133661680452108e-01 4.432410293475776975e-01 -2.099525066691223796e-01 9.048582304764760664e-01
5.663229719513847293e-02 -2.452766758379238965e-01 -1.677344678098878994e+00 -1.886922387994331707e-01 -7.985994743577899957e-01 6.836834718473175920e-01 -6.724120597756824136e-01 -4.561546270284377314e-01 8.007223797424232181e-01 -1.510086331901289713e-01 6.446917937505052265e-01 -6.287605879723084934e-01 1.202531336760946035e+00 -1.658654936275988645e-01 2.278035445944873449e-01 -2.270999877947511847e-01 1.080569612164065774e+00
2.442587722112245924e-02 3.741511562765954119e-02 -1.964721318202082845e+00 6.297508199087370473e-02 -8.094478473147224129e-01 7.962923983404548434e-01 -1.059691152736732533e+00 -4.411430654884147540e-01 9.902981801555990060e-01 8.022969987003122916e-02 7.873810515680651489e-01 -9.519724133702361923e-01 1.157721213640060753e+00 -1.115766410633579064e-01 4.452741681148501829e-02 -1.986117915089459229e-01 1.179957768593827838e+00
-1.766670673794781821e-01 5.062033759080311057e-01 -2.155563015954114370e+00 2.410729409130628331e-01 -7.331280732021824287e-01 6.909557181147472082e-01 -1.212691188133093068e+00 -3.051226214344597287e-01 1.147345559165000806e+00 6.751615099107613482e-02 8.678662789437144864e-01 -1.111898396864881899e+00 6.978218437197520885e-01 -9.150154555673595258e-02 -7.607658303313410975e-02 -3.767777588669861399e-02 1.223091423956862211e+00
-5.461327586323613259e-01 1.100743607487751241e+00 -2.077661319517946303e+00 2.945097085310082186e-01 -6.346647479111428014e-01 4.985463600157348241e-01 -1.060746034436058638e+00 -1.193054625052752810e-01 1.163070279560495468e+00 -1.120046642256739833e-01 7.631680752025497005e-01 -9.554975866866919354e-01 2.160755745490800916e-03 -1.675323490004367588e-01 -1.022270065773316500e-01 1.846407293937266936e-01 1.265013880781703071e+00
-9.222286319017449774e-01 1.524494852813900625e+00 -1.631438176115329153e+00 3.374682340487449306e-01 -4.777430793235392104e-01 2.605962584657716130e-01 -6.553386699390616466e-01 5.509151598127069033e-02 1.082989348399069129e+00 -3.482859402481972566e-01 3.790807229607460749e-01 -5.824750477339156740e-01 -6.699370382711288263e-01 -3.767195957731584999e-01 -4.941700651410952522e-02 3.417389198798776451e-01 1.265167781967730720e+00
-1.054860039530225002e+00 1.569396560338931934e+00 -1.059133272388773195e+00 3.883631691102362726e-01 -2.962120348236388367e-01 -4.399570048312906323e-02 -2.156766986909645356e-01 1.459347633862464189e-01 9.615733362917423532e-01 -5.808033079334544713e-01 -5.784759222156470038e-02 -2.578129870257525602e-01 -1.068710799483836515e+00 -5.330584781188382193e-01 5.185222349772864586e-02 3.995131172484666093e-01 1.165485410383741982e+00
-7.314108182167908812e-01 1.203682655367224408e+00 -6.264295214646917742e-01 3.547120734953518317e-01 -1.626046187065697535e-01 -3.374379270317618973e-01 -9.448441201214883428e-03 7.948620036301821956e-02 6.154542775061944138e-01 -6.779453189488580112e-01 -1.778856880061931989e-01 2.435528990658712006e-02 -1.029349991083208460e+00 -3.731815101586296590e-01 1.631771011004662930e-01 3.077291736267400712e-01 8.366971544801362626e-01
