-5.719816145660999718e-01 1.716326702025778028e-01 -1.066574996567571709e+00 5.996628139326703327e-02 -4.022525938291854897e-01 5.038797535345480583e-01 -3.412188239221964903e-01 -5.376968191695112864e-01 1.875178836190699860e-01 -3.613079896931915558e-01 1.044795609109868545e-01 4.722244005028881086e-01 6.691878722862123485e-01 8.858042782098800583e-01 1.935771636218139580e-01 -5.004668730793229020e-02 1.687819799512733088e+00
-5.233382015518741603e-01 8.314423174932812632e-02 -9.038061567990329781e-01 -4.566234934131247480e-01 -7.407647958890348772e-01 1.040001451919679187e+00 -6.841821467315197802e-01 -4.399409780936011094e-01 3.164578341127455285e-01 -1.615168207079148432e-01 -3.093522035757200750e-01 7.423379327071247813e-01 5.456203541883657415e-01 6.681000350898373963e-01 6.695868997241661846e-01 4.142053743256433607e-01 1.621122498730276362e+00
-4.995712431868425951e-01 -2.979986951487760827e-01 -7.358951924336064598e-01 -8.023094243074102572e-01 -1.044214900446589267e+00 1.672256047545688462e+00 -7.889951605670961765e-01 -4.054308794405743210e-01 5.355831494557317107e-01 4.813950281825099542e-02 -6.636627309997282786e-01 9.426209474834975621e-01 1.911290821768199255e-01 5.584516768374188089e-01 1.017202196979691831e+00 7.882067604174506359e-01 1.242138601666487041e+00
-4.629909084088322802e-01 -7.661623882576673594e-01 -5.383113640211615314e-01 -9.874360584772968741e-01 -1.251179588893779338e+00 2.183620215372335860e+00 -6.883446106324946356e-01 -3.711395831162846437e-01 8.234027697630735831e-01 3.679254761058620704e-01 -9.341400752710393718e-01 8.853029099655328471e-01 -2.940251134325202464e-01 4.277217711610452056e-01 1.164647461226717695e+00 8.920612322090449853e-01 9.902711556644760993e-01
-4.303298327152721980e-01 -8.452110910996315507e-01 -3.687696998907977752e-01 -1.030449884886114553e+00 -1.192286263219037412e+00 2.401187267641991863e+00 -5.412070842883556221e-01 -1.623401790795185040e-01 1.257969818766495385e+00 6.814709120633841710e-01 -1.118453804675171526e+00 3.683823721024890308e-01 -8.487173746675350516e-01 9.655959869021343844e-02 9.381806971010694385e-01 7.471274978426812874e-01 9.793850997311437379e-01
-3.060252013079028943e-01 -6.484105803234498921e-01 -2.708277297780270487e-01 -8.672410577284761501e-01 -9.081537091919560378e-01 2.326709133420381104e+00 -3.039448862060759593e-01 1.819053760220509519e-01 1.632923076143820484e+00 9.305373198161550619e-01 -1.168874545366861639e+00 -4.019020018906708791e-01 -1.243725832711911394e+00 -3.626755137177001820e-01 3.504041628574133815e-01 4.081989063088224956e-01 7.757801715399774700e-01
8.142359116836833666e-02 -7.503121617724340942e-01 -1.293266108139326243e-01 -5.431952061918110530e-01 -6.373256379079090816e-01 1.849589491091459204e+00 1.595396385312037590e-01 4.728251529685451038e-01 1.557631794139310966e+00 1.184366636006130014e+00 -9.137779655066892159e-01 -1.111939142282543092e+00 -1.010636164347242794e+00 -6.209842872418634974e-01 -3.533520876431222590e-01 -6.474945906187037914e-02 1.689900984994189004e-01
5.799602602495536052e-01 -1.089652427312352900e+00 4.229128613375153500e-02 -2.151032856592596521e-01 -4.359749833821756626e-01 8.712243629072615736e-01 7.810657470381615619e-01 6.326855043196812911e-01 1.043672858516693669e+00 1.292126254627448345e+00 -3.252572640349003508e-01 -1.558372385919337022e+00 -3.326407558938470621e-01 -5.937224688930653471e-01 -8.697884064979085617e-01 -4.629168920422576106e-01 -6.880919138965766457e-01
8.164312611682206233e-01 -1.135409075113419153e+00 1.491062636749850845e-01 5.637033231069558253e-02 -1.738571464932312238e-01 -3.120360408357715221e-01 1.202502823360584783e+00 7.393921937884621043e-01 4.367842476308795852e-01 1.121317221066404413e+00 3.480282909105736344e-01 -1.729875494396202251e+00 8.749003472456808039e-02 -5.609285598684495833e-01 -1.074498908612761872e+00 -6.082847695750184247e-01 -1.443718655118950700e+00
7.142860607646909221e-01 -7.554567738495326923e-01 1.625066861202346113e-01 3.389174338178381207e-01 2.566218213349244492e-01 -1.253287490458073528e+00 1.242448128073032398e+00 8.813494972369848579e-01 1.026396739483246695e-01 6.991734979871168099e-01 7.420425520486725324e-01 -1.868618055275005796e+00 -4.918582785336025887e-02 -6.159764847355533313e-01 -1.156584286117991800e+00 -4.968738606327634533e-01 -1.736171695865228237e+00
4.030933740861765702e-01 -1.961516608094038550e-01 5.701752553668515411e-02 6.644274878916420768e-01 7.963292880791100758e-01 -1.774814899317741501e+00 1.058012915538700360e+00 1.018880635678129920e+00 1.764786958902385960e-01 5.562300401603600952e-02 6.465756126480458610e-01 -1.958770263110156229e+00 -6.139197734807233520e-01 -6.059569447678779808e-01 -1.182623086800764334e+00 -2.257536660304328702e-01 -1.665037454798643513e+00
-9.260745174708827354e-02 3.091188380297554272e-01 -1.174270606593883631e-01 9.490882645296456754e-01 1.310612172636872907e+00 -2.019641329829435783e+00 8.557309397062524692e-01 1.141088076286365549e+00 5.370470612933950783e-01 -6.754878401711705838e-01 1.751054136248416659e-01 -1.928944313761842722e+00 -1.341657605502806661e+00 -6.107668575716999060e-01 -1.088394510661215842e+00 5.058633358795330132e-02 -1.354931726391154001e+00
-5.563673337425790733e-01 6.107078721647014596e-01 -2.699164733621312595e-01 1.145419590606861160e+00 1.760316931100507798e+00 -2.127128385675230771e+00 7.697289368883029059e-01 1.303075403741792870e+00 9.794853757561819974e-01 -1.299073734301270822e+00 -4.417422315379413433e-01 -1.954785044277602246e+00 -1.930073250620797154e+00 -7.538999954655674074e-01 -1.012927873256597611e+00 2.037991412935573066e-01 -9.389550476715277094e-01
-7.380301884495444886e-01 6.079537597547539640e-01 -2.779410658806406031e-01 1.288143255707997259e+00 2.073239020882138295e+00 -2.001628574078819334e+00 7.315783843628396177e-01 1.354808691571963930e+00 1.240563271917157984e+00 -1.685480484649328092e+00 -9.011998394503327736e-01 -1.995205930705761244e+00 -2.076575343788394257e+00 -8.226032378344240170e-01 -9.685510594280983820e-01 1.883625847430049349e-01 -8.856146602819917613e-01
-7.882559219521924065e-01 3.041357435564425171e-01 -6.163124849246355563e-02 1.332236264435416428e+00 2.121384506524357949e+00 -1.686386543880717070e+00 6.247689658218982256e-01 1.156393176719029192e+00 1.168170472721508979e+00 -1.787678781062859823e+00 -9.486151177604417173e-01 -1.790948281087101579e+00 -1.748343138736884406e+00 -5.921523607703956804e-01 -8.315154043095760450e-01 1.204091302901418997e-01 -1.265491853670779543e+00
-9.241995433850836994e-01 -1.631118930453685778e-01 2.434895792733829667e-01 1.277505754763467838e+00 1.936549893238410869e+00 -1.456298346337218996e+00 5.025228562429876478e-01 8.693887384636483917e-01 8.314172099736047983e-01 -1.766449447878685852e+00 -6.866930645870620298e-01 -1.348088167896048573e+00 -1.246062568971725293e+00 -7.883636078152091164e-02 -7.034326136243269634e-01 1.656382905494323265e-01 -1.642598742553917468e+00
-1.115406243097254668e+00 -5.151554771902262519e-01 5.285197205181203506e-01 1.196716137617458209e+00 1.659016127163644994e+00 -1.422350953614893054e+00 4.799414378344373788e-01 6.947765508882646213e-01 3.512939552534887211e-01 -1.811332080608922368e+00 -4.491580277267331889e-01 -9.082987854416182394e-01 -8.641401591473305555e-01 4.881427880524483176e-01 -6.407883675810662760e-01 3.143821862575585935e-01 -1.711867878975398938e+00
-1.272480724170939270e+00 -4.131264468947684065e-01 7.642462291498712812e-01 1.037944993386195947e+00 1.361170883537972998e+00 -1.489762036813701673e+00 5.703461042487274479e-01 6.932709697013150763e-01 -1.496417236140702711e-01 -1.735438744834416847e+00 -4.469513296179192241e-01 -6.271754812168350846e-01 -7.218378936180233074e-01 7.652855755614416111e-01 -5.847663837294788669e-01 5.139726130848549790e-01 -1.431003073565331629e+00
-1.381409267475806057e+00 -8.314825450769076920e-02 9.822016131575395104e-01 7.340215659583659846e-01 9.897999764700311509e-01 -1.486556089842004491e+00 6.349031000036384764e-01 7.785101194814789682e-01 -5.673541438538270976e-01 -1.234821292112969315e+00 -5.322620246769846908e-01 -3.851241571969922228e-01 -7.213155489576713597e-01 6.884592976468785208e-01 -4.403612900415130871e-01 6.694642581483271071e-01 -1.095451794471825613e+00
-1.268617798850663059e+00 -1.618507227079560643e-02 1.186256433166695601e+00 3.415762143374230786e-01 4.767558870783965008e-01 -1.345402788420569706e+00 5.615140355013692464e-01 7.425574314057933334e-01 -9.672485455212724847e-01 -5.383087115448050852e-01 -4.317551973418488065e-01 -1.970465932563349523e-02 -5.761724719550718188e-01 4.998350942743812197e-01 -1.074252947406786028e-02 6.832753207219151026e-01 -9.718625563410447921e-01
-8.028771414732747136e-01 -7.167446269117919155e-02 1.342241847139921784e+00 -6.924504467428407861e-02 -6.242789301447393413e-02 -1.188111375614967491e+00 4.424716766992929373e-01 5.734338488298830194e-01 -1.386978606641103173e+00 -1.404138684010843539e-02 -1.132080777859795495e-01 4.059905347064699521e-01 -1.779132353613146478e-01 2.761823845507901387e-01 6.052868664669767140e-01 5.082902605672551255e-01 -1.042503860356523759e+00
-2.647534074865591780e-01 1.057910089679066079e-01 1.529830164806777582e+00 -4.476039574043310099e-01 -4.352279788143224026e-01 -1.053573956621802088e+00 4.220623915300212858e-01 4.813617967997366742e-01 -1.616099789585844659e+00 3.463831455234583356e-01 3.323207594830490663e-01 7.281000304765538056e-01 2.009610940194417050e-01 -9.977890542404900184e-03 9.947265148517996369e-01 8.107071301285223575e-02 -1.342299938310249185e+00
8.422903504982590106e-02 5.118665740602645897e-01 1.562891469065272432e+00 -6.475972357275254776e-01 -5.248063754199276953e-01 -8.887875293277139876e-01 4.910339910570923894e-01 5.326821509789833042e-01 -1.463608367644852137e+00 5.139798499159652367e-01 8.069416214697266998e-01 7.611518778387135198e-01 2.771444953558842572e-01 -2.211580802366073795e-01 8.819839600010912495e-01 -5.313032030648792148e-01 -1.641885559733440747e+00
1.668852692437402252e-01 8.954337024658611810e-01 1.284675294595762240e+00 -5.814971543684301913e-01 -3.891810115097722456e-01 -7.751000454858734123e-01 6.033217323815277533e-01 6.200177668166452216e-01 -1.090539243421230875e+00 4.168313025049524279e-01 1.192451679157302324e+00 5.308397108651631280e-01 7.737062671744104891e-02 -2.265055182749705076e-01 4.246538130311310333e-01 -1.072668839963675014e+00 -1.505522336495834779e+00
-5.151659247673632397e-02 1.127083924128429171e+00 7.848267209234180974e-01 -3.536860257903037819e-01 -1.850196927951234527e-01 -7.918918115636471855e-01 7.727814891092439353e-01 6.457717094062935814e-01 -7.650981284437895491e-01 1.647118344227599118e-01 1.385938846763692167e+00 2.428781753361691498e-01 -1.460829220483648716e-01 -3.394783387868417768e-02 -2.531216477075373325e-02 -1.332677993032777897e+00 -8.637110487216645982e-01
-3.132715948798163730e-01 1.291880714813596676e+00 3.317843842946903692e-03 -4.191366546149930677e-02 7.122262591997499670e-02 -8.439333233068438966e-01 8.428065356893461590e-01 5.473138137141974058e-01 -4.386269405313418801e-01 -1.855834602883872086e-01 1.380672666863467679e+00 -3.481999986620453597e-02 -2.314675809445764232e-01 2.828114133234332361e-01 -3.998881082739625392e-01 -1.354612163655411594e+00 -6.163486211919337598e-02
-2.723601317935334665e-01 1.454095639757064351e+00 -9.692629420245166827e-01 3.402747431399888445e-01 3.602441650958502217e-01 -7.589173260712952507e-01 7.000426337816816336e-01 2.691924653959593683e-01 -2.677859316267977574e-02 -5.289034357211092052e-01 1.249541039570158052e+00 -4.143039848935551883e-01 -3.517939950848534419e-02 6.059750622392225949e-01 -7.728521697954466863e-01 -1.318798593089759663e+00 5.040710244256993988e-01
1.864044320438959859e-02 1.444152461455905589e+00 -1.719157227621165296e+00 6.737180629819399247e-01 5.618425046498407571e-01 -4.864891724873972034e-01 5.230565586536497502e-01 -1.505502709544854489e-01 3.247217057891488845e-01 -7.331863402595365509e-01 1.032168821350680110e+00 -8.090587645593204646e-01 4.703598731433163982e-01 8.384651901170722121e-01 -1.040302512085731657e+00 -1.372209098138233108e+00 8.451698925995732026e-01
3.763797386026590530e-01 1.047576124798069275e+00 -1.932748223387089848e+00 8.039766330154171081e-01 5.902487141523927727e-01 -1.386016948862822673e-01 3.504264025144597783e-01 -5.513087310011229869e-01 5.375766350651068892e-01 -7.044222221596192490e-01 7.632430674356620592e-01 -9.721050715210751703e-01 1.025112293440226363e+00 9.226558628339465162e-01 -1.085164773822740125e+00 -1.551377957988612888e+00 1.217133921376879258e+00
8.762498431256822151e-01 3.966996966946913505e-01 -1.667083415049035233e+00 7.207707371143452502e-01 4.969078416124736441e-01 1.278741177305719456e-01 9.711333989305072356e-02 -7.607006567224487981e-01 6.374530969700926697e-01 -3.996212296119360241e-01 5.239168434483376657e-01 -9.358609625849608760e-01 1.552441811960044049e+00 7.849364066644951565e-01 -1.039415539055035032e+00 -1.808418049179125742e+00 1.493559406076203633e+00
1.472757361868338499e+00 -2.298873249807207864e-01 -1.144337120273207775e+00 5.068916483472827306e-01 3.602004006124610025e-01 2.501598535472405183e-01 -8.861914110283890256e-02 -7.635386861850115281e-01 4.913987540738661841e-01 -8.061738392733905356e-02 4.638962304278367865e-01 -7.153529410475503170e-01 2.096838546760470212e+00 5.178079729389206687e-01 -9.853637194931379462e-01 -2.046266749209065594e+00 1.400933177102431593e+00
1.823268097955447198e+00 -6.349561849531155655e-01 -6.634941946827864756e-01 2.815713509301944195e-01 2.169456963724184229e-01 2.612243757023314794e-01 -1.723866050860464183e-01 -6.793372324804954898e-01 1.117302566378411827e-01 5.968102254455286831e-02 5.963313455943689556e-01 -3.079179532259267438e-01 2.438645186739212267e+00 3.107877253165244880e-01 -8.925510092430420928e-01 -2.075245828152936678e+00 1.086922343703747851e+00
1.751349488763057405e+00 -7.023096413991607445e-01 -4.505784160929620086e-01 8.984755599515807656e-02 1.173255102061600275e-01 1.461043810035800861e-01 -1.850517298269940270e-01 -5.385250658880760266e-01 -1.669322219467047064e-01 5.657995278397942585e-02 7.551744821824708520e-01 1.278343143877210264e-01 2.368528438353814991e+00 1.283884249560145463e-01 -8.761635379822597658e-01 -1.824129288102001478e+00 8.374860698221863187e-01
1.452269427400495472e+00 -5.442758540425549629e-01 -3.897267714363017443e-01 -1.596878622630978073e-01 5.579580464032291021e-02 -5.470472571717338583e-02 -9.288918294539751097e-02 -2.910079662017129309e-01 -1.885197484103038057e-01 1.768002229189605951e-02 8.713252080293053536e-01 4.526003269633162573e-01 1.997408770280864942e+00 -1.011388614547721609e-01 -9.605591725427057304e-01 -1.438349416927164670e+00 5.639654389356641984e-01
1.101319192294853755e+00 -3.768027982388554298e-01 -2.288972388545425507e-01 -5.223374204800081966e-01 -4.565901158968809631e-02 -1.938269740506622651e-01 -8.788374095753226367e-02 6.014125702828837516e-02 -1.330701444362352437e-01 2.558107659508643272e-02 9.797294105217597693e-01 6.434804728776707394e-01 1.507152593398822793e+00 -3.276737217429965821e-01 -9.835374907813325684e-01 -9.741140047556888781e-01 1.577214004346077780e-01
6.906290085208149909e-01 -3.972421218221144912e-01 1.589185493020815743e-01 -9.798505489697854065e-01 -2.419445680394310960e-01 -1.214635570672215337e-01 -1.919958021214211719e-01 4.254552243133453149e-01 -1.030090206359132593e-01 1.021529943365359488e-01 1.024193469623025488e+00 8.342299045774655974e-01 9.498411524867268474e-01 -5.689950986669244370e-01 -8.681146400528502172e-01 -4.473294508205698516e-01 -1.621377216587517600e-01
3.755689429817551384e-01 -5.297231418874400743e-01 6.116152246671495707e-01 -1.436684791108860715e+00 -4.650478979922541001e-01 2.738832791003122935e-01 -3.710954465854595652e-01 7.381541876299356764e-01 8.864578093494249189e-02 3.518362123117724782e-01 8.323931131604178635e-01 1.008545323173925423e+00 3.326263593125164397e-01 -8.691223081064393119e-01 -7.610246258761531601e-01 6.964424892042925253e-02 -3.791245035785249518e-01
2.604592271911450041e-01 -5.108846245683176246e-01 9.559725004732363418e-01 -1.805853071313868963e+00 -6.577355228352687044e-01 8.499547473484166948e-01 -6.843640789568484761e-01 9.828879084158536061e-01 4.597960450241895813e-01 6.549068681486995835e-01 4.071857150622340549e-01 1.073133542511000682e+00 -2.629711047122468837e-01 -1.167238950252930119e+00 -6.474111072733160777e-01 5.525761191990682386e-01 -6.165098551131413807e-01
1.894634894606894437e-01 -3.679884808241663530e-01 1.269248970883362082e+00 -2.076827520557182893e+00 -8.077062991723082952e-01 1.301733952674961836e+00 -9.849330977253387687e-01 1.122836431815130043e+00 7.521660390424729226e-01 8.625636350717731382e-01 -7.748070185243827179e-02 1.033517402226101556e+00 -7.212811525350015796e-01 -1.423821242934114606e+00 -3.731326844418038080e-01 1.028741993712700475e+00 -7.491208127955396590e-01
6.751284172997748523e-02 -2.502418201830390321e-01 1.590867121444192067e+00 -2.195183793948938256e+00 -8.457871744159189964e-01 1.480499556163717312e+00 -1.139626343192901681e+00 1.209205335319354591e+00 9.332174141243494425e-01 9.922654768833469863e-01 -5.182128104687651060e-01 7.928086360102982733e-01 -1.048842308355279140e+00 -1.629807042759253033e+00 -1.153124157876710409e-01 1.434249928334543789e+00 -8.097838959589997998e-01
-8.063793114346247404e-02 -1.720157624208637492e-01 1.815766306742481406e+00 -2.109773954020328190e+00 -7.137289073806741824e-01 1.380690927589753425e+00 -1.229764733483150296e+00 1.315495355061580662e+00 1.150248057336014762e+00 1.052330453354759277e+00 -8.390532550251683652e-01 2.993458134196663734e-01 -1.296227817987444242e+00 -1.731752770628554483e+00 -2.659597167254397140e-02 1.608086125172795589e+00 -1.005390611650116117e+00
-1.969008922279266993e-01 -6.315207878769449334e-02 1.856558469053384730e+00 -1.939173704244664842e+00 -5.300957698633643744e-01 1.111200223838125112e+00 -1.374753680077162477e+00 1.373237650600578341e+00 1.307592853805521704e+00 1.070831804862227399e+00 -9.504622115476704103e-01 -1.346305721952366918e-01 -1.492007085415970380e+00 -1.633002475112131924e+00 6.101390518405454960e-02 1.567579429411897207e+00 -1.221574289596750518e+00
-2.226665908997280119e-01 -7.832425295702925838e-02 1.690273943521772626e+00 -1.850938045702595680e+00 -5.025291570647547612e-01 8.865627584098048075e-01 -1.515222793884569708e+00 1.283564813219636003e+00 1.232137221630816404e+00 9.402849683589941110e-01 -8.141265463254993007e-01 -8.715566422076766184e-02 -1.603089823307841444e+00 -1.209302866593437109e+00 3.269059866783924906e-01 1.359861932724699685e+00 -1.319667917414826475e+00
-1.133170613129980825e-01 -3.428468441327711114e-01 1.395026589421296537e+00 -1.816889612982992341e+00 -6.850096755493557676e-01 8.124671332427624293e-01 -1.505378496926973231e+00 1.044622430458806317e+00 9.887026500810667251e-01 7.871959375061441389e-01 -5.203643397249154701e-01 3.767172121723088019e-01 -1.559635347087395374e+00 -6.424709755230726405e-01 7.391229028744891183e-01 9.261550559885306511e-01 -1.357764820045102905e+00
6.606035054104704429e-02 -6.874862472154608106e-01 1.154537857533228351e+00 -1.677649174039099966e+00 -9.217656836461933789e-01 8.306148246885413089e-01 -1.331997852261861848e+00 7.688184822622535775e-01 6.864178293686366006e-01 8.267545351697781486e-01 -2.079522830841674941e-01 8.011933056754558802e-01 -1.407232434022877454e+00 -2.578523265279221710e-01 1.079993546492344692e+00 3.158104903424979737e-01 -1.230763680732408050e+00
1.554400007071796985e-01 -1.043068479148280936e+00 1.045104812089709290e+00 -1.345387393767309092e+00 -9.717233389207280414e-01 8.205116222994262021e-01 -9.973795683194086603e-01 5.507973092875203536e-01 3.801427977223551524e-01 8.971285644469704224e-01 -1.010672771632973102e-02 9.671940964170292476e-01 -1.164386492230075509e+00 -1.307253352148864400e-01 1.138073449925819158e+00 -3.337078033851491043e-01 -7.804560523535152283e-01
1.648597614178408666e-01 -1.319093780053333331e+00 1.099948420519365477e+00 -8.403940579895404772e-01 -7.660239254189727953e-01 6.837934768167701627e-01 -5.139018800746416593e-01 3.436516095729126308e-01 2.592346929314524873e-02 8.662326674642274460e-01 3.773314421559442744e-02 9.743645394681356153e-01 -7.914026293163751724e-01 -1.627892082323888212e-01 9.444372291851372836e-01 -9.050635862667854026e-01 -2.346932892291243300e-01
1.653005412458721513e-01 -1.431190250086701754e+00 1.213928757771300937e+00 -2.203981202487537427e-01 -3.894712371274002272e-01 4.419693935120013184e-01 -8.074389467247113095e-02 1.075893657773933504e-01 -3.926844123527534203e-01 7.565291881756966985e-01 -8.128983128973204728e-03 8.084069118851280322e-01 -3.096529585268250062e-01 -1.644891359764459882e-01 6.470316948369437826e-01 -1.253017189533321751e+00 1.180535882566580014e-01
1.562980201466243613e-01 -1.443596774722027076e+00 1.177119114831014279e+00 4.074105425119685098e-01 -4.201093890058003877e-02 1.659176400359701209e-01 2.639617799811267984e-01 -1.630730140882515888e-01 -7.070472221230162946e-01 5.614201928968334254e-01 -9.215827478175284138e-02 4.867081162163012786e-01 2.336075835825916769e-01 -3.010023974059057583e-02 3.200129038272741533e-01 -1.266479242207999789e+00 2.845418862372868785e-01
7.404606705219649032e-02 -1.277056973534316242e+00 1.007798285427929930e+00 9.563353887187874269e-01 1.119823321343849237e-01 -5.489497744437583926e-02 4.984395310974730209e-01 -4.964683151345655188e-01 -8.359640581614971033e-01 3.483111730188264143e-01 -1.135146847080650834e-01 1.749407104542201608e-01 6.312727781967478746e-01 1.920469902075476465e-01 9.016140668159734750e-02 -1.020968329592629065e+00 2.853251584158142951e-01
-1.770289398253091229e-01 -8.261675345508476820e-01 6.723642888894426628e-01 1.420997410867085309e+00 1.334953331865961768e-01 -1.938674658951681506e-01 5.584764306073404239e-01 -8.538395567271114261e-01 -8.203771722504165087e-01 2.778101404405567965e-01 -5.200256669392334247e-02 -1.674033056318122714e-01 7.531416059006654784e-01 4.437628780470144751e-01 -1.291772302392756380e-02 -6.641875994054402543e-01 2.835426706020831578e-01
-4.208694366130043552e-01 -1.554015444450873584e-01 7.213453317511744900e-02 1.821386847456498481e+00 1.177061548025730708e-01 -3.325820316154011191e-01 5.706596589023914534e-01 -1.167962596194405789e+00 -6.232082658409331399e-01 3.387292062448556407e-01 -4.176460990926701006e-02 -5.701779287085616543e-01 6.982792082029594116e-01 6.974874560965581560e-01 -1.900299551796042485e-01 -2.035843467724227362e-01 4.091211716881816840e-01
-3.729817499361888222e-01 6.419799665536946032e-01 -6.728237782255608312e-01 2.132733959829045567e+00 1.147023927899636087e-01 -4.868994457768326956e-01 4.983696517085136057e-01 -1.396834161785069917e+00 -2.492586849491001122e-01 4.779184701416512304e-01 -1.611382692091700986e-01 -9.037227360902386764e-01 5.456225885718503088e-01 9.293176748770104467e-01 -5.261281696835764521e-01 2.971801967773272657e-01 4.938034203447098092e-01
-5.165950026018036739e-02 1.362747822328059577e+00 -1.332856930825387698e+00 2.245664588979892962e+00 1.443587868340407143e-01 -6.160066916612397803e-01 2.685383305281379140e-01 -1.506552795007321643e+00 8.086638985073214825e-02 7.882819606838201709e-01 -3.144611696398560419e-01 -1.141466414076792057e+00 3.914215820489868047e-01 1.032321170045078285e+00 -8.700527825477937238e-01 6.054053608170137935e-01 6.006761936775738553e-01
1.784809490975163282e-01 1.823949000213195504e+00 -1.641256153113421989e+00 2.119241756733162063e+00 2.173619268258834003e-01 -7.549078360501496610e-01 4.507565599846946602e-02 -1.430135789746391328e+00 2.355756347427632180e-01 1.064039587473372350e+00 -4.515968318776832358e-01 -1.265355056091201247e+00 2.031317760907528081e-01 8.760729907728413979e-01 -1.087692350515820250e+00 6.611551448220628346e-01 8.362418850797119774e-01
9.976136321344306057e-02 2.139586589070249456e+00 -1.593447403052591138e+00 1.852244280495515483e+00 3.705400857032336570e-01 -9.129281685942388647e-01 -5.410636130746632882e-02 -1.136808537123295215e+00 3.035777586537484751e-01 9.256728904147876191e-01 -6.337620147609053234e-01 -1.174784875983322596e+00 -6.907575056420529880e-02 6.136469874909012967e-01 -1.199950755600343477e+00 5.752840490116274408e-01 9.979776472007598764e-01
-6.119444259335894698e-02 2.281474021531034957e+00 -1.483688267278683526e+00 1.636507745873081898e+00 6.590350284494042032e-01 -9.350015991074639432e-01 -2.350083407552311654e-01 -7.796299538263810058e-01 3.170675591017927952e-01 3.586003449956925992e-01 -8.845283592620108992e-01 -9.216960503857303255e-01 -2.359823124933988492e-01 4.595310409528167161e-01 -1.310496014527856357e+00 4.796621921413981027e-01 1.095340015612731310e+00
-1.302291446262625052e-01 2.001432797433571054e+00 -1.382310707307339737e+00 1.585934311198425872e+00 1.051556235000828954e+00 -7.317637181948885017e-01 -5.954480314205062852e-01 -5.317248950104491723e-01 2.447796867304168622e-01 -3.432010935686548581e-01 -1.140368451339971001e+00 -6.464707295276024279e-01 -1.772127906833460831e-01 3.496719574802362729e-01 -1.390256948577760943e+00 4.948146581074761019e-01 1.222465659064375876e+00
-9.848384825398384668e-02 1.457471826690802885e+00 -1.238882755738013319e+00 1.557219917759434136e+00 1.380922783453412350e+00 -4.104723780575561531e-01 -8.102833527697981264e-01 -3.696192282014175157e-01 1.190472734221136170e-01 -8.917841062757960735e-01 -1.345357108426465720e+00 -3.733171823033892833e-01 -1.282710473721747433e-03 1.786008746414022852e-01 -1.342445167553030005e+00 5.226229476269720342e-01 1.301478893237170142e+00
8.339492231314352133e-02 1.070197602350993149e+00 -1.141409665363023462e+00 1.392456796505808558e+00 1.508789846685285374e+00 -7.614590726095095408e-02 -7.950670047047533329e-01 -2.490314378080648317e-01 -2.905539355955359324e-02 -1.229366710588531086e+00 -1.445302860848731941e+00 -4.423808251808099973e-02 2.185289138713715495e-01 -2.390255712568903346e-02 -1.182825941900190747e+00 4.040907741210792992e-01 1.334872316989712315e+00
3.735120923222667311e-01 9.020857146509745350e-01 -1.141708713476628612e+00 1.127876026968818168e+00 1.409286314927961747e+00 2.137926082420106011e-01 -7.460511544342189882e-01 -2.136571511518508548e-01 -1.620740376573751029e-01 -1.331771105510032971e+00 -1.393007808945399661e+00 3.057349456007446009e-01 4.637212376269582714e-01 -2.424905936972226450e-01 -9.438248246131202279e-01 1.634034064489120197e-01 1.289944370207067870e+00
5.205138845639939449e-01 7.379499053718240331e-01 -1.076482474614265605e+00 8.401021670091642912e-01 1.185934819980021038e+00 3.415783612175999906e-01 -5.417447477636671005e-01 -2.297054584656418319e-01 -2.624100967231595138e-01 -1.172995429887220720e+00 -1.188069408431881469e+00 4.989162469672500655e-01 5.063731118312148061e-01 -4.276801920159998271e-01 -6.054130498034359098e-01 -9.422608861892776966e-02 1.176738647774414170e+00
2.235498205495368151e-01 6.565489782848393796e-01 -9.042332429117252435e-01 6.176610226309587892e-01 9.971021061722182832e-01 2.259098621489491199e-01 -3.060004084251802814e-01 -1.630023064960765267e-01 -3.414440835346492231e-01 -1.009651338144163857e+00 -8.887034257717234542e-01 5.396875634666991051e-01 1.187774125146545401e-01 -3.954754888065596941e-01 -2.058905858772321074e-01 -1.603279032353351896e-01 1.028338214499360026e+00
