1.006692956089375146e+00 -5.571052583979320127e-01 1.349548933588655908e+00 -1.644400491231741424e-01 -1.053229036994715928e+00 1.531278132470448083e+00 -7.506289209182054334e-01 -1.889050083571682137e+00 -1.991683725696486329e+00 6.614597789044908138e-01 2.043446026582288688e+00 1.627695967725257598e+00 1.449720587035062680e+00 -1.137838865620860451e-01 1.463152514466604659e+00 -1.068215408945796030e+00 1.591837604423794739e-01
8.716883565323020333e-01 -5.108534829281947687e-01 1.797961692112998389e+00 -2.480813874954659048e-01 -9.456942194175297356e-01 1.476571272099090448e+00 -4.806616262603539136e-01 -1.593542223620674436e+00 -2.181944698443416986e+00 6.654054853736328656e-01 2.012432244911323220e+00 1.622315733558676643e+00 1.343170478734504680e+00 -5.436340838106429318e-01 1.233104998997786472e+00 -1.189748718852110532e+00 1.089131037211790165e-01
8.596776221058870515e-01 -2.275819843835963641e-01 2.246773607125674310e+00 -3.042057719498642010e-01 -8.141350250179755221e-01 9.491473233856208003e-01 1.321901595279895980e-01 -8.397121767865922681e-01 -2.227255930610732459e+00 7.437447170156548104e-01 1.706016646562566574e+00 1.053548046826463525e+00 1.229967827869331121e+00 -1.158508515813944317e+00 5.913588877443136660e-01 -1.184995817802323215e+00 -1.010059910787168280e-01
8.705450615847326601e-01 6.671770064705943026e-01 2.464872398214232430e+00 -1.769199643093086471e-01 -5.376426631145990731e-01 -2.953020075105792369e-02 7.593511377172860177e-01 3.459292848494612688e-02 -1.960754811235325246e+00 8.654050934455519428e-01 1.216135236153382371e+00 -9.054144546965364748e-02 1.021160699011514073e+00 -1.776589473003522324e+00 -2.244685841717131147e-01 -9.950618553350605300e-01 -2.028803477757777640e-01
8.292286309628827956e-01 1.748324491458182806e+00 2.475082111749459912e+00 1.178111824488664305e-01 -1.155221294053285774e-01 -1.127331066203642651e+00 1.166267249124928629e+00 6.894362612452097361e-01 -1.431010640390569577e+00 9.970314716740679151e-01 6.213311747621885761e-01 -1.537372832156901792e+00 7.107524327316427915e-01 -2.185182955803183003e+00 -8.762985633296794807e-01 -7.276304874190070437e-01 -1.098174112900984351e-01
6.186965000377395718e-01 2.330180503870349806e+00 2.243075212312037436e+00 4.400767924597215330e-01 3.398029928182219050e-01 -1.933108837460617568e+00 1.352955985781339798e+00 9.528259237050644703e-01 -8.955709543922386606e-01 9.738509332817307795e-01 1.346418062934583992e-01 -2.656865682036753551e+00 4.554784467761969768e-01 -2.259983210800680098e+00 -1.164455762300171449e+00 -4.778471948866268582e-01 1.223475897587278510e-01
5.939107843251469065e-02 2.364079516400745096e+00 1.795372710597973542e+00 6.141056082766991331e-01 6.675608617139311418e-01 -2.271625909392659626e+00 1.342446600456150163e+00 8.440843840711907964e-01 -6.921011284486106030e-01 7.080524516385299227e-01 -5.515634473646684882e-02 -3.010854514684246919e+00 4.323601998883356834e-01 -1.876041482048790954e+00 -9.319022397410373637e-01 -1.306687003593688112e-01 3.637653482050157705e-01
-7.168785674707360833e-01 1.975971686514019998e+00 1.254825480489557332e+00 6.143885406297091567e-01 7.260413220682541136e-01 -2.313877300316482533e+00 1.211515673475850985e+00 4.932948781505440694e-01 -8.644348698781787466e-01 4.585241343756258359e-01 -1.105427084158173145e-01 -2.734964560519026922e+00 7.600042688223858089e-01 -8.810878917257493059e-01 -2.699473245337864480e-01 3.108904319035051267e-01 5.771343100937373904e-01
-1.317000731054261520e+00 1.099861777728404988e+00 5.097502838355278953e-01 5.277410791478422958e-01 5.291163261371167881e-01 -2.293325170777602562e+00 1.019010386465751372e+00 6.256614876247738877e-02 -1.148555611144919331e+00 2.899694205954012061e-01 -1.502761957828362416e-01 -2.250780061097609863e+00 1.311973503021595766e+00 5.400030209354786948e-01 5.406134257888138839e-01 8.002285044487275067e-01 8.333202653072964150e-01
-1.347063361310197216e+00 1.702726617744509605e-02 -5.105034383608267889e-01 4.273726028735815863e-01 2.385971185188134058e-01 -2.280501787960219851e+00 7.059001440099700320e-01 -4.175806756673913211e-01 -1.381998103869542360e+00 7.493049445731417291e-02 -1.678421515266594055e-01 -1.695077945078446335e+00 1.813678752859410048e+00 2.005510155773287728e+00 1.303627660982800363e+00 1.323512602429315343e+00 9.904055997455936122e-01
-7.840315350921097659e-01 -7.684508182484528493e-01 -1.589941221557610085e+00 3.727490863824682310e-01 -1.006522053681725010e-02 -2.167553269879435529e+00 2.097660024519865940e-01 -9.979362916564150643e-01 -1.535500939212830263e+00 -2.731955202852521386e-02 -1.611630133256958253e-01 -1.039880774057798885e+00 2.211173464674878186e+00 3.276936445448225488e+00 1.868488889390312213e+00 1.644710282470441820e+00 8.319005530980504437e-01
3.579855913711762344e-02 -1.211963269449064962e+00 -2.502976371241549813e+00 3.254036819172633765e-01 -1.381611595227457689e-01 -1.805644619341742141e+00 -3.600072124725099409e-01 -1.590387162707245894e+00 -1.552332652304701854e+00 3.714989277280780211e-01 -1.254118074566680507e-01 -5.387223405399452769e-01 2.509990474924994164e+00 4.090003060535734924e+00 2.079178652416789674e+00 1.552304446725529807e+00 7.573528381038731050e-01
9.084201379014106292e-01 -1.437665547843301139e+00 -3.176716126273974705e+00 2.560197969309904731e-01 -1.248316265402569097e-01 -1.142113134672490427e+00 -8.217467559430952084e-01 -2.032727344416417115e+00 -1.371892659019406935e+00 1.118709989624447454e+00 -1.184221545574077467e-01 -2.324785709787482724e-01 2.542885210585544176e+00 4.245194023121422688e+00 1.907051579515240292e+00 1.093839909185488457e+00 1.086103068196900612e+00
1.635950859155696380e+00 -1.286144774197748308e+00 -3.571518204200272439e+00 2.400392536587319103e-01 -1.839408233213581795e-02 -2.969690540922710342e-01 -1.161157577279881448e+00 -2.206623532748713590e+00 -9.221777725196713682e-01 1.599209548180727580e+00 -1.933514862785490895e-01 1.323205526822716638e-01 2.111881930438651800e+00 3.862812314310658302e+00 1.456448960602137355e+00 4.151299886276078599e-01 1.419977367794611256e+00
2.010564361931557631e+00 -7.910646466673720845e-01 -3.623128602317637448e+00 2.272267316942972182e-01 1.453047165520681694e-01 5.227319752064889524e-01 -1.401853296110972424e+00 -2.104685691214967402e+00 -2.175235997260455967e-01 1.606305280582244643e+00 -2.871931658790808362e-01 6.603804134878835663e-01 1.288880135235991320e+00 3.174753308979056943e+00 8.914160412046471249e-01 -3.157760129781070346e-01 1.314332779462224154e+00
2.085105341078618668e+00 -3.511552787356705951e-01 -3.386467659868495961e+00 1.989135410634418621e-01 3.584457080620125358e-01 1.135741711277331367e+00 -1.475320479839651755e+00 -1.902736614155083883e+00 4.604062566675519164e-01 1.290787849047615010e+00 -2.661531892727235227e-01 1.237492927886993499e+00 6.319048953966024396e-01 2.388614224229465233e+00 3.536626945080399431e-01 -9.735841922164870654e-01 6.567921643813371402e-01
2.031776844282524586e+00 -2.187500336058412487e-01 -3.062939770372794079e+00 3.562676486210561433e-01 6.610885586400010450e-01 1.417524988069232661e+00 -1.505968671983496820e+00 -1.790237005364725853e+00 8.767561515132584748e-01 9.254887622521246193e-01 -2.219524923476683120e-01 1.707219226908520904e+00 5.099818953961265944e-01 1.791230677308618402e+00 -1.302386016153024850e-01 -1.523742591815283376e+00 -2.672259682573582817e-01
1.867257100682999216e+00 -3.454864621532270363e-01 -2.857770162854697649e+00 7.145809403737425347e-01 1.032847445358257010e+00 1.473608106132746176e+00 -1.612425494109252844e+00 -1.833412222676837677e+00 1.093711483188181788e+00 6.213475316261503067e-01 -2.028423053264961640e-01 1.957148124115642984e+00 6.387781724694490126e-01 1.546653509456735298e+00 -5.298144241468045745e-01 -1.919918809833468076e+00 -7.932702296739623238e-01
1.396409125380140503e+00 -6.326958616130793356e-01 -2.761574482235455541e+00 1.054537014867499733e+00 1.307230516556680655e+00 1.500165997464181888e+00 -1.525343509385181484e+00 -1.884512242304100749e+00 1.179274783529146386e+00 3.401193428908663718e-01 -1.676518546224579909e-01 1.904343766632476287e+00 6.280023081049019851e-01 1.451358627253792610e+00 -6.875492229094742891e-01 -2.114298438063848096e+00 -5.801681305893510165e-01
6.588624085502144956e-01 -9.301086373173315103e-01 -2.497429284345312084e+00 1.264467465372616672e+00 1.431172640086755710e+00 1.443605879733764752e+00 -1.190133766561868089e+00 -1.701741683722855614e+00 1.130039201236176849e+00 8.462484918334887973e-02 -2.561419264667017526e-01 1.586872526082697021e+00 4.011619990013349790e-01 1.270567999781906598e+00 -6.006617186028955224e-01 -2.035481525079798182e+00 -1.987585857369387754e-01
-8.855093921672199664e-02 -1.081870704991784837e+00 -2.016558520807241184e+00 1.453159952316245951e+00 1.562866760054493653e+00 1.115304082179755074e+00 -9.588012653778538175e-01 -1.337428295731652117e+00 9.560942339511050436e-01 -3.544124461968642392e-01 -4.440584121529576045e-01 1.073816654507863788e+00 2.848703620870989828e-01 1.026434568536511049e+00 -4.855755651555400676e-01 -1.589409032456916560e+00 -1.449171116160248296e-01
-8.046080029008138013e-01 -9.851838407223151295e-01 -1.502739276196073614e+00 1.722038309041905579e+00 1.779353551991642801e+00 5.807485376920836773e-01 -9.882232890219481147e-01 -9.748166538371979550e-01 7.384064515229772363e-01 -1.150069729411175912e+00 -5.604485586227848648e-01 4.879714232017973718e-01 4.962062589600823581e-01 8.551950742855742860e-01 -5.075778021970077658e-01 -8.693121505797456461e-01 -4.225849943012852661e-01
-1.548223694977111320e+00 -6.200323349383126681e-01 -1.009760115407076109e+00 1.944553644405210280e+00 2.011149156533396987e+00 4.589457498495176646e-02 -1.138524264405612607e+00 -5.657969186349665058e-01 6.573740436126032094e-01 -2.175496058200915961e+00 -5.079424513437988953e-01 -5.280040718708672171e-03 6.630699988422864566e-01 6.875402336162538264e-01 -6.459389422105832335e-01 -1.349871436250452694e-01 -9.751629930328153950e-01
-2.317448666104034771e+00 -1.539356800953347315e-01 -5.553371481739266535e-01 1.948818886200086586e+00 2.145727415596334176e+00 -4.291980484029042642e-01 -1.301151155223537748e+00 -5.339534824852659040e-02 7.833979283235112945e-01 -3.166911249401767492e+00 -3.610903493501389505e-01 -3.079304631048050411e-01 4.246840469874272883e-01 3.671573146469223059e-01 -7.228991999895125753e-01 4.571338991161124077e-01 -1.313062145193243380e+00
-2.930241102454756330e+00 2.251194400614877356e-01 -1.888265462825506336e-01 1.655283946624585889e+00 2.042574621612060604e+00 -7.303628119658392981e-01 -1.324552488043807319e+00 3.705550540381418179e-01 9.813032577583905569e-01 -3.748931210847932682e+00 -1.579089081978991282e-01 -4.271773264956461036e-01 -7.168459698246566758e-02 9.577919286141208660e-03 -6.209182470568259671e-01 8.595496968382156933e-01 -1.058049144179738610e+00
-3.129600364995956063e+00 4.693747561420120173e-01 -2.353786062014563696e-02 1.121219182272394699e+00 1.734438936083361416e+00 -7.188660061103995247e-01 -1.097907656186609904e+00 5.563656253069879654e-01 1.111899258554215342e+00 -3.888633720569591556e+00 1.550733729648658410e-01 -3.573845859433076311e-01 -4.921511192778731392e-01 -1.820441450642407699e-01 -4.444198078490952386e-01 1.025440408172696438e+00 -4.988282845489522832e-01
-2.830113933469715626e+00 8.342379062125823141e-01 -6.604527905809273736e-02 5.600719928876303211e-01 1.348351582098478829e+00 -4.697312790730103216e-01 -7.811422408522821215e-01 5.515605732837335351e-01 1.157844523313444007e+00 -3.848471995420319036e+00 4.434704831865993180e-01 -1.383793168617632463e-01 -7.545711791699060145e-01 -2.161365701786762683e-01 -3.853544523486635565e-01 1.048376434849445760e+00 9.158389723950603745e-02
-2.107411287741893791e+00 1.283555253207161462e+00 -1.534458486668193178e-01 5.710706243615435579e-02 8.896305955147245648e-01 -2.150148143909772769e-01 -5.443058940316910510e-01 5.384182146274086866e-01 1.290804410454853501e+00 -3.631994856526593818e+00 6.979672620526661264e-01 -3.043217257038973583e-02 -1.072221922379061665e+00 -3.171878407392351717e-01 -4.503499105008532677e-01 1.044102670182014858e+00 5.750061287399328425e-01
-1.231298850752593044e+00 1.457915277054904868e+00 -9.222988336226263517e-02 -5.011834634692581281e-01 3.352306833998772162e-01 -1.239506823433854238e-01 -3.260314021565128839e-01 7.533107524690874079e-01 1.644722432540242529e+00 -3.086392687936063695e+00 9.639359552010717813e-01 -2.440275307056540832e-01 -1.608838900269737193e+00 -6.385646710367014478e-01 -5.681269903123613574e-01 1.000592895762329793e+00 8.506391038906677693e-01
-6.108516888614158313e-01 1.591008864167994918e+00 2.303192090894889965e-01 -1.115556432539795750e+00 -3.093143901426905207e-01 -8.046815231524642731e-02 1.182517267333730165e-01 1.167604478631955045e+00 2.029956743698966726e+00 -2.193168336247049321e+00 1.082838405143081495e+00 -6.529865896371235268e-01 -2.274957920492480135e+00 -1.129650816833885241e+00 -6.651971795510283059e-01 8.782437054967497936e-01 9.458306415197527128e-01
-3.463941656301680605e-01 1.765797252452275590e+00 6.849394179829836338e-01 -1.619004750677567772e+00 -9.680956440149388609e-01 7.645035034041310074e-02 7.387765597423170405e-01 1.515601533849693094e+00 2.222279754767255255e+00 -1.297081056917473552e+00 9.646982238626936601e-01 -1.014476145856407108e+00 -2.668076173907495185e+00 -1.569056042933053563e+00 -6.384633721673556028e-01 7.835146643508784647e-01 8.884557048333417972e-01
-1.995711323493977729e-01 1.616004184425853918e+00 1.081518782280580737e+00 -1.865338323008981058e+00 -1.524126862036122798e+00 2.371813221677767369e-01 1.261794814147581878e+00 1.633155292328613450e+00 2.138777614294782303e+00 -6.728664827361503509e-01 6.450784548323565959e-01 -1.361828518451398962e+00 -2.434639905531119197e+00 -1.734777686710710087e+00 -4.713867680964434759e-01 8.791684198750160384e-01 8.401793307673686151e-01
4.633969252671129441e-02 1.034544867266493862e+00 1.371914390691065133e+00 -1.900303632548376198e+00 -1.903380890915715273e+00 3.063426574450415218e-01 1.549580436685182638e+00 1.584890623644959362e+00 1.818542750124198193e+00 -1.465826323220011107e-01 2.607785298178710298e-01 -1.647882910608528650e+00 -1.886759307497253513e+00 -1.703323552224519588e+00 -2.376863234032196848e-01 1.018012992000272288e+00 8.832980673701151808e-01
5.896668099640278715e-01 1.737262306172891457e-01 1.714010791015987634e+00 -1.910122506405251164e+00 -2.082299609919261218e+00 3.403356703402329875e-01 1.534932916788729562e+00 1.478417349403941206e+00 1.320216723094512767e+00 5.663643151858337443e-01 -7.615420028255112141e-03 -1.581054520144347553e+00 -1.404354355566062917e+00 -1.706952011632768107e+00 -9.182478963800529137e-02 9.122027392618793362e-01 8.375530324923483594e-01
1.380967050071374880e+00 -5.525937961249367536e-01 2.198863783020696516e+00 -1.832631581684364797e+00 -1.999647824500868198e+00 3.564403081612652069e-01 1.382461628661109554e+00 1.289180710386934825e+00 6.410607096278919670e-01 1.365526618305887840e+00 -1.654778071727093514e-01 -1.196936931643170166e+00 -9.304016387505561481e-01 -1.828354594213592144e+00 -1.351626621911366788e-01 4.672560628658221638e-01 6.250337838383847044e-01
2.097743265210048502e+00 -7.422676890009789474e-01 2.606243487952851989e+00 -1.416656420685359796e+00 -1.535662443087056017e+00 3.925117274895260633e-01 1.109419176387028250e+00 9.510830339666462852e-01 -5.454134700068526825e-02 1.916789006787226857e+00 -3.950413063988517104e-01 -8.205894220214565715e-01 -4.369152699389514671e-01 -1.949281236618170210e+00 -4.051426852037982584e-01 -1.559479117229651268e-01 3.247558310956391026e-01
2.423660168869139930e+00 -5.011281591740129882e-01 2.810315189407419645e+00 -7.105770187761942802e-01 -8.277631753483182253e-01 4.551864387309170201e-01 6.480571099951951686e-01 4.547892979760408405e-01 -6.628160104580894663e-01 2.157557315944754084e+00 -6.305058243194595624e-01 -5.401908767878635942e-01 9.548958738993450213e-02 -1.890994320628223369e+00 -7.716522808441467207e-01 -6.194670575515948130e-01 -4.847938742440301846e-02
2.256820244715680879e+00 -2.982509591116541681e-01 2.795001831168540729e+00 7.115167156908300261e-02 -1.445336196803427287e-01 5.104205534509866915e-01 1.897272899590758122e-01 -1.535905218538015093e-01 -1.164352376428325231e+00 2.096453977984198414e+00 -6.760000521490322489e-01 -8.950539359888814994e-02 6.229656201418729555e-01 -1.516833475791595998e+00 -9.940343077438752450e-01 -8.054540524095213927e-01 -6.000732149829268725e-01
1.807961834692386249e+00 -3.708554464746706136e-01 2.482583043543190815e+00 8.614152585982418620e-01 4.582883269943128224e-01 6.186055245656426615e-01 -2.316166183562143044e-01 -8.090985357235620512e-01 -1.486702119176128045e+00 1.751015043776156244e+00 -7.004041215474207105e-01 5.552719959787413284e-01 1.130159878175498456e+00 -7.643457729269647061e-01 -1.077656081739867933e+00 -8.381050276009994748e-01 -1.038712100876490130e+00
1.273305588045995140e+00 -5.318765817436784671e-01 1.962215222902624845e+00 1.595819826981845768e+00 9.297618797367730448e-01 7.511481844855379952e-01 -5.695096036895128666e-01 -1.424032377198377164e+00 -1.697015694424035326e+00 1.310042561574418896e+00 -9.348430679717742997e-01 9.859431338848889670e-01 1.840777461482655530e+00 2.427105828058441217e-01 -1.082759791243435687e+00 -7.388735307614825443e-01 -9.810844328994033914e-01
7.789659644113808845e-01 -6.808524858754788633e-01 1.473447042739476132e+00 2.121084492418985779e+00 1.197543742548267343e+00 7.802670025104144758e-01 -7.031606195037820584e-01 -1.822131627066799764e+00 -1.755801713835679845e+00 9.352267448537163741e-01 -1.397473880096463228e+00 9.698926959473794795e-01 2.771179806322457306e+00 1.220976649522307778e+00 -1.043140376647886169e+00 -5.532191177930463333e-01 -7.239497361207817283e-01
3.930891022974516424e-01 -7.870730142461346279e-01 1.057805105908597554e+00 2.353390689069036590e+00 1.354324211857619975e+00 6.472457434010181476e-01 -6.967806583780933316e-01 -1.784743038001829651e+00 -1.489616911546746580e+00 5.580665567895909396e-01 -1.970443423835361418e+00 5.532016248339466369e-01 3.516037525712856215e+00 1.870319125638927993e+00 -1.088271475390989007e+00 -4.429119410808886603e-01 -5.386589539495849621e-01
2.614669700112074238e-02 -4.977924691978374283e-01 6.790130757907109071e-01 2.275307105671385166e+00 1.433471076250133702e+00 2.745598426404257109e-01 -6.144708343969258468e-01 -1.254295802786711267e+00 -8.876955666894914554e-01 8.997078549236948997e-02 -2.443638337122794546e+00 -6.335720600565795946e-02 3.649193367318425807e+00 2.050234640688066268e+00 -1.275678122108962143e+00 -4.338709115330962596e-01 -3.102201829320712645e-01
-4.274857209502238020e-01 2.026392239095981818e-01 4.945216653936900797e-01 1.787284075570894748e+00 1.267896849427882611e+00 -3.084989192828433979e-01 -4.010283460363155972e-01 -3.851732566869724428e-01 -2.369914268430562410e-01 -3.906988096167333113e-01 -2.497709624054948119e+00 -5.204749137721252916e-01 3.098252738091871183e+00 1.775455816064036796e+00 -1.435472160108719919e+00 -4.169000270433129707e-01 6.780408065032697551e-02
-7.940453251971677506e-01 8.443977945304589339e-01 4.550568875331840180e-01 8.387918578722567409e-01 8.362139961699081026e-01 -8.903888966629257551e-01 -7.248336320467402283e-02 5.931309964435457216e-01 1.340176868753565620e-01 -7.015320179362665165e-01 -1.947479745727405342e+00 -5.468857922008850680e-01 2.018121660572651077e+00 1.085445056917962114e+00 -1.320598939366020019e+00 -4.495816592506343135e-01 6.515637596662413600e-01
-7.361053604105993742e-01 1.343959353225749886e+00 2.986085565868913383e-01 -3.286737339043593331e-01 2.989871823269774631e-01 -1.295597698127114228e+00 2.081171285298522577e-01 1.389176167464644784e+00 2.998822327659564357e-01 -8.094861414261657062e-01 -1.107969145755408391e+00 -9.358820338047064979e-02 6.527546782450873719e-01 1.220468404113752708e-01 -9.474026510380838539e-01 -6.528819168762690639e-01 1.424503411603573300e+00
-3.214235741329514728e-01 1.882917488937846606e+00 1.437274195360485965e-02 -1.269077979319553906e+00 -1.909806290327666078e-01 -1.435451526796925226e+00 2.668812667054940579e-01 1.686056379982768361e+00 3.583698411396406547e-01 -7.658956270903657382e-01 -2.724139757338903678e-01 6.099072958420265200e-01 -5.386795304864955281e-01 -8.015787657839764657e-01 -4.410464734273019105e-01 -9.579666708096453709e-01 2.100581295263070025e+00
8.592935013859566429e-02 2.296258271396338202e+00 -2.516777290553909308e-01 -1.642425110666648980e+00 -5.286809418331495092e-01 -1.312804154696036285e+00 8.428560442363858263e-02 1.349346461418630350e+00 1.260532045671287904e-01 -4.397753260976305367e-01 5.099926291705876302e-01 1.259471903201616838e+00 -1.031993035074558751e+00 -1.308943932114909892e+00 1.604548272633291028e-01 -1.213471784809870835e+00 2.188889799728502616e+00
2.938049412907685620e-01 2.313551073050508666e+00 -4.119183270121600793e-01 -1.453499986467078342e+00 -7.150258835370998378e-01 -1.001395813320784312e+00 -2.121644193061316686e-01 6.460925169264812862e-01 -3.195869484934668603e-01 5.381007575240811386e-02 1.083243121834747358e+00 1.744480773586684741e+00 -8.453435536142449580e-01 -1.384150208504648649e+00 7.353024320241760003e-01 -1.277994009286478772e+00 1.531822804647518854e+00
3.048709633098615757e-01 1.806676264018673095e+00 -4.588771273730326561e-01 -1.024288803524088687e+00 -7.920857166524150061e-01 -6.485363964636030598e-01 -4.758728004578233195e-01 1.244692366104338810e-01 -5.880453550030156906e-01 4.228772682312134101e-01 1.348729640675382369e+00 2.005700517885228518e+00 -6.195207214406616147e-01 -1.333902462689481094e+00 1.094288642827940361e+00 -1.132067696603658913e+00 4.323537803614210806e-01
5.310775809959594057e-02 9.862553347566545003e-01 -4.860617004905138927e-01 -6.443709611994867803e-01 -7.530381569998758629e-01 -3.456426505315067232e-01 -6.124865833081365452e-01 7.174434839769493200e-02 -4.235143628104494073e-01 5.809008414471527049e-01 1.361388763648093247e+00 1.933393166504033589e+00 -8.960311784627045251e-01 -1.277818439545520768e+00 1.168353304200672627e+00 -8.810589834882414095e-01 -5.312122140136712467e-01
-4.993700251242287336e-01 3.611047106460645306e-01 -6.859193494506944377e-01 -3.682872598305006462e-01 -6.385235571950443889e-01 4.422165694331832951e-03 -5.716640285240389696e-01 2.620876806826444305e-01 1.111101133635109123e-01 5.925972554602696452e-01 1.210944904668392219e+00 1.554255952784721062e+00 -1.527518780643246865e+00 -1.137674014248295062e+00 1.090009413566947361e+00 -6.803098593888744494e-01 -9.019333420625841313e-01
-1.084820275034733772e+00 7.381457457400865396e-02 -1.197751442852795556e+00 -1.913458323767421310e-01 -6.025009395275783275e-01 4.837070411845076356e-01 -4.892745385587291551e-01 3.332052712907359049e-01 7.488735946213023187e-01 4.125950047965810108e-01 9.845283441838045269e-01 1.142078603283430915e+00 -1.942212066108571111e+00 -6.772529662612600809e-01 9.948466822975295942e-01 -5.632816774601305809e-01 -7.063190010416210418e-01
-1.388266667806970611e+00 -6.948324246375185698e-02 -1.843865876709527063e+00 -1.851658636221726328e-01 -8.056574000786960177e-01 1.085690547390538718e+00 -5.473233553128105111e-01 1.689809273371989384e-01 1.247153686677780593e+00 -4.785095790167162577e-02 7.851372547871585672e-01 9.224449903915638016e-01 -1.938173031262710344e+00 1.748685556932772778e-01 9.768150442748728679e-01 -4.372525480482246651e-01 -2.775776295055507742e-02
-1.348478609606050815e+00 -3.184585329797911535e-01 -2.246062414492523196e+00 -3.773418744425842131e-01 -1.281324018444294000e+00 1.735569395430348161e+00 -5.734391481072849128e-01 -1.310329249855307354e-01 1.512561619773509003e+00 -5.274794470988479755e-01 6.871796039306284909e-01 8.825028717646733467e-01 -1.776174210094878969e+00 1.134680465795489868e+00 1.124841262804286313e+00 -3.060621047459475830e-01 7.816472835937990915e-01
-1.143206718843322145e+00 -5.602314298882130617e-01 -2.319737432175187131e+00 -6.213062913009553823e-01 -1.830537843450895874e+00 2.246673045954095116e+00 -2.894055684986656107e-01 -4.084228106955556936e-01 1.564878421836350952e+00 -7.402380933736835145e-01 5.966287092976128026e-01 8.605370745447986636e-01 -1.631313278793708355e+00 1.999852416961175328e+00 1.331550686172136455e+00 -1.998235379038651172e-01 1.095005207557934623e+00
-9.664085753205378104e-01 -5.448097161163732993e-01 -2.230928002489867890e+00 -7.889254894900271653e-01 -2.216195654329714770e+00 2.469634613481960006e+00 2.694723091456563413e-01 -5.725226623182910757e-01 1.377142864378311682e+00 -6.164828728979114825e-01 3.840539996576647908e-01 8.787960475246896497e-01 -1.413208372164439952e+00 2.669268335711495244e+00 1.492716544550666269e+00 -1.486121100115405380e-01 1.020659481267994328e+00
-6.635647672280674536e-01 -6.311356556536291684e-01 -2.010764110431775720e+00 -8.765342238554871823e-01 -2.382393291222242304e+00 2.412593183079856374e+00 8.077565461493233512e-01 -6.598402245091642415e-01 9.649512653937916129e-01 -1.762923999621902882e-01 8.468078328227983398e-02 9.722841016861677454e-01 -9.788113125794432046e-01 3.018038292396767019e+00 1.585960687670607827e+00 -2.047639745993394267e-01 1.084867646172590794e+00
1.094929682037541624e-01 -9.129907807517307905e-01 -1.712890739220608305e+00 -8.817201733641610861e-01 -2.300388848158108068e+00 2.168281202085438064e+00 1.111261409648080400e+00 -7.174910926823300228e-01 5.694067967640070727e-01 4.601877416723480496e-01 -3.122226206392884063e-01 9.160107577675169477e-01 -3.524291737598721497e-01 2.853305332963001817e+00 1.475395193530212756e+00 -4.255403838867911626e-01 1.431034060472420100e+00
1.221452885345762684e+00 -8.662392954968086700e-01 -1.486437956560049178e+00 -8.042121427849781012e-01 -1.886767928493432667e+00 1.808838833938780422e+00 1.193171240821887524e+00 -6.681193267661786894e-01 4.536048246487852098e-01 1.075848411622691181e+00 -7.805344495095724033e-01 6.120324633232879785e-01 1.823212953260289759e-01 2.086489662295064385e+00 1.033038396842819617e+00 -7.724753680286923219e-01 1.648564765312505287e+00
2.265254541297390567e+00 -3.979799346996347187e-01 -1.373969301758911632e+00 -6.643036894660787617e-01 -1.203797818610900849e+00 1.367884963886990324e+00 1.344242065614302373e+00 -4.152072613324123695e-01 6.167594036783713429e-01 1.477911151864820694e+00 -1.095079764137705469e+00 1.680384436915349222e-01 3.379301804602875547e-01 1.011009493297743367e+00 2.406852360127349488e-01 -1.200171465407323890e+00 1.320832805195335524e+00
2.960420715566370209e+00 1.596260577892932575e-01 -1.201521609102799593e+00 -5.238376579296626367e-01 -5.172307520729150232e-01 8.838368583673943402e-01 1.729333189543222016e+00 -3.043470088284801547e-02 8.621996753111115241e-01 1.595175209961644303e+00 -1.097012885875430666e+00 -2.210134039024319041e-01 8.661245479711351947e-02 -9.565492657715096020e-03 -6.463173438791548486e-01 -1.595310256926177450e+00 6.115796397262058814e-01
3.084565165219945726e+00 7.104910926272944849e-01 -8.750582741523984520e-01 -4.294672356653921330e-01 -5.134900243570542783e-02 5.107787005945561010e-01 2.007039311560550487e+00 3.169810610551027641e-01 1.022017743300562609e+00 1.409983403945099134e+00 -7.998275891654667014e-01 -3.811494725279366280e-01 -4.215865956508452750e-01 -7.727366469329693954e-01 -1.232177955728558594e+00 -1.717707656246687531e+00 -1.858893379885637465e-01
2.652833069115160480e+00 1.198185514956728870e+00 -5.284723035456065920e-01 -3.758066387563883670e-01 1.615914810719056849e-01 3.729028514189235421e-01 2.030886272128313852e+00 4.860318679409077469e-01 1.002500804338421814e+00 9.793263465501085285e-01 -3.973114030505828786e-01 -3.043567169619619261e-01 -9.759212269045556276e-01 -1.187204032992445812e+00 -1.358462713316112014e+00 -1.556134627912540314e+00 -7.459752171310796154e-01
1.916378382347564857e+00 1.347764779632115051e+00 -2.262359047323057593e-01 -3.902289817391966231e-01 1.526795047669483318e-01 3.577508734493418663e-01 2.045568375063675060e+00 4.259311121348226536e-01 7.363995588701816031e-01 5.212073199309988913e-01 -4.714850554516614861e-02 5.251578462559330224e-02 -1.259672698250879019e+00 -1.325108337826271576e+00 -1.106341443990234596e+00 -1.282749530916099889e+00 -8.124644132241399808e-01
1.297301714842456821e+00 1.008158324133614947e+00 3.021701439780005716e-02 -5.155517207270939872e-01 -4.460924952883795966e-03 3.184578270757905671e-01 2.114984573320072503e+00 2.873385297892706580e-01 2.828037682471524761e-01 3.776498839721875722e-01 1.939451042364362665e-01 5.991516936506066093e-01 -1.055038452663921822e+00 -1.308822380137575347e+00 -7.243576716458938192e-01 -1.113443765481175074e+00 -6.413959616723746704e-01
9.744332182357113847e-01 4.555686204023600694e-01 2.874248792156723353e-01 -6.884833019834956103e-01 -1.435022843750649868e-01 2.254807598955038683e-01 2.075781442197722537e+00 3.055156369478808642e-01 -7.552958960513023179e-02 5.461607016044103258e-01 2.002753303590163181e-01 9.613366098004056948e-01 -6.467793089610499591e-01 -1.267228026670861096e+00 -4.655235662955070075e-01 -1.059854116834977766e+00 -6.892077364969699804e-01
7.450364230395296605e-01 -4.311061537366432661e-02 5.691485650904208882e-01 -8.461804024839307825e-01 -2.337720883025106167e-01 9.687236798428701390e-02 1.892958013642850768e+00 4.167181305667024827e-01 -1.415733283877288473e-01 6.867372176422146257e-01 1.124023462043271110e-01 9.644756612674705298e-01 -4.422909860116597258e-01 -1.265659130511709751e+00 -2.867560893316084547e-01 -9.340300197343994748e-01 -8.022086794546224864e-01
5.370329728715698137e-01 -5.575843312113868411e-01 8.139121672855035294e-01 -1.019615226178153478e+00 -3.728729058095209825e-01 -6.375642802778052308e-03 1.601826441941816892e+00 3.459060492403377429e-01 2.721809383823184381e-02 7.863000502284718252e-01 2.493629987033248174e-01 6.615008215033324479e-01 -5.180568050401018754e-01 -1.120333771190342276e+00 1.074640290122417102e-01 -7.452236793209080501e-01 -6.693404829206306417e-01
3.720110966118467255e-01 -9.507273974039202047e-01 8.835757113379676397e-01 -1.202788698496997322e+00 -6.055089767807253498e-01 9.813195229886245707e-02 8.947608318162894037e-01 2.864324857417386433e-02 2.824844919594938220e-01 8.993845198082202064e-01 6.620649352457873560e-01 2.338104512498777321e-01 -7.241960334579479186e-01 -6.613208532069221324e-01 8.096083410839560734e-01 -5.110426579716920159e-01 -4.027074186577724868e-01
9.212312149458991295e-02 -1.007937908450418529e+00 6.874613500709094716e-01 -1.373000632994104908e+00 -9.852846526390877102e-01 3.919095636576575559e-01 -2.839474131962144154e-01 -4.162701419231267241e-01 3.441777717408631143e-01 1.014669857431603539e+00 1.260446963920661911e+00 5.970615937970998911e-03 -8.509523755591158478e-01 1.387920217836868808e-02 1.652098097406646371e+00 -1.225346654024336152e-01 1.337822242190799538e-01
-4.643645040788609846e-01 -9.028088417075661454e-01 4.346935762074821130e-01 -1.444735737990900715e+00 -1.380442510608501872e+00 6.050630576163671392e-01 -1.321523174778820309e+00 -7.996223572742735541e-01 4.309922201353362514e-02 1.089454423116984039e+00 1.790488065770338366e+00 2.618071574077440386e-02 -8.949508480935365329e-01 6.898211369217875921e-01 2.414477518530861566e+00 4.741595800342789380e-01 7.341133768642417179e-01
-1.160433711653382272e+00 -7.934584041310505098e-01 3.719152264536789154e-01 -1.244386014227661930e+00 -1.513374249858223886e+00 6.504202690159611722e-01 -1.808708717490600915e+00 -9.594918286385740736e-01 -5.633069550750350318e-01 8.271079424791542012e-01 1.867914606393896060e+00 7.273009699886291701e-02 -8.014729774233474435e-01 1.178428315506164115e+00 2.858217823459655360e+00 1.227783834678380481e+00 8.663378685731196738e-01
-1.750851250789914548e+00 -5.731842046436184113e-01 5.009697016583057882e-01 -7.460965817570753833e-01 -1.308328455275142632e+00 5.478764525255082063e-01 -1.783477878480610013e+00 -8.905878188778699744e-01 -1.325472223426816809e+00 3.776852722008348096e-01 1.369109111561463976e+00 1.309815182176690684e-02 -3.730505900969755539e-01 1.333183676968110465e+00 2.820727199600933766e+00 1.907263232734535796e+00 6.439190200858889712e-01
-2.085386527611516438e+00 -2.181988253797843558e-01 7.700480349632763399e-01 -9.300555772693414047e-02 -7.738045300542686356e-01 2.863179317987751826e-01 -1.549032691123584993e+00 -6.115810047912123570e-01 -1.870699476222047908e+00 5.947750285349048122e-02 4.883911269357278373e-01 -2.306837258139264879e-01 1.876587104034691256e-01 1.017589644266602589e+00 2.218549660366969878e+00 2.329666900116790007e+00 3.042954959806051241e-01
-2.139231043477388905e+00 -9.894093373137162473e-02 1.119491973900408999e+00 5.655387563510460014e-01 2.294919851606980893e-02 -1.254484961484787220e-01 -1.386048977291437723e+00 -1.593176316237402690e-01 -1.899995798953008963e+00 -2.580618239578864048e-01 -3.769508621360304068e-01 -5.432819584558589154e-01 5.676424726233201268e-01 3.108271981726162814e-01 1.148322884801411981e+00 2.421893542945667388e+00 -8.468996284019790488e-02
