1.154921438007294077e+00 -1.311049592299814215e+00 1.362451541516606079e-01 -1.494415544664184026e+00 -2.251231955882302405e+00 -6.195841053294513789e-02 -1.256643107162414896e+00 -1.990762055151738430e+00 -1.827141716197440147e+00 1.230748241400735132e+00 1.952527344373648610e+00 1.014253720401956382e+00 2.001017394486280132e+00 1.630415729397905134e+00 1.846375149739034383e+00 8.459826883654633090e-01 -1.395355948871624951e-01
8.647705144782826814e-01 -1.410231545718084512e+00 -1.813327062083595898e-02 -1.168068933907377094e+00 -1.913544801743255697e+00 4.180685081171220396e-02 -1.082295843849343298e+00 -1.693761039060055706e+00 -1.523045171255977381e+00 1.143712281465083302e+00 1.635897436903647417e+00 8.892827579732967003e-01 1.914504691185069163e+00 1.608718222537537823e+00 1.502061781815599462e+00 4.409390834392164504e-01 -5.991870613879959201e-02
4.707523597079557032e-01 -1.188336600062648518e+00 -4.851770478496170852e-02 -7.590530219203990292e-01 -1.528685888122685466e+00 5.479847951447304986e-03 -6.883853067603711295e-01 -1.360356871725012962e+00 -1.339176831614315777e+00 1.073946616887988759e+00 1.235335635809928778e+00 7.548546114071146285e-01 1.948909648474039580e+00 1.685665358904719024e+00 1.062809901747070906e+00 -9.911164895125025576e-02 1.738372931136601129e-01
1.846938102899532141e-01 -7.502242723415792902e-01 6.645150618675277343e-02 -3.708891575861691936e-01 -1.191108674201978523e+00 -1.964362596225103508e-01 -2.732625739869617640e-03 -1.048740716097008141e+00 -1.299297276034441007e+00 9.262583122239640421e-01 7.876003757237608482e-01 5.206476884139886740e-01 1.976051151815685580e+00 1.649085568909075983e+00 6.832336456728951291e-01 -5.282300317988853910e-01 5.938330636823800912e-01
6.159043827520124109e-02 -4.266891742895547179e-01 1.608741469801012458e-01 -9.713831318459981504e-03 -8.330949062685428785e-01 -3.515293913666320269e-01 7.348236871129674164e-01 -7.490865057397065874e-01 -1.180595576874402530e+00 6.143878637426467559e-01 3.350269236150499319e-01 1.705151584653722963e-01 1.904336966763724215e+00 1.436965645179021811e+00 3.585149599257855257e-01 -7.701168490274169498e-01 8.939047088814944253e-01
5.049849406413634695e-02 -2.853869330969162621e-01 1.053820379658054057e-01 2.916660890777799664e-01 -4.721445974643794785e-01 -5.097092993224890956e-01 1.195427448343455268e+00 -4.865283566619702516e-01 -9.692501263190522742e-01 2.496358102717634586e-01 8.580647980426752211e-03 -1.519274980730709879e-01 1.773940678643119107e+00 1.200352489852119175e+00 8.287785817980361514e-02 -8.487516240366489439e-01 9.182419235161858317e-01
1.406943904928082967e-01 -4.516268318700784046e-01 -9.563722634699198255e-02 4.716571917787656942e-01 -2.456995137190840506e-01 -7.813925466556037591e-01 1.370397336085705131e+00 -2.600882180564088042e-01 -8.583178579322222612e-01 6.912412401189713118e-02 -1.413322669215228700e-01 -3.415816376750214212e-01 1.666010437947100131e+00 9.695818774037684440e-01 -6.852079756830198320e-02 -8.241475866289913466e-01 8.204759794757982005e-01
1.787739463824033204e-01 -7.836970379310540524e-01 -2.806209457787685047e-01 5.771875089618490051e-01 -5.919828025157917312e-02 -1.073712647288938227e+00 1.444619609084640155e+00 -5.125192129302546390e-02 -7.815427248330691912e-01 8.118298273348865599e-03 -2.308480630349789842e-01 -5.419324709505384252e-01 1.422072759918591167e+00 6.172455992598453456e-01 -6.863636505218274897e-02 -6.885973573107018186e-01 7.871290539472193259e-01
5.560116289390614613e-02 -9.815484794914685063e-01 -3.078132500098166302e-01 7.366037232742432828e-01 2.801294462486970671e-01 -1.188548478986370949e+00 1.466000291843928771e+00 1.448050733509856081e-01 -5.204204110268533245e-01 -2.498670603615630870e-01 -3.850540750788608579e-01 -7.942998694020332318e-01 8.178276423786384752e-01 1.066487845393241651e-01 5.167851234521583792e-03 -4.134818212867070186e-01 6.565541951371857143e-01
2.682829924191280652e-03 -1.205227440238414660e+00 -3.202973878138666852e-01 8.208699735683784304e-01 5.571605638978923691e-01 -9.929988667940997660e-01 1.370263798824915780e+00 2.425653519611512821e-01 -2.925704988128356998e-01 -5.465349669673607025e-01 -4.551870624883963545e-01 -7.900309759986497982e-01 1.180172363547799946e-01 -3.812506665131589756e-01 1.768332617656472039e-01 -4.993096890471462185e-02 8.632333711663379983e-02
9.895474423170712297e-02 -1.512842965095058556e+00 -4.823622781171285068e-01 7.059947852605201746e-01 6.118042026264896016e-01 -7.546809837376925456e-01 1.194113303906354950e+00 2.596230148001136828e-01 -2.311418433720155985e-01 -6.381465150846831191e-01 -3.005755590958234524e-01 -4.952683167389635988e-01 -4.995838969547667374e-01 -7.585887168698447480e-01 3.938022613081227363e-01 2.459459225974849061e-01 -5.459622145753260103e-01
8.732204858965707250e-02 -1.508459645512494784e+00 -8.139715404240059904e-01 5.958782255235813841e-01 6.872243752051457877e-01 -7.635547289274763338e-01 1.074715250568489378e+00 3.489998462438484439e-01 -4.187803660494816144e-02 -7.957773056992601957e-01 -8.047679688425776745e-02 -2.326018369710752265e-01 -1.226305634044175363e+00 -1.111910286455656705e+00 4.460528705512715186e-01 4.067902968879094638e-01 -6.276918062943092069e-01
-1.270204091901857291e-01 -1.106519002255121009e+00 -1.236118873726763434e+00 6.301195183064077776e-01 8.894701793535916279e-01 -8.473468120660768710e-01 9.802442902344791209e-01 4.863841173251717276e-01 3.512364552687238239e-01 -1.180959307582216233e+00 8.139807090217253405e-02 -1.393853864315012236e-01 -1.947655248280270923e+00 -1.359951595059452956e+00 2.820619894915358805e-01 5.805548379766913847e-01 -3.617174359751900159e-01
-4.151603515816064682e-01 -6.045397674257778631e-01 -1.447609613766322356e+00 7.394560070124961415e-01 1.128472949284514693e+00 -7.738818744461111176e-01 7.208885973174954387e-01 5.553138605793823679e-01 7.429682884242296836e-01 -1.624042430649030422e+00 2.433904185752786831e-01 -1.889073078911439052e-01 -2.371031053396396082e+00 -1.362569142017817425e+00 -3.279350848847542577e-02 7.208123099018108881e-01 -6.992440796169550887e-02
-6.769982246065882059e-01 -4.330485709514748927e-02 -1.335889162725983015e+00 8.470160088828460054e-01 1.296054981234997516e+00 -5.728663208230284631e-01 3.580734449756153848e-01 5.267271956972365832e-01 9.805387032762232780e-01 -1.828561125215509175e+00 4.240258160596194204e-01 -2.993062749511911091e-01 -2.474868662831255950e+00 -1.217900498984278101e+00 -3.808000405704440317e-01 6.133327464700858433e-01 1.909219250488245756e-01
-8.641659040640018441e-01 5.836609568109986101e-01 -1.042905910480542486e+00 8.870196217870386368e-01 1.236108649512793978e+00 -3.385409211097128446e-01 9.521335496724818437e-02 3.612405616988519919e-01 1.007925500945322073e+00 -1.584588678078037827e+00 5.658904753125132414e-01 -2.693216746578794285e-01 -2.328211238228649282e+00 -9.744857799383809249e-01 -5.992370501771923097e-01 4.056374445967440012e-01 1.584836227741550641e-01
-9.378497844062178013e-01 9.486806897986278519e-01 -6.960170146993038820e-01 8.173306444710825014e-01 9.297766493797767762e-01 -2.956798964471011801e-02 -1.113331150924337792e-01 3.489475216523045542e-02 7.924766072257601879e-01 -9.784392696707889803e-01 6.440571749364802923e-01 -5.969813762531034004e-03 -2.000930466221623405e+00 -5.662184024498433388e-01 -6.056921184232895161e-01 3.087298949256302438e-01 -3.639969388482199031e-02
-9.067436232497136928e-01 9.133546748130374482e-01 -3.675355048453227691e-01 7.359529759205138966e-01 6.017068743096883887e-01 3.651473865110397288e-01 -3.726338935871428837e-01 -3.234092517477643591e-01 3.722874748945992351e-01 -2.376505185054336999e-01 5.770350730320253918e-01 4.142016051120444575e-01 -1.670946268342292873e+00 -1.985496139881500477e-01 -4.473326814448834732e-01 2.843853914844975406e-01 -9.962538048971333882e-02
-8.374651883099478722e-01 8.862148267403373580e-01 -1.153664537431428466e-01 7.829736732680083744e-01 4.795179554080936102e-01 7.189229509787009587e-01 -5.358217063857771967e-01 -4.785795290164717164e-01 -6.566114530692850407e-03 2.736839736024795355e-01 1.809054757998865004e-01 7.937579349184495925e-01 -1.504054575165926444e+00 -1.441930309775889540e-01 -2.419717370506970777e-01 3.352501828081001500e-01 -2.171392673380677651e-01
-7.331354657263682295e-01 1.073873054166879948e+00 -5.014168589667109682e-02 8.850236584194017819e-01 5.230303141180969728e-01 1.025877341745722759e+00 -4.914710930670596056e-01 -4.133353862832335746e-01 -7.247284380991769748e-02 4.421510789921339613e-01 -4.959317145765660406e-01 9.175739738418497993e-01 -1.478097156542700352e+00 -2.972595834532689718e-01 -1.060117971219601968e-01 4.854069751730744620e-01 -4.485605720677529051e-01
-6.518334860593909541e-01 1.383053734418578262e+00 -2.166943999066631155e-02 8.963305530757795792e-01 5.977833945217491118e-01 1.326416251805160984e+00 -3.465362424214398218e-01 -2.610527581934713459e-01 1.996322139778510529e-01 5.072164621817351060e-01 -1.183067320834844338e+00 7.343174877039202464e-01 -1.498575703106937773e+00 -4.741602974230328393e-01 -1.110169905322028333e-01 6.644207908050822065e-01 -6.669481580248883823e-01
-6.576914280517083267e-01 1.675772679436514423e+00 1.008928991830569388e-01 7.945280993916937762e-01 6.637529980576456490e-01 1.478530629936765761e+00 -2.234182606545813410e-01 -3.698505102741331263e-02 5.773982379290178990e-01 6.164323430796000425e-01 -1.691095208988458110e+00 3.790955716064445258e-01 -1.502977271582891294e+00 -6.348020970402715735e-01 -1.900181308806457858e-01 7.747025002222797108e-01 -7.606493194769751165e-01
-6.200043438168107990e-01 1.868724995687914836e+00 1.177704841757683668e-01 6.069006448803844211e-01 7.849396905733697638e-01 1.362201643748291557e+00 -2.357117920060176064e-01 3.052080920133362074e-01 9.082088791495732671e-01 6.397420265597453248e-01 -1.981331078858930894e+00 -4.609875392250316339e-02 -1.488840786886186818e+00 -7.625640950547992736e-01 -3.054000935084833501e-01 8.147503978731204244e-01 -4.843233132651956208e-01
-4.963644324685967391e-01 2.005438532670041241e+00 2.094827114671810042e-02 3.671805319874218432e-01 1.021316744928657316e+00 1.073884827366458294e+00 -2.437015314340232608e-01 7.765833090208293932e-01 1.280046754682901300e+00 3.984266312657815945e-01 -2.150854641081012097e+00 -6.062471716022090895e-01 -1.465596756450143090e+00 -9.163828820322015289e-01 -5.534936371823423462e-01 8.347533635106566541e-01 8.668405263720763143e-02
-3.061763060442639350e-01 1.791234588027778241e+00 7.691912248922400108e-02 1.049778553633276823e-01 1.286261797677181296e+00 7.930526381362945632e-01 -5.625954310997505897e-02 1.298878350862076703e+00 1.704658609037866590e+00 7.993928162631673551e-02 -2.256764943776849552e+00 -1.233548130272632104e+00 -1.378166442255599256e+00 -1.159694301878697598e+00 -9.573089258341556107e-01 8.270705633319894723e-01 4.532492740645704954e-01
9.303584326729223697e-03 1.238885035944762292e+00 3.395471444883806922e-01 -1.854680725443250133e-01 1.438510118795380377e+00 6.061044353526944262e-01 2.551234462423584981e-01 1.768677924271432333e+00 1.999180305006231562e+00 -2.757762773619583038e-02 -2.289699487059634109e+00 -1.717694825219906463e+00 -1.220135359990725865e+00 -1.432274844432150918e+00 -1.409776607415085259e+00 7.266163607205137209e-01 6.433941396846470928e-01
2.455100200360027796e-01 8.887033833919594228e-01 5.605032875698365835e-01 -4.041927014347954095e-01 1.500245224277307443e+00 4.799956055123124621e-01 5.825904650569353471e-01 2.145992175236312249e+00 2.119967263814018565e+00 -1.126294091422922333e-01 -2.346720933584860891e+00 -1.914755510747588874e+00 -1.147683076649126388e+00 -1.655044838386711126e+00 -1.721275466012190281e+00 5.715103646734501774e-01 9.374674784247271075e-01
2.247232460454687275e-01 9.389123069100199226e-01 6.603305497389361234e-01 -4.192558719422427860e-01 1.502109215362077421e+00 4.319904889022275207e-01 8.003393729593868411e-01 2.316649249752524842e+00 2.070604417503730588e+00 -3.034513570196760157e-01 -2.490804630765111494e+00 -1.829396124725913175e+00 -1.160047767527035534e+00 -1.780562278788928365e+00 -1.734974406917831224e+00 5.048468771467865546e-01 1.104078575678821839e+00
1.775107301665175275e-01 1.123465769385024293e+00 7.634197066574383017e-01 -3.342923535343949037e-01 1.295213510159834547e+00 5.735263290270463665e-01 8.217281663979744133e-01 2.124731577362590329e+00 1.660701342900639643e+00 -3.106636826657622752e-01 -2.580423623831059832e+00 -1.555128572745865689e+00 -9.432791086779153122e-01 -1.705888852909231090e+00 -1.436477298525998814e+00 4.736803233308999328e-01 1.026020716328866822e+00
3.173644442561420753e-01 1.055940245393467203e+00 8.554432147444965828e-01 -2.924145762784909897e-01 8.146981359500212738e-01 8.891297981690984287e-01 6.977748470767730637e-01 1.593208067748337786e+00 9.172370064334474105e-01 -1.209310722428038470e-01 -2.426502269284652069e+00 -1.179684675701741625e+00 -3.988044808398896746e-01 -1.365044099469459038e+00 -9.285710830560428564e-01 4.041897113104677142e-01 9.104193685699585314e-01
6.282487032427894746e-01 8.435222092676402106e-01 8.126609745336640378e-01 -2.764017177528123592e-01 1.857901578466940595e-01 1.138847409691871704e+00 4.559711653898451122e-01 9.044616908461288185e-01 1.576231144340631274e-01 8.952192026900342506e-03 -2.022181274292154995e+00 -8.817794327159005352e-01 2.601383351299489388e-01 -8.584907757158851682e-01 -3.735245349309467278e-01 3.081712921969912977e-01 8.973596787249563667e-01
9.719124009520618834e-01 8.033834889884919894e-01 6.913242057460170509e-01 -2.114017828945837230e-01 -3.742714149886822161e-01 1.136426617805517569e+00 1.104179118007403010e-01 3.225207775486554906e-01 -4.076763662494246598e-01 -7.215357081781281767e-02 -1.515537483899071836e+00 -7.166862643215607953e-01 8.504616170147483167e-01 -4.509302159284589440e-01 6.710709136046281997e-02 1.237375544649988168e-01 8.066732126247866397e-01
1.177201008056150355e+00 7.541445123492821478e-01 7.205000345992399469e-01 -6.515737874954523334e-02 -7.065102092147547141e-01 8.784606093607104649e-01 -1.939623189124517477e-01 -1.905498696859965826e-02 -7.305571462142508299e-01 -2.665585881618079411e-01 -9.909007116603456566e-01 -5.881857170405373481e-01 1.249782284032551427e+00 -2.840064777027336840e-01 3.245397719386658997e-01 -9.956636219665243592e-02 3.223147665894146030e-01
1.115811402615003889e+00 6.296601953459546319e-01 9.375184219310600531e-01 1.509463198094315450e-01 -8.121628522400103911e-01 3.981378083137082635e-01 -4.195798609399343237e-01 -2.123145797590284267e-01 -8.013095023907826908e-01 -4.741474833806896272e-01 -5.173826231157635513e-01 -4.535604054244927186e-01 1.353808671052977086e+00 -2.317506044764568451e-01 4.690737644974372067e-01 -1.791801873385260035e-01 -3.256204440837365266e-01
7.762181158639611667e-01 4.558088937298148680e-01 1.155233541522275420e+00 3.522772343545553797e-01 -8.040651155031227626e-01 -9.880656572810682381e-02 -6.225145346956347803e-01 -4.293769335652153907e-01 -8.065182441374333377e-01 -7.040458238788850354e-01 -1.693547164365590274e-01 -9.535099083110686047e-02 1.205617893793245132e+00 -1.533371920599970739e-01 6.813579681920192144e-01 -1.271810396549184763e-01 -6.458931579975636383e-01
