-8.925018619627770322e-01 2.057634573307031423e-01 9.291721961756840287e-01 -1.158558286774353796e+00 -1.071498780427785347e+00 6.389974637261621737e-01 8.906905686586389370e-01 4.519577461069696489e-01 1.574307311815025673e-02 -1.028576223979256410e+00 -2.054276773515408550e-01 8.540089469990544968e-01 -1.474199629741686390e+00 -7.527518992599283587e-01 1.041871684873006298e+00 1.211669246226803942e+00 1.021989589056151448e+00
-7.345799627870462922e-01 1.313496470520592596e-01 7.803521000379102235e-01 -1.096309499683900457e+00 -9.669492445509115797e-01 6.768168492061892305e-01 7.982955771482900253e-01 4.925328621204889123e-01 -7.827465870341991649e-02 -1.443509784411109109e+00 -3.218177164434204429e-01 1.447113467749554516e+00 -1.946756762336399271e+00 -1.189301531103686749e+00 1.113000991534234041e+00 1.331794755063683944e+00 7.775171207919638894e-01
-4.991579127456339249e-01 -4.643796554136286198e-02 6.654885049685702603e-01 -1.033605106077223779e+00 -9.637068303218817578e-01 6.030229374276289134e-01 7.041669933812654270e-01 4.441122125118767139e-01 -2.069184253540873597e-01 -1.768535658479874817e+00 -3.358878898240362787e-01 2.089238899901673552e+00 -2.328100427635928504e+00 -1.546546306807510041e+00 1.190247912127667229e+00 1.367638345063868943e+00 6.040888561928799971e-01
-8.118147807886133549e-02 -6.479814648087597884e-02 4.795123356377021251e-01 -1.036658185305597613e+00 -1.169170654146784338e+00 1.938953091055843625e-01 5.773349059783584591e-01 3.404818639738361741e-01 -2.990177289600059463e-01 -1.972614017812297948e+00 -2.918991113114409175e-01 2.574614730581197719e+00 -2.545570812539815986e+00 -1.723902767496898969e+00 1.325537690927533374e+00 1.346964208661173723e+00 6.772228259418582308e-01
4.421628303581592867e-01 3.363728088934896804e-02 3.076776889233899248e-01 -1.082846987400462480e+00 -1.495832512973335193e+00 -3.760810531723108308e-01 2.995011472225840299e-01 7.081900730070514460e-02 -3.780075057766603130e-01 -1.916914613257005628e+00 -1.474930789066335457e-01 2.951700763141626549e+00 -2.490461737933147290e+00 -1.650358781751033677e+00 1.481128171231076873e+00 1.193567248388329061e+00 9.947872838214518731e-01
1.003916903788921511e+00 -7.931396911781085635e-02 1.811069739434682524e-01 -1.155824048616221900e+00 -1.857814628897269005e+00 -6.567695964401120134e-01 -2.911376896558354535e-02 -4.627460748025950532e-01 -4.678571183903432185e-01 -1.481525429371736369e+00 2.216668155143187990e-01 3.346971504938290209e+00 -2.254470270983021329e+00 -1.296443310376228730e+00 1.530338708637559719e+00 8.712966767945424795e-01 1.369054250746928769e+00
1.431129675891443354e+00 -2.599163450384822660e-01 -6.285330469639887306e-03 -1.112283427524260793e+00 -1.993517248103655826e+00 -7.174544804163329736e-01 -2.580321877356938631e-01 -1.011764283733021186e+00 -4.481044434836307100e-01 -8.643360117948201138e-01 7.873146680333176217e-01 3.434212599183652070e+00 -1.984935003956733057e+00 -8.439136135378666470e-01 1.279948911894547958e+00 4.936608544786618147e-01 1.497930670188313274e+00
1.571373648911582377e+00 -3.359475093331892870e-01 -1.931892665139775811e-01 -8.729276645287463721e-01 -1.730922744896623788e+00 -8.326204564305974554e-01 -5.813887003891212713e-01 -1.277609437030794437e+00 -3.041052242504567182e-01 -3.048020165692060246e-01 1.337899365020571052e+00 2.946475395356902727e+00 -1.703128850865401223e+00 -4.415402286609680926e-01 7.785505583830995002e-01 1.869887404134459863e-01 1.306544597822478115e+00
1.407658543078965208e+00 -3.933077010434299914e-01 -2.356010673701511016e-01 -5.880453370424850723e-01 -1.331972296467257122e+00 -9.413483087410892125e-01 -9.282201912133971611e-01 -1.234752761080271766e+00 -2.861155069350369007e-01 4.658247557668477451e-02 1.601408241661596454e+00 2.156630583985579275e+00 -1.496280044030129153e+00 -2.016165200226772980e-01 4.335039272396992160e-01 1.359418501210805097e-01 1.042093620527100972e+00
9.206092778563157442e-01 -3.334721876792923756e-01 -1.718892331661855954e-01 -3.501730081969919861e-01 -9.690740913366063802e-01 -9.062649418669360690e-01 -1.075199314654775584e+00 -9.689846717473583615e-01 -3.259261765921179776e-01 8.283190175357769969e-02 1.372155159070882480e+00 1.413900032922113637e+00 -1.401242414207733544e+00 -1.752450067619903684e-01 4.319191262886123983e-01 4.155596429368341171e-01 7.778346664864373983e-01
2.636614773554940561e-01 -9.606547486949995607e-02 -2.944458975767011988e-01 -1.845311243471700613e-01 -6.684974796085820792e-01 -6.362831873453406173e-01 -1.208944205303394526e+00 -7.079178810221951057e-01 -2.042975745187823322e-01 5.187114376573043195e-02 8.008343135109428079e-01 9.151596594041118138e-01 -1.227243884082917402e+00 -1.423677681012694152e-01 5.992028509641802447e-01 7.668343861271150752e-01 5.592348765365597885e-01
-2.607172995367303958e-01 1.177384560045209166e-01 -7.556716058463126551e-01 -1.453908777590964263e-01 -4.537353412406017750e-01 -2.095084862499427547e-01 -1.416311042675122867e+00 -6.277388173286273521e-01 1.444206350358753907e-03 2.017226544241352004e-01 2.966471666416967690e-01 5.998585942412784089e-01 -8.174252375160367956e-01 1.004154570622643183e-01 7.886101322022404103e-01 9.070004287782812424e-01 3.422303599544295194e-01
-5.086704160275518083e-01 1.440410105902720228e-01 -1.377645683210739103e+00 -1.976763602880445558e-01 -2.865451569801127363e-01 1.170885325071093080e-01 -1.646461798364033502e+00 -7.355530776809091620e-01 9.728434281056828892e-02 4.809067933436464992e-01 1.021942110153498118e-01 3.337339875929981603e-01 -2.252926260812227188e-01 5.275041725156990324e-01 9.865157665569669332e-01 8.332748419980129384e-01 -7.728667597476518436e-02
-5.818379569491594072e-01 1.847670256943253486e-01 -1.948439078391323243e+00 -1.923536423615757884e-01 -9.973482889095494630e-02 2.103056166343718336e-01 -1.882973141211297774e+00 -9.463534559753004061e-01 4.878104160660481220e-02 7.478826228604513737e-01 9.231196448271369870e-02 1.171581281143037612e-01 3.835082637343431577e-01 9.611843801090275141e-01 1.103169020534322975e+00 5.949530112319897368e-01 -3.151197902646786231e-01
-6.512569414673580193e-01 3.484128940419204401e-01 -2.310179890669005420e+00 -6.347386039444756489e-02 1.331963075680047404e-01 1.659157443558824385e-01 -1.877444063349283265e+00 -1.052770246233279972e+00 -2.127364233804969820e-02 8.586174858004307353e-01 6.333158408688842334e-02 -7.234807584167388117e-02 7.906906500008711314e-01 1.178122348873321457e+00 1.068670330648010980e+00 2.673536296912450982e-01 -2.696251798470462521e-02
-8.121871710513957066e-01 4.844801018547156279e-01 -2.468587317010136672e+00 7.314311087303787540e-02 3.400579935744373339e-01 7.403724646564587009e-02 -1.426423999104795559e+00 -9.304147500627916179e-01 -1.121303989876572121e-01 7.877871503337108283e-01 1.146831167230243087e-01 -2.949937552720829914e-01 8.166371793655343714e-01 1.136303106029764143e+00 9.488797987508071907e-01 7.270448627199643798e-02 3.972199310826828311e-01
-9.952452977372573395e-01 5.121845776633349168e-01 -2.291309212786935223e+00 7.205069664462812606e-02 4.212950450005395475e-01 -1.209456842077956396e-02 -7.938860204280785426e-01 -6.708328319648367843e-01 -3.364400848857392878e-01 5.613140252731292357e-01 3.889236061106813858e-01 -4.408693327933824735e-01 5.837534516104380122e-01 1.029588812094861749e+00 8.491740101530071971e-01 4.979849545701947600e-02 2.896897386066544788e-01
-1.040912041040203517e+00 4.728192745984113321e-01 -1.631498872212334694e+00 -8.842612173636316131e-02 3.512856525109223083e-01 -2.338833461864536084e-02 -5.764620343035707917e-01 -4.546430155623474301e-01 -6.237230672809566112e-01 2.532167934239704654e-01 7.282886638292999093e-01 -4.754104846961013098e-01 4.245204071083142350e-01 1.004474286858962451e+00 8.268165533741728135e-01 6.331303396865013700e-02 -2.749995152106983198e-01
-8.204295692788714511e-01 3.553195532532882339e-01 -7.491807028598141960e-01 -2.881656011219492219e-01 1.782320593232403216e-01 5.246647080758858050e-02 -9.358408391793792136e-01 -4.288928810486599130e-01 -9.301557204068178208e-01 1.072649570180511935e-01 9.482216405685373051e-01 -5.378046759319188297e-01 5.777614636895738176e-01 1.108509969077992707e+00 7.941831012066122852e-01 1.782970625229067865e-02 -7.753900672133010596e-01
-3.699430942866265837e-01 1.704651959605479189e-02 1.143943689700261668e-01 -3.466749327722780105e-01 8.386296974229807619e-03 2.838187461067363526e-01 -1.314419742334244745e+00 -6.252134512244114095e-01 -1.368790203579845821e+00 2.230680516553174564e-01 1.045915063526011934e+00 -5.606302459297040075e-01 1.080150350908021917e+00 1.362511633021001867e+00 6.458078818956046740e-01 -1.992273995432564115e-01 -1.324376850160673191e+00
6.380162865043592646e-02 -3.695520517482052680e-01 8.070844364111660063e-01 -1.526933372337682948e-01 2.915851822371288288e-02 6.452311260925918113e-01 -1.294710045646817909e+00 -8.403290412142355725e-01 -1.817078064092531697e+00 3.364254000769884567e-01 9.658279198985042502e-01 -5.655518346036447763e-01 1.700475271550773382e+00 1.584939437898061243e+00 3.509284636664285473e-01 -5.624586208545889754e-01 -1.763098633164021267e+00
3.362900210290656333e-01 -5.010119145397274876e-01 1.204205595162492592e+00 2.213319542383139216e-01 2.685692907459831247e-01 9.456245643430548631e-01 -8.728893077256009159e-01 -8.503207187852341864e-01 -2.031704181397168352e+00 2.033070335159610775e-01 6.568477677378833368e-01 -7.746388331685389872e-01 2.179923467478499077e+00 1.575314389974874718e+00 -4.838907534279729417e-02 -9.427692715837584503e-01 -1.440719544489834858e+00
3.850378513535477887e-01 -4.403829033029311169e-01 1.407845222940617314e+00 5.042549222634997719e-01 4.991659421959604437e-01 1.100597088980010740e+00 -1.416901411087617968e-01 -6.809790404818406584e-01 -1.919211841546621722e+00 -2.080157880237873957e-01 3.092181892928203557e-01 -1.121647852680926594e+00 2.359254370430778458e+00 1.401549173500007628e+00 -3.304070555906054030e-01 -1.189381847567449801e+00 -7.525215230826678425e-01
9.182576744443644856e-02 -2.790465689719322517e-01 1.436292155627414413e+00 4.856221081989547383e-01 5.217870828999906507e-01 1.082416950834455438e+00 6.094027898127880594e-01 -4.650189423228986429e-01 -1.503865736860238167e+00 -8.061265367471730503e-01 1.278414440482573411e-01 -1.308213608873626255e+00 2.142229829684585862e+00 1.115110980264243379e+00 -2.837280672802287573e-01 -1.057058453485489879e+00 -5.013436354819889029e-01
-4.504466468432936077e-01 7.865872327776839146e-02 1.266933443593958986e+00 2.465632635141329077e-01 3.996628864990454666e-01 8.075968847246336457e-01 1.107731929404592863e+00 -1.589231740612532251e-01 -8.535574559766914149e-01 -1.424278668884899179e+00 1.660334691111879646e-02 -1.291633456695042703e+00 1.624338311153258774e+00 6.364567466299476672e-01 -1.248871460313601307e-02 -5.511047589542361624e-01 -6.270387171203678500e-01
-9.595631133781276079e-01 5.182884266269095486e-01 1.004777194736648172e+00 -4.643154884048807107e-02 2.453299349358087356e-01 4.129707081143822456e-01 1.248104533141474404e+00 2.315942230801599777e-01 -1.377882404848060627e-01 -1.719755002427771906e+00 -1.151334642479192177e-01 -1.247019262431541486e+00 1.044790473704692246e+00 6.987562686402364054e-02 2.455510884981828845e-01 5.281103818260494964e-02 -7.997924341619335742e-01
-1.325968265286227910e+00 6.836645020573514087e-01 7.562789409867204382e-01 -3.227717296541383063e-01 2.015405338175828287e-02 1.719040490567482204e-01 1.186611104623539692e+00 4.837208725400352627e-01 3.865422359158424692e-01 -1.429548423719595451e+00 -1.170273402620875397e-01 -1.218595421961783387e+00 5.345491849391930117e-01 -3.761063372202806954e-01 3.938125065719518814e-01 5.635764369403944984e-01 -7.759658982859907184e-01
-1.569091418822919248e+00 5.927434406601047590e-01 6.611382470331665928e-01 -5.181039839174161887e-01 -1.822642616331260901e-01 6.419644987196165484e-03 1.150046781974043197e+00 5.851170486777039770e-01 6.473710876083197396e-01 -7.826647520245944012e-01 -5.809051697088711552e-02 -1.209032088180515441e+00 9.598136026253753506e-02 -6.014972968200754666e-01 4.380483951004159326e-01 8.833634807502114272e-01 -4.698838424641033074e-01
-1.660890655508543867e+00 4.417716062706510960e-01 7.337509129653424500e-01 -5.941266975959835772e-01 -2.525806007132708197e-01 -2.058669156600476391e-01 8.767285742230518375e-01 6.282565112896262294e-01 6.683617095103933092e-01 -5.841613035400035348e-02 -1.329458682917078194e-01 -1.125240724713303386e+00 -1.762341757171560219e-01 -5.942813751840081427e-01 4.413343313795631273e-01 9.743815038552021690e-01 1.382377624271096672e-01
-1.641671479341400897e+00 2.356619013937781837e-01 8.291729859819879644e-01 -5.660910643482662818e-01 -1.809928049529449801e-01 -4.069938849335030806e-01 2.216322549955057342e-01 6.710180595852331953e-01 5.095716366104839912e-01 6.274332039567368513e-01 -2.883095284095654187e-01 -8.741594910658542217e-01 -2.600895402041580318e-01 -5.434743736304192829e-01 4.099749494058359534e-01 9.170849725812012521e-01 7.943271239494307245e-01
-1.588431570516162239e+00 2.398678191801324466e-01 8.211809615116214545e-01 -4.548210547703750439e-01 9.387778257131794424e-02 -6.038508511615631180e-01 -3.857695274128790097e-01 8.875648182605001546e-01 5.175688139137195609e-01 1.082646308877260655e+00 -5.163447370080908039e-01 -7.002666526976828454e-01 -3.251522026616174288e-01 -6.478189445529969337e-01 2.118135336651189582e-01 8.133248272637702003e-01 1.059788100044674053e+00
-1.478339242778897722e+00 6.681015807317708388e-01 6.991338708747065755e-01 -2.869784415223612939e-01 4.941076832443632161e-01 -7.779004951299821613e-01 -5.957542874609977890e-01 1.303997367397353502e+00 9.405078854651706122e-01 1.202542962592502596e+00 -9.018318060634908928e-01 -8.247006454985483792e-01 -4.348761365545281699e-01 -8.653450023913418221e-01 -1.790891960203080391e-01 6.964598496729818011e-01 9.844966738150219276e-01
-1.261360001985860846e+00 1.305825306458536339e+00 5.212984354269603049e-01 -8.776083973164777730e-02 8.568932365503866277e-01 -9.298593456370916055e-01 -5.123897709824539737e-01 1.745383777412418347e+00 1.573573570195681004e+00 1.203673193833133759e+00 -1.407881882127229645e+00 -1.173979654766855285e+00 -5.786214559330019602e-01 -1.133257013461936857e+00 -6.310720016135099586e-01 5.732891733742023765e-01 9.782274991839287059e-01
-8.338020466310510637e-01 1.789354630812365121e+00 3.136514570639288846e-01 7.539778935608290600e-02 1.055762256893957085e+00 -1.115937471759971711e+00 -3.446538966217395639e-01 2.023643889103894811e+00 1.973538444443740270e+00 1.448185240289471931e+00 -1.877241007123379823e+00 -1.504087918698730819e+00 -7.083412899844976351e-01 -1.420614177559097024e+00 -9.890007155400557526e-01 4.725130679966734748e-01 1.170722586972131607e+00
-2.440126585418898042e-01 1.819828919453051697e+00 1.938649976702924160e-01 1.752051666410818775e-01 1.014904949590808014e+00 -1.428653045120062082e+00 -1.178842339228324959e-01 1.992801980462723943e+00 1.774725084596078029e+00 1.926405769654887079e+00 -2.054261722721417716e+00 -1.597011388375635166e+00 -7.780294137089266426e-01 -1.636153554393413145e+00 -1.082927252399922047e+00 4.609143598702110101e-01 1.443047785358188007e+00
1.904762941258092146e-01 1.453140293636223435e+00 2.702458109703116396e-01 4.005039233665240728e-01 9.458470436579947682e-01 -2.042254542317745614e+00 2.489991982727114972e-01 1.730208519240000520e+00 1.124091073552792475e+00 2.202446139622066479e+00 -1.828986601741161788e+00 -1.611356863551532737e+00 -9.193471380999898024e-01 -1.739104784170517837e+00 -9.251134354058337950e-01 4.771263306437081297e-01 1.614533327862010870e+00
3.448282391786349210e-01 9.644589393502895902e-01 4.491160996121810745e-01 8.950810530334121218e-01 1.108791135809872985e+00 -2.833083793380565929e+00 6.560008882734471580e-01 1.421745750851926893e+00 5.205888865122524356e-01 1.974853032755434112e+00 -1.362772869601140080e+00 -1.724712234960503521e+00 -1.146031409440381621e+00 -1.732184852086501303e+00 -6.977966063233133065e-01 3.991221149031990434e-01 1.072811359096870643e+00
2.960097904647289169e-01 3.589441985013237524e-01 6.193016466060924374e-01 1.531217222841129821e+00 1.404372559812304688e+00 -3.259496251208737316e+00 8.868014258463920996e-01 1.120004311980492995e+00 2.237116023216102478e-01 1.243354580733325276e+00 -7.984160114920980655e-01 -1.758674206344903679e+00 -1.327181166369767240e+00 -1.469315822081961764e+00 -5.694553302010477713e-01 1.360459582554398861e-01 -1.509267833462219488e-01
1.363623048095436163e-01 -3.550854426344857706e-01 6.731465197293298175e-01 2.143041814209327267e+00 1.617653947667347270e+00 -3.014186788158208952e+00 8.573619845347338897e-01 8.150861813363421415e-01 1.806021711036601973e-01 1.664390961218018550e-01 -2.047379640678544943e-01 -1.601919132020716674e+00 -1.431022135764651981e+00 -8.552463734975938037e-01 -6.502042365475679819e-01 -3.336238914371824626e-01 -1.113234125796401575e+00
2.518599422836855645e-02 -9.265380719442215529e-01 5.528569286326856513e-01 2.599450646243306906e+00 1.650425282674103489e+00 -2.229474095539486722e+00 4.167642015878670891e-01 3.979028097485931559e-01 1.806413340081299279e-01 -9.182326592125411580e-01 2.890538292320653513e-01 -1.282838665217475471e+00 -1.373055710273488828e+00 -1.038657797867149901e-01 -7.748543121595239391e-01 -7.223406713227794596e-01 -1.572093592292079567e+00
3.132485207421137341e-02 -1.314990158268737774e+00 3.394171977736600843e-01 2.777338674108371652e+00 1.488705860372596668e+00 -1.203955248589174243e+00 -2.830565756816821321e-01 -2.424390771109748710e-01 2.233974139680242402e-02 -1.784972963490902176e+00 5.957876764429226313e-01 -7.920407496317352081e-01 -1.034831861420819621e+00 5.176616462938774532e-01 -6.880433399152074969e-01 -7.378611154968421904e-01 -1.766842913743682741e+00
1.516195558132361620e-01 -1.595990878349152986e+00 6.325697780815407734e-02 2.696340971823152799e+00 1.215915258535570587e+00 -1.904883993341373039e-01 -7.525942927138311589e-01 -9.871080955567099746e-01 -2.372892176096584316e-01 -2.397285017950045116e+00 7.602275366770281373e-01 -2.192443147367793554e-01 -3.997775121691471978e-01 9.739129910696434633e-01 -4.979274486489780327e-01 -5.188557908246387296e-01 -1.807471722874941067e+00
4.940238462525727847e-01 -1.805701610940278590e+00 -2.714126664980573422e-01 2.443641992770611893e+00 9.106119229052186403e-01 7.606309554686875307e-01 -8.326635986085427765e-01 -1.607898981546912909e+00 -4.119082406819918329e-01 -2.550647983663812290e+00 8.719548584775564937e-01 6.342571956705608804e-02 4.980335435050700088e-01 1.320683781111800847e+00 -4.850438799013244706e-01 -4.623382744757301710e-01 -1.605536820583716162e+00
1.059779084602744614e+00 -1.977119693716168136e+00 -6.124617383315509311e-01 2.037229261275989689e+00 5.841385423906169105e-01 1.568322279822732979e+00 -5.388793006413804543e-01 -1.966865235743782137e+00 -4.535455548264377135e-01 -2.139680410200740734e+00 9.514968699158498078e-01 -1.122554107152750058e-01 1.414547326569852270e+00 1.543684245669153299e+00 -6.638943963428749484e-01 -7.048382924514097203e-01 -1.031865968449143800e+00
1.600859410404203986e+00 -2.037063116094515181e+00 -8.967546529146240841e-01 1.558686652330649514e+00 3.203353995891025097e-01 2.152607541373661171e+00 -1.678062181686086011e-03 -2.022083667225254011e+00 -3.624719587351949990e-01 -1.471275157435988135e+00 8.899798545866848265e-01 -3.189941220579838310e-01 1.976241344417841272e+00 1.541059621337507624e+00 -8.282414230824951540e-01 -1.018055772980253293e+00 -5.825723347806127661e-01
1.821834980199993126e+00 -1.758137222245187425e+00 -1.049865480740640011e+00 1.173107944184452744e+00 3.421236666267370441e-01 2.521264304328593830e+00 4.164612646525755468e-01 -1.674157790249171773e+00 -2.061271079248118421e-02 -1.003475947024119019e+00 5.266910282952144140e-01 -3.084694412250358897e-01 1.970868337421673111e+00 1.076680602107729978e+00 -9.575821209868391470e-01 -1.165163109172995703e+00 -5.236594688370646011e-01
1.680034018135231122e+00 -1.037586639678292233e+00 -9.193139881544765135e-01 9.267516828742243806e-01 7.131847720087831632e-01 2.533009791980210590e+00 6.164793606588621078e-01 -9.797499572975471027e-01 4.802882947204935027e-01 -9.524930675200855568e-01 -7.648459454685284375e-02 -2.419202302317084996e-01 1.460570301697263318e+00 2.106158462450432867e-01 -1.128714751736896726e+00 -1.105766332169506816e+00 -4.133188593010755363e-01
1.275816328590602788e+00 -2.889540089612186446e-01 -4.631487919933406916e-01 7.472022795479852375e-01 1.231747668881836510e+00 2.016966429547879081e+00 7.810033829014821904e-01 -2.099726518880531412e-01 8.644618260005433319e-01 -1.153274795295410549e+00 -6.392014432326467155e-01 -2.041462026875524305e-01 6.385961668198432140e-01 -6.183090648544352641e-01 -1.228771755415589917e+00 -8.512393916166536290e-01 -1.703968178275198087e-01
6.623403082563448230e-01 1.182788863410557667e-01 1.888573585253613615e-02 5.843253728566907279e-01 1.675871038004828506e+00 1.086200574705119104e+00 8.743172812156135842e-01 4.988325375970611986e-01 1.062498179417047606e+00 -1.392240261368060672e+00 -9.639547523866872636e-01 -1.578115871404384141e-01 -2.900133763305051682e-01 -1.168576451350319845e+00 -1.121736346717095101e+00 -4.062293403432687966e-01 -2.222691050316499828e-01
6.008459131712413220e-02 3.522752597489883231e-01 3.336996434524330812e-01 3.481098574027441384e-01 1.848956575019878201e+00 1.266315662827953437e-01 7.658167691536370558e-01 1.053680507811477041e+00 1.048353345555361527e+00 -1.473575680054101111e+00 -1.006285760819813246e+00 -1.893173399739572424e-02 -9.838352588912421259e-01 -1.408666975606629235e+00 -8.189570304188927841e-01 1.532769206416662033e-02 -6.661481452212029142e-01
-3.951280568585915365e-01 6.693386195936450456e-01 4.717321459833606623e-01 -2.105814052476296869e-03 1.741897727258649331e+00 -5.412259494579303443e-01 4.325725101130972750e-01 1.382575578165100350e+00 8.791036352740374538e-01 -1.294961309670474403e+00 -8.299997940888612646e-01 2.594791636532047252e-01 -1.309106480205069589e+00 -1.378165230870331825e+00 -4.577410199973580562e-01 2.131760735327489775e-01 -1.104017488596837682e+00
-7.663639323450126550e-01 9.836842455629074555e-01 3.466196517002905764e-01 -3.596749589593755680e-01 1.554957271219031822e+00 -8.048968732989846275e-01 -6.425308715011265881e-02 1.458968002810745013e+00 7.464271919233667063e-01 -1.077598398000158220e+00 -5.495078404639299752e-01 5.407084464081541864e-01 -1.388433518375110642e+00 -1.200107820151989468e+00 -1.655015915773881130e-01 2.849332978345051615e-01 -1.161639501427397692e+00
-1.065870169480084062e+00 1.238819277690484055e+00 -1.311738160199325126e-02 -6.341160994762807812e-01 1.391986390862630429e+00 -7.668439249359402243e-01 -5.044225694256477821e-01 1.356351322822957339e+00 7.605688745656427052e-01 -9.595745443266419095e-01 -2.834504442143196412e-01 6.283910129621028684e-01 -1.274844925721990485e+00 -9.736686994162877529e-01 -7.098331126929698087e-02 3.220973868806814577e-01 -6.656188977299362097e-01
-1.314745751785796335e+00 1.521642455140265859e+00 -3.827893073744406127e-01 -8.029307675663597266e-01 1.176374195033386361e+00 -6.122830424825035367e-01 -8.023663120930053516e-01 1.194560069845978401e+00 8.495811421562795562e-01 -8.147097308368443924e-01 -8.285311936044122139e-02 6.268283268349357229e-01 -1.019398106507317880e+00 -7.296505768511877266e-01 -9.605655743532602597e-02 2.674863003323293964e-01 -4.003415742183282638e-02
-1.541492925155172999e+00 1.612436567883551719e+00 -5.735322470137383943e-01 -8.851227281701761207e-01 8.373016858060707834e-01 -3.211339791131695987e-01 -1.012410055050114721e+00 9.541123155792328170e-01 9.642725060737913356e-01 -5.772578917553821132e-01 1.012464418644250380e-01 7.522297413832766955e-01 -7.455827876869799420e-01 -4.046571149324194594e-01 -4.633179412136386593e-02 1.472531587208552040e-01 6.171077025393621046e-02
