1.255334577581606936e+00 6.569649368243034582e-01 -9.149528415951432292e-01 5.620817008594076736e-01 7.929337146774873002e-01 -1.120461336597032176e+00 -9.756630650795546922e-01 -1.238304590604523414e-01 -2.984937225387892037e-02 -9.394225155208708600e-01 1.285324749865560445e+00 2.982584281739097065e+00 4.216235896578155451e-01 3.480827017118034994e-02 -1.297441946536526336e+00 -1.815936876638195141e+00 7.773888043306018680e-01
1.522563660419090192e+00 6.536733697566149415e-01 -1.068915173289225029e+00 4.534192785161024752e-01 5.877056375185237824e-01 -1.253834174916091504e+00 -7.514954904730352103e-01 -5.989337535127406409e-02 1.485250422682854975e-02 -6.661823644606390538e-01 1.270785438366106357e+00 2.596035051146100781e+00 5.277877564439518165e-01 -4.753311201564298233e-02 -1.296467205408914580e+00 -1.816662416183936202e+00 7.753992669001424920e-01
1.838168907028468579e+00 5.647361394704858428e-01 -1.324295163803441699e+00 3.128829587581057892e-01 2.265036800430097752e-01 -1.338631839558729109e+00 -2.152953399171479987e-01 -1.038094824447634464e-02 4.128075669861426544e-02 -2.604103824181875915e-01 1.157406796936649940e+00 1.997998561442696053e+00 6.817393989408527810e-01 -5.892151718421676648e-02 -1.199198274650395968e+00 -1.847863829139914316e+00 6.548720808328567511e-01
2.059212178958886863e+00 4.997663536739187506e-01 -1.382662192644654953e+00 3.112893739689111539e-01 -1.145423225521332786e-02 -1.304912007935153495e+00 3.001524182305586597e-01 4.771150973608429685e-02 1.076474174481902302e-01 6.607294436819324823e-02 9.179381108361249764e-01 1.254780470417713900e+00 7.111789823195432403e-01 -7.022842170870562117e-02 -1.132483902893511196e+00 -1.894427682822650061e+00 6.147491221565083430e-01
2.111110154433740504e+00 3.094851377302434980e-01 -9.953453862395160723e-01 4.522113214610052889e-01 2.857116880919589527e-02 -1.101892068837257321e+00 5.131040711258947340e-01 1.435618108862941888e-01 1.265100388130511178e-01 3.054871718394100988e-01 5.821960904365028888e-01 3.418808716708486850e-01 6.453575036223041517e-01 -1.877371798249184154e-01 -1.127692979631078618e+00 -1.779191903124250018e+00 5.542677738355309414e-01
1.903247776269043401e+00 -9.001100829354606592e-02 -3.590563507390672759e-01 5.254029553442526312e-01 1.781269100554825624e-01 -6.851048189216818463e-01 5.757701703757390765e-01 2.785374204961937328e-01 1.495282153503632860e-01 3.791977450050332821e-01 2.599833595212122095e-01 -6.302488615474566291e-01 5.172001115945924488e-01 -3.382983423957103275e-01 -1.098461067823449433e+00 -1.434194051351564747e+00 3.712575847062074552e-01
1.633123397440494839e+00 -5.914701125478190047e-01 1.916463282997465933e-01 4.006881414495485072e-01 1.365978551452126932e-01 -1.351763087894153337e-02 4.813461376790293955e-01 3.757572413789255772e-01 2.316065687815322405e-01 3.856486906008957938e-01 2.567737660518371046e-02 -1.322638774647042492e+00 3.052129008973785695e-01 -4.401600972352619490e-01 -9.608793250195163393e-01 -9.744104349541121701e-01 3.688166189598601763e-01
1.433948372627184664e+00 -9.315877256470858070e-01 5.532681664360171725e-01 1.532849716140394503e-01 -4.796760962142083279e-02 8.009732057174036024e-01 1.836696345805839681e-01 4.837149498275869486e-01 3.859770546550891912e-01 4.441852128879479888e-01 -2.276917716839371164e-01 -1.513359634181832281e+00 1.577017697988035774e-02 -5.500728319881685868e-01 -8.113583128252630505e-01 -5.664701908534259811e-01 6.317457435776309138e-01
1.085230251750136876e+00 -8.347023729012655879e-01 7.992461515123087112e-01 -9.532678868823342422e-02 -1.752329270890922996e-01 1.410791609765536636e+00 8.136647622766217391e-02 6.639086174812338648e-01 6.099459658496458880e-01 4.509906378136951943e-01 -5.102849218788845231e-01 -1.358269931341073544e+00 -3.674637495204308713e-01 -6.782796077054301653e-01 -7.185695789135492229e-01 -3.154087780935547758e-01 8.142584467282902860e-01
5.308888018160744515e-01 -5.313583566914427125e-01 1.054056915726385268e+00 -3.369890212668801288e-01 -3.185077095357750632e-01 1.760096295852966009e+00 3.435666064119834995e-01 8.387797899419190406e-01 6.163609508285408101e-01 5.239804762325214194e-01 -6.526057038249930553e-01 -1.183688278422365014e+00 -7.342466889847510947e-01 -7.181627750745330774e-01 -5.263820185733626422e-01 -1.560010323039364710e-01 5.150349707469037419e-01
-7.977513385659601441e-02 -2.220692422202919791e-01 1.364040252357629823e+00 -6.751652670192241912e-01 -5.193180716824383758e-01 1.883232274031496845e+00 7.233641966894241992e-01 1.028494154489350665e+00 4.186666096572945195e-01 7.418953594396993090e-01 -5.962862914422520921e-01 -1.219352437171688397e+00 -9.669965673364128156e-01 -7.080526923181332810e-01 -3.036806983644328439e-01 -3.024663690873448732e-02 8.200287726290637902e-02
-5.791322938469727344e-01 1.801254995028128345e-02 1.631664832053974168e+00 -1.169080914264513771e+00 -7.174263817263200060e-01 1.593676090115663690e+00 1.102624549369872087e+00 1.304711547625323709e+00 2.634182047756145617e-01 1.011462178290718272e+00 -3.577738559899190651e-01 -1.500377454873324856e+00 -1.089610985988674674e+00 -7.480801768610388924e-01 -2.056678188072184055e-01 6.769515325475801426e-02 -1.279565019310554413e-02
-7.859402054387214509e-01 4.150925324907678987e-02 1.765162750548443071e+00 -1.757509252556714641e+00 -9.353128793263826291e-01 1.012284466066130539e+00 1.378279299659493473e+00 1.558736941173740398e+00 1.841392668482965678e-01 1.253679921329438507e+00 -8.297375542414921201e-03 -1.873653443705484811e+00 -1.175147746083460065e+00 -7.672655925135991595e-01 -1.249775896215485488e-01 2.250020696919343699e-01 1.186819459607768856e-01
-7.075043196139459978e-01 -7.302774253510586899e-02 1.772508398200344226e+00 -2.316172222528253055e+00 -1.219827731548675187e+00 5.233499069714429019e-01 1.454497002087476121e+00 1.521048187883801361e+00 1.490283512103431074e-01 1.431301392026461006e+00 3.386919492588890135e-01 -1.965998475027995962e+00 -1.229655334203825889e+00 -6.989336730457876845e-01 6.884545890256138501e-02 4.409836105165626519e-01 4.071153825944742177e-01
-5.569436700211002345e-01 -2.513144855588989590e-01 1.521085285908169160e+00 -2.645004997673678915e+00 -1.536847572586858002e+00 3.229404582585081451e-01 1.173692714409388271e+00 1.116339607339690509e+00 3.557594120960062833e-02 1.579493305724512853e+00 6.952584621875110837e-01 -1.451020842572704916e+00 -1.158311691669578813e+00 -5.717129294641191128e-01 4.295846615338979602e-01 5.600265184968830079e-01 6.004998670781288572e-01
-5.264584150921545191e-01 -3.530896984855725340e-01 9.671315466853011023e-01 -2.557289441944330832e+00 -1.668211850597651758e+00 3.097085403255387948e-01 5.399422127707470542e-01 5.999679998225336819e-01 -1.250649248106555644e-01 1.590753589440867533e+00 9.720227866112287618e-01 -4.549983301310928097e-01 -1.024211591413497047e+00 -4.264728108936934881e-01 8.443558080861256476e-01 5.343353382480741098e-01 2.746908133608791935e-01
-6.814584082116389441e-01 -2.730658665720886447e-01 4.859908412788550014e-01 -2.059407874365169810e+00 -1.402604458036454727e+00 2.342766362505352695e-01 -5.671679199125578136e-02 2.162637434259276348e-01 -1.711630263779249650e-01 1.284601750919333707e+00 9.917628902309288952e-01 4.486174258728246600e-01 -9.709096838887332215e-01 -2.919429369618908310e-01 1.076079475178949307e+00 4.996611200237910388e-01 -3.667695813915991532e-01
-9.491836438862872871e-01 -1.236747729039940347e-01 2.038518405855602178e-01 -1.362920939554687072e+00 -8.291406239203893414e-01 -2.859911986976593906e-02 -4.023691528159779596e-01 2.839965222689071894e-02 -9.393396998300890255e-02 7.053796368648466153e-01 8.252038452975786198e-01 8.548508274899452308e-01 -9.769032921271944003e-01 -1.530841125118976853e-01 1.048836608411980453e+00 5.302122590973830096e-01 -8.298779396176636514e-01
-1.201100941621096707e+00 4.246560044362125697e-02 -2.597996607597656202e-02 -7.336393303389446841e-01 -2.758565296239959830e-01 -4.072465844247845634e-01 -4.725854954904119554e-01 -2.474059904377329602e-02 1.854516134998354313e-02 1.229186494760485387e-01 6.477823617312131743e-01 9.358189889795611727e-01 -9.755973725678197539e-01 -2.872532137244855968e-02 8.946693511307589608e-01 5.897576084683860964e-01 -1.035725357202982755e+00
-1.262323717710333693e+00 2.847503600622511288e-01 -1.774683397657660922e-01 -2.812702419533502085e-01 5.546890531781747957e-02 -6.403046992992142972e-01 -3.371469195391197382e-01 -6.627333168815816022e-02 1.066960305273980669e-01 -2.259591028010208003e-01 4.094880816452074468e-01 9.127273160343865044e-01 -8.331582539379256414e-01 2.854684199292762542e-02 7.228621034575679616e-01 6.122991933385569796e-01 -1.014415209504565540e+00
-9.903940246824605165e-01 4.082212345130714071e-01 -3.174488598378881754e-01 2.356037883391008322e-02 1.487108200382074308e-01 -5.182600260098433331e-01 -2.818196062139265434e-01 -2.299840707879380053e-01 1.009252520273339893e-01 -3.907782114457665212e-01 8.706003324172800761e-02 7.788914657020192811e-01 -4.079115282946680909e-01 1.255211059980101407e-01 6.048559253865511964e-01 6.001093410276799878e-01 -5.969726369512566855e-01
