-3.619457585180704817e-01 1.661532464382104113e+00 -9.789207951561403886e-01 1.328991031133506695e+00 1.045265448933457852e+00 2.067910112047252613e-01 -9.738884599394549424e-01 -8.516859647553893797e-01 6.625100291211964976e-01 2.603808577752132480e-01 -2.967560391752428473e-01 -2.590826834802457679e-01 -3.333150140608220346e-01 -3.434257166179230381e-01 -1.083939262667770631e+00 -4.721095278808956630e-02 1.641388288477077406e+00
3.040519389207292367e-01 1.835739587179310961e+00 -1.155572435376837515e+00 1.111046258234591244e+00 6.745744587631384848e-01 6.809689497946815051e-02 -1.084090173085953790e+00 -1.085907144201623264e+00 3.374448148234829858e-01 3.882690179712253720e-01 3.078356693864403582e-02 2.344493432738701741e-02 3.644417970709584176e-01 -2.321650278334813355e-01 -1.166348517368622328e+00 -1.889083152071847072e-01 1.709124261596163930e+00
1.036219026986655800e+00 1.526902100010404828e+00 -1.297802128042896186e+00 6.879383384764088394e-01 9.624651058336024245e-02 7.783449183845354835e-02 -5.322658261043529127e-01 -1.059533893404937199e+00 1.349564839541710914e-01 5.348241549369587844e-01 3.697033048288542179e-01 1.406686102197516053e-01 1.237094266045692059e+00 -3.456715325830156393e-02 -1.185736514741250414e+00 -4.404552280670171460e-01 1.393877826392750707e+00
1.497460998053499193e+00 9.818494795209329329e-01 -1.268818849653033931e+00 1.347398800588286427e-01 -4.515996932546192388e-01 8.749376376004527542e-03 3.789963631268865041e-01 -6.280253164318548853e-01 2.899316619759830238e-01 6.646140320231116450e-01 6.581851303736249159e-01 1.096306518662234220e-01 1.704927489096512483e+00 2.226333625793500484e-02 -1.247139200325063868e+00 -8.384750683560646678e-01 9.081540213285971275e-01
1.807320741820477528e+00 6.697680574829152356e-01 -1.036577894838438763e+00 -6.600580227708626735e-01 -9.985933066456411655e-01 -1.503141402732137699e-01 1.019372433616090534e+00 2.196863212433682044e-03 6.047311839297435654e-01 6.986857985978264241e-01 9.207429922560549374e-01 2.254256422652784753e-01 1.608278415802618211e+00 -1.835085137245150433e-01 -1.125706557222959425e+00 -1.188251634917075306e+00 4.531612062864895374e-01
2.115060066323264820e+00 3.400506975727715653e-01 -7.555636879931550975e-01 -1.634884780395083004e+00 -1.647312439128717054e+00 -1.240238947611205650e-01 1.267769176728908542e+00 5.205185454256976429e-01 7.740902341407872589e-01 6.972071682295107875e-01 1.188496662155788197e+00 5.579908583251346199e-01 1.160263306857441501e+00 -5.094719030485760358e-01 -6.079091673424258380e-01 -1.330668515425632581e+00 1.380207537019295105e-01
2.426580794341718583e+00 -5.395500855570596332e-01 -5.553088923205478089e-01 -2.475384715571034455e+00 -2.255209277476464713e+00 3.043485233869707152e-01 1.346237902307506396e+00 8.068110382579001261e-01 7.359304214636757102e-01 8.227639920630379633e-01 1.381130995847879239e+00 9.952898653447472821e-01 5.024649747038147929e-01 -8.622774149550622713e-01 1.198721777351412360e-01 -1.341496657770071321e+00 -1.279521362724170275e-01
2.554894303470674366e+00 -1.526162540354741859e+00 -5.382503307970187834e-01 -2.904455796893151032e+00 -2.607581612152385819e+00 1.004714727730315671e+00 1.369724275742991271e+00 9.025472868642029356e-01 5.399643387576410491e-01 1.042053447718181536e+00 1.391399236626470470e+00 1.446337990617809988e+00 -3.147598836711031356e-01 -1.229260760115435058e+00 7.313353332738055101e-01 -1.291038518044535177e+00 -1.364690506642448897e-01
2.318996953180936682e+00 -2.065550935899150620e+00 -5.348759305873851400e-01 -2.906258990919834417e+00 -2.701554640499870708e+00 1.525246950138770874e+00 1.373465901745097195e+00 9.225356948408272029e-01 1.964120726171127984e-01 1.380422425927395391e+00 1.204305560248068785e+00 1.654315612010277992e+00 -1.036160696185246977e+00 -1.394577834963583340e+00 1.104797687153336039e+00 -1.173232238430684804e+00 2.481506753183231051e-01
1.886217137836152080e+00 -2.248512805077514720e+00 -2.762841776647075309e-01 -2.653199802384529349e+00 -2.613042154902655678e+00 1.557755857936072630e+00 1.356840408941893505e+00 8.843370627200094480e-01 -2.727163643764025647e-01 1.765839828457410388e+00 8.797733292475391487e-01 1.560987794409109508e+00 -1.279439394300141419e+00 -1.176315419768517723e+00 1.337275396674186156e+00 -9.171482647620239348e-01 5.228503038875894626e-01
1.514101247005753104e+00 -2.107079306332192647e+00 1.708071911627142003e-01 -2.236891147199116414e+00 -2.266920479047186632e+00 1.180565646659593071e+00 1.228890512788629374e+00 7.136693170224428506e-01 -7.151092363293313214e-01 1.864386129579166607e+00 4.425444193100923629e-01 1.397572519275398717e+00 -9.751376568510026210e-01 -6.915236448786764578e-01 1.461212327540368561e+00 -5.215558233327656223e-01 3.572180509247008251e-01
1.229227109575970367e+00 -1.654717025384145890e+00 5.828787456646640219e-01 -1.678716197143137911e+00 -1.651323839269270621e+00 7.061431431086108157e-01 1.011240891498063732e+00 4.540593916512932204e-01 -9.721457236642039312e-01 1.574706737913200705e+00 -6.867259161224327849e-03 1.186936017160409751e+00 -3.456672539695389013e-01 -6.852198370144993445e-02 1.351088361292916762e+00 -1.862661025154644379e-01 -3.547849264230097666e-02
8.953694280054373955e-01 -1.208388630800393271e+00 8.423418972550296147e-01 -1.131672214001457899e+00 -9.541960091362936547e-01 3.397217933089263231e-01 6.560362968513663295e-01 2.044285020771343109e-01 -9.496920174409858584e-01 1.074251818827963945e+00 -2.777848283358049786e-01 9.630416244403799952e-01 1.856117657609674398e-01 5.547330778204669910e-01 1.031907533666674537e+00 -2.702412271271356636e-02 -3.619709684629887070e-01
