-6.761494627397368617e-01 -1.569390673563323679e-01 4.955575895833438937e-01 1.538083259318305529e-01 4.306720772670566411e-01 -7.269670516429456164e-01 7.510367834153284239e-01 8.970452952541276836e-01 1.716120836568728325e-01 2.856216871559986714e-01 4.029705730790637541e-01 -8.725275174624404217e-02 -1.094210676212393762e+00 -6.533577393507333797e-01 -8.153715123799926134e-01 -2.231446787292125367e-01 -1.791616500338859275e-02
-8.507995733657108817e-01 -3.545078109163537494e-01 8.285158941550589962e-01 -9.182054583436555228e-02 2.336036793786794019e-01 -4.978510826660007549e-01 6.608858694268215928e-01 9.302983575020371543e-01 1.625881268516990996e-01 4.464621722718472019e-01 4.988993921944757659e-01 -7.232714598461785493e-02 -1.101386412695487316e+00 -6.542696467370061608e-01 -6.141347511190177189e-01 -2.619226867581829210e-01 -7.994270453837785950e-02
-1.044625917033888740e+00 -4.830583356185197408e-01 9.102787311036407703e-01 -2.127939160340671654e-01 1.437695302885536319e-01 -1.204126027250511793e-01 4.998321397936814070e-01 8.460106915697617191e-01 1.995987220461675204e-01 4.821194690534270633e-01 3.827617903921244347e-01 -1.247265740153023078e-01 -9.257219397704743447e-01 -4.956796004957783608e-01 -3.013305192281970357e-01 -2.182293832513304555e-01 -2.450937444928741604e-01
-1.034862643688501116e+00 -6.885379094717158921e-01 6.977250823015521686e-01 -3.695057776080723499e-01 9.268251950087704610e-03 3.328801476224738098e-01 3.242233531862552254e-01 5.553931136423347903e-01 1.769906910566931002e-01 5.346069646425385402e-01 2.501236378347436173e-01 -2.104986489066157651e-01 -5.748033339745458603e-01 -1.688049405721087637e-01 1.204520292346338423e-01 -1.729244859841037596e-01 -2.641756682518822674e-01
-8.352257039351106416e-01 -9.488981845206791998e-01 4.585949357048413888e-01 -5.831903760904832978e-01 -1.292253284966511373e-01 7.498976482392646359e-01 1.500606891431388035e-01 1.754112381638727736e-01 7.282212985766783886e-02 5.544239472807286351e-01 5.577961256167041776e-02 -2.907489942719830300e-01 -2.163555819571715277e-01 4.024494598513198018e-02 6.240054996162721634e-01 -4.189502879362918403e-02 -2.177690097926323898e-01
-6.106393090464736773e-01 -9.156318432094850968e-01 4.204863458871987980e-01 -6.824267501891875254e-01 -1.732705159443546084e-01 1.031326604211769915e+00 -1.764483442013734318e-02 -1.082553676111936009e-01 1.889350621266053590e-02 4.959062524727211874e-01 -2.867626908694224652e-01 -4.290293768743916880e-01 5.480555916876839878e-02 -4.480488451145714368e-02 1.003391294829546920e+00 2.015204896225699094e-01 -2.211419203079487694e-01
-4.685959262179938967e-01 -7.454047458854483610e-01 4.811576759977178597e-01 -5.625824571298513321e-01 -1.320250202567396225e-01 1.164180201445384366e+00 -8.271880064428921431e-02 -2.490532907351376002e-01 4.255441773551860152e-02 4.006406332422118299e-01 -7.366596267105897100e-01 -8.206647191824539833e-01 2.549916528854706543e-01 -2.231232942062441604e-01 1.165414769140571405e+00 5.931017480913998163e-01 -5.406764490555106620e-03
-4.036471412977542528e-01 -8.316543826857413224e-01 4.813305905433879484e-01 -3.374893484783828002e-01 -8.731793120631006766e-02 1.102311421848420681e+00 -2.576845878019237701e-02 -3.397436012053675625e-01 -2.859738011004402114e-02 2.548852201249844907e-01 -1.160298164601156978e+00 -1.318828381348672307e+00 4.344069459704550940e-01 -2.398546289947306454e-01 1.236318421437500481e+00 1.079248121392002657e+00 6.549821923587726413e-01
-4.276375875622016043e-01 -9.004407167421191183e-01 3.615502589043821935e-01 -9.744716728677912942e-02 -7.496363278043835510e-02 8.506745096557268848e-01 2.925477219234784432e-01 -4.161343911563066822e-01 -2.246045285621404708e-01 3.005813021356011985e-02 -1.479158474881756336e+00 -1.722316742606243567e+00 6.072212432210205568e-01 -1.303337507588980260e-01 1.295968799802460492e+00 1.472948109376031267e+00 1.424002483595472546e+00
-4.123237503805332604e-01 -7.249496716925858397e-01 1.793676377780372977e-01 9.437924527074433023e-02 -1.167793755230425168e-01 5.923526829767188362e-01 8.222329084673943855e-01 -5.429466916815763877e-01 -5.353579687154000899e-01 -9.394318158428253962e-02 -1.608513598853608340e+00 -1.910049925201741994e+00 8.637567677635706875e-01 1.244403389491563310e-02 1.346505195989192050e+00 1.660475857036971314e+00 1.646714620765009407e+00
-2.452648581224325941e-01 -7.726794831785738227e-01 -1.251163108430873756e-02 1.200527523124225449e-01 -2.590137639291746896e-01 4.624413068251402303e-01 1.116295045081265869e+00 -7.885375028532429775e-01 -9.837440146014081455e-01 -4.028498709242946813e-02 -1.483412650162457602e+00 -1.661194108702555461e+00 1.275202179455168672e+00 1.895829260811008332e-01 1.435532817639867176e+00 1.690599242105309097e+00 1.352646778648068704e+00
-9.503462524544974144e-03 -1.254796177961951198e+00 -2.178080659885038572e-01 -3.117424968020011608e-02 -4.553106519659327334e-01 5.428005372448676535e-01 1.043935761656733074e+00 -1.129156122636347792e+00 -1.377119347035087982e+00 3.243380377159639505e-02 -1.171509249394267815e+00 -1.025867160166173964e+00 1.631778387488306503e+00 2.888177987620628717e-01 1.585659858951162571e+00 1.668920496808634635e+00 8.990978094028907464e-01
2.718729224392715804e-01 -1.871784723339348533e+00 -3.526123086267755058e-01 -3.189507783884933945e-01 -6.727200421017596188e-01 8.355423550764898843e-01 7.469702281626967588e-01 -1.470204298143120702e+00 -1.467538107391946678e+00 1.890562282555845186e-01 -7.821228383822413921e-01 -2.743319639672001653e-01 1.695192186344527174e+00 1.856491893737688414e-01 1.708054771052652132e+00 1.621417385284886770e+00 3.151559281612946184e-01
6.329452908885571105e-01 -2.202893936149596499e+00 -4.021405759135833202e-01 -6.826258059623276919e-01 -9.403056414676598251e-01 1.145406996758373763e+00 2.529000797820802893e-01 -1.663275173815291552e+00 -1.208651672286041201e+00 4.297426201759347308e-01 -3.727525480744627306e-01 3.326612041264818687e-01 1.496540310653771355e+00 -2.216527509159389817e-03 1.745129480721710147e+00 1.507750682259749286e+00 -3.894318544269583238e-01
1.053014014117541253e+00 -2.081699791357842333e+00 -4.523119285052481509e-01 -1.051360234060107590e+00 -1.256045133842421446e+00 1.398540092872792462e+00 -3.284887062110188882e-01 -1.645425196561840275e+00 -6.840402363118184281e-01 5.831937883102045195e-01 2.972150807815327617e-02 6.655512713122522239e-01 1.240319327667107840e+00 -7.205497001517900679e-02 1.676960247698838558e+00 1.244017404276389627e+00 -9.968761559172867326e-01
1.461201833595341171e+00 -1.693743212744937443e+00 -5.209540200081239636e-01 -1.396528848909109000e+00 -1.599091919238974091e+00 1.593150195721843243e+00 -8.287406841105592337e-01 -1.486125698128447636e+00 -7.508967041589297009e-02 6.791762548484113760e-01 4.444884088557131685e-01 7.750478685191301009e-01 1.080432421814161215e+00 4.926997709502450862e-02 1.437956484228286591e+00 7.850194402671368810e-01 -1.040366710152327956e+00
1.754111309421640064e+00 -1.185797523942367704e+00 -5.585689931957018572e-01 -1.687192490411188350e+00 -1.923418061812793844e+00 1.661317146006701329e+00 -1.124784949262428002e+00 -1.324527715510448012e+00 4.441320163183158920e-01 7.977787848114098468e-01 8.942974864923713962e-01 8.647719400052092942e-01 9.165279304484184042e-01 2.845804636722539249e-01 1.090792372933333754e+00 1.824612853315268068e-01 -4.985581547111887502e-01
1.863244281083802800e+00 -7.086516287387873980e-01 -4.735555764425768421e-01 -1.905237141329909845e+00 -2.154145238924122463e+00 1.622978572438124267e+00 -1.099928023601990157e+00 -1.053087785102836182e+00 8.635425313376502432e-01 9.241487480004340060e-01 1.282867377320569213e+00 1.078139097865378648e+00 5.578913561126011000e-01 3.643812754467926074e-01 7.051671566818977777e-01 -5.047613265765692470e-01 1.383230161745147291e-01
1.810896225511033686e+00 -2.363994073650767802e-01 -3.832136555541719170e-01 -2.021124674688368650e+00 -2.235707102427471948e+00 1.460815018671116849e+00 -8.565273799324679693e-01 -4.726142588496605179e-01 1.186410708901841637e+00 9.578900564826039465e-01 1.529709001890414699e+00 1.333389843494987126e+00 6.173715031508168749e-02 8.033486180978516300e-02 2.506036319146070501e-01 -1.158679387554612639e+00 6.212736402454119844e-01
1.618530053059211937e+00 4.023965584443010002e-01 -4.275129888068662232e-01 -2.061163853447498528e+00 -2.149348104462090792e+00 1.127564313072221935e+00 -6.473835611415315050e-01 2.927808115616268858e-01 1.476554292224641518e+00 8.256345915371687827e-01 1.625847022381604612e+00 1.547120851630562122e+00 -3.919500531764339435e-01 -4.557944448844480356e-01 -2.079509610596854963e-01 -1.592218443993211885e+00 9.219661210670538898e-01
1.337494150413095939e+00 9.737667069617829130e-01 -4.234398807630004868e-01 -2.158963183313296064e+00 -1.946999475870401008e+00 6.716241830963798343e-01 -4.552785147208193717e-01 1.016790394537449904e+00 1.830190927826203851e+00 5.472279725878559375e-01 1.558015195330335612e+00 1.661149884628460693e+00 -7.427487363315868896e-01 -1.031325354171547248e+00 -5.228549454057811463e-01 -1.762332173851275385e+00 1.182496526803268555e+00
1.021009703809978131e+00 1.052937981838499182e+00 -2.860511817685224001e-01 -2.276394449415183541e+00 -1.671646845486714161e+00 1.697862219175887977e-01 -2.208151893373992702e-01 1.596241930640136308e+00 2.192857003245497260e+00 1.546661314036490986e-01 1.320089343699723194e+00 1.602149965125695408e+00 -9.945366424408084161e-01 -1.463783551639005420e+00 -6.338095845927671501e-01 -1.720523807938149963e+00 1.508879136285526723e+00
7.245900555122862796e-01 6.838756942204827771e-01 -6.828039449132516925e-02 -2.285805784554421294e+00 -1.368032178934976750e+00 -2.667486808290587819e-01 -6.211566715466581429e-02 1.955837762474576413e+00 2.412902682358814221e+00 -2.478134252970337903e-01 1.038890617802443295e+00 1.415250414719142480e+00 -1.083287524635130117e+00 -1.567146723204062120e+00 -6.191024541927143687e-01 -1.608193161809038152e+00 1.766810502325933063e+00
5.561310135385856279e-01 2.337678954731963743e-01 2.159044579860520396e-01 -2.241378338075487253e+00 -1.196183332611241212e+00 -4.890876764356438255e-01 2.578527272249319172e-02 1.975839272934022617e+00 2.291917066832923400e+00 -5.653775592489851398e-01 9.608172739182917477e-01 1.273658415251180287e+00 -9.117838030519511694e-01 -1.331818617455012843e+00 -4.745379442632933209e-01 -1.601179567059353381e+00 1.757482410568184772e+00
5.490787930645970594e-01 -1.565673159341031961e-01 4.694061085235117226e-01 -2.211143204672350482e+00 -1.254857716453114058e+00 -4.916185110719498708e-01 1.024332318268342118e-01 1.602885368023967638e+00 1.780043978983270270e+00 -6.689207997958659391e-01 1.169532782760251743e+00 1.325441310218649305e+00 -5.187235384054189602e-01 -9.832227653589543648e-01 -1.612309067720833766e-01 -1.670786438106995231e+00 1.408887738921797084e+00
5.574351066124055842e-01 -5.284118643487267786e-01 6.843662628919755520e-01 -2.102874543560820264e+00 -1.362234613379629256e+00 -3.529713325454139627e-01 3.062887286424487709e-01 1.059884296093065448e+00 1.154565590788635188e+00 -5.457289131758706890e-01 1.398774580595147476e+00 1.476849147650419081e+00 -1.936224598218238002e-01 -7.597194426272380063e-01 1.488282250407586826e-01 -1.665634509760788307e+00 9.140480432520687870e-01
3.302950241177468049e-01 -7.273062635599941705e-01 8.519570192868741731e-01 -1.767726576081973811e+00 -1.253131810609156460e+00 -1.548240913684579001e-01 5.788845148540320285e-01 6.429390691198076935e-01 7.755528612795706822e-01 -4.533691943664963642e-01 1.331656673328730500e+00 1.460245169005321086e+00 -2.285345246514126349e-01 -7.697871591294352944e-01 3.461385874693245213e-01 -1.377567275757104026e+00 3.275166715951475793e-01
-1.735329948231615071e-01 -5.495704585639272777e-01 9.446352462229090641e-01 -1.157033421940510509e+00 -7.987352161962124608e-01 1.900931275042681834e-02 6.541869796007842019e-01 4.709044292897263118e-01 7.599121187425185164e-01 -5.541084938082788680e-01 8.838276363896097054e-01 1.099510383459638252e+00 -5.914325646365822253e-01 -9.604875626854131321e-01 4.218383411998242738e-01 -7.456834076947667089e-01 -4.330962978732538216e-01
-7.897433055444929018e-01 -2.058986845164192947e-01 9.509615265719878474e-01 -3.942438326010856975e-01 -7.727578106582251583e-02 1.613825780448845948e-01 6.829506004810318442e-01 5.269228809647101830e-01 9.831041878903057363e-01 -8.391808900991502007e-01 1.114678246980883858e-01 4.582802339094282362e-01 -1.091359486462734285e+00 -1.146943697470116375e+00 3.757604204455238239e-01 8.364270810322916444e-03 -9.666682435862307132e-01
-1.356704920298652750e+00 1.364682924734515468e-01 7.438756950530618361e-01 3.325008290311969872e-01 7.417044654728315312e-01 2.435591729838549324e-01 8.616122867604304458e-01 6.881123449089784350e-01 1.225682945375799804e+00 -1.251030776434471914e+00 -7.803486941636655905e-01 -2.893579044412810108e-01 -1.512057984854063175e+00 -1.105024896507124321e+00 2.629166915773719637e-01 6.670249557684461150e-01 -1.017101106501625996e+00
-1.732908447322753176e+00 2.985532205977075026e-01 3.737299846891139476e-01 9.011671536858150144e-01 1.542758212781017324e+00 2.673523556740257656e-01 1.081443797620342817e+00 8.574441190365760246e-01 1.320562785869834777e+00 -1.590063719820503874e+00 -1.501367409024225497e+00 -1.011038350996768420e+00 -1.690806147317363894e+00 -7.445296066002504709e-01 6.398008712921543495e-02 1.126372907613276908e+00 -9.257028407183940377e-01
-1.837571769491254114e+00 1.092625452474664666e-01 7.792129315712285897e-02 1.252128900869412309e+00 2.100254458897741205e+00 1.784487696490103248e-01 1.319885553749107654e+00 9.263971473840626469e-01 1.191241061514288102e+00 -1.685258472845940991e+00 -1.890067143055670584e+00 -1.498420667495684810e+00 -1.587019335100307016e+00 -2.180512508124471949e-01 -2.094381542824314546e-01 1.322243582537668383e+00 -7.182011963178694947e-01
-1.802221675930554490e+00 9.171856313236380343e-02 -3.186321583412476954e-02 1.435778079194092172e+00 2.309188183934999916e+00 -2.068838974720959289e-01 1.553376560853406252e+00 8.913831226815767117e-01 8.978839421520652397e-01 -1.635594300025736025e+00 -1.980517656595098819e+00 -1.636183063916875513e+00 -1.315244232679644076e+00 2.190582641784107332e-01 -4.348780295028844556e-01 1.317234200188665438e+00 -3.318978539802027172e-01
-1.695562756519298775e+00 2.946356381358403165e-01 -5.887804114215463430e-02 1.461050603298837292e+00 2.215894068483831969e+00 -6.980434005711783074e-01 1.434094000989356577e+00 7.421932820077061788e-01 4.971099917339661389e-01 -1.459495218697536512e+00 -1.747348029504686151e+00 -1.441049202238305016e+00 -9.945572360465461115e-01 4.481454100948092378e-01 -4.210602032673351203e-01 1.210902867333144117e+00 -1.792266400629907441e-01
