-1.537579941253148563e+00 1.753977189370694023e-01 -9.405583110708176653e-01 3.145576311038876804e-01 -7.366384403020745930e-01 -8.223300870668197315e-02 -1.094941119861212314e-01 1.369268718452951172e-01 -9.727568038162888453e-02 -8.220214196789621397e-01 -7.639834323733003529e-01 2.258391179520478631e-01 -3.480042658788912724e-01 2.153842967064244218e-01 1.150827423401948879e+00 8.523993494144046501e-01 1.452075206797294626e+00
-1.635389316736302057e+00 -2.465543744917546021e-01 -6.804487817781204040e-01 4.370226154753045940e-03 -1.082561893315477253e+00 -5.239227412489387836e-01 -2.456806675673561535e-01 -1.140698937155703169e-01 -3.400270119537986413e-01 -7.870926496748301693e-01 -1.459656213727295315e-01 8.857993600862256178e-01 -4.883872024813425972e-01 1.086388067687268227e-01 1.604827836638112348e+00 1.093021957381195008e+00 1.034267230181662445e+00
-1.415747292526446488e+00 -3.218292569526409186e-01 -9.505821561471558545e-02 -3.450780323307304220e-01 -1.317597434232322895e+00 -8.816974715045848843e-01 -4.307736529906525669e-01 -3.171812561686861986e-01 -6.301883301677063676e-01 -5.408921147940043417e-01 4.172354226999355209e-01 1.604834275624317463e+00 -5.660337202390417488e-01 -1.413792691042601302e-01 1.796882078838992314e+00 1.184044346723684082e+00 3.906667958434459909e-01
-1.232067972426215352e+00 -9.113106808496647393e-03 4.087768948381729217e-01 -5.425125345043350089e-01 -1.225878342352771266e+00 -1.079588127187421254e+00 -5.375773104414720560e-01 -3.705952500926585347e-01 -8.139388136454457356e-01 -4.780155466642792006e-01 6.467481579465106378e-01 1.998244263415000388e+00 -6.751982991330338635e-01 -3.206485699917295262e-01 1.799087200179681378e+00 1.156931428258002992e+00 1.072508716766567768e-02
-1.404943120816547486e+00 4.079691873359894139e-01 7.359461033209888647e-01 -5.042611829529893841e-01 -8.321446160080543386e-01 -1.164782044272341999e+00 -3.918056597896141247e-01 -2.402545189151940042e-01 -7.761939652947666968e-01 -7.063810020048651994e-01 3.786015016999942917e-01 1.940577178896683908e+00 -7.665611341306748372e-01 -4.310337940763138698e-01 1.679321747432868106e+00 1.165094591669109336e+00 -3.882387544420512482e-02
-1.704203470775465634e+00 6.744648296462104620e-01 1.157661448571807750e+00 -3.762958957367877333e-01 -3.775101856671257972e-01 -1.175116279905397132e+00 -2.251718128637551219e-01 -4.510650566181335919e-02 -5.959564819164188121e-01 -1.053804381910346644e+00 -2.524243319744858827e-01 1.658230470449117533e+00 -7.942118202921210068e-01 -5.068653666234319566e-01 1.514829134261544530e+00 1.253456079465873341e+00 1.400331224776052985e-01
-1.901334839563722179e+00 6.194963920817798675e-01 1.713924209113771191e+00 -2.599690143622757077e-01 -7.586097061912616506e-03 -1.139623819325572773e+00 -1.851733263411928787e-01 1.518944323085831827e-01 -4.335887485318079548e-01 -1.360912791932302301e+00 -9.337022172979813073e-01 1.318750481018951204e+00 -8.572453155844851347e-01 -5.085091871162046306e-01 1.331846178253825785e+00 1.376432552860096470e+00 4.833632210809146734e-01
-1.952647151277404181e+00 3.913517098546281381e-01 2.093332511305822763e+00 -1.267314786585305997e-01 3.032173960349004993e-01 -1.160685692915980782e+00 -2.534390520256716850e-01 4.207956409305119161e-01 -3.066882816200984796e-01 -1.575936036325114475e+00 -1.479817650796372286e+00 8.568666686572781188e-01 -9.521751021343574095e-01 -5.095120130133322656e-01 1.159561718332675406e+00 1.534153955995476215e+00 7.331069494213138249e-01
-1.775611701309272039e+00 2.136519687218780550e-01 2.285723350650574304e+00 4.248495087475962807e-03 5.464004031668008299e-01 -1.198201265489921008e+00 -3.941958405421976397e-01 7.128495196386863686e-01 -2.190794570554504272e-01 -1.789573360495047005e+00 -1.804176737655235563e+00 2.142279031177646009e-01 -9.726369715378764269e-01 -5.527699321331076554e-01 1.035715399597941788e+00 1.708868295515879598e+00 6.279670440166826850e-01
-1.308810719906548847e+00 8.589382668207040661e-02 2.433303199364750924e+00 -6.289058340994356511e-02 5.533596667118029222e-01 -1.078383864632361577e+00 -5.010763883012060438e-01 8.342493382463346263e-01 -2.572056334545062550e-01 -1.931253916003234927e+00 -1.855974869755055767e+00 -4.413321070010936542e-01 -7.406731229376277703e-01 -5.770612007176223468e-01 9.774036574685287526e-01 1.832727829781831463e+00 2.599557662603669272e-01
-6.432550317800864725e-01 -1.318739199286588781e-01 2.556485367812236120e+00 -3.734116629864620007e-01 2.682059772067630354e-01 -7.190698259130684500e-01 -6.194606835659109967e-01 6.598450460677955931e-01 -4.182212427221615458e-01 -1.812477328586746150e+00 -1.606754990631591662e+00 -9.154653740696405695e-01 -1.982969373355785714e-01 -5.328194382032368503e-01 1.000480165971302515e+00 1.793903524364394819e+00 -7.983577644782405280e-02
7.969220518345375426e-02 -5.905994965752834336e-01 2.643092941426229636e+00 -7.133233376831222827e-01 -1.303879689446766910e-01 -1.961277210780420777e-01 -7.753750458991900407e-01 2.191109028301274075e-01 -6.527963040073376799e-01 -1.361504190740677966e+00 -1.136849758078208872e+00 -1.130362100080285481e+00 4.973519841573913469e-01 -3.853099424720937138e-01 1.028243984920828469e+00 1.525145482660020146e+00 -2.046281244081245010e-01
6.740949031199263697e-01 -1.110276316570785404e+00 2.585695442112287523e+00 -9.669062620374028194e-01 -5.337993181543477794e-01 3.688165784129622815e-01 -8.554525206427708861e-01 -2.683075500410216363e-01 -8.913646934702547098e-01 -6.467950394488966026e-01 -6.157365968386230293e-01 -1.084051854563941042e+00 1.120556260501219592e+00 -1.586537009020095035e-01 9.781771846258363601e-01 1.115278791208063502e+00 -1.935221905270577136e-01
8.087057231298684368e-01 -1.304653059053332953e+00 2.244309387061480088e+00 -9.726342234156831745e-01 -7.895906942983997867e-01 7.162888939331998328e-01 -8.154661085936057985e-01 -4.725528574619147215e-01 -8.975228142258019348e-01 -5.554497464726795147e-02 -2.650752627884538359e-01 -9.599423917514456894e-01 1.286444123404135720e+00 -2.835227650180181021e-03 8.532211226090964384e-01 8.040975897267931272e-01 -1.699447058172057767e-01
4.810223845722007563e-01 -1.094394035370108931e+00 1.658050740430271786e+00 -6.546147772563355449e-01 -7.623174739554746671e-01 6.797897831365786736e-01 -5.958372794530536476e-01 -3.576450506297668142e-01 -5.610476756753532968e-01 2.150169127220087906e-01 -2.596441172716822954e-01 -8.976061585395780362e-01 8.867854916491573203e-01 -4.689848695862836730e-02 7.160452735395888002e-01 6.568997851466980009e-01 -1.583657682098794373e-01
4.717742345569945345e-02 -5.735169169852160076e-01 9.833759651185779438e-01 -3.103743036219454576e-01 -6.379815671563009438e-01 5.529936362075066336e-01 -1.573850169990756998e-01 -1.821227619854126345e-01 -8.421341642222510138e-02 3.675436704607476512e-01 -4.382648958379964377e-01 -8.714663966800338946e-01 3.289057341428079928e-01 -1.987342290963882707e-01 6.283660524236939215e-01 4.881152402631070419e-01 -1.920077245856074422e-01
-3.207846145114152669e-01 -5.346886539721305842e-02 4.065770812841290049e-01 -9.206231765157246727e-02 -5.121656998834720476e-01 4.970170064088392792e-01 3.499561200261687155e-01 -5.968816565805892815e-02 3.306903398633028734e-01 4.080778403422886669e-01 -5.426825872417959662e-01 -8.585535121061562691e-01 -5.993068264291879360e-02 -3.214308652778933295e-01 5.333416057383219000e-01 2.149719243504974175e-01 -2.437708691170220043e-01
-5.892780666977875947e-01 2.597488125748715904e-01 4.276261254290999667e-03 8.955149192674551062e-02 -2.353383485708337997e-01 3.900099302072022045e-01 6.799915428592969713e-01 1.912275930246446626e-02 6.444406834678243490e-01 3.115993463358445181e-01 -5.110188783776967725e-01 -8.681930080564095320e-01 -1.841138243604980573e-01 -3.465831186260885932e-01 3.763115968674729528e-01 -6.553240067812536596e-02 -4.210890961936041288e-01
-6.542263298970300012e-01 4.007521638437058220e-01 -4.222755337239121887e-01 2.833918490691140768e-01 2.064989678334119283e-01 2.663724112062217375e-01 7.133413158431238799e-01 5.534220062814645263e-02 8.830640668063731713e-01 2.509876017344227495e-01 -3.277488392060053934e-01 -9.324152690403125776e-01 -8.660297869364334822e-02 -2.170271619675766817e-01 1.627192692486567893e-01 -2.938864723932224643e-01 -8.051274666294788718e-01
-5.197180833816317236e-01 3.320822754780456409e-01 -9.404739731586598817e-01 4.643681482678934103e-01 5.841688940484718318e-01 1.183994001825254688e-01 5.127452145247415327e-01 5.712113908300050363e-02 1.023903660312096342e+00 2.294313168390163804e-01 -2.187048628921877194e-02 -9.644202898067651963e-01 1.527714089338066440e-02 3.994264324193923243e-02 -4.690717949240195278e-02 -4.159721316694560134e-01 -1.135602981158911007e+00
-2.614105154929711183e-01 1.852045231435897610e-01 -1.305216093516151421e+00 4.880692604205449925e-01 6.954926934598024690e-01 -1.070672600645722755e-01 2.463026540963842714e-01 1.852708182742112547e-02 1.000904943276265557e+00 1.849841163183026382e-01 3.722284487966381894e-01 -8.010742989991536112e-01 1.745498238882334935e-02 2.967363254600094424e-01 -2.070430653265061538e-01 -4.312512199455044715e-01 -1.180498794034122723e+00
3.471539153024968960e-02 4.037964244358150517e-02 -1.457451962275850832e+00 3.921692399880925550e-01 6.673961899436656742e-01 -3.781690678149920437e-01 5.683880468161232880e-02 -1.939672106121316172e-02 8.793675882126013033e-01 1.383171092583422856e-01 8.451403762787397245e-01 -4.588061201307685466e-01 -2.720330910732603191e-02 4.489257127269351555e-01 -4.038973713991950154e-01 -4.349914369868011499e-01 -1.072885793985829617e+00
1.955829632173266830e-01 -1.077470916157428765e-01 -1.478099086960811936e+00 2.881796530310682947e-01 6.984212713867415934e-01 -5.700691966887437845e-01 -7.170744566707006051e-02 -1.765621312861155590e-02 7.215179559181165159e-01 9.321679732547408226e-02 1.290857128081756011e+00 -1.291413533339562381e-01 -2.052920464697301564e-02 5.036458173697943019e-01 -6.363826394420214472e-01 -4.354559967180428592e-01 -1.048125386379223034e+00
1.497771204521428923e-01 -1.691159979134815861e-01 -1.290940937315461001e+00 1.329396938857702049e-01 7.728253464694410102e-01 -5.835652767293574295e-01 -1.759894050903672569e-01 3.475720907335545784e-02 4.622954365829634593e-01 1.438080538763254236e-02 1.599702748223904791e+00 1.108828606143651974e-01 6.419182322094608983e-02 5.365965901608199529e-01 -8.006932943125297797e-01 -4.417657701733084807e-01 -9.892488861813045764e-01
-7.687461650922067236e-02 -6.046987457256509935e-02 -1.041982458499079556e+00 -2.741413565596751215e-02 8.845449915448034828e-01 -5.112371353501267146e-01 -2.693681954764785558e-01 1.731392124202144611e-01 2.150665310659449769e-01 -1.408216229889238114e-01 1.766559874640154959e+00 2.875934036506198055e-01 1.041154314187476004e-01 5.668346545285007920e-01 -9.116685855155103324e-01 -5.243460381562724537e-01 -7.418436963292459607e-01
-4.086457565099531064e-01 2.789364121780329997e-01 -9.096956344443036802e-01 -1.162118957101047623e-01 1.106208581108400590e+00 -4.647528572263847080e-01 -4.186696277640971631e-01 3.834391146459421029e-01 1.395828568041821149e-01 -3.195965971056614618e-01 1.772739436117692469e+00 3.715765475291613051e-01 4.633516802766588644e-02 5.358662315187986414e-01 -1.007224307740410607e+00 -6.949748130287141112e-01 -4.885317786919323724e-01
-6.904720476953603026e-01 7.892817504594072942e-01 -6.898956578463734113e-01 -1.949338966437196285e-01 1.307330730608147862e+00 -4.380636013503098058e-01 -5.438823364087621570e-01 5.448206396463614043e-01 1.472872778183182962e-01 -4.941038106301225419e-01 1.593894797034246080e+00 4.359764555191329993e-01 -1.375140960809489443e-01 4.383351663203606807e-01 -9.578132300799802046e-01 -8.692919078740460881e-01 -3.259377007872289456e-01
-7.892431554772124658e-01 1.181013790021259613e+00 -3.665063984309919198e-01 -2.952078954423424939e-01 1.291757696271308431e+00 -3.756872156041235478e-01 -5.239052359981715146e-01 5.781989070358060090e-01 1.272954445607190344e-01 -5.511621796537251594e-01 1.264109413139040905e+00 6.134674483951531032e-01 -3.961949507427888761e-01 2.970506130375833442e-01 -7.375679800524008733e-01 -9.670588562419302203e-01 -2.136692370819292530e-01
-7.649210729477555759e-01 1.197082711688189249e+00 -1.349777685430118002e-01 -2.339180289875451013e-01 1.113515748463890453e+00 -3.853142231785262606e-01 -3.609646962858610864e-01 5.758471530697487628e-01 1.170497222233645301e-01 -4.961215145145546623e-01 7.307050893042197348e-01 6.034063934953951547e-01 -5.595452872544663947e-01 1.290759193890736178e-01 -5.101702271049900483e-01 -7.884016677931486861e-01 -1.432698983913419655e-01
