-1.546243588040075112e+00 -4.503052401108236652e-02 -7.405934763241457386e-01 -4.751087041832479096e-01 -5.174795215718140939e-01 2.975918029258395325e-01 -2.567035384771748294e-02 -3.700141464778590183e-01 -3.852377295029341120e-01 -1.031968271591082509e+00 -4.196273195297894332e-01 -6.719768889914352894e-02 -4.066441632395003669e-01 1.173945323497488147e+00 1.722126177026054528e+00 2.088287354744701396e+00 5.449146809858316232e-01
-1.426403717218006406e+00 -7.978658318775928848e-02 -8.891485440195520118e-01 -3.313990877774760646e-01 -5.352137413027139301e-01 1.078745012202618342e-01 4.868932800278941153e-02 -6.592021196621820067e-01 -5.057699800839022819e-01 -8.183394022911935073e-01 -1.935415620380617208e-01 -1.160637626934986066e-01 -5.033708472124550637e-01 1.147520236440772612e+00 1.807830192981651596e+00 2.077567736137023946e+00 4.960919623309021920e-01
-1.188893918640685943e+00 -2.620359494967164013e-02 -8.468029010774118515e-01 8.342640863734632206e-02 -3.226175207569764170e-01 1.892424511198252945e-01 1.678912236978470085e-01 -9.747861942371451871e-01 -6.860769941225105528e-01 -4.086195878738609344e-01 -1.453553786003331794e-01 -2.897068690045130901e-01 -3.750440241508982142e-01 1.125234861994667934e+00 1.545061096232638986e+00 1.739442521182063439e+00 3.271704979097518895e-01
-8.364141519849056516e-01 -5.653341712904433325e-02 -7.127851219702688867e-01 5.074148008679917332e-01 3.215775353711474577e-02 6.033191591970935574e-01 1.333102791222081362e-01 -1.237017885642102799e+00 -9.205032249226237084e-01 5.179810360871246744e-02 -9.264825425402328785e-02 -3.816261441096982510e-01 -8.744256104582898148e-02 1.061653354398901961e+00 1.086347148767968784e+00 1.126103027614243857e+00 3.190265058078164961e-01
-2.409719109490675026e-01 -5.318987116749333000e-01 -5.992350611879823097e-01 5.950647550629405425e-01 2.286301591493324625e-01 1.164526910662746273e+00 -3.103398779931166793e-02 -1.396282365829744299e+00 -1.119408495714469876e+00 5.496665366216625381e-01 2.305415995217802161e-01 -1.730365577591474469e-01 2.916472753778478477e-01 9.803649863503232087e-01 5.747367655164884459e-01 3.368733809988547212e-01 4.523140871100870264e-01
4.158623099879660834e-01 -1.206618915707300399e+00 -4.034366343296982294e-01 3.244480433313048917e-01 1.786836664601977875e-01 1.554819654913344396e+00 -3.947612541933250702e-02 -1.339318686475630793e+00 -1.188069326526302483e+00 1.031232167550135914e+00 7.107521480275754699e-01 1.857274527197296521e-01 5.985281158406614566e-01 8.270884933393714000e-01 -2.581275606009753726e-02 -3.262102683785542689e-01 5.811363457818361500e-01
9.379768036034253909e-01 -1.544706822986885664e+00 6.572966739301705497e-02 -1.263473733458767567e-01 -4.481029050506829536e-02 1.763818824875639235e+00 1.110318951369766161e-01 -1.013457396585381254e+00 -1.210710923359611169e+00 1.298773983875469717e+00 1.164488506567809889e+00 4.643630396964754103e-01 8.004891779692583365e-01 4.912816534706092586e-01 -5.978279269095830850e-01 -6.884637574751351075e-01 6.295029844538909680e-01
1.257927445265183408e+00 -1.559031211017373408e+00 7.148595831991305660e-01 -5.342062307343697913e-01 -2.376556648476604860e-01 1.868786839817984546e+00 3.083573978711787733e-01 -4.761914469077683787e-01 -1.108888527719336548e+00 1.291933824204425152e+00 1.517762296022176827e+00 5.051918996417287255e-01 9.508738824830258451e-01 -3.367702149158211672e-02 -1.080471641879810374e+00 -1.008801212428943828e+00 4.512711307568283425e-01
1.401048006162119997e+00 -1.489123554132517180e+00 1.214298092546180818e+00 -6.799941100937529903e-01 -1.456109236035804388e-01 1.613557838639435360e+00 5.255666423333448245e-01 1.626568651524775699e-01 -6.894033329879043492e-01 1.154028118349644139e+00 1.710419853794481693e+00 1.244856685478899772e-01 9.685381227030257500e-01 -6.722601911905182748e-01 -1.583193846697277696e+00 -1.412681661274890921e+00 3.836195701609472920e-03
1.288957825796853474e+00 -1.194374631580219948e+00 1.372705914246477255e+00 -5.822523598008635393e-01 1.807745776911513225e-01 1.010784911684578180e+00 6.098087609427930156e-01 7.612280645968527715e-01 -1.194432078635445206e-04 9.027916795725483556e-01 1.703180305947772810e+00 -6.131900402262112637e-01 7.468196509866724675e-01 -1.274300751066992365e+00 -1.943588898525161257e+00 -1.623223784002145731e+00 -5.303380039543925673e-01
9.048025668375382358e-01 -7.567919865999507278e-01 1.255335584235179658e+00 -4.569666718075734435e-01 4.689364858501979816e-01 4.802867848240299775e-01 4.493947155293184226e-01 1.159975448625911065e+00 6.747815974051031285e-01 5.076754171000852356e-01 1.606072315102227810e+00 -1.254650266979357776e+00 3.916679789684046620e-01 -1.638827432230012704e+00 -1.953095111495385172e+00 -1.538525748473543064e+00 -8.918073591169678460e-01
4.202889628496259689e-01 -4.760962941607987386e-01 9.229010780515872758e-01 -4.067929902313699442e-01 5.691644581783715795e-01 1.943280934049724240e-01 2.448986320995972521e-01 1.189082466954511474e+00 1.078562853552250012e+00 2.103935728430669783e-01 1.654887548181614987e+00 -1.546284499261837420e+00 1.040602788307064541e-01 -1.595445510271737977e+00 -1.686707036060465015e+00 -1.335982266910012095e+00 -9.526995818781585079e-01
-2.284661542894846423e-02 -2.900656741604842881e-01 3.642403131552984785e-01 -3.683234749545589715e-01 5.007994011650207522e-01 2.816303390167254443e-03 1.618706798406534808e-01 8.056874159005247282e-01 1.137906524948154807e+00 2.010178224642303613e-01 1.829864166319350005e+00 -1.519870810139394068e+00 -2.487751220763644022e-02 -1.179951137220749180e+00 -1.250818394374174192e+00 -1.080783758098312175e+00 -7.214665750728936899e-01
-1.852093396653317903e-01 -2.767114792413304884e-03 -3.852879377444393683e-01 -2.222591627323911023e-01 3.884181531412340127e-01 -2.261064590075560488e-01 9.275352686107039835e-02 1.910314056039934538e-01 9.591650273147952488e-01 3.051624499708535665e-01 1.869171942587304569e+00 -1.228844960920977947e+00 -4.558762938774829632e-02 -6.253745983721012980e-01 -7.923960431779110136e-01 -8.040873394497844995e-01 -2.800711744405791070e-01
-3.463872509862878785e-02 5.044522182713869762e-01 -1.231979522661278414e+00 9.314016796431605349e-02 3.367305756078816659e-01 -4.652831263875613632e-01 -2.497443123804433604e-02 -3.752763623936660187e-01 8.056331610794793541e-01 2.817293490926927046e-01 1.624622473338103390e+00 -8.674543555172257170e-01 -1.263124484151250393e-01 -1.431903838251812333e-01 -4.767757025778140978e-01 -6.235686909112060361e-01 1.968034636606922072e-01
9.388683222327291744e-02 1.195161786700591700e+00 -1.988198022982736735e+00 4.984620600884585029e-01 3.845253454457726594e-01 -5.948517525758679758e-01 -9.215254282764430427e-02 -7.200948722326337981e-01 8.554939420108509385e-01 9.578623011802382681e-02 1.143555716114443843e+00 -6.655871479830485216e-01 -3.613871922609565024e-01 1.030426794368672350e-01 -3.069771776908042371e-01 -5.708910100149462430e-01 6.203421200843629579e-01
4.190993147799844387e-02 1.795839760734364576e+00 -2.534762006559227121e+00 9.082530543814961721e-01 6.281485534089689127e-01 -5.412876134092993174e-01 -4.216012135754845097e-02 -8.191336122968781996e-01 1.233823073165501327e+00 -1.451669512407433027e-01 5.281821919641724872e-01 -7.142750087153222349e-01 -7.369472480121550539e-01 3.855968227862932064e-03 -3.678733251243329061e-01 -6.017974389634793697e-01 9.529099154658097204e-01
-4.953139275996884527e-02 2.095442183322223872e+00 -2.813886216439698273e+00 1.277407552616160125e+00 1.071914433759786123e+00 -3.896722706650825319e-01 4.535950995887340353e-02 -7.362025866060039059e-01 1.890293026072839222e+00 -2.712798187693676866e-01 -1.434222924387702769e-01 -9.534992164637040579e-01 -1.158820211231513353e+00 -3.609925773340250665e-01 -7.143437833535595249e-01 -6.531143014759371868e-01 1.085086079134298442e+00
-8.189836093265905059e-02 1.962458140968990294e+00 -2.691021668297902902e+00 1.445771829034464551e+00 1.476765648278436815e+00 -2.361717266744764177e-01 2.132476080375904359e-02 -6.071429358915254593e-01 2.386023637577905365e+00 -2.542209189216136922e-01 -6.706171678410398629e-01 -1.113324158748221882e+00 -1.461893507980838613e+00 -7.851188553840139361e-01 -1.015490638962667891e+00 -6.134099721901195013e-01 1.032001036333749289e+00
-6.020054994307284801e-02 1.483294263397469948e+00 -2.146133480490160839e+00 1.263023207325275621e+00 1.566697949238642584e+00 -1.119720377621091500e-01 -1.102481048283536769e-01 -5.616581289463475901e-01 2.438214090942973922e+00 -2.576111076682294221e-01 -9.012890399557572652e-01 -9.220264301062588430e-01 -1.538962482119848874e+00 -1.109327567210010024e+00 -9.154887893454665138e-01 -4.324233077461120955e-01 9.390995467901209759e-01
-7.425492390108613498e-03 8.715639296432412531e-01 -1.345677218187873336e+00 8.126658555042048926e-01 1.284135259450331690e+00 -8.718246777974283934e-02 -1.824508728243733058e-01 -6.332681022663214643e-01 2.078876731693523716e+00 -3.301172779171179239e-01 -8.875184023782655141e-01 -4.146584617014396068e-01 -1.289339032464414725e+00 -1.185586201394050354e+00 -4.714163104115256520e-01 -1.342255293134100025e-01 8.230351558889494878e-01
1.014409981397789220e-02 2.717820600325678293e-01 -4.648124650859213891e-01 3.194322384273867166e-01 8.784405170467681767e-01 -1.599038778760817348e-01 -2.399949353884033021e-01 -6.899448031103533330e-01 1.526712512795916021e+00 -3.310268219987351213e-01 -6.932278120832838786e-01 1.363454549806656646e-01 -7.971887083932196472e-01 -1.008580432934200077e+00 -1.171091728930263309e-01 1.258246790979989371e-01 6.624960347739796696e-01
-5.481786912076235668e-02 6.722490628223690146e-02 3.918983623639348823e-01 -6.502865931968597468e-02 6.288760186349908743e-01 -2.457996523945733536e-01 -4.367850416283876047e-01 -5.599556978124611284e-01 1.142769383422710838e+00 -2.139318959548317800e-01 -3.159141647909337047e-01 4.942857498810366845e-01 -3.674141697663178552e-01 -7.213027223090967555e-01 -2.353875802186903843e-01 9.346252105010127709e-02 4.686965911764687798e-01
-2.162364293156320005e-01 2.440097055308904639e-01 1.008874641801599470e+00 -2.615855330391930189e-01 5.529951836102430240e-01 -3.040423484331459258e-01 -6.724979159449527844e-01 -2.294535909475095281e-01 1.079318414361833733e+00 -5.552091590792727904e-02 2.086537892255530269e-01 6.012898190776277962e-01 -1.045963487581017259e-01 -3.810526373904156716e-01 -7.906618195872696653e-01 -3.123413053455520449e-01 4.287245224107596453e-01
-4.772777548706957362e-01 3.504940787800044921e-01 1.223014170497676467e+00 -2.378934848045444750e-01 4.834282073305465333e-01 -4.258189370668705176e-01 -8.140205218141089993e-01 1.956332389230120705e-01 1.186726527089029704e+00 1.140371436428644497e-01 6.986333651591776217e-01 5.779539886893850786e-01 1.088549081043935773e-01 4.720699437349351602e-02 -1.455980716193889135e+00 -9.699626954421042280e-01 8.152192152251526158e-01
-7.412414284216286564e-01 1.577596982230282108e-01 1.150910482728452866e+00 -9.023114728791742367e-02 3.278691827577612239e-01 -5.863989377491556354e-01 -8.881838578785378191e-01 5.667478268807154551e-01 1.263881317466441390e+00 2.592818294231918341e-01 1.055511595868887431e+00 5.256191286871937374e-01 4.261545345882060132e-01 5.648090670406629155e-01 -1.939939617828037699e+00 -1.614059485192604004e+00 1.277189914434418982e+00
-8.883440067405719009e-01 -3.020022147579444760e-01 9.340665599227926386e-01 -1.603884531082370307e-02 7.669756741235347897e-02 -5.373316295001925313e-01 -8.373547318262726247e-01 7.201460307697366003e-01 1.166496308210617228e+00 3.030484559198753369e-01 1.287860843663682031e+00 5.659268577146358004e-01 9.522569715110156263e-01 1.040401584989512074e+00 -2.051482442606825440e+00 -1.966957621290968961e+00 1.416476343014129391e+00
-7.952460518459828487e-01 -7.074360647315092177e-01 7.603700435160218873e-01 -1.280749530606981046e-01 -2.368564060519895431e-01 -1.784768192872934200e-01 -6.411703208483482408e-01 6.457371693254735368e-01 9.095325665404969673e-01 2.764724562016374065e-01 1.273351582465730880e+00 7.067909882725602611e-01 1.605509174189199584e+00 1.186181432712631434e+00 -1.783252236480377784e+00 -1.964839694379691526e+00 1.437002685112275246e+00
-4.200543327109488856e-01 -8.918982858550656978e-01 7.073127082598059667e-01 -3.795676813427850127e-01 -5.125638061912064503e-01 3.990265368081518660e-01 -5.108801046847756266e-01 4.561249714078904893e-01 6.108709088509172158e-01 3.087686472511056990e-01 1.005556437675015458e+00 7.307111335097737914e-01 2.140135322548037511e+00 9.038510920456958031e-01 -1.298953850251420628e+00 -1.679920958794166808e+00 1.532413351032904103e+00
5.699576945038286463e-02 -1.030384163928589780e+00 7.302399003947247502e-01 -6.631993340601094467e-01 -7.186113233986159976e-01 1.046059588918828664e+00 -5.618153240647930646e-01 1.796920726366037779e-01 2.649161076164691653e-01 3.634070792486805979e-01 6.973664628982716440e-01 5.805144994851699769e-01 2.378109706021614311e+00 5.285332454872440078e-01 -6.736225136378046763e-01 -1.200603898524001067e+00 1.611502842055228202e+00
4.083303917495957891e-01 -1.284130719454831260e+00 9.083821748842225707e-01 -8.729782554377012449e-01 -8.863829020935093395e-01 1.508657913497021053e+00 -7.408381462097370918e-01 -1.762050977567773680e-01 -1.516588634062323304e-01 2.785229290000721392e-01 5.184368968160661950e-01 3.801109320278578951e-01 2.301228837444309949e+00 3.795549452939816493e-01 6.010850382975919254e-02 -6.459452388155483282e-01 1.759280522415336501e+00
5.074098434214993070e-01 -1.662852571505079036e+00 1.158608906237331260e+00 -9.473406733005528269e-01 -1.054785659293003386e+00 1.596487976046649493e+00 -9.253108739549817940e-01 -5.277224002296002636e-01 -7.245164995852961809e-01 2.120948637020732969e-02 4.639227795535935672e-01 2.906116230981290460e-01 2.111901983302503005e+00 5.332405502943017295e-01 8.236764967994288922e-01 -2.984884510337111607e-02 1.988969283339759198e+00
3.420919708459583264e-01 -2.087734259076988952e+00 1.260497379729037970e+00 -8.919050607815918186e-01 -1.169881573882912473e+00 1.287437660490816427e+00 -8.696939464502245754e-01 -7.461930825132132572e-01 -1.445289660051925384e+00 -3.064851547237895657e-01 3.490526797843532814e-01 2.485535703701325094e-01 1.972369417062599162e+00 8.723587925531114395e-01 1.509808972700847685e+00 7.307240053791973500e-01 1.989307844635090028e+00
1.070677068592399903e-02 -2.274489241486522761e+00 1.136316316613195987e+00 -7.965390744078021390e-01 -1.117001232257098131e+00 7.509200957059283255e-01 -6.395388045564736057e-01 -7.696262816999273060e-01 -1.981428661968138716e+00 -5.980853173539524281e-01 -5.456101026079144579e-03 1.079220804943734069e-01 1.795097835720973256e+00 1.051373966956563155e+00 2.011884895474815416e+00 1.592671348703677880e+00 1.718958281564814561e+00
-3.519622092297944316e-01 -1.730025670696248019e+00 8.059355021128640217e-01 -7.106492461289017903e-01 -9.127747285426145440e-01 3.453438279219660512e-01 -5.327437213640622282e-01 -6.885029905084891766e-01 -2.098337685353956594e+00 -8.297232401068745933e-01 -5.341312237986564071e-01 -5.829613304680944519e-02 1.513180557891409928e+00 8.313350308650981901e-01 2.231524780771931393e+00 2.410328184046869104e+00 1.380806127514240256e+00
-6.794180705312459212e-01 -5.368776661473892986e-01 3.034881221197099910e-01 -6.389091859263222872e-01 -6.854349938908277373e-01 2.277051298492957232e-01 -5.418392793789548190e-01 -6.504272421094127177e-01 -1.875376216686750697e+00 -1.064562642423656502e+00 -9.650675685625845768e-01 -1.327286633516747139e-01 1.145986523530633017e+00 4.176947137904836183e-01 2.270427876386529320e+00 2.993004063441491169e+00 1.239368471519002979e+00
-9.002525590942924705e-01 4.793763221367541294e-01 -3.529211273567333107e-01 -5.761779078886204442e-01 -5.085348452781471851e-01 1.967422977203697187e-01 -6.500476965292508735e-01 -7.210068418993318407e-01 -1.460049424004840057e+00 -1.302772617233832753e+00 -1.144067490777306073e+00 -8.369443036628325394e-02 7.596739492458315368e-01 1.500634592158502922e-01 2.366140364504508042e+00 3.275412084150977066e+00 1.188825807766945131e+00
-9.464613206237374454e-01 8.945618628519697024e-01 -1.059671560624350972e+00 -4.378362326708923891e-01 -3.409667514614405093e-01 7.204516964086803144e-02 -7.840603726252260985e-01 -8.611261693850942311e-01 -1.012239233366420965e+00 -1.494352944548140938e+00 -1.160595071419750379e+00 2.012680384292421434e-03 3.673404488026184023e-01 1.030837072630928636e-01 2.446975808071487624e+00 3.441154804840081294e+00 9.170084690696418406e-01
-8.259934539556071931e-01 9.294655551799972937e-01 -1.598859478095076225e+00 -2.737678292853287232e-01 -1.700433632195971212e-01 -1.019822278659216624e-01 -7.836749547362258372e-01 -9.350240508527545291e-01 -6.798075475834478576e-01 -1.628148105898399089e+00 -1.093263503815706583e+00 5.843003679119562754e-02 -2.204182406528660057e-02 1.421977658714337067e-01 2.347854081160214879e+00 3.523770842414000626e+00 6.654441403854960413e-01
-5.659236121274922038e-01 7.287028038546448094e-01 -1.793537148840835815e+00 -2.426066234288043189e-01 -5.465287643534581102e-02 -2.712082060041129949e-01 -7.285197532001080889e-01 -8.612681261386818665e-01 -4.995899770255518568e-01 -1.612612361880489287e+00 -9.484668862961398439e-01 1.387799279366527250e-01 -3.152601727967574985e-01 1.065557742835639560e-01 2.134186954104632328e+00 3.339957823242391211e+00 7.293135728586501720e-01
-2.509729783815138338e-01 4.443212505017142266e-01 -1.561647794598739480e+00 -3.467340557891925856e-01 -2.638421888033896240e-02 -3.340156411341397846e-01 -6.819038715108527438e-01 -7.265592785743688609e-01 -5.122779229068635809e-01 -1.366842903350353078e+00 -7.908534987279638440e-01 2.392531996979128106e-01 -4.875844553717983421e-01 1.533456245267740201e-02 1.916106369847853097e+00 2.819041571336144969e+00 1.114824308079119364e+00
5.315501252911983276e-02 4.313156412609944201e-01 -1.008601917110484747e+00 -4.697156933848727900e-01 -8.779839333087886832e-02 -1.867274199413329894e-01 -6.629923582111715286e-01 -6.263805156357025172e-01 -7.915955642028248418e-01 -1.015472782168500343e+00 -7.085498788422543992e-01 3.265712038122706717e-01 -4.458379809398442251e-01 -1.016872910772692769e-02 1.701458307486446664e+00 2.136585243952604074e+00 1.561534340267356491e+00
2.689348997044456735e-01 6.298098412673528435e-01 -3.236611099579356221e-01 -5.014736358342903877e-01 -2.066059796489212730e-01 1.518546380559082296e-02 -6.317113643478753371e-01 -5.378978202208642978e-01 -1.231164021849551871e+00 -6.804343528130449847e-01 -7.519648279359215648e-01 4.559572940906945759e-01 -1.226650426696444252e-01 -4.216927901669494799e-02 1.434780599246776367e+00 1.467372977334608253e+00 1.798631109905312497e+00
2.643055443037248819e-01 6.862749797117603245e-01 3.177454723748545096e-01 -3.843966071038335541e-01 -2.577072432046500494e-01 6.866718114413142282e-02 -4.761824156739965508e-01 -3.100188874111095561e-01 -1.464055855567659714e+00 -3.869125354178659659e-01 -8.493497047554336987e-01 5.229874042545200608e-01 2.245991320942244684e-01 -1.846825721826346745e-01 1.019030735552965083e+00 7.519460130549593391e-01 1.866432422204296060e+00
3.535751972044591518e-02 7.229965071246051700e-01 7.962382201835397355e-01 -1.347945083487981366e-01 -1.622773057058727875e-01 -1.801301499140109397e-01 -2.239917347339543952e-01 2.007589341089515145e-01 -1.201885786666957223e+00 -1.994437828968869952e-01 -9.590136546731955480e-01 2.411103597702549117e-01 2.759496193582994805e-01 -3.439512192956252212e-01 4.072499154982066050e-01 2.556468773275736087e-02 1.661167124322611155e+00
-3.125597792288246635e-01 8.210990319561306539e-01 1.096712319860059015e+00 1.511331347643251055e-01 2.986417334236968722e-03 -7.187206880811962684e-01 9.221000705263167341e-02 9.239888026310362212e-01 -5.287112753555018863e-01 -1.415198587893946869e-01 -1.201161549463720446e+00 -4.909876238699986128e-01 3.725864363862579215e-02 -3.599823084651108673e-01 -2.400217230131373169e-01 -4.518489506182817306e-01 1.153848109032619362e+00
-6.917021232323206092e-01 8.062015061075062938e-01 1.298905747978863712e+00 2.883590149577044959e-01 8.564706419030912454e-02 -1.166911149567898098e+00 4.357876644226469365e-01 1.644355973950247352e+00 2.738057374981985870e-01 -2.021229638441091048e-01 -1.564278217833236395e+00 -1.297384146139470618e+00 -2.400216917565007879e-01 -2.285849106461892710e-01 -6.627253041949028312e-01 -6.168181902160542185e-01 6.835524592215733719e-01
-1.078286770317124832e+00 7.883771696894246173e-01 1.531853365501284925e+00 1.348103338413248753e-01 -2.418671588015403051e-02 -1.215445679892141362e+00 8.759781257320797820e-01 2.242953216091760016e+00 1.036699566108755466e+00 -2.901378271202570414e-01 -1.906975980613542454e+00 -1.823387567688190769e+00 -5.411103857540563444e-01 -1.299765516324103420e-01 -8.287423393052659737e-01 -6.358605587023444805e-01 4.111117709499995110e-01
-1.281603556565896085e+00 8.485854112817389217e-01 1.715093785774471691e+00 -2.162847747566451762e-01 -2.598269520513802333e-01 -8.399932026232803661e-01 1.475002077113258148e+00 2.643990615635797514e+00 1.581564573511631266e+00 -1.954038876438704830e-01 -2.123929579511268262e+00 -2.036042870231876467e+00 -8.137462802800774497e-01 -2.201480910373277422e-01 -9.415513400378884290e-01 -6.640803889377189240e-01 1.135442610249407097e-01
-1.220309864595395144e+00 6.889743528421995444e-01 1.790708893911888921e+00 -5.112282620781664066e-01 -4.352275578583389981e-01 -2.403637688161714414e-01 1.976445795872180167e+00 2.677497475140079075e+00 1.609628831792884407e+00 1.143259606123007005e-01 -2.090973590780808244e+00 -1.745332175309806999e+00 -9.164225875475211502e-01 -5.196922176391185477e-01 -1.010439574769471216e+00 -6.884031328587825183e-01 -3.641671445498728676e-01
-1.086328598387015676e+00 1.565967548960617572e-01 1.816745542876115449e+00 -6.690462877025895594e-01 -4.833612887157728299e-01 2.696710809221741778e-01 2.017469627161406542e+00 2.233410528542635998e+00 1.118529749562115816e+00 4.109562208035647535e-01 -1.680656658062007036e+00 -8.662570113647941605e-01 -9.747708271544213154e-01 -8.696187894636233651e-01 -8.227926258034720108e-01 -4.553188110113121634e-01 -9.332916058455311692e-01
-8.286376799880715849e-01 -3.680525623357556175e-01 1.596611903441403024e+00 -7.382254317935288412e-01 -4.510782268768131487e-01 6.355979019749250503e-01 1.513951414455224631e+00 1.437058881862853577e+00 4.799467719110324659e-01 5.539932025491826062e-01 -9.648265964132094474e-01 2.855767928920630028e-01 -1.080921803891483624e+00 -1.040511936747325006e+00 -4.219590671568065332e-01 -9.112670694485647607e-03 -1.345405310891530259e+00
-4.013859023701203399e-01 -7.170319509794080837e-01 9.987789432064789752e-01 -6.983028103514435925e-01 -3.639547912696766696e-01 8.468993848161682214e-01 8.155476204526075357e-01 6.035034776025522962e-01 8.474479546529652130e-02 5.756292042881948623e-01 -1.824875915585893182e-01 1.315162659786782040e+00 -1.216316344962253160e+00 -9.612907830171100176e-01 -6.820459641348634861e-02 2.122534955392008371e-01 -1.398141034365839586e+00
