-1.622080958766618231e-02 7.560769510853301290e-01 -6.066970520917464027e-01 7.000352483177266216e-02 -2.085424808925986639e-01 1.765389547011261717e+00 -5.020142190041975150e-01 -5.254754164768706826e-01 7.137888803472702826e-01 2.124648936299556867e-01 -1.826213147034741191e-01 4.316025613084704671e-01 -1.582990858287701072e-02 -4.846014175161883486e-01 -3.605848753310123694e-02 -1.762117593808875393e-01 8.387384872455608820e-01
8.075321481562612591e-02 7.094523539803393453e-01 -9.258981144468593216e-01 2.294122125264146939e-01 -3.632044246566771828e-01 1.567952100703074336e+00 -5.746003834700614821e-01 -9.010059301231048146e-01 4.579865555748189321e-01 1.124478917050972804e-01 3.217616428833901948e-02 5.116646685566914599e-01 -1.887318711646011338e-01 -4.861026270909373226e-01 2.320512965775369529e-01 -3.354882115166581136e-02 1.394078335156977433e+00
1.012914156165027751e-01 5.533689208988232799e-01 -7.964875680581446904e-01 1.653369509588060726e-01 -5.969515362687837223e-01 1.157578316313099487e+00 -7.408679727206224364e-01 -9.956592046191456991e-01 -2.482855519195136529e-01 -3.316965079767134617e-01 1.745785763038889271e-01 4.958237847902987605e-01 -2.207619851014208101e-01 -4.572057984932356156e-01 7.666171137320983986e-01 3.720503713584624172e-01 1.815846316390484771e+00
5.112577561627595218e-02 5.461885306901728132e-01 -3.723932437498534420e-01 -1.509983153704157893e-02 -8.060885583111144781e-01 6.652490724890089968e-01 -6.610464097984718457e-01 -9.042985478859586479e-01 -1.141830085174409648e+00 -8.363172687389177629e-01 1.104445290174360245e-01 4.221799600549381304e-01 -5.809514713865798069e-02 -3.854129489484671711e-01 1.309695176331995281e+00 8.990343381911015674e-01 1.998071352047489979e+00
1.170604242118656602e-01 2.950119817977256975e-01 1.498998500586285476e-01 -3.499401451040162758e-01 -1.046635701922613793e+00 1.799144933057136297e-01 -5.514264315056280896e-01 -7.390044184348333323e-01 -2.023364029459583602e+00 -1.237037557770803486e+00 1.024061160029821407e-02 4.192881227129923172e-01 3.315124062128623206e-01 -2.414188147381617910e-01 1.808888898312883686e+00 1.459495840700937741e+00 1.737292768043873892e+00
2.037113231417017056e-01 -2.274812779783234318e-01 7.014021243731255462e-01 -7.063426641689086738e-01 -1.207298235633963435e+00 -1.105610476757423882e-01 -6.970372250171893436e-01 -5.936492941148354685e-01 -2.689185046908389332e+00 -1.531130753464548411e+00 -1.036967047799668140e-01 5.186727437076809055e-01 7.902037504217989117e-01 -1.177948310140900096e-01 2.248817132643323280e+00 1.940124729331433873e+00 1.134605221741158410e+00
1.130883592307857788e-01 -5.892623010524158378e-01 1.326868255866965329e+00 -9.043200960456300175e-01 -1.172768321710692119e+00 -2.568303713485990403e-01 -7.873909078021890107e-01 -4.377628188634516970e-01 -3.026018970038761857e+00 -1.659777936739976090e+00 -3.865564882325017715e-01 5.205772037674990527e-01 1.123734240636718340e+00 -4.180245126807922290e-02 2.505317868742178877e+00 2.293659715785025810e+00 3.804532200928220087e-01
-1.550663805393137085e-01 -8.202550631858182006e-01 1.926783114847564704e+00 -9.059814360235829422e-01 -9.620175389712133374e-01 -3.624462664042107929e-01 -5.845625324873464645e-01 -1.392298873314081475e-01 -3.084655885413430720e+00 -1.775802099890744001e+00 -8.266039924214382273e-01 1.801596889914192368e-01 1.348174333008017589e+00 5.405993090930134165e-02 2.533917454240780742e+00 2.522250265383822132e+00 -3.521716197148465621e-01
-5.835976890708221010e-01 -9.235360643957706284e-01 2.385233674112353430e+00 -7.101012329095810482e-01 -5.442560471189918925e-01 -4.862016506537664151e-01 -2.510461183963291210e-01 3.584168177125526267e-01 -2.824395725570875371e+00 -1.995586994725776941e+00 -1.361566144784793542e+00 -3.473322099472732072e-01 1.455376904480267797e+00 2.012978339170537131e-02 2.260877460384645321e+00 2.504286512801464415e+00 -7.933225317966011714e-01
-1.068747335208409588e+00 -5.908076498068400850e-01 2.693778300318026009e+00 -3.636442254824499565e-01 6.019002936766552903e-02 -6.724186547366881594e-01 1.851286197339221257e-02 9.697005495492957428e-01 -2.164135106676408071e+00 -2.135793463060351005e+00 -1.958411849287302609e+00 -7.359213444960841510e-01 1.329181821840776045e+00 -2.594567346763323457e-01 1.639178018305478268e+00 2.234412466382897033e+00 -9.434380816741073650e-01
-1.272786720230918212e+00 -6.059058760684109431e-03 2.821999110810088141e+00 2.238069378150077393e-02 6.388936736306917163e-01 -8.490387598565435345e-01 8.923816386403544965e-02 1.460405402152793686e+00 -1.439806550893760528e+00 -2.164513935951756451e+00 -2.433709086291882873e+00 -8.983925398250147687e-01 1.127111869041503622e+00 -6.065576744304199686e-01 9.319994335793935214e-01 1.814903607990158374e+00 -9.425095659125296566e-01
-1.178462339568475681e+00 5.554594650727133764e-01 2.800530535600645354e+00 3.725209151971284882e-01 1.061429784901664952e+00 -9.694579975389567839e-01 1.337167564314985513e-01 1.720111839772583862e+00 -9.794546632114879969e-01 -2.169682760772289054e+00 -2.648956708420049377e+00 -9.999618071903761951e-01 9.103334125703811397e-01 -8.621618397940974399e-01 3.547333527381181240e-01 1.278147179515423781e+00 -6.869609696387845021e-01
-1.047394320702842885e+00 1.176123874877819331e+00 2.674461578872730616e+00 6.535736462210656184e-01 1.350553623401420600e+00 -1.010391172012201411e+00 1.556632550047865327e-01 1.869087814153613358e+00 -6.064708569764859503e-01 -2.114179982407085934e+00 -2.706872124100027310e+00 -1.095998074974772418e+00 5.071934123279072670e-01 -1.122545846823640892e+00 -1.831477325645678722e-01 7.291161020770812184e-01 -2.938944476994993435e-02
-9.688703493677623957e-01 1.853240680002399055e+00 2.391926253265718838e+00 7.825230440486213856e-01 1.476622799406632769e+00 -8.921546751959619215e-01 5.382537628239953548e-02 1.999481675945133485e+00 -1.355622356351308400e-01 -1.887582054662904962e+00 -2.688024905334622794e+00 -1.023673590728078509e+00 5.678117231161244893e-02 -1.463753211261998421e+00 -7.528909422520946304e-01 3.160853652981984174e-01 7.415034930700258320e-01
-8.999438318917077906e-01 2.282543007466046436e+00 1.942853076641313237e+00 6.721638343019096240e-01 1.436323162354199656e+00 -5.763329550560961634e-01 -1.630302404864693300e-02 2.075171291491268999e+00 3.868385762425420316e-01 -1.414546496314198709e+00 -2.500397874265030129e+00 -7.813115322354378112e-01 -1.095707272774800317e-01 -1.640745884450522718e+00 -1.228468608228515002e+00 -2.770598341994393379e-02 1.118922125656586219e+00
-7.310053307259286592e-01 1.850582986471576596e+00 1.410073447003590497e+00 2.591871130771336018e-01 1.135349521472147183e+00 -9.724168694692467141e-02 -5.826638847103527558e-02 1.931327594695426031e+00 7.411950926161577913e-01 -8.884467612789661572e-01 -1.941709902245744468e+00 -3.516432345720971742e-01 1.246570105990297966e-01 -1.456869331377268262e+00 -1.301648383849324020e+00 -4.213942982559069073e-01 1.031048411135247367e+00
-6.650646791081175069e-01 4.271457709400764968e-01 9.728679909600103093e-01 -4.091899942405380908e-01 5.453448497560552388e-01 3.376428151209051043e-01 -1.828306113286211343e-02 1.607846561790945650e+00 7.862706920779396480e-01 -6.355886406307769132e-01 -1.014892932679611448e+00 3.412017335387533823e-01 4.493118791911238086e-01 -1.046653912783060303e+00 -8.582094062882652530e-01 -7.029393523277940314e-01 6.035620500673890554e-01
-9.057693483083392172e-01 -1.087698987671463779e+00 7.753656317982868806e-01 -1.055024208117214757e+00 -1.698213299437847240e-02 6.747780850565048283e-01 1.047717416979850394e-02 1.380456249449169226e+00 6.691906529538862447e-01 -6.222472319832277332e-01 -1.051055163061185849e-01 1.015509835385934423e+00 4.330716736784997467e-01 -5.156883094552494606e-01 -3.120133504175390260e-01 -7.241304337860581253e-01 3.089483356917084589e-02
-1.096027400036144739e+00 -1.718313445106696147e+00 7.663516675444755899e-01 -1.466002274757469248e+00 -3.674562278759253564e-01 1.066705152213279328e+00 8.542736581537717366e-02 1.340427996508517072e+00 5.001170494838033109e-01 -5.537357981709769561e-01 4.468984393966179414e-01 1.177598192689326639e+00 4.673286614774736347e-04 8.869116378029180681e-02 -4.245237949597441274e-02 -6.122295860891246999e-01 -4.127594407912464902e-01
-9.848884363847655310e-01 -1.496628352991284716e+00 8.164228923478493716e-01 -1.616500503391352428e+00 -5.844933785253875191e-01 1.244487380971164958e+00 4.415787810167695615e-01 1.331041960241514444e+00 2.483722327624970083e-01 -4.112923743455261794e-01 6.759916831036417717e-01 7.427317486198081742e-01 -4.074674753405465033e-01 6.389986846069920512e-01 2.112425115902261813e-02 -4.160141818449132334e-01 -7.348509768419267951e-01
-6.756596315542394704e-01 -9.946108415708457828e-01 7.720520346273281875e-01 -1.474252819964866346e+00 -7.057178907023186065e-01 1.014772733053618703e+00 6.947142227786737845e-01 1.162568713053347302e+00 1.640102653814023287e-02 -2.049795246890897260e-01 7.349007487913175041e-01 7.064775253584190673e-02 -3.983545643619573196e-01 1.096812521227050752e+00 -1.268003758780643017e-02 -1.580231559697871657e-01 -9.067536482048540458e-01
-3.175038940906820817e-01 -6.251326315407292888e-01 5.450884871410364152e-01 -1.101485582104973826e+00 -6.686727149884935661e-01 6.172033263080712873e-01 5.086117045703389961e-01 8.520514243921128994e-01 -3.749713658300048852e-02 9.467007410664673994e-02 7.243439629720405115e-01 -5.314407357853255798e-01 -2.426975608031544107e-01 1.458096990669153437e+00 -1.563659979265347444e-01 2.493666661622212857e-02 -7.774412699962532924e-01
-5.109339616557427577e-02 -4.948369762520488657e-01 2.378688345908332724e-01 -7.010634829001032298e-01 -4.943253251838112816e-01 2.638939490546725608e-01 2.309423769997022424e-01 5.215152924200955331e-01 1.019325674368923990e-01 4.255464975767052072e-01 7.325637542635464738e-01 -9.046088712807768273e-01 -2.542041749813260254e-01 1.484132072405467406e+00 -3.401278711375549380e-01 8.853997686949501011e-02 -5.508555902616488753e-01
