-2.186445325066137813e-01 2.828676891004476279e-01 7.540031616838327455e-01 -4.924584071491200921e-01 -1.943580631398922898e-01 -3.539705032888749714e-01 8.063450450029094885e-01 7.256065942614239317e-01 -8.046475160919980274e-01 -3.998648139374449961e-01 6.499898287063955119e-04 -1.251093853043291571e+00 9.003826754287921341e-01 1.364095716079314347e-01 6.953933650129744404e-01 5.012956833978547966e-01 -1.849299418443089982e+00
-7.567346074744783768e-02 2.651198545048700783e-01 5.539521808484415555e-01 -7.138230864351818861e-01 -4.984582997942619276e-01 -1.548803971841989924e-01 6.325797079491857211e-01 3.398865292219137579e-01 -7.531210987544075808e-01 -1.754261930102836986e-01 2.847196201035543939e-01 -1.143032823575904189e+00 1.211814970772457034e+00 3.784805227701060759e-01 8.664608639874564755e-01 2.644381987285350233e-01 -1.665383135408760040e+00
1.935560388071885796e-02 2.999893515395721799e-01 4.091075674239055271e-01 -1.071002329871676206e+00 -8.294977174733076941e-01 -1.135819820874356271e-03 3.889307021611390081e-01 1.024504014227532039e-01 -4.221662905371294516e-01 8.611906731831447948e-02 5.488524680868832606e-01 -8.428534135074172706e-01 1.137230412692675330e+00 6.127840435823863618e-01 1.055479868113213371e+00 -7.014383852597244617e-02 -1.638088030649277105e+00
3.372274338075164496e-02 4.080329741864139881e-01 1.592165453741271886e-01 -1.339035158383157897e+00 -1.130021663256408626e+00 1.487944103138173491e-01 2.144335015771547670e-01 -1.819165670780099608e-01 -1.671244738819269438e-01 2.733145471680290539e-01 8.289628535070276971e-01 -4.555323477692871381e-01 9.254165899939452711e-01 8.391440269259601292e-01 1.244006498743392086e+00 -3.902453006572088046e-01 -1.555015516824679755e+00
2.475512499349108442e-02 3.795779064248517853e-01 -3.240510675660003836e-01 -1.394073663195267709e+00 -1.425865708087423522e+00 2.682261649374368395e-01 3.006139201958863971e-01 -6.741556734748965773e-01 -2.230138356219350526e-01 4.466921534237721092e-01 1.187923595323358228e+00 -1.452532796955630923e-01 8.256929666350614205e-01 1.062080751853108351e+00 1.342614590363024885e+00 -6.898383916900262536e-01 -6.475354726040148945e-01
6.388222844289671853e-02 1.679498039669935217e-01 -9.257440419835644141e-01 -1.201807129847475730e+00 -1.641100051258854498e+00 2.680575146839407896e-01 6.247398259703094148e-01 -1.266942107618023172e+00 -5.538552569590892150e-01 6.828963592280088424e-01 1.530269727223023235e+00 2.236144962573847692e-02 9.336345127418752554e-01 1.226490930647019750e+00 1.305132087397498086e+00 -9.732904394114679780e-01 8.008160862844956318e-01
6.674587013213115205e-02 1.156098048869962230e-01 -1.287500061956404096e+00 -8.109095626751621211e-01 -1.645775969519912119e+00 5.078744357729374909e-02 9.980572974326050728e-01 -1.681073325344426106e+00 -8.920675420195607330e-01 8.077234711813581214e-01 1.648665639885081857e+00 6.703826981741532742e-02 1.062119843061939406e+00 1.181304736432905012e+00 1.173301568420716867e+00 -1.018128728916439130e+00 1.820294578700752286e+00
1.022376269223504615e-02 4.538800872519441754e-01 -1.266029182315567603e+00 -3.994267690956286865e-01 -1.403971567880428317e+00 -3.061484821151087554e-01 1.194400210209265678e+00 -1.722809870781145447e+00 -1.028053903420921289e+00 6.370612166723719216e-01 1.461189538694748880e+00 -7.832250896658672634e-02 1.045283612100622150e+00 8.207545883553306609e-01 9.715289134261934079e-01 -7.087871353697094978e-01 2.190119553460816437e+00
3.552802548748359990e-02 9.905907507719750038e-01 -1.044712849300926782e+00 -1.232707264469729974e-01 -1.010942246666724609e+00 -6.291137503261047259e-01 1.210645567724248250e+00 -1.464232789960832060e+00 -9.665652261410930812e-01 2.570723649907865060e-01 1.130383003925565122e+00 -3.635338491699302010e-01 9.787057557806736474e-01 3.121070615091184330e-01 6.765463132461662088e-01 -3.922764764161436601e-01 2.133347575680037966e+00
7.109839082004709709e-02 1.464833912686752004e+00 -8.302578269159156532e-01 6.797551888961769762e-02 -5.772575817289498090e-01 -8.077786844325738347e-01 1.080296771703769698e+00 -1.101241941041338324e+00 -7.259924678103890638e-01 -2.981790021045304662e-01 8.148216383824224973e-01 -5.075523719105341502e-01 8.549137019869911258e-01 -1.250784961804596862e-01 3.495696469907282888e-01 -2.421485802318372460e-01 1.844983339637043862e+00
4.004537505951887878e-03 1.571383023512569421e+00 -6.487100564182998186e-01 2.872788709749850011e-01 -1.671720468921643610e-01 -8.334188649956493222e-01 7.136433471992221778e-01 -7.658030223144397519e-01 -3.916247322246653173e-01 -9.041904472626034472e-01 5.147298890044423869e-01 -4.144308011287446969e-01 6.169524482895575312e-01 -4.661256946953677427e-01 1.297457399150964696e-01 -8.224434907107372461e-02 1.488223147555708836e+00
-1.562717359046471854e-01 1.278165142932960796e+00 -3.777325657839293305e-01 5.183047320617737430e-01 2.016785503744688568e-01 -8.205855041199728861e-01 2.581585644738929042e-01 -4.396949632312839862e-01 -4.705321630306921049e-02 -1.321446810384341308e+00 2.244964694143632422e-01 -1.596858069678052938e-01 2.754129255143454302e-01 -7.561211224849536672e-01 -1.306166475749070965e-02 1.120686347185030213e-01 1.084639977328689664e+00
-3.640522069219433443e-01 9.187694994873477627e-01 -5.992675724282979510e-02 6.544712576039626306e-01 4.607762433226667009e-01 -7.481886007349132228e-01 -2.864087716704729475e-02 -1.445461549845578342e-01 2.563786233395550784e-01 -1.408166636722778753e+00 3.260000063935954151e-02 1.559325597043074441e-01 -1.354465576730126963e-01 -9.570578801933693480e-01 -1.733007237229721442e-01 1.807932894521378508e-01 7.862433860662420004e-01
