-8.960737364562640916e-01 1.387775482795490012e+00 -6.696950912441536063e-01 -1.186007919248567744e+00 -1.208777248140798566e+00 -2.824178262286502483e-01 -1.287347809239632879e+00 -1.269895870182260189e-01 8.603375405344193538e-02 5.143677067328155106e-01 2.558418440466041943e+00 2.037029514256400997e+00 -1.250996581645558381e+00 2.264936021370354269e-01 7.273402239073014641e-01 -5.723466971708007778e-01 5.237458676094266519e-01
-5.119113169899481841e-01 9.294193701215330838e-01 -2.220659006243547173e-01 -9.928054182048672294e-01 -9.804468150350575950e-01 -2.949453782536402557e-01 -9.846919349626538365e-01 1.100246101257706111e-01 3.410246134103510629e-01 6.254776426971834224e-01 1.948418654247771720e+00 1.460229074990982756e+00 -1.209977964262835437e+00 -5.284050207132509613e-02 4.132102643497266858e-01 -5.663609824499115097e-01 2.955032091497215574e-01
-1.221871513920065461e-01 5.771412576397693117e-01 4.987837988223692842e-01 -7.927645225084428704e-01 -6.191409511367195195e-01 -4.141482801349397058e-01 -4.855402343071048010e-01 5.295168270344039474e-01 7.318900328068712602e-01 6.581861580876917639e-01 1.192950455675368726e+00 4.602973196014198409e-01 -1.129875415357873392e+00 -5.272994954580322302e-01 -6.750429532818343070e-02 -5.639403477498965422e-01 -1.513085410820167453e-01
1.640196292008571644e-01 4.363681213504424505e-01 1.187908866888066406e+00 -6.042554404994442407e-01 -2.344568374798376431e-01 -4.997870500935481242e-01 1.699664284143491688e-01 9.503838447407839674e-01 1.113859697528087223e+00 5.638777110486360433e-01 5.572932014310013615e-01 -6.989916660813100258e-01 -1.020072634562376734e+00 -1.055977880396746338e+00 -5.889758752672674680e-01 -4.599784613524594001e-01 -6.015597020862220035e-01
3.456798738649385916e-01 4.234446196029968412e-01 1.563025067335846785e+00 -3.980672697900176082e-01 7.377858381757587680e-02 -2.210889011988047825e-01 5.872227849109132869e-01 1.144140839763883255e+00 1.394865700633757477e+00 5.958110523244161127e-01 1.314699094702690384e-02 -1.538568081752223815e+00 -8.389106375878830901e-01 -1.412785659797982873e+00 -9.686976589030387164e-01 -2.303592033220963065e-01 -8.384611623540608738e-01
3.526118830937361448e-01 4.821388636926645099e-01 1.472889535880955281e+00 -2.253760260924367320e-01 2.817867518160431239e-01 4.320698132177023254e-01 6.884283913448384640e-01 1.124939686863763555e+00 1.654794920880527931e+00 6.560262888696865025e-01 -5.560524164627516086e-01 -1.884065302194362079e+00 -7.039124629398284538e-01 -1.541697131464117243e+00 -1.148778973273973492e+00 6.087609238934640205e-02 -8.609186222542080102e-01
2.056908137925824720e-01 4.574506105606954698e-01 1.069964825950096232e+00 -1.539900415564077196e-01 3.546032300967875694e-01 1.126599216142218918e+00 7.295288303199375379e-01 1.023296222119276067e+00 1.925589220214909636e+00 5.191971191171934619e-01 -1.023266251741214328e+00 -1.933895860628967345e+00 -7.099770726347062189e-01 -1.521858121863450375e+00 -1.153117091347821699e+00 3.710702127914066728e-01 -7.830984221586202443e-01
-4.120422286195374317e-02 2.919499062823001090e-01 5.490545355685190199e-01 -1.300101860028682055e-01 4.210781240753012078e-01 1.619428070196376579e+00 7.856769173537004880e-01 9.285590557704734849e-01 2.216141096821035994e+00 2.634136782432478507e-01 -1.260895000587640924e+00 -1.981588147752370466e+00 -8.583248478383271873e-01 -1.345384758644583734e+00 -1.086851034607618116e+00 6.130224501045015151e-01 -6.520644645201448819e-01
-3.519480768531652037e-01 1.540703090263440822e-01 -8.444850038739318276e-02 -7.324578742767293149e-02 6.079479028255814210e-01 1.937815421973026364e+00 8.327953073951831486e-01 8.404061418163452091e-01 2.480780412182745032e+00 2.922875710302004146e-02 -1.351269347434613799e+00 -2.133788746742498521e+00 -1.123054734357959106e+00 -1.061014574059052862e+00 -1.026723116687688453e+00 6.778585738452643783e-01 -3.210192167089458426e-01
-6.609540290304241061e-01 2.494048037537749674e-01 -8.041708505680524866e-01 -4.244520168963339390e-02 7.556035994495476915e-01 2.077789114875264076e+00 7.854497190454635680e-01 6.731381436893194570e-01 2.540116229222430189e+00 -2.441062080906706566e-01 -1.264347035242431305e+00 -2.203996226706216532e+00 -1.384775382094256990e+00 -7.249444235120382496e-01 -8.700388669437963962e-01 6.048460467862657453e-01 3.434325386273138214e-01
-8.178114693610907260e-01 3.775398423378841795e-01 -1.405189810988176413e+00 -6.564460373705766072e-02 7.832166434178443604e-01 1.833361945177818919e+00 7.117280592972982101e-01 4.471475852574826604e-01 2.338364430661626692e+00 -5.247760190913548506e-01 -9.662858374766227776e-01 -2.143230999306601436e+00 -1.522320596283567307e+00 -3.220157091640689084e-01 -6.244918461239579166e-01 4.697566949462031460e-01 1.018652612372307198e+00
-7.394212258454065934e-01 1.585092286512075344e-01 -1.706773005024491363e+00 -2.651886535588508093e-02 7.663321202129306231e-01 1.172091104480113444e+00 6.425193097636295869e-01 2.569050116005415219e-01 1.995940746888317241e+00 -6.034203941009582683e-01 -6.079068638321151186e-01 -1.936362282625457398e+00 -1.421898485741797780e+00 3.927957059586804217e-02 -4.602343604637807450e-01 2.779623790687795193e-01 1.298196462608957491e+00
-5.346358715915394688e-01 -2.897152984455287350e-01 -1.719973960933860901e+00 9.608489935417513506e-02 7.405598260180495940e-01 4.202365212442853992e-01 5.050186103615301736e-01 1.321727226976854297e-01 1.635294034174326505e+00 -5.113368399233066963e-01 -3.629766558748452332e-01 -1.564784025676052348e+00 -1.045590034366582488e+00 2.796168347026423140e-01 -4.408425013652703672e-01 1.123477498824614063e-01 1.255674890743849081e+00
-3.541534126711571862e-01 -6.115607027423274333e-01 -1.478115960869193612e+00 1.666454742805138500e-01 7.412747900146906543e-01 -6.658251682969065777e-02 3.832439730728696148e-01 7.191202019904290033e-02 1.245489170049251859e+00 -4.306533377558623421e-01 -2.811432110969879772e-01 -1.237708955494498442e+00 -5.165396873887353468e-01 4.800906641958203602e-01 -4.655843627394063433e-01 4.388101071147712529e-02 1.044376998567767778e+00
-2.045857913796442495e-01 -8.654875360893394820e-01 -1.079040488476405768e+00 1.663835250460384829e-01 8.050919445236538463e-01 -2.065516293171536233e-01 2.783615764198458242e-01 4.702730953013155302e-02 7.456986772759836013e-01 -5.296440563390921730e-01 -2.957866733505276069e-01 -1.019367085521575955e+00 1.784636083292734030e-02 6.218500081685182090e-01 -4.383592556473028812e-01 2.667735562538902164e-02 8.427487700958863348e-01
-3.853876865642165417e-02 -1.071590438856554250e+00 -7.019762081830022149e-01 1.901674993077432929e-01 9.131864678429004734e-01 -2.533693762685322870e-01 9.879090578702305614e-02 -3.885038777089461909e-02 1.762191067339757555e-01 -9.103178374107508963e-01 -3.424312611254373695e-01 -6.859407641779756704e-01 3.901605608238548628e-01 5.899358776806550297e-01 -3.115967086354661242e-01 7.241732811683644633e-02 9.340561907929760821e-01
1.102102218505324194e-01 -1.038576427914285283e+00 -3.300530087935468204e-01 2.863067377307891292e-01 9.957901383862173272e-01 -4.532857547919635910e-01 -1.849962699590887993e-01 -2.453555356189490999e-01 -3.613977696518752003e-01 -1.350448551410358577e+00 -3.876884599751289073e-01 -2.073973637510748425e-01 5.590009408950400438e-01 4.019727295787157151e-01 -1.060552932562964512e-01 2.483756671197248633e-01 1.216892607043877472e+00
1.722721251379088492e-01 -7.410972994931843694e-01 7.892231012987502292e-02 4.599824129673866779e-01 1.080220812508390749e+00 -7.454700023366648276e-01 -6.264982142677323340e-01 -5.074274548051552758e-01 -8.175467659223435435e-01 -1.540070668290630440e+00 -3.819579328550194997e-01 1.602746335512167108e-01 6.969542394556449416e-01 2.461855854277086308e-01 9.152888636105954712e-02 5.203402259451748169e-01 1.223338114018336364e+00
1.213796035592940026e-01 -1.839371355245353334e-01 3.682910698877061018e-01 6.823533775854359051e-01 1.272799726596371750e+00 -1.008126451184753414e+00 -1.112919959035051587e+00 -6.892288170921720969e-01 -1.094656555487816041e+00 -1.474421361278377418e+00 -4.200689698731623345e-01 3.035066930379020089e-01 7.995880946485736107e-01 2.408665827748447397e-01 1.490300374352039325e-01 7.559044705174751133e-01 8.836317377037512522e-01
8.889459695461462974e-02 2.775472783685848377e-01 5.454898675216082182e-01 8.356544739105314923e-01 1.416004424800660910e+00 -1.025221521375200284e+00 -1.320639825474005935e+00 -8.077512384018210589e-01 -1.319512703511531715e+00 -1.230540105627095260e+00 -5.496828807239304560e-01 4.632775981177342239e-01 9.022660815811233137e-01 3.049999799148448432e-01 1.286146533469365028e-01 8.428679979300885972e-01 4.340162050496029766e-01
1.922351189423796569e-01 1.346462400568292639e-01 8.619519998881010059e-01 7.969457355377352892e-01 1.195188987255047630e+00 -6.496381063059506467e-01 -1.241465512939770033e+00 -9.918417641984954569e-01 -1.792507982030664415e+00 -6.963214991308970259e-01 -6.263316530245961467e-01 9.572605436959997771e-01 1.200542282989142784e+00 3.440235127288172046e-01 3.241032832508409789e-01 8.422485362562355249e-01 -1.909451632875193428e-01
4.758853685398174438e-01 -4.735320692970090284e-01 1.314965101921860668e+00 6.321597489672418080e-01 6.414070147623448515e-01 -1.882350703360321231e-01 -1.005203683698931316e+00 -1.210263118141951200e+00 -2.450446784913117071e+00 1.870814360197942811e-02 -6.744843148821091372e-01 1.496711905313099056e+00 1.669810855840957897e+00 3.470582477024469203e-01 7.226082588980535792e-01 8.104706933887099174e-01 -6.977255023535564593e-01
1.014143657003972354e+00 -1.040418997501160625e+00 1.702067515706748191e+00 5.114124924763221447e-01 -1.325471153288859411e-03 -3.838264961307365913e-02 -6.215830102499524390e-01 -1.383994056992666311e+00 -3.054119224564107782e+00 7.012211756593065282e-01 -7.704495049800409445e-01 1.606432833211000499e+00 2.242895567990003780e+00 3.945656489893643593e-01 1.052817322198450478e+00 6.011675688466096013e-01 -7.342834974184044849e-01
1.630758377547770310e+00 -1.302257861959190244e+00 1.915751784234883681e+00 4.818011067710372686e-01 -6.430709575321658100e-01 -2.129048156361789956e-01 -3.217381644726354240e-01 -1.491252002797062604e+00 -3.468550237560696026e+00 1.317650964439476713e+00 -7.805768498222365182e-01 1.491306852164652197e+00 2.786002135934876112e+00 6.108970201763009866e-01 1.241987238762242818e+00 2.442675580414949421e-01 -5.798276721400020817e-01
1.890807802795097858e+00 -1.214940560236772438e+00 1.835879398867774626e+00 5.155501993544379102e-01 -1.096182063935222439e+00 -4.399836006337588534e-01 -1.952192323623690995e-01 -1.432294293761808834e+00 -3.490084845254796342e+00 1.544738370972644992e+00 -6.364462447486535224e-01 1.359204105582563660e+00 2.958900275431624483e+00 9.499556786661020880e-01 1.242871604500298099e+00 -4.403367160322469581e-02 -4.658503012618908645e-01
1.643232570073573706e+00 -7.386975219809619464e-01 1.418928437948743015e+00 5.667979113532313207e-01 -1.133882863589171341e+00 -5.140445325723252967e-01 -2.283558154773983329e-01 -1.152784687442972134e+00 -2.958420640022413561e+00 1.182666088982951447e+00 -4.787252369867351365e-01 1.232027062256821903e+00 2.603501589079836087e+00 1.181402239795702025e+00 9.734740178149259293e-01 -2.006051571011923385e-01 -5.038736169050650471e-01
1.139304529827258161e+00 -3.360501825596903802e-02 8.268616977653300282e-01 5.403621809491396810e-01 -9.011960828840022142e-01 -3.865907475649712488e-01 -5.122429697557716599e-01 -7.813783975322337039e-01 -2.055718843495329740e+00 5.359957212899991719e-01 -3.101033305196366219e-01 1.264613184668250900e+00 1.884946248254632861e+00 1.173928572223118971e+00 5.916305895885317634e-01 -2.546849408317142793e-01 -6.941205108386103717e-01
4.696393753550245909e-01 5.211134026253934071e-01 2.167901605900454942e-01 4.471465996157862888e-01 -6.351539002125318190e-01 -1.267588141497820731e-01 -8.597599622093916594e-01 -3.948722688363323630e-01 -1.088845768584471019e+00 -1.220030564474923612e-01 -3.859910173619450664e-03 1.343672009363520603e+00 1.013871063319547794e+00 9.794139487284744261e-01 2.720151018379958208e-01 -2.200835554919756687e-01 -8.901726520321556757e-01
-2.306848347128130361e-01 7.764316144267018327e-01 -3.490705030458101654e-01 3.318529124926626883e-01 -4.171700991613907505e-01 7.031927999089193637e-02 -9.152010439982540824e-01 -4.129508732923004022e-02 -3.174764378067376769e-01 -6.214733882586005453e-01 3.913794135548606667e-01 1.314128510219439772e+00 2.131546544499224038e-01 7.417401743246793133e-01 7.484687066385484200e-02 -2.548342304030406513e-01 -9.421224474579017460e-01
