-1.309477945684335287e-01 -3.761397821113264817e-01 4.513658093597389120e-01 3.573630837446697961e-01 2.564865437239839951e-01 -1.264776684518582828e+00 -2.986053664850664147e-01 -7.278694469723294702e-01 -2.442300836411813059e+00 -2.927056625120461053e-01 9.275862086309651922e-01 2.566861792438665635e+00 -1.156531873896035734e+00 -6.359073078197311490e-01 1.571614669526958163e+00 8.626858065969930101e-01 -3.579599853721847413e+00
-5.054213801893082669e-01 -2.705470524917089614e-01 4.191970789958061605e-01 3.206756685926936412e-01 1.950992999074547540e-01 -1.168373878924390930e+00 -3.494797299895037734e-01 -8.561461723714390848e-01 -2.623539154684096708e+00 -4.571872120834174491e-01 9.014423080311625425e-01 3.000802862319713604e+00 -1.582354446683907678e+00 -6.362812740156117419e-01 2.081886866367588240e+00 1.222902346610408086e+00 -3.503323922366264664e+00
-9.202196175672913148e-01 -1.419120204259748386e-01 3.594185330358347641e-01 1.289714652507665260e-01 5.573751069156593699e-03 -7.803002310800264407e-01 -2.411988039695062980e-01 -8.185982856510986005e-01 -2.502125544928019973e+00 -6.270878041416402260e-01 6.808927955907085883e-01 3.214288231026246834e+00 -1.872378225667813423e+00 -4.227701958309030839e-01 2.478471755958119083e+00 1.385150931027063548e+00 -2.894534809049653212e+00
-1.104919540878177564e+00 -2.302354449576254625e-01 2.135049217144281697e-01 -1.196388839999377729e-01 -3.145965875767233189e-01 -1.982491420559807649e-01 -1.145285487848728828e-01 -7.482545743814477124e-01 -2.251999910510072311e+00 -6.807231077455661028e-01 2.972237086762396507e-01 3.084949701739540640e+00 -1.740993291314697933e+00 -5.936970641516467473e-02 2.676585830742990613e+00 1.434178998413642825e+00 -2.027524906612496292e+00
-1.079257562772629964e+00 -3.484730354593185697e-01 4.055110000955502308e-02 -2.925334929792055005e-01 -6.304531254764910164e-01 4.086759600430878714e-01 -1.916690093032474146e-02 -6.550565302775349652e-01 -1.841860738576101220e+00 -6.039234848484313911e-01 -1.558210689762824230e-01 2.665042156231776538e+00 -1.338880686771044548e+00 3.228683517075999765e-01 2.560408944636574979e+00 1.449168298492672369e+00 -1.321968768290763041e+00
-1.040639756609214039e+00 -3.153832747380780899e-01 -2.976553132768171642e-02 -2.858975678460013436e-01 -7.462437669351945635e-01 9.038093993316400621e-01 9.840508595087811561e-02 -4.358132733240283052e-01 -1.226302751716225048e+00 -5.310880171400236271e-01 -6.079155103148757844e-01 1.996766363998291327e+00 -9.673692432823232101e-01 5.401790385520801596e-01 2.185950435253105173e+00 1.373439758597300830e+00 -9.429309997170685076e-01
-9.463392638188630190e-01 -2.960706153408866337e-01 -1.714547855931702058e-01 -7.490696199253933651e-02 -6.469422956337391728e-01 1.191119252286790164e+00 1.375619802904788913e-01 -1.809322705933193443e-01 -5.141312447195393043e-01 -3.231485399605250053e-01 -9.151639675547610375e-01 1.096314062490021168e+00 -6.651728369224918502e-01 6.001459348851360120e-01 1.627625201427030932e+00 1.198488704454563569e+00 -8.074979457771521707e-01
-6.726694513951889665e-01 -3.447798880963203749e-01 -5.380296269215490979e-01 2.470765198482443026e-01 -4.793348883965904972e-01 1.286808869414793000e+00 1.082338736034384602e-01 -6.283632226361351991e-02 9.040338476962817005e-02 1.364453053837673957e-01 -9.440256734670561256e-01 2.105133753971262234e-01 -3.584499925841639900e-01 6.268713291351933892e-01 8.883064716054559495e-01 8.870072033409538426e-01 -6.442630015131580734e-01
-2.525599979501994552e-01 -3.922178641200604332e-01 -1.005521133158540303e+00 5.167750472692448360e-01 -4.130754769357469214e-01 1.305926228239781661e+00 4.165943705419963838e-02 -1.660439774630900756e-01 4.477592914135085089e-01 7.730772999233719300e-01 -6.168010988691938756e-01 -4.065923316870287407e-01 1.349262210360676652e-02 7.297737576231477785e-01 9.704660632968929723e-02 3.307211555841406136e-01 -2.596464755505162314e-01
1.991005099980767135e-01 -3.902642917053285032e-01 -1.497786299771696861e+00 6.343092091025928081e-01 -5.077364423473132993e-01 1.277338383627776519e+00 2.030682006763815176e-02 -3.940696335633080416e-01 5.699818087951127321e-01 1.487794721648340479e+00 -5.172398904376136752e-02 -7.195348314133408474e-01 4.564266779546598540e-01 8.908325279606803537e-01 -6.009407100029313664e-01 -4.256789910289271450e-01 2.925507541212257756e-01
5.353689242436094897e-01 -4.497924196211253167e-01 -1.919056861609158338e+00 6.044492960863917519e-01 -6.879307415437498907e-01 1.166808458040391905e+00 2.193361082860028344e-01 -5.209669255789380893e-01 5.654613762798704757e-01 2.091669178163498177e+00 4.876117006683423072e-01 -8.527996250705445203e-01 8.623643468588131356e-01 9.724787079103999199e-01 -1.115449326559978971e+00 -1.209997960881065593e+00 9.050956177296447525e-01
7.216634158488598461e-01 -5.931263570074327696e-01 -1.990569668189552832e+00 4.514390729469509589e-01 -8.662374203368318204e-01 9.825875238756098806e-01 5.409077087258939986e-01 -4.223847272114159002e-01 4.831214890768679160e-01 2.349553783259091144e+00 8.343879532680851252e-01 -9.414770863938610734e-01 1.122028439813627321e+00 9.126554551261685244e-01 -1.375801907402535385e+00 -1.782043732958463078e+00 1.355784652028457993e+00
8.164035673705061225e-01 -6.090856749896634836e-01 -1.616719947900854715e+00 2.037281253062483422e-01 -1.005385154583990470e+00 7.094561997355486316e-01 8.343497982192705775e-01 -9.832111554279057697e-02 3.794699444222226492e-01 2.121418334101768277e+00 1.006054601812523819e+00 -9.062198069732784189e-01 1.213845216744063649e+00 8.013768585355680596e-01 -1.494476228708721433e+00 -2.020017003730003147e+00 1.301539230610383013e+00
8.772099996191923266e-01 -4.511261526706655811e-01 -1.099186108687796981e+00 -1.349275661145268312e-01 -1.167440582917364633e+00 3.604117892342038609e-01 1.012148507950858312e+00 3.128871547248561202e-01 3.350881137695619905e-01 1.594924781075322651e+00 1.163668488494737030e+00 -6.452647434062035448e-01 1.228792687065987099e+00 7.720457265022955262e-01 -1.596641795208912917e+00 -2.071380237454045314e+00 8.992896837299296786e-01
9.422355269789287613e-01 -2.462677227566149041e-01 -6.718063122955202360e-01 -5.871409525275427255e-01 -1.420692719852614028e+00 9.228378013322836859e-02 1.043425734537201555e+00 6.408825740015996475e-01 3.442269466174625592e-01 1.202280079329815843e+00 1.341599855342638259e+00 -3.149038736883214562e-01 1.299200041737528899e+00 8.192550818703777660e-01 -1.662333843886156792e+00 -2.140182898935001354e+00 6.099818586208318738e-01
9.889757393211207059e-01 1.821908286573289959e-02 -3.895877543962951717e-01 -1.072856814293842609e+00 -1.709445015390097744e+00 -4.697986740015008822e-03 9.984716337985264367e-01 8.092877256508711481e-01 4.418182418094692143e-01 1.182412875518180195e+00 1.396688988555233157e+00 -1.601570943840267824e-01 1.438705539071835737e+00 8.816998376125687598e-01 -1.671167948480440701e+00 -2.257916616900251139e+00 6.577591031262430832e-01
1.043119078934845234e+00 2.030127686006135135e-01 -3.402606464886302473e-01 -1.515181768107500160e+00 -1.975536631923860309e+00 5.885057075543771721e-02 8.770991875135151217e-01 7.880045672069176943e-01 6.455955710766668743e-01 1.494426083573313413e+00 1.330875281339238381e+00 -1.635235446490066191e-01 1.631777441475844359e+00 9.474469523107815760e-01 -1.625095747055935291e+00 -2.357456156752102405e+00 9.643485622537782964e-01
1.141175539234189351e+00 -3.824684745996257546e-02 -4.526288549437889053e-01 -1.898192103930765429e+00 -2.197877975477852353e+00 3.086532386560920660e-01 6.396109345849436689e-01 6.078347569435330611e-01 8.393046123713335804e-01 2.040993376339664600e+00 1.266938210777632579e+00 -8.528211696371976180e-02 1.868299826020213272e+00 9.975942689800332275e-01 -1.570464887521022535e+00 -2.398573848493216421e+00 1.200714307311306461e+00
1.195494564735843035e+00 -5.894296996110240938e-01 -4.169272589754927649e-01 -2.143944312942363872e+00 -2.282603606817208419e+00 6.280364636229784914e-01 3.129994784133933727e-01 3.906046213227419850e-01 9.647328716074061727e-01 2.565543387575541789e+00 1.175435698620456604e+00 1.482012993812530377e-01 1.991937622247554218e+00 1.020990218144389727e+00 -1.518767020423728464e+00 -2.309736240977603217e+00 1.200336873587017239e+00
1.118588070698113723e+00 -1.061775536334691905e+00 -4.641702279689505217e-02 -2.158715634556246599e+00 -2.149506742067940568e+00 7.667775162207695061e-01 2.223215504866438326e-03 2.348197226130564474e-01 1.027922098443513566e+00 2.771063206304566151e+00 9.611829716738845564e-01 4.250644302890906334e-01 1.837043509281308884e+00 9.569623436072105527e-01 -1.352588269978695745e+00 -2.014669898490826228e+00 9.380985049715401258e-01
9.555511205722974077e-01 -1.271968510105935923e+00 3.327433132550889350e-01 -1.941492520466384653e+00 -1.849171950061077041e+00 6.868624585992227916e-01 -2.000226489941766550e-01 1.086436991183555023e-01 1.012077228184742106e+00 2.660769548303453469e+00 6.938062615496004559e-01 6.990215441759641823e-01 1.461252549794892497e+00 7.474843354507443305e-01 -1.032253921796040030e+00 -1.518985565131071747e+00 3.318345147278600749e-01
8.100864392411165626e-01 -1.157182129529802372e+00 4.818232129983767709e-01 -1.602069852867837874e+00 -1.459153820055257178e+00 5.378805843085380234e-01 -3.039238679075185745e-01 -1.637826928647182281e-02 9.268063843899213561e-01 2.313098958593406973e+00 4.487998457744346581e-01 9.592645287070972193e-01 9.814010271742169556e-01 4.400373693814003118e-01 -6.458485656831322030e-01 -9.586341608189945518e-01 -4.537322199864468608e-01
7.497146514601999989e-01 -9.201651866336142405e-01 5.239532619405590230e-01 -1.254109600414575976e+00 -1.068964121523998001e+00 4.570399415182379022e-01 -3.241996688536240012e-01 -1.419071845419404010e-01 7.970960770985928701e-01 1.891329484455998244e+00 2.214023943781161241e-01 1.152793680073850524e+00 4.629107608137761898e-01 9.708328734094312518e-02 -2.689859161111329833e-01 -5.375615390787913395e-01 -1.121380311783903627e+00
7.235333984390014406e-01 -8.282055459040029710e-01 3.783589978170535106e-01 -9.495606636539742906e-01 -7.227146415075699215e-01 5.693611221844395720e-01 -2.635112854468271704e-01 -3.316866438733866995e-01 7.231484576263192965e-01 1.607881391421353001e+00 1.362607283074903919e-01 1.241421336356816951e+00 -2.953359216646962541e-03 -1.457550535642026801e-01 -1.163927920275566186e-02 -3.225187767126812544e-01 -1.598525083885052434e+00
7.172951999615305718e-01 -8.706672797429649835e-01 -9.050083637064752773e-02 -7.236193416943192958e-01 -3.859515851328825242e-01 7.836376382079357494e-01 -1.942224842119371631e-01 -5.936907634350072627e-01 7.545102291146327245e-01 1.486443008970473212e+00 2.957805653522207479e-01 1.180140623063313798e+00 -3.264220264493035706e-01 -1.989647546480397822e-01 3.959616183646427756e-02 -2.326751485666087305e-01 -1.726117210009647351e+00
7.971083866858504896e-01 -8.269427057424469929e-01 -6.876806182711227011e-01 -6.003157385571706861e-01 -5.196949867270173051e-02 8.453442238074279080e-01 -9.468860165811202045e-02 -7.621439254924164963e-01 8.210359498671085943e-01 1.479281511725042852e+00 5.659346052829736795e-01 9.583217279381373022e-01 -5.294335613022574938e-01 -2.556937783305101575e-01 -5.353498680876269539e-02 -2.423801214765312073e-01 -1.549592934022911095e+00
9.296744948121732355e-01 -4.694056735318273277e-01 -1.089409240695254688e+00 -5.572579491016761422e-01 2.650775491535828920e-01 5.899849479622636395e-01 9.532947536971382585e-02 -6.898784555800672180e-01 8.980249886126867587e-01 1.447017196096457292e+00 8.384488116563180160e-01 6.187779696246848982e-01 -7.534835950262284143e-01 -4.551989370060258167e-01 -1.798516461734177563e-01 -3.796724473483913953e-01 -1.458583218949192517e+00
1.074446900993129228e+00 1.536035884082763980e-01 -1.211079747005022744e+00 -5.144657625681927637e-01 5.853194538287642690e-01 -5.948964031926741794e-03 1.853596740337542792e-01 -4.368548320007231145e-01 9.646475072044904397e-01 1.181579030350197401e+00 1.108761496059585294e+00 1.926042907322220998e-01 -1.024941446781869825e+00 -7.164565681703150002e-01 -2.654741674451859823e-01 -5.275004297848091550e-01 -1.442916349979008528e+00
1.213659953955938064e+00 7.630892033795930729e-01 -1.090512170091564315e+00 -4.033336974511513295e-01 9.561026475102895050e-01 -7.715280434250063601e-01 2.623016829648536219e-02 -8.277325021486464651e-02 1.030322260644434218e+00 6.414696126237184881e-01 1.197615568073109538e+00 -2.421356608895864626e-01 -1.291079342043585321e+00 -1.034123992888650090e+00 -3.060061013754628023e-01 -5.276164320874512370e-01 -1.336715484983604707e+00
1.218412926678946517e+00 1.138489216123638181e+00 -8.251625966076472363e-01 -1.895150243979708549e-01 1.391259748564605436e+00 -1.425749326776718062e+00 -1.503789533788441046e-01 3.212541033996122453e-01 1.144683477475645139e+00 -5.268381472088742856e-02 9.508386659144401065e-01 -5.769902633052909069e-01 -1.547184865014296751e+00 -1.385636080016783955e+00 -3.594853996935474805e-01 -3.676201830821108629e-01 -1.312251722536022847e+00
9.362777133070618873e-01 1.327007370659598173e+00 -5.216169879031452572e-01 1.442927605420335213e-01 1.859733039610280247e+00 -1.740874689290762278e+00 -2.641198136747275882e-01 6.606934404442181830e-01 1.310043080524451620e+00 -8.303208731093856265e-01 5.349218366386957468e-01 -7.395960216724847269e-01 -1.751963383638198701e+00 -1.594865343170836169e+00 -4.344375057911388227e-01 -1.649879456310434922e-01 -1.457333036660572567e+00
4.370403049304761867e-01 1.367566714854857368e+00 -1.219138789310941634e-01 5.132801928017705073e-01 2.208663895561848722e+00 -1.665394432232663702e+00 -3.984611837785996813e-01 8.365354353453207104e-01 1.480851091296345512e+00 -1.622716739831312260e+00 1.896037748710850956e-01 -8.156108975828997298e-01 -1.828735448631625404e+00 -1.635324096711865627e+00 -5.186852181938802486e-01 -1.544132255375253900e-02 -1.339200280162323287e+00
-7.815788756286246031e-02 1.146683760686301401e+00 2.796402947679554885e-01 7.742392359594586493e-01 2.271409645418108969e+00 -1.176721970085358393e+00 -4.436230625799487681e-01 8.112555921525999025e-01 1.563806522818561584e+00 -2.147537586837375834e+00 6.082046378425489536e-03 -9.118654207621802454e-01 -1.731127775739285779e+00 -1.574358013805796430e+00 -6.499798915984373870e-01 7.862725852804772209e-02 -7.121889193987286371e-01
-6.269878999873383929e-01 8.010885795105079366e-01 4.635321413175074179e-01 8.966904539949309694e-01 2.092397824171426723e+00 -3.069366080965676979e-01 -4.733119178678547589e-01 6.485078488082776094e-01 1.570845867026726017e+00 -2.163123814437584613e+00 -1.746102499604983496e-02 -8.435884156309084725e-01 -1.611867057507850420e+00 -1.373515714376200458e+00 -7.886546333090579397e-01 1.223310289090690089e-01 -1.000074289101088587e-01
-1.293425402115512490e+00 3.968256888894068357e-01 4.281204082706581704e-01 9.681033335364839232e-01 1.757358900741377239e+00 7.281455526579123649e-01 -5.557215118127665221e-01 4.021498754308384660e-01 1.570480015061463952e+00 -1.821568990957697753e+00 5.459298700047095221e-02 -4.575117824837282021e-01 -1.610063182449678498e+00 -1.080250264580756570e+00 -7.962882664125234822e-01 1.249986686319739665e-01 1.574680029106046431e-01
-1.926420151924761237e+00 -1.339139336545153713e-01 2.480045226124412139e-01 1.022356360322844271e+00 1.321684926654429937e+00 1.728906796821567671e+00 -6.072672580294118383e-01 6.725192863492567008e-02 1.495427208176822287e+00 -1.437321916633002239e+00 1.485316630898360912e-01 1.458658175999973661e-01 -1.604608284043006261e+00 -7.754264797492090855e-01 -6.399277394983455824e-01 1.173604828216665286e-01 3.996835991910138164e-01
-2.315255612370135996e+00 -5.379443388041600382e-01 2.061480942970652167e-02 9.806277636324514102e-01 8.603677192163153853e-01 2.522837041810798819e+00 -6.144860581783424536e-01 -2.574455727880502476e-01 1.286284734060588963e+00 -1.053432447635702873e+00 2.016147913063102148e-01 7.115807943300171967e-01 -1.501327871579205553e+00 -4.590433622534404456e-01 -4.064311825328700278e-01 1.483977948712615069e-01 5.970197000751210625e-01
-2.282929366975738450e+00 -6.641842247788087850e-01 -1.558137550045968767e-01 7.939515635467769838e-01 3.812750018437024435e-01 2.950506984139064759e+00 -5.753566987861842286e-01 -4.759951676511491314e-01 9.899329433682252377e-01 -5.670846800147462119e-01 1.600204000411172556e-01 1.005424056526466048e+00 -1.297199300623480100e+00 -1.656658183833815690e-01 -1.515675277066792226e-01 2.150547909707693772e-01 5.478878193542237041e-01
-1.831174458909048841e+00 -6.158497070166211174e-01 -2.409987857661532451e-01 4.974343091086010360e-01 -9.699259357124330461e-02 2.975308402421117826e+00 -5.050915978140138041e-01 -6.091458450860643969e-01 5.659779538943234822e-01 -1.409099498549730711e-01 5.332559546243027110e-02 1.119862300600246385e+00 -9.999143478070164903e-01 1.715540876043288726e-02 1.577404361937304045e-01 2.680288063031867063e-01 5.858016933830839656e-01
-1.199608469221452145e+00 -3.438964977717861582e-01 -1.405101169702270836e-01 1.842886255758818814e-01 -5.166754366522514630e-01 2.601911686409609903e+00 -4.174650007435791177e-01 -6.673724505425838727e-01 -7.022945272205853573e-02 2.045953629032065679e-02 -4.374163501084028793e-02 1.105265496554079574e+00 -6.571698784324788711e-01 4.368591915611438892e-02 5.357824591845740114e-01 3.854920337684344944e-01 7.239785228122339600e-01
-4.930944660095367693e-01 1.964527535837319872e-01 1.647275859574253154e-01 -3.926537972609843441e-02 -8.185032591882528408e-01 1.857849685631256742e+00 -3.891533549614988319e-01 -6.697318287698694750e-01 -7.829790043122498711e-01 -8.715013936396452318e-03 -1.729384518036190810e-01 8.100709705770671176e-01 -2.808214210869149907e-01 -6.333612166531486787e-02 9.090811525326563114e-01 6.816707485522439658e-01 7.256028901799589370e-01
3.664055498361178942e-01 7.098938915683892237e-01 4.680696080277789162e-01 -1.451175046625679255e-01 -9.701175439780288512e-01 8.539880418536369699e-01 -4.295236371497344052e-01 -6.306286771388651680e-01 -1.372140583056228103e+00 -7.153203135882058028e-02 -4.436365080203661382e-01 2.376370125269783584e-01 1.272684789768262770e-01 -3.012118112623949351e-01 1.241262690699274751e+00 1.088884033652502747e+00 6.775696239875940163e-01
1.285458804499062913e+00 8.088817550693576663e-01 6.909074532260698343e-01 -1.504866363658149686e-01 -1.003964242984599187e+00 -2.437939400235253351e-01 -4.116832287567976922e-01 -4.924926048937026679e-01 -1.806569624976676725e+00 -1.544278357207333474e-01 -8.329605630792281667e-01 -4.752630901295982757e-01 4.914181946664337164e-01 -6.539119876846544166e-01 1.517678256238016221e+00 1.485458800979789995e+00 5.568993726282397416e-01
1.959270898224286128e+00 6.296310784950993611e-01 1.049931671156539403e+00 -7.493636643965037591e-02 -9.487688311437052491e-01 -1.176594269025264872e+00 -3.608890641171909608e-01 -2.546289267030013015e-01 -2.055642916578150903e+00 -3.475434512867259240e-01 -1.281710337831152069e+00 -1.065834838988113153e+00 6.652118369688966304e-01 -9.968421054779356139e-01 1.731604209008933193e+00 1.838923193337909989e+00 1.898726600327375891e-01
2.129493301578121667e+00 5.991697426050454078e-01 1.602982408158859506e+00 -2.139092950079610547e-02 -8.257904641402123991e-01 -1.800879744236790536e+00 -2.842608992185949868e-01 8.099519997093909685e-02 -2.043066378619005530e+00 -5.885835042772334935e-01 -1.809703928758138680e+00 -1.300802362243191235e+00 4.703796100988956175e-01 -1.314205942063797039e+00 1.903287478009443756e+00 2.169718735922489206e+00 -1.922707956508235005e-01
1.738840562639516918e+00 7.560576675154301318e-01 1.999291830925279401e+00 -1.031037475198398612e-01 -6.821306776206685907e-01 -2.132406917145685643e+00 -3.524609579813980931e-02 5.154704061129677939e-01 -1.790524801479703276e+00 -6.532437519229268297e-01 -2.315289804121044348e+00 -1.223007095905202180e+00 -5.256847923297479352e-02 -1.637115855756553495e+00 1.992030200739240531e+00 2.444647697598568925e+00 -2.307704516476718204e-01
1.053467059611680190e+00 9.164271886066785999e-01 1.931020637819446772e+00 -2.650499829412845676e-01 -5.327770323822570431e-01 -2.114697469486960468e+00 2.292340441080095437e-01 8.553358140292843803e-01 -1.437595976613684767e+00 -5.080051174551611926e-01 -2.576917078590223564e+00 -9.942162535938824375e-01 -5.463859938908359748e-01 -1.776174986656790189e+00 1.973597129601253108e+00 2.575232143493429326e+00 -9.167387378666970454e-02
4.370457408476325911e-01 1.012286546923549579e+00 1.560502145863464474e+00 -3.837375567446093538e-01 -3.723537716638035122e-01 -1.723450882661691885e+00 2.208903655412626232e-01 8.929579224930837000e-01 -1.160365694478512122e+00 -3.776035798044738989e-01 -2.496140073712860730e+00 -7.938425023318577134e-01 -7.022703919290693708e-01 -1.556908491681339379e+00 1.846373982857220986e+00 2.473233964230153514e+00 9.749116710946674480e-02
5.355030095462412487e-02 9.119626620606027245e-01 1.075391005088508711e+00 -4.019232477702816553e-01 -2.039617444912197042e-01 -1.124794798903831383e+00 -5.235246804832044409e-02 6.530597521283384443e-01 -9.651024908802905422e-01 -4.082398043799628229e-01 -2.057330371085908549e+00 -7.011857629179252260e-01 -5.216396605493373029e-01 -9.827487671905338340e-01 1.571765461503427996e+00 2.092187860154133272e+00 3.847195520359296128e-01
-9.949090307936961364e-02 6.720618688262179896e-01 4.485298043195700135e-01 -3.253983974516117539e-01 -2.623057682103181699e-04 -5.728613185134365793e-01 -3.575612525238802686e-01 2.942692215154459889e-01 -7.547605549792947288e-01 -5.198209875353055898e-01 -1.340685412149978939e+00 -7.112679721600616567e-01 -1.773280083595481504e-01 -2.104240480687558090e-01 1.127181646441986151e+00 1.507995078093479213e+00 6.494472616127424658e-01
-1.055540457304865454e-01 5.863736366602646521e-01 -1.868108948389271551e-01 -2.359746937532379296e-01 1.784111119738348294e-01 -1.144210225484361826e-01 -4.346509396504412148e-01 -1.060249249447124675e-01 -5.477143991803050671e-01 -6.101675770692887024e-01 -5.742961281258456285e-01 -7.506547245483983222e-01 2.271643674499126686e-01 5.405489797263188789e-01 6.428156645087279575e-01 8.442262145853074440e-01 8.006479229326326497e-01
-4.323576069408297667e-02 4.645956085318166395e-01 -5.451243777595535800e-01 -1.942213508140301637e-01 2.467331600393211366e-01 3.164410725197051577e-01 -2.126240828433534347e-01 -5.191897695271990854e-01 -4.079199183184978872e-01 -5.702117812881042358e-01 1.528914563464582078e-02 -6.371567010268033293e-01 5.814331449751714009e-01 1.080845645614861184e+00 3.041767180997932418e-01 2.104070401961024850e-01 7.919791661521190518e-01
6.069326826914736572e-02 4.502258972191899855e-02 -5.438601930502394710e-01 -1.669774337140849385e-01 2.737261731247915275e-01 5.995106967085540584e-01 1.625958426780909627e-01 -8.027155996253151349e-01 -3.572942357984860151e-01 -2.834815544064429593e-01 2.606390717201006457e-01 -4.366269470815534182e-01 7.416000050210975747e-01 1.264641843653112385e+00 1.168547919565863930e-01 -2.635013127398976862e-01 6.415169520523118507e-01
1.643888055217573863e-01 -2.965870514827051996e-01 -3.558826283859544692e-01 -8.849906512105461254e-02 3.373706509629385009e-01 6.689685466632890876e-01 4.742212277402487741e-01 -8.512119791295786886e-01 -3.444730437575015403e-01 1.302537022254326715e-01 1.217648116303787359e-01 -3.667467155426560321e-01 7.071749564763706308e-01 1.181626382683659715e+00 4.694732181472675847e-02 -4.996777058460317167e-01 2.693537258915624233e-01
2.493362238762792671e-01 -2.190797064815135087e-01 -2.031554991236471930e-01 4.044332259245178585e-02 3.927283361010655005e-01 6.315440811548181932e-01 6.615145073144501620e-01 -7.779466292986884079e-01 -2.877535230344450135e-01 4.897236574557842226e-01 -2.575863362785320021e-01 -4.093276307311706774e-01 6.180941825378780674e-01 1.083727244072734353e+00 2.817939104868820085e-02 -5.854027622074552406e-01 -1.950419196383661735e-01
3.934544574934122907e-01 3.744014354463152776e-03 -2.120730600176576608e-01 1.172083772056228962e-01 3.677223473819199451e-01 5.876203194745476255e-01 7.654036116719534766e-01 -7.498059037530172555e-01 -1.118966617027397498e-01 8.407100519583267095e-01 -6.782487609459313394e-01 -4.738962397724235109e-01 6.079194496281143945e-01 1.079486085797133788e+00 -5.224925451398799298e-02 -6.377325847480259657e-01 -2.645995643573275657e-01
6.065424499512377388e-01 3.634944022608380815e-02 -3.488790898378177352e-01 9.085486427434831536e-02 2.358795881615127488e-01 6.197736603071990480e-01 7.404027281475815681e-01 -8.463484006252776082e-01 1.291450445042158779e-01 1.228992134750609866e+00 -9.092948639692794988e-01 -5.606742676443365880e-01 7.866862303557229374e-01 1.203154438998006004e+00 -1.560279605422760230e-01 -7.126797022765638534e-01 -2.209690128704203810e-03
8.892749259353627256e-01 -2.662755207746450026e-01 -5.686313373775448987e-01 3.759985053441931152e-02 -6.771149849622631542e-03 6.796071838227161210e-01 5.081820342043207317e-01 -1.098910066501419314e+00 2.501687896136625677e-01 1.576556950414148783e+00 -7.411411497315385510e-01 -6.078336741454004599e-01 1.249191165173161311e+00 1.522811915643773384e+00 -2.434330180724074977e-01 -9.159086781980203540e-01 1.186613618273410220e-01
1.251080136048092539e+00 -8.101640044397108165e-01 -8.873317857203575354e-01 5.949402092230643424e-02 -2.753563955031961274e-01 6.379339115190917342e-01 1.287019280478504391e-01 -1.436928214273306637e+00 2.271893243266227269e-01 1.664360983917654080e+00 -2.339272878841965608e-01 -6.442416790561348305e-01 1.922465162996347843e+00 2.018950487829942020e+00 -3.842347267495258012e-01 -1.224436365920600345e+00 8.756559104326153142e-02
1.524323720085633438e+00 -1.234276338291616648e+00 -1.174995188253200151e+00 1.711530843420975556e-01 -4.444095941140058792e-01 5.385048014891563595e-01 -1.335307749181968429e-01 -1.625213665296557641e+00 1.190519843125674854e-01 1.257076898259233966e+00 2.654957265936730426e-01 -7.272394847031877774e-01 2.575607836560712460e+00 2.482752855234489076e+00 -5.635775240938141195e-01 -1.404990126319827226e+00 1.275937035433817243e-02
1.505690595629163742e+00 -1.427145548339438852e+00 -1.199271779082397460e+00 3.218775938492232092e-01 -4.272105015520847315e-01 4.519430414461802492e-01 -1.027424794808951547e-01 -1.448538302881018147e+00 -9.141122787273996131e-02 4.750249758539809020e-01 4.139074736111274522e-01 -7.941153345620374226e-01 2.896824787923432787e+00 2.636606635010077859e+00 -6.830656860643986583e-01 -1.272469455893854740e+00 -2.758529849892243924e-02
1.055348874734213682e+00 -1.419216603090723616e+00 -9.022277368149148602e-01 5.148952595676968835e-01 -2.064719577664172467e-01 2.819112761743423068e-01 1.703189379221383970e-01 -9.080156543859158047e-01 -3.239813053322549985e-01 -3.735403876349802088e-01 1.452840379947403504e-01 -8.325998441267400407e-01 2.712498617950943824e+00 2.384596003030042155e+00 -7.284913262573869952e-01 -8.703697965370439382e-01 2.017659497974881033e-01
1.583040136937899356e-01 -1.060093648510363584e+00 -3.738977556089592147e-01 7.076271327790895072e-01 7.531042246167624077e-02 3.568902557830400113e-02 5.529562252230436625e-01 -1.511033925097295949e-01 -4.230648008290439632e-01 -1.076798488989083813e+00 -3.412955277345157690e-01 -8.186460195585119060e-01 2.180346872067152386e+00 1.840732244366638515e+00 -7.522305959368372763e-01 -4.224432801522576830e-01 5.404227817054505500e-01
-8.698571255435985083e-01 -3.912055691799913859e-01 1.965821826791560034e-01 7.772651289612538816e-01 2.354548796719911907e-01 -2.162360349460013542e-01 8.755222366686872260e-01 5.735992603243020849e-01 -4.645266559223050207e-01 -1.524758148649518086e+00 -6.960687730450485500e-01 -7.011140201328750488e-01 1.654875835718401911e+00 1.270651391772156469e+00 -7.571041151483702825e-01 -1.153151791906852214e-01 6.958132378603150148e-01
-1.622626101425526102e+00 2.556197092304585694e-01 6.789783569895165849e-01 6.534821722808022981e-01 2.135962514805401224e-01 -5.358605238254537939e-01 1.035530740416592543e+00 1.099111189134155619e+00 -6.328638157981548718e-01 -1.728381671771020311e+00 -6.839404152444309437e-01 -4.817457641900035892e-01 1.339724232377854429e+00 8.435005529388123202e-01 -7.226752209664647486e-01 -2.081429292631783307e-02 8.465857400235105024e-01
-2.031140934393626196e+00 7.698700285361337325e-01 1.091743205697658370e+00 3.813524213594900458e-01 5.993189273584282467e-02 -8.674262133321514190e-01 1.049310940869172981e+00 1.458711935438839369e+00 -8.875119732760680114e-01 -1.786380990186435591e+00 -3.720250623138680046e-01 -2.232451993388210043e-01 1.084408952384487312e+00 4.821013427391384609e-01 -6.655436201860954748e-01 -6.211983630415032070e-02 1.100086285147421572e+00
-2.193819673253868618e+00 1.037551522087617473e+00 1.361088991520192248e+00 9.323912060557035253e-02 -1.043628225723989278e-01 -1.099204513820801310e+00 1.004093393290113045e+00 1.690659204324800546e+00 -1.075232552665792429e+00 -1.667143790657650060e+00 1.511618313057829788e-01 -4.128579197348389296e-02 7.783683378411265785e-01 1.944361546122862772e-01 -6.766332300448092418e-01 -1.638749276853976866e-01 1.218719049601825422e+00
-2.138950473585954803e+00 9.093471802109753810e-01 1.411471099833141452e+00 -1.682719164588686034e-01 -1.794511276636563679e-01 -1.215834488319053941e+00 9.581530738078958276e-01 1.871982339223087433e+00 -1.050299478551153687e+00 -1.300822424930318411e+00 7.519560855208405892e-01 1.141773311513285226e-02 3.660765111688811801e-01 2.640282259235277040e-02 -7.625302244166208832e-01 -3.369538791747348494e-01 1.087806301964470146e+00
-1.876738255701878799e+00 6.846650190198382280e-01 1.184370565417944832e+00 -4.560922830504778869e-01 -1.999376644278325343e-01 -1.279837219576970275e+00 8.835832689505520587e-01 2.027511139943154461e+00 -8.012566263980814840e-01 -8.548334251034529485e-01 1.269472754197314757e+00 5.707937310493625682e-02 -1.675113766568034068e-01 -7.556024017997210740e-02 -8.044602078969746994e-01 -5.088674946063279636e-01 6.283767246480023161e-01
-1.480627187921513377e+00 6.785303518358932751e-01 7.244656932070715483e-01 -7.465574171460753750e-01 -2.328672340531563467e-01 -1.443054922436161958e+00 8.238077199081547120e-01 2.075369644913185763e+00 -5.103473709742015751e-01 -4.881017748980380211e-01 1.680555469528916213e+00 1.737185023685688667e-01 -6.003447331222190320e-01 -1.398217589563883478e-01 -8.196138003351834955e-01 -6.640479817256089712e-01 6.006775798509086245e-02
-1.117150634980497825e+00 8.003263361661974162e-01 2.003469255772039326e-01 -9.932513512418156276e-01 -2.692625862553292837e-01 -1.666323752964866456e+00 8.141992686808924296e-01 1.993730627558823798e+00 -3.086781168205410264e-01 -2.002304445690911427e-01 1.944943328008210903e+00 3.749854838229656484e-01 -7.962482945883424534e-01 -1.240414285848318449e-01 -8.481265045610566489e-01 -8.137401286821759339e-01 -1.582666447056808867e-01
-8.851979745701145097e-01 6.831129031895426529e-01 -2.432921172714603286e-01 -1.204275421057808382e+00 -3.402846135829758478e-01 -1.766259477536977318e+00 7.110019572995773807e-01 1.769907960007883752e+00 -2.062980885931034181e-01 7.047038327897833798e-02 2.111432516070145038e+00 7.202030752686199300e-01 -7.835719478003216887e-01 2.136267984898377117e-02 -7.605913480843777830e-01 -9.087553629178323211e-01 -1.918955270796497137e-01
-7.075055147252113930e-01 2.298863328933693495e-01 -4.465497630071836310e-01 -1.342017608427358955e+00 -5.160461319215464693e-01 -1.668818825281165097e+00 4.329439143463288397e-01 1.357090028667903292e+00 -1.855648874253905400e-01 3.573023781095137075e-01 2.273597247395646281e+00 1.217128084710227487e+00 -6.350390040498529176e-01 1.972914321448900610e-01 -5.181116655805839688e-01 -9.436991142193728033e-01 -4.448158222755267954e-01
-4.712321060204458512e-01 -3.969898592989483110e-01 -4.674044067242303369e-01 -1.293064075200684782e+00 -7.464989000763355698e-01 -1.330943559297612211e+00 -4.786149088057046336e-02 6.956477606161363125e-01 -2.738378084985920724e-01 5.442276148757904108e-01 2.427239332153878770e+00 1.766442350816292528e+00 -4.192467050863324940e-01 3.383597798419374358e-01 -2.140982359458850071e-01 -8.718645223071588291e-01 -9.184907754927741363e-01
-1.864446679050364708e-01 -9.149059712797675825e-01 -4.467317898289892564e-01 -1.029676230522337477e+00 -9.382510605334177800e-01 -7.766852978448840483e-01 -6.780924430032732042e-01 -1.213536975674013307e-01 -4.550104923855836647e-01 5.865069626947566617e-01 2.493309438007887735e+00 2.177084804781121541e+00 -2.846696143827148751e-01 4.059905410917795110e-01 9.536009423710743726e-02 -6.961718050112644107e-01 -1.195986471165261467e+00
8.989561999915673951e-02 -1.121071737636918364e+00 -4.273700221197938576e-01 -6.912036864639292677e-01 -1.108468193101991295e+00 -7.830916473414915868e-02 -1.213295122369898227e+00 -8.886245235015749477e-01 -6.092458695241995681e-01 6.765248735603643926e-01 2.384391176115252975e+00 2.473553266116076177e+00 -3.155335490236559903e-01 3.496856707387837604e-01 3.364152726252307990e-01 -5.642216213791504398e-01 -1.055022718940842763e+00
3.140261460307152142e-01 -1.325904350512521868e+00 -4.293501913511950652e-01 -4.062716457646540769e-01 -1.298352734736204050e+00 6.192908343109010394e-01 -1.524304628574132181e+00 -1.505898113343716815e+00 -6.718654754911318472e-01 9.766725566087290922e-01 2.137224854236759786e+00 2.754913700455196235e+00 -3.767019706429758363e-01 2.812078151485493671e-01 4.939884488739056390e-01 -5.674339914991516354e-01 -7.684725989826446391e-01
4.772387527178971189e-01 -1.623672529035121714e+00 -4.853687092492689481e-01 -1.461960834958777600e-01 -1.411542935345822425e+00 1.089280704027124180e+00 -1.580709889692336612e+00 -1.924628654295604369e+00 -6.688965106994481102e-01 1.375479281295102219e+00 1.804584827837686811e+00 2.780606358823317414e+00 -3.793190146623729442e-01 2.115904002969632991e-01 5.700735070315418040e-01 -6.212279605039573438e-01 -2.840382745692188182e-01
5.856489876078764256e-01 -1.711144699482173515e+00 -6.222680804110153341e-01 1.582176204948365361e-01 -1.297413892864342833e+00 1.188899283580933552e+00 -1.384804024356239616e+00 -2.100217703370594435e+00 -5.806118885594674373e-01 1.618633265624314532e+00 1.393934579329344059e+00 2.365992709213530887e+00 -3.670866436201704608e-01 3.857691750710376399e-02 5.124608739208238450e-01 -6.091295431895210610e-01 5.549863567341407622e-01
6.325361166605483199e-01 -1.474754934971614917e+00 -8.044284318820342783e-01 4.928524922803202979e-01 -9.699168659004356874e-01 9.538894196156192384e-01 -1.101571813411629019e+00 -2.074811685518513471e+00 -3.932892591055640596e-01 1.622932266331433615e+00 9.734075003777713508e-01 1.661193200423942695e+00 -3.114894638446947250e-01 -1.774258315022986254e-01 3.865999049963897982e-01 -5.496578364025141994e-01 1.402749138439731258e+00
6.697291110608120102e-01 -9.829169126867457473e-01 -9.239746125744829897e-01 8.388233780543234985e-01 -5.063902995894374870e-01 5.661459073392370867e-01 -8.046155776689137840e-01 -1.924759732486607922e+00 -2.146593511892629369e-01 1.323977045068065239e+00 5.528746601296153917e-01 8.144162248294480877e-01 -1.337574918616378505e-01 -3.791370460867608538e-01 2.981700197256326179e-01 -4.221913007856379352e-01 1.838357519739651336e+00
7.352230392388697799e-01 -5.275720767121284682e-01 -7.930384675099214631e-01 1.135718034931667342e+00 6.739401400640442075e-02 1.631864869791905814e-01 -4.774870084516145141e-01 -1.627451463053359193e+00 -9.290596392054480124e-02 6.814575836007928933e-01 5.791961085562767619e-02 3.885481032098155735e-02 -4.036377123985163129e-03 -6.549089732911188566e-01 2.667201755234426264e-01 -1.177777625990004545e-01 1.695435753192028105e+00
8.082506120213932554e-01 -2.557000929607600725e-01 -3.895855515270003067e-01 1.295502457905718163e+00 6.699562289516749480e-01 -1.445282608284947368e-01 -2.229795854262197896e-01 -1.155455629622762270e+00 7.073176597950565914e-02 -5.447012653022684919e-02 -5.726271252960269953e-01 -5.124733276377664293e-01 -1.390608889778938706e-01 -1.045396373171666671e+00 2.782858305470718996e-01 2.975685870944202449e-01 1.187886373997366185e+00
8.362026049732963484e-01 1.678520941334840297e-02 1.006341548806649472e-01 1.371974421546563017e+00 1.226942184172294281e+00 -2.553338140632330222e-01 -3.978787461039564460e-02 -6.053517274160692407e-01 3.523201316171947206e-01 -6.725062021568362081e-01 -1.323931065779932803e+00 -9.839856982474144420e-01 -5.138108816874286111e-01 -1.490983183899727615e+00 3.083364490013550396e-01 6.894533387170724836e-01 6.411233834146439214e-01
7.722227938728674079e-01 3.356509642378633917e-01 5.781449157346680856e-01 1.426777386128221137e+00 1.717176596094995844e+00 -2.316807186332044410e-01 8.124020411788446250e-02 -6.264828190884075276e-02 7.120828750803589458e-01 -1.199709727220025668e+00 -2.007929724350995038e+00 -1.372263716768725050e+00 -1.009242631380088184e+00 -1.897676101932097348e+00 3.250786265510661188e-01 9.925840420210582105e-01 1.158436539703113638e-01
6.636482346577396996e-01 8.569505218623436615e-01 1.049642095988041701e+00 1.371073415409713947e+00 2.041837543233014696e+00 -1.933170813373539243e-01 2.667631835009713973e-02 4.692916719165304285e-01 1.036261570040721391e+00 -1.619409511048197192e+00 -2.453975645682886952e+00 -1.638745158747535013e+00 -1.404833182228585553e+00 -2.196916222282458087e+00 2.991689134906482250e-01 1.144186458434123921e+00 -4.444950184402691185e-01
5.416425773322957049e-01 1.399979526514813832e+00 1.370700461605317777e+00 1.099047621398229868e+00 2.074008771446270050e+00 -9.277327682220239125e-02 -1.090707367325228216e-01 9.656971906879356915e-01 1.201661294369893662e+00 -1.728050833484166438e+00 -2.609232871909375362e+00 -1.774613961576405829e+00 -1.480366778806917694e+00 -2.345105629382005841e+00 2.022412127925485303e-01 1.133927167731145325e+00 -9.513868923059803917e-01
4.491192878627349727e-01 1.477003630263611367e+00 1.511665168535764936e+00 6.344297350922819545e-01 1.809530549176723291e+00 1.479795668826470456e-01 -7.531681911397630248e-03 1.383061680869297483e+00 1.161511274142374539e+00 -1.433702108717214596e+00 -2.544040194492136031e+00 -1.708552816366797122e+00 -1.304453646308688652e+00 -2.332280244144574244e+00 2.664023757916541071e-02 1.031157896214166758e+00 -1.331148553445540061e+00
5.054129448736708330e-01 1.279892160336192797e+00 1.549384711047087526e+00 9.648215043704123917e-02 1.370284850444718261e+00 4.032791146471831345e-01 4.133818541411555247e-01 1.685525377345973519e+00 1.005839765083287096e+00 -9.769114370406398740e-01 -2.439748697654310128e+00 -1.513210742159054600e+00 -1.113550330427893309e+00 -2.264395551443796784e+00 -1.369464516685365008e-01 9.244262587881918458e-01 -1.578560397159506135e+00
6.936800506249800602e-01 1.026690340585103334e+00 1.338158464608338205e+00 -4.487647610827798506e-01 9.017898515763619338e-01 5.601737340919660246e-01 8.597681860896754236e-01 1.874403952781240612e+00 9.038486437830600684e-01 -5.301429335607724669e-01 -2.339815966480066400e+00 -1.251995239008490968e+00 -1.052414798198531232e+00 -2.269996291997930182e+00 -2.084284748105418861e-01 8.194535286359982962e-01 -1.512767202468451977e+00
8.688764911490993725e-01 6.471284549811140430e-01 8.349448948910703772e-01 -9.516428751309231604e-01 4.777587706312744209e-01 6.908978920961131864e-01 1.140385730832744970e+00 2.000082492228310027e+00 9.500375132250559185e-01 -3.968609096112261925e-02 -2.218581947789164399e+00 -1.030635495433769089e+00 -1.116766243556264415e+00 -2.309942366433574090e+00 -2.328303936690555576e-01 6.797996365960061738e-01 -1.107278820237814765e+00
9.224191327343982394e-01 2.397679767167197329e-01 2.444229964599199667e-01 -1.342258838404250643e+00 7.963621171355959871e-02 9.034791616468512698e-01 1.201763254933337022e+00 2.067928881192147461e+00 1.092118326686617458e+00 4.910904565273876976e-01 -2.104578283501213676e+00 -7.856874695115952933e-01 -1.202603111555599291e+00 -2.172885165699391496e+00 -2.287819107937354157e-01 5.298340942295003408e-01 -7.956038353809368191e-01
8.769402894686393335e-01 -9.978552681021830850e-02 -1.868805330279049437e-01 -1.683270002627205386e+00 -3.396007810219500711e-01 1.213102016979918263e+00 9.843220245004488111e-01 1.987519482659985126e+00 1.255203213528940820e+00 1.058138816081632072e+00 -1.887294908711206753e+00 -3.699680217311701602e-01 -1.196566496969756033e+00 -1.713676786055581269e+00 -1.575272811691030561e-01 3.501723093664111386e-01 -9.123034359799492288e-01
8.738637793715763324e-01 -2.142223977119873390e-01 -4.509878210566128365e-01 -2.018383967218793984e+00 -7.233106199734692376e-01 1.469475831854426984e+00 6.977062684647943325e-01 1.722407407188375927e+00 1.407607919047853651e+00 1.630001009130381151e+00 -1.433762236234742860e+00 -1.497415307396345319e-01 -1.022822546096054497e+00 -9.671649316317545431e-01 -7.136923531898436979e-02 9.389729233494305272e-02 -1.219733170690458168e+00
9.905764382353303699e-01 1.951770364396141107e-03 -6.510743475903119082e-01 -2.202774649759323911e+00 -9.266367165129426597e-01 1.473493106588421808e+00 4.856870450135923889e-01 1.368663431278990483e+00 1.518305601872048438e+00 1.973195691727566592e+00 -8.080641538839841154e-01 -4.329540094983208021e-01 -6.827348431479549618e-01 -1.004865532148987300e-01 -8.237671831532256128e-02 -1.600683531574486063e-01 -1.456587877363974881e+00
1.085545599432093500e+00 3.642463916703421178e-01 -7.488709261386837790e-01 -2.138053028299021996e+00 -9.300535234148881170e-01 1.149193313230159053e+00 2.429737550453635875e-01 1.023735419963185400e+00 1.520060682467641922e+00 1.872301472902067943e+00 -1.985418700144488124e-01 -8.373392667696130109e-01 -3.185522920648671819e-01 6.952476803866783905e-01 -1.452400186591721598e-01 -3.154173516533045341e-01 -1.535241937032771675e+00
9.828101960980102358e-01 5.540703008471753455e-01 -6.924659034954369075e-01 -1.848521589483599792e+00 -8.913391207817925599e-01 5.959527882986171976e-01 -6.371413476031061174e-02 6.209240796176268562e-01 1.220477036125747761e+00 1.359607167591496468e+00 2.963492566199259493e-01 -8.555275896633361965e-01 2.098433845250308530e-02 1.292901635537730964e+00 -3.728882457821153240e-02 -3.227557727974455504e-01 -1.401606810565953598e+00
5.984368091870880813e-01 3.870425775599616314e-01 -4.710470969328651170e-01 -1.364882246851683911e+00 -9.090642965938867670e-01 2.610338551610017627e-02 -3.570734460574033209e-01 2.375890671167413953e-02 4.648472519388171520e-01 5.861475327025479354e-01 6.879905543434438053e-01 -2.729449813909039513e-01 2.767252233843491283e-01 1.521172208658210456e+00 4.753164460796533430e-01 -1.129429199853105859e-01 -1.048033934246894949e+00
