-4.415846889009958920e-01 5.923253996745767580e-01 -8.108659020104116988e-02 2.441180755479839815e-01 9.364916230384808804e-01 -3.575158361872863289e-01 -7.311817920501918477e-01 1.176850803436234189e-01 4.835955603537386849e-01 1.804328559055042025e-01 -1.361811360262545234e+00 -1.894850365655119939e-01 -3.834184228134226990e-01 -5.222107023592293951e-01 1.341494349526377861e-01 1.039696837706050259e+00 -4.853468912964461479e-01
-6.719061140555797618e-01 1.035970452936890496e+00 1.686556955443580252e-01 1.777897995685673582e-01 1.133685894837975328e+00 -5.844891472376788633e-01 -8.071319203137792275e-01 2.597839351873724167e-01 6.714202149135167774e-01 4.465182495749738800e-01 -1.505902752639664222e+00 -4.450363877776001426e-02 -1.127466682374274276e+00 -1.204837428718144920e+00 1.181000665145293949e-01 1.085308636467417154e+00 -6.462926542845330857e-01
-7.608494698700039027e-01 9.046016071236813172e-01 3.716959042167883864e-01 9.687890328695424047e-02 1.184654536752429710e+00 -3.542802067682144229e-01 -7.707706727861026730e-01 2.793971045454997637e-01 7.171240636849308681e-01 6.457027083218643826e-01 -1.408351953643685484e+00 1.257274423318855139e-01 -1.633954116570493387e+00 -1.672035499013633686e+00 1.643610842433057828e-01 1.066076093327134711e+00 -7.905101373879258597e-01
-4.971238134092413330e-01 1.918237441170471957e-01 5.416269919733319727e-01 -3.843955490771018557e-02 1.041692515632155480e+00 2.178344990485734933e-01 -7.764026412009343847e-01 2.019205704247089839e-01 6.241159726794908158e-01 6.506036439954474559e-01 -9.957853870115380701e-01 1.963066853933051192e-01 -1.641625418020983274e+00 -1.627183378141672465e+00 2.357142526873033661e-01 9.680250744152506526e-01 -9.626204706159514624e-01
-6.726645846102727311e-02 -6.182415028356639253e-01 6.677124038098161130e-01 -1.564717652877035403e-01 8.063306234765993397e-01 6.886597554020884582e-01 -7.037964702980548104e-01 8.088798628048762818e-02 4.650181589786004932e-01 4.706022911193817881e-01 -4.406657126486795972e-01 1.155614816799852701e-01 -1.146545132947599743e+00 -1.081269245672494606e+00 2.255362892276847331e-01 7.685415002721757149e-01 -1.294689618335407522e+00
1.863257363653933463e-01 -1.215762140070398400e+00 6.832164244137891584e-01 -1.547895158816725292e-01 5.670496355090487439e-01 8.377596267574409783e-01 -4.567319885649272493e-01 -5.242560394073157715e-02 3.349971591365554224e-01 1.435643402283475478e-01 9.756335186286246852e-02 -3.176703796585805817e-02 -4.747353942651236225e-01 -3.887126604633985294e-01 1.284269300768036415e-01 5.003281830081911519e-01 -1.541734304693930024e+00
2.586064342017138987e-02 -1.427881973801559123e+00 5.388984817597922694e-01 -2.986570727494655686e-02 3.492064628406274518e-01 7.105204729372721628e-01 -5.841500832790410408e-02 -1.038641342504125764e-01 3.953373293455875181e-01 -3.256771120662743657e-01 4.323424750319789789e-01 -1.191493090366215479e-01 -6.369053741632575705e-02 2.344749688096157622e-02 -3.672637032324121975e-03 1.776455435246051540e-01 -1.205095665447798226e+00
-3.366669664062187928e-01 -1.293688040742533518e+00 2.821923678817164216e-01 2.138774792867435548e-01 2.257923738020070625e-01 5.360899353502438514e-01 4.143127325238206149e-01 3.658895150332967805e-02 6.589554619372076649e-01 -6.776057086387100581e-01 2.506090404990637399e-01 -2.544141099835462994e-01 5.650051990256122619e-02 7.174875123160760759e-02 -2.827429158982194268e-01 -2.056054184462582646e-01 -4.256886400317465569e-01
-5.790510474056573820e-01 -9.702047962756576993e-01 -7.461642094073931905e-03 5.496914123364887717e-01 2.916674510977195767e-01 5.305060365973529590e-01 8.490094593228508790e-01 2.589947217904626231e-01 9.579731701120318688e-01 -8.770102893298618030e-01 -3.688944546153809512e-01 -6.417862675816304874e-01 1.519002586282816036e-01 2.794419422723574270e-02 -6.817056144335157386e-01 -5.944397773641253435e-01 2.652527833450082917e-01
-6.246018364114491739e-01 -5.775078424917772235e-01 -2.714139927403294017e-01 8.764524210949238281e-01 5.507123057520230125e-01 5.107614423548553217e-01 1.096393646507158870e+00 3.940199982662819789e-01 1.167810828971853843e+00 -1.149899541797299252e+00 -9.632451211440379302e-01 -1.321530115952870732e+00 2.910597297217008550e-01 1.209057877909646278e-01 -9.634447723196868374e-01 -8.403402461997256934e-01 7.330199670025954184e-01
-5.390201216420456021e-01 -1.852516903702726703e-01 -4.416697316798214312e-01 1.106736381736219466e+00 8.835158580893816005e-01 2.914213143866313249e-01 1.065846867581182300e+00 4.318711467759687173e-01 1.212287169474561832e+00 -1.519536742172322263e+00 -1.281471320212846265e+00 -1.970905032209145036e+00 4.412464456774856658e-01 2.615872159340533187e-01 -1.031486650056478549e+00 -8.874326585649914279e-01 9.025957208902143369e-01
-4.337061147326645161e-01 1.788438214357660205e-01 -5.238454918678582262e-01 1.210639629521636174e+00 1.087939648015958660e+00 7.450767684379787717e-03 9.459192642895808412e-01 3.709934433829475964e-01 1.024053239075788602e+00 -1.740493420606944674e+00 -1.431992803943449966e+00 -2.219824433456526247e+00 6.596977101392651477e-01 3.090084673167562967e-01 -9.141564459090359973e-01 -8.086178016950795744e-01 7.484822633419803140e-01
-3.080689425033618090e-01 4.904072536561401852e-01 -5.849133269883710629e-01 1.186726278976549587e+00 1.050891089098276110e+00 -6.363724565990135085e-02 8.609999497559431836e-01 2.049471262202662014e-01 6.388737459445616995e-01 -1.534541499564029632e+00 -1.500541159345955666e+00 -2.056914689484245162e+00 9.338132642385401638e-01 2.360598234150097230e-01 -6.736783163886722603e-01 -7.383480513296905023e-01 6.062819645710690875e-01
-1.920162584369763115e-01 7.623407481847380707e-01 -5.579120186795921699e-01 1.051855158075565289e+00 8.007909237291824800e-01 1.212196858257559989e-01 6.296504072315191047e-01 -2.340770887934008268e-02 1.337379577617060500e-01 -1.025374278907131176e+00 -1.364065267943801674e+00 -1.542026165016600725e+00 1.097818642343279194e+00 1.204947551539281847e-01 -3.094028831651903233e-01 -6.975380573645197924e-01 5.626103341532266988e-01
-9.870479455535235980e-02 8.005441649765846490e-01 -3.405307490604607690e-01 7.470321481611713610e-01 3.629024499870812104e-01 2.999741304460770142e-01 3.278647410175198340e-01 -2.368477346444565756e-01 -4.368067294126568023e-01 -5.330363176634351774e-01 -1.069794810451247802e+00 -7.718166854632161344e-01 1.080799577655058519e+00 3.719120033331353020e-02 2.646135695925554421e-01 -4.345420123814226487e-01 3.507606354329897425e-01
4.970422149044226301e-02 5.172895483965508356e-01 -3.754022088718092509e-02 1.373131534421426492e-01 -2.327467148445190037e-01 4.046879502283632357e-01 2.206631240364799185e-01 -2.782410109075353910e-01 -8.883959984370696228e-01 -1.153059448924688979e-01 -8.064347334869611528e-01 -1.404334639065028117e-02 8.740463998293850345e-01 -1.563247737705009965e-01 9.910675136960290788e-01 8.452608606262317081e-02 -1.895536082443586776e-02
2.853742166293272153e-01 9.655944854094787588e-02 2.529204823832797988e-01 -7.763119549172624589e-01 -9.559070993383725900e-01 5.750400957736782059e-01 2.774890701518761271e-01 -1.536983991534608684e-01 -1.065621513661841657e+00 3.198607125937470985e-01 -4.046007436867799512e-01 5.835442342421731654e-01 3.700487258939946789e-01 -5.436460123298604286e-01 1.742574551693548246e+00 5.794947398651134618e-01 -3.839922176998202819e-01
5.724527576324782707e-01 -3.639820857928438014e-01 4.898960642843569468e-01 -1.786989924844711641e+00 -1.761435935029493249e+00 8.618766268101453187e-01 4.231285258887624301e-01 -5.786284038913666605e-02 -1.027768750806452358e+00 7.550264930057083435e-01 3.649376363387715760e-01 1.011615952651474082e+00 -2.977716814289564362e-01 -8.739146703787842307e-01 2.456308623766393140e+00 8.190869373001996578e-01 -6.470600893363871453e-01
7.043930152579211956e-01 -6.530730689304542480e-01 6.791223592646443707e-01 -2.590481512597279323e+00 -2.434284373041520677e+00 1.075152418739356852e+00 5.741362052098667457e-01 6.717812031738624838e-03 -8.307873344756667722e-01 9.719927571737237981e-01 1.276017610706376981e+00 1.191924039544814518e+00 -8.789440464172073586e-01 -9.136313888771019354e-01 2.930482155063813376e+00 8.060393476827879544e-01 -7.433333872934633213e-01
6.085648739952377317e-01 -7.018636027490754437e-01 9.112838617708060029e-01 -2.922085989808534290e+00 -2.741937609501138962e+00 1.104644779475061567e+00 6.115413692989867256e-01 1.313005941135793608e-01 -5.309850961999388330e-01 8.920861688768656483e-01 1.906076735656262677e+00 1.148353877056715433e+00 -1.187527700406927789e+00 -7.594046382998718148e-01 2.883118852889698491e+00 7.400096193628201702e-01 -8.129654595521236260e-01
3.075420444642038009e-01 -6.167780188435657562e-01 1.050859612821037015e+00 -2.673376186849607539e+00 -2.592094207529056948e+00 1.084264752583447899e+00 4.252817933356021207e-01 2.936696173086115191e-01 -1.900963080398244409e-01 7.149324100866046861e-01 2.079421751868452350e+00 1.034989018965294827e+00 -1.152162056906223642e+00 -6.227330733041969157e-01 2.237794704648433441e+00 6.763176459513009497e-01 -8.541999363270026402e-01
