-1.859952842891472446e+00 -2.345494324099496097e+00 1.606575278549516428e+00 -5.216661876007815390e-01 -3.811476764015729879e-01 1.406366671790392653e+00 -1.610170234059820071e+00 -8.512308701389086352e-01 -3.151179884560614819e-01 -1.070647411379231251e+00 6.710408385033341805e-01 3.675807879555754276e+00 -1.274562690690148159e+00 1.627424306535021348e-01 2.822541086163458779e+00 9.820794731210620299e-01 -2.564719768722129256e+00
-2.241829078166526656e+00 -2.690565998736190068e+00 1.551187489458215607e+00 -3.112852507653609546e-01 -3.858663215873199825e-01 1.438790217884336586e+00 -1.692036145704490124e+00 -1.418257854134925555e+00 -3.922029871249664845e-01 -1.662701819794686120e+00 1.099686908267170971e+00 3.708453003040738327e+00 -1.318496068417630118e+00 8.151172103434207727e-01 3.127623866010859732e+00 1.292352576203584125e+00 -2.728209862763410154e+00
-2.319241118221619047e+00 -2.487809384846042082e+00 1.295700743029170265e+00 1.059546352902750871e-01 -3.191134757517331555e-01 1.452640429672793498e+00 -1.598243919189443085e+00 -1.810634905547994666e+00 -5.425260438433076038e-01 -1.995707663359414852e+00 1.125956245803015676e+00 3.035895380766503671e+00 -9.208477833853226935e-01 1.652113847489042664e+00 2.738909620847996607e+00 1.570268728369591305e+00 -2.435113585156912563e+00
-1.906114309102092008e+00 -1.960656116728133558e+00 8.639436702932528078e-01 5.322173914975958375e-01 -2.244861690099587415e-01 1.505788175376759241e+00 -1.168911231198440870e+00 -1.790257016524730682e+00 -6.820393616544866422e-01 -1.889130380933008002e+00 5.178023301406999845e-01 1.918963932165839159e+00 -3.152217948177208351e-01 2.119645951868832867e+00 1.926596599610066685e+00 1.578835413292223100e+00 -1.797555924975048347e+00
-1.114028662207584341e+00 -1.488598358739464667e+00 3.819316855982215486e-01 7.971590305311900826e-01 -2.077688274330236062e-01 1.502936513374453664e+00 -2.646159650227081772e-01 -1.494699146203867679e+00 -8.176062409013858945e-01 -1.402135871259516220e+00 -4.066399491763778573e-01 7.670313519669982316e-01 3.207683757377416955e-01 2.031632186787100558e+00 1.067417940391085507e+00 1.146430281566540366e+00 -7.729798640049706515e-01
-3.057186590111609092e-01 -1.045951525171934016e+00 3.996636214922874575e-02 9.100486418816288170e-01 -2.697050613384973095e-01 1.189112148263191004e+00 6.559128384012502533e-01 -1.113928702613842914e+00 -9.400428934717550700e-01 -7.308345169197633107e-01 -1.154682317464782670e+00 -1.836957196377954626e-01 9.168302945256713299e-01 1.648920177481016935e+00 4.886740004814515426e-01 4.402860983628696934e-01 1.092332798402769339e-01
3.485635657024062084e-01 -4.685798650801641374e-01 -8.633960767275307424e-02 9.101743309686264327e-01 -3.645126687584000491e-01 6.890659721395107074e-01 1.234819957068137075e+00 -7.674173394151202476e-01 -1.074188851161048008e+00 -7.016705165245908093e-02 -1.638107934718479486e+00 -9.262852678888671143e-01 1.509896562950641119e+00 1.359184636135744917e+00 1.962867297264233868e-01 -2.143784542953849348e-01 5.634274102798356720e-01
9.504794982027046091e-01 2.434666807847067904e-01 -1.668870679241773181e-01 7.994982618620790626e-01 -4.334105875982354195e-01 4.186510019937597638e-01 1.491095207019573765e+00 -5.283768210511560204e-01 -1.163109899907401656e+00 5.017481523092889306e-01 -2.025490549952375208e+00 -1.387927053943830424e+00 1.931783919877998468e+00 1.222135158238476738e+00 -1.088851941314276373e-01 -5.946253107325101261e-01 9.464581773652405161e-01
1.377689698627543757e+00 1.072591796709212231e+00 -3.523825861566030060e-01 5.894327631867700701e-01 -4.129652004893196171e-01 6.684037029870897317e-01 1.484071847361319474e+00 -3.333217486238942429e-01 -9.853929629912254740e-01 9.647341054948224137e-01 -2.405655475302728163e+00 -1.427549184702045615e+00 1.780888682088062502e+00 9.001567067256592836e-01 -4.807939481606294807e-01 -5.893273157975922327e-01 1.191376638260681409e+00
1.565515443850829191e+00 1.759970489884125300e+00 -6.163836564131471851e-01 2.480086697791963057e-01 -4.346283712477450045e-01 1.481022785133285558e+00 1.298273703288305381e+00 -9.012268649338438242e-02 -5.285952772388089471e-01 1.422202798704499394e+00 -2.659805199183143731e+00 -1.019661963837972474e+00 1.025696853650932328e+00 2.282943155645720812e-01 -6.675109533860472677e-01 -4.804421598375258062e-01 1.069209321643477040e+00
1.696468878551703696e+00 1.838528493881383064e+00 -8.492841588369727246e-01 -1.733383644346279950e-01 -6.224666125680038409e-01 2.561104916442467960e+00 1.043323886437861114e+00 1.692048283805758502e-01 -7.685767117880515711e-03 1.839571207119996554e+00 -2.609604792801384132e+00 -3.759539924521225762e-01 1.800287859555550762e-01 -4.881277139704517931e-01 -5.455221571339678999e-01 -5.124597616246610032e-01 5.660951677765800882e-01
1.893492032058706753e+00 1.247487729745384355e+00 -8.658654531850986658e-01 -5.369021717090591839e-01 -9.481460906743909289e-01 3.455776118633231864e+00 7.189828025312459125e-01 3.013620836910815837e-01 3.183588276516801097e-01 2.188789683921258611e+00 -2.289665785791925146e+00 1.425180219605708676e-01 -1.901291204039803617e-01 -8.291502676713335962e-01 -2.219932267092736000e-01 -4.439902322525304257e-01 -2.895462555008900818e-01
2.041657386890507908e+00 3.567613725857551321e-01 -6.815776276262059952e-01 -7.208130792193114811e-01 -1.202199315254052214e+00 3.813480406727368877e+00 2.927176818152004700e-01 2.295713953528388529e-01 3.762206581573678266e-01 2.441884518221464351e+00 -1.818665301555202118e+00 3.009577567683120458e-01 -8.016731426060867693e-02 -7.819316518038652575e-01 1.240904875793890499e-01 -2.306286299349828706e-01 -1.069808366569460656e+00
1.953609690286824740e+00 -3.249865256413321801e-01 -5.223217345967459124e-01 -6.220805645212630353e-01 -1.099014730508373727e+00 3.440553143289474036e+00 -4.914916130397001953e-02 9.066364559980739923e-02 4.325966705284948199e-01 2.296154533901320072e+00 -1.241364004909824237e+00 -8.321761104944201681e-02 9.960665928591086460e-02 -6.418136211772953459e-01 2.443533233922083325e-01 -1.386519053387740841e-01 -1.392074921719587355e+00
1.664956894587633851e+00 -4.432418600772466410e-01 -5.111557043967036584e-01 -3.190762387720286197e-01 -6.865131663911830939e-01 2.411783955673539648e+00 -1.734056176962034679e-01 3.981925964920697558e-02 6.276548336712667320e-01 1.769549695500977515e+00 -5.525975278816936953e-01 -8.476081746393115957e-01 1.691575069201913528e-01 -5.351975917989904019e-01 3.074557904058680333e-02 -2.539159054754424605e-01 -1.480264830472565629e+00
1.241631572362068781e+00 -4.291770898407935575e-01 -6.574388648970497240e-01 -6.318845682140103101e-03 -1.715251233207634729e-01 1.134163072832887087e+00 -1.976892092767184028e-01 1.241930571514782838e-01 8.223313740488668033e-01 1.179639431947878236e+00 1.061318810620806158e-01 -1.436348186669958782e+00 1.881015483609574657e-01 -4.362326056687728104e-01 -3.416981111972729468e-01 -4.355398389268053672e-01 -1.420790650360310714e+00
