7.932551503181457520e-01
8.668091297149658203e-01
8.204022645950317383e-01
8.350000381469726562e-01
8.204022645950317383e-01
7.444444894790649414e-01
8.204022645950317383e-01
7.212837934494018555e-01
8.668091297149658203e-01
7.805059552192687988e-01
8.290598392486572266e-01
8.350000381469726562e-01
8.204022645950317383e-01
8.504273891448974609e-01
8.668091297149658203e-01
8.350000381469726562e-01
8.204022645950317383e-01
8.204022645950317383e-01
8.504273891448974609e-01
8.350000381469726562e-01
8.504273891448974609e-01
8.204022645950317383e-01
8.504273891448974609e-01
8.350000381469726562e-01
7.932551503181457520e-01
7.971428632736206055e-01
8.504273891448974609e-01
8.204022645950317383e-01
8.504273891448974609e-01
8.504273891448974609e-01
8.204022645950317383e-01
8.881766200065612793e-01
8.204022645950317383e-01
8.584769964218139648e-01
8.728570938110351562e-01
8.204022645950317383e-01
8.504273891448974609e-01
8.350000381469726562e-01
8.204022645950317383e-01
8.350000381469726562e-01
8.504273891448974609e-01
8.350000381469726562e-01
8.350000381469726562e-01
8.350000381469726562e-01
8.204022645950317383e-01
7.932551503181457520e-01
8.350000381469726562e-01
8.350000381469726562e-01
8.504273891448974609e-01
8.350000381469726562e-01
8.350000381469726562e-01
8.504273891448974609e-01
8.504273891448974609e-01
8.350000381469726562e-01
8.504273891448974609e-01
8.728570938110351562e-01
8.584769964218139648e-01
8.504273891448974609e-01
8.350000381469726562e-01
8.126780390739440918e-01
8.504273891448974609e-01
8.668091297149658203e-01
8.504273891448974609e-01
8.350000381469726562e-01
8.842856884002685547e-01
8.290598392486572266e-01
8.350000381469726562e-01
8.504273891448974609e-01
8.668091297149658203e-01
8.204022645950317383e-01
8.204022645950317383e-01
8.350000381469726562e-01
8.584769964218139648e-01
8.321114182472229004e-01
8.350000381469726562e-01
8.504273891448974609e-01
8.204022645950317383e-01
8.204022645950317383e-01
8.504273891448974609e-01
8.350000381469726562e-01
8.728570938110351562e-01
8.065217733383178711e-01
8.350000381469726562e-01
8.204022645950317383e-01
8.350000381469726562e-01
8.350000381469726562e-01
8.504273891448974609e-01
8.504273891448974609e-01
8.350000381469726562e-01
8.584769964218139648e-01
8.350000381469726562e-01
8.350000381469726562e-01
8.065217733383178711e-01
8.504273891448974609e-01
8.504273891448974609e-01
8.065217733383178711e-01
8.204022645950317383e-01
8.728570938110351562e-01
8.350000381469726562e-01
8.350000381469726562e-01
