8.290598392486572266e-01
8.504273891448974609e-01
8.504273891448974609e-01
8.504273891448974609e-01
8.504273891448974609e-01
8.504273891448974609e-01
8.504273891448974609e-01
8.504273891448974609e-01
8.668091297149658203e-01
8.350000381469726562e-01
8.290598392486572266e-01
8.668091297149658203e-01
8.504273891448974609e-01
8.504273891448974609e-01
8.842856884002685547e-01
8.504273891448974609e-01
8.504273891448974609e-01
8.504273891448974609e-01
8.668091297149658203e-01
8.350000381469726562e-01
8.504273891448974609e-01
8.504273891448974609e-01
8.350000381469726562e-01
8.504273891448974609e-01
8.504273891448974609e-01
8.668091297149658203e-01
8.504273891448974609e-01
8.728570938110351562e-01
8.464285731315612793e-01
8.504273891448974609e-01
8.126780390739440918e-01
8.668091297149658203e-01
8.668091297149658203e-01
8.504273891448974609e-01
8.350000381469726562e-01
8.350000381469726562e-01
8.668091297149658203e-01
8.504273891448974609e-01
8.350000381469726562e-01
8.350000381469726562e-01
8.504273891448974609e-01
8.504273891448974609e-01
8.668091297149658203e-01
8.504273891448974609e-01
8.504273891448974609e-01
8.668091297149658203e-01
8.668091297149658203e-01
8.504273891448974609e-01
8.504273891448974609e-01
8.290598392486572266e-01
8.290598392486572266e-01
8.504273891448974609e-01
8.350000381469726562e-01
8.350000381469726562e-01
8.504273891448974609e-01
8.668091297149658203e-01
8.350000381469726562e-01
8.504273891448974609e-01
8.350000381469726562e-01
8.668091297149658203e-01
8.504273891448974609e-01
8.504273891448974609e-01
8.350000381469726562e-01
8.350000381469726562e-01
8.464285731315612793e-01
8.290598392486572266e-01
8.728570938110351562e-01
8.290598392486572266e-01
8.504273891448974609e-01
8.504273891448974609e-01
8.504273891448974609e-01
8.668091297149658203e-01
8.350000381469726562e-01
8.504273891448974609e-01
8.668091297149658203e-01
8.504273891448974609e-01
8.290598392486572266e-01
8.350000381469726562e-01
8.504273891448974609e-01
8.668091297149658203e-01
8.504273891448974609e-01
8.504273891448974609e-01
8.504273891448974609e-01
8.464285731315612793e-01
8.126780390739440918e-01
8.504273891448974609e-01
8.668091297149658203e-01
8.504273891448974609e-01
8.350000381469726562e-01
8.504273891448974609e-01
8.504273891448974609e-01
8.504273891448974609e-01
8.126780390739440918e-01
8.668091297149658203e-01
8.504273891448974609e-01
8.504273891448974609e-01
8.126780390739440918e-01
8.668091297149658203e-01
8.504273891448974609e-01
8.504273891448974609e-01
